1.215903878211975
1.5865944623947144
4.726860046386719
8.04395866394043
2.6733827590942383
1.7962356805801392
3.205167055130005
2.329551935195923
1.6498420238494873
1.729541540145874
2.805340528488159
2.5887999534606934
2.73325777053833
2.962484121322632
2.6400485038757324
2.661607265472412
1.0301218032836914
1.2305428981781006
4.435164451599121
1.4570519924163818
2.7024126052856445
3.457326889038086
2.96288800239563
2.5984408855438232
1.8749021291732788
1.7014334201812744
1.6920735836029053
2.546738862991333
3.4716877937316895
2.2699320316314697
3.071658134460449
1.7559210062026978
2.1865427494049072
1.5512224435806274
1.4470937252044678
1.3737902641296387
2.6105129718780518
1.9733562469482422
1.5909429788589478
0.9846607446670532
2.054718494415283
1.0386450290679932
2.892035961151123
1.19101881980896
2.2848498821258545
2.3198180198669434
1.1625542640686035
1.2031804323196411
0.837685227394104
2.2226722240448
1.9259719848632812
1.2808183431625366
1.1234184503555298
1.3044312000274658
1.237158179283142
1.6092430353164673
1.1059471368789673
1.20689857006073
1.0480343103408813
2.5144646167755127
2.0444233417510986
1.6378313302993774
1.1654624938964844
1.2180125713348389
1.3261827230453491
1.1563163995742798
1.0874450206756592
1.670016884803772
1.4521338939666748
1.465958833694458
1.3025786876678467
0.9842273592948914
1.1328485012054443
1.5148202180862427
1.9709339141845703
1.823547601699829
1.7179332971572876
1.171006202697754
1.6367257833480835
1.0465314388275146
0.8805637359619141
1.7707523107528687
1.4219945669174194
1.794075608253479
1.9685875177383423
1.399735927581787
1.1724305152893066
1.8524811267852783
1.414469599723816
1.4434058666229248
1.6054359674453735
1.1234824657440186
2.0919506549835205
1.6514536142349243
1.1458079814910889
1.113547682762146
0.6292980909347534
1.6236652135849
2.0221590995788574
2.2810921669006348
1.9546359777450562
1.2894179821014404
1.9413028955459595
1.1663494110107422
1.6671621799468994
1.500999093055725
1.3097625970840454
1.1930181980133057
1.5200169086456299
1.2321192026138306
1.0804237127304077
1.220094919204712
1.1037230491638184
1.1449129581451416
1.4399995803833008
1.3024803400039673
1.5724399089813232
1.3354511260986328
0.7546643018722534
1.0753905773162842
1.1207211017608643
0.9639814496040344
1.1215882301330566
1.3666731119155884
1.4734399318695068
1.735879898071289
0.9263389706611633
0.8801769018173218
1.1483311653137207
1.3605492115020752
1.0216046571731567
1.195468544960022
1.4737873077392578
1.3864140510559082
0.8342908620834351
0.9660152196884155
1.2820931673049927
1.5696096420288086
0.9294115304946899
1.1957268714904785
1.1412479877471924
1.0636879205703735
1.4200717210769653
1.117647409439087
0.9773486256599426
1.0125917196273804
0.97832190990448
1.0914535522460938
1.4485094547271729
1.0437475442886353
1.075060486793518
1.1041501760482788
1.1037652492523193
1.1365629434585571
1.3843647241592407
1.1564215421676636
1.189342737197876
1.049753189086914
1.2646849155426025
1.2407851219177246
1.2109320163726807
1.0226207971572876
1.0983432531356812
0.8815423250198364
1.2848272323608398
1.2091158628463745
1.4245144128799438
1.4153586626052856
1.1728049516677856
1.37462317943573
0.9527554512023926
1.1858046054840088
0.8650587797164917
1.2246160507202148
1.2577059268951416
1.0387818813323975
0.8262662887573242
1.038061261177063
0.9253673553466797
1.394948124885559
2.2783286571502686
1.256386160850525
0.819836437702179
1.222230315208435
1.0164985656738281
1.2952238321304321
1.259411096572876
1.573082685470581
0.7544892430305481
1.070150375366211
1.229292869567871
1.4218021631240845
1.1053119897842407
0.9905176162719727
1.1958051919937134
0.9814338684082031
0.882308840751648
1.0818976163864136
1.426531434059143
1.494748592376709
0.8478811383247375
0.9933357238769531
1.2586051225662231
1.0777215957641602
1.1245037317276
1.497468113899231
1.3990280628204346
0.906668484210968
1.0874197483062744
1.0762866735458374
1.1555566787719727
1.3123538494110107
1.2858326435089111
0.9270322918891907
0.855670154094696
1.310076117515564
1.2973167896270752
1.0205788612365723
1.2099502086639404
1.1092793941497803
1.5042908191680908
1.2095236778259277
0.9973230361938477
0.9839630126953125
1.0938239097595215
1.2891762256622314
1.0629596710205078
1.1346912384033203
1.1709340810775757
1.3634769916534424
1.0479621887207031
1.082303762435913
0.9651180505752563
1.0797290802001953
1.3769440650939941
1.119326114654541
1.1302274465560913
0.9987724423408508
1.002732515335083
1.091683030128479
1.001185655593872
1.1009471416473389
1.2080117464065552
1.0142627954483032
1.213043212890625
1.2149657011032104
1.2145618200302124
1.0164844989776611
1.1633408069610596
1.3369419574737549
0.8843644857406616
0.9937536120414734
1.2994954586029053
1.0134996175765991
1.236255407333374
0.9901425242424011
1.2952302694320679
0.9643074870109558
0.9818744659423828
1.136736512184143
1.0914902687072754
1.0343384742736816
1.115739345550537
0.8398693203926086
1.071496605873108
1.2100098133087158
1.3498642444610596
1.2850996255874634
1.1816725730895996
0.9823043942451477
1.2502806186676025
1.1458923816680908
1.2957122325897217
1.1494964361190796
1.125341773033142
1.030295729637146
1.2094037532806396
1.084385633468628
1.070772409439087
1.0629146099090576
1.1520164012908936
1.0724818706512451
0.9303449392318726
1.1301814317703247
1.262338399887085
1.3261525630950928
1.1442033052444458
0.886780858039856
1.1071370840072632
1.1201056241989136
0.9366893768310547
1.1733896732330322
0.9799898862838745
1.0866589546203613
1.1466007232666016
1.081122636795044
1.1309764385223389
1.0507493019104004
1.094262957572937
1.0304629802703857
0.9639183282852173
1.2568342685699463
1.1957308053970337
1.0328031778335571
1.0480436086654663
0.948549747467041
1.0964245796203613
1.0538241863250732
1.147464632987976
1.1021368503570557
1.5226314067840576
1.0937941074371338
1.049781084060669
1.0041223764419556
1.2242008447647095
1.0502268075942993
0.9018409848213196
1.149170160293579
0.9266894459724426
0.9056839942932129
1.1316596269607544
0.9293683767318726
0.9368343353271484
1.0875260829925537
1.2467896938323975
1.1229442358016968
1.0012047290802002
1.121675968170166
0.9089525938034058
0.9999171495437622
1.1747865676879883
1.2093029022216797
1.0213853120803833
1.1937788724899292
0.997153103351593
1.2632914781570435
1.241466999053955
0.7567122578620911
