0.6210837364196777
0.6327954530715942
0.7052088975906372
0.43117445707321167
0.4292833209037781
0.9592426419258118
1.3167963027954102
0.5791030526161194
0.8613136410713196
0.4965444505214691
0.5148552656173706
0.7648458480834961
0.35724136233329773
0.4861564636230469
0.5756151080131531
1.2767068147659302
0.5228389501571655
0.5716155171394348
0.6744140386581421
0.42660951614379883
0.9618147015571594
0.6627829670906067
0.49339714646339417
0.39338192343711853
0.6285911798477173
1.0266183614730835
0.5772937536239624
0.8242782354354858
0.35328999161720276
0.569790244102478
0.5560437440872192
0.6354688405990601
0.9792321920394897
0.21535348892211914
0.4026215672492981
1.227864384651184
0.6257082223892212
0.5394710898399353
0.4788576066493988
0.6945242881774902
0.6022674441337585
1.2074568271636963
0.5586864352226257
0.6417864561080933
0.39174550771713257
0.9841960668563843
0.5620889663696289
0.44174861907958984
0.6725743412971497
1.0553345680236816
0.6594922542572021
0.6339243650436401
0.4540742039680481
0.4305035471916199
0.47552961111068726
0.9176999926567078
0.8232010006904602
0.6397584676742554
0.990673840045929
0.8177808523178101
0.5759168863296509
0.6343904137611389
0.5376334190368652
0.7327389717102051
0.380288302898407
0.8043596148490906
0.31717100739479065
1.1167504787445068
1.0378261804580688
0.5858098268508911
0.9639967679977417
0.5458868145942688
0.358125776052475
0.5171581506729126
0.4337015151977539
0.5089115500450134
0.6213939189910889
1.1947377920150757
0.6267094016075134
1.0454378128051758
0.43062645196914673
0.5135337114334106
0.5708047151565552
0.9428110122680664
0.8532674908638
0.670297384262085
0.8600543141365051
0.5736831426620483
0.6486283540725708
0.5773744583129883
0.8022176027297974
0.8400378227233887
0.8319136500358582
1.0129692554473877
0.7474039793014526
0.6253420114517212
0.5333579778671265
0.6821171045303345
0.3106156885623932
0.49672842025756836
0.5628517270088196
0.5415071249008179
0.6981385946273804
0.7723150253295898
0.44876986742019653
0.5100096464157104
0.5745147466659546
0.9027104377746582
0.5419989824295044
0.7442941665649414
0.9046387672424316
0.838387668132782
0.5530398488044739
0.5196772813796997
0.7318969964981079
0.48785167932510376
0.989212155342102
0.6839568614959717
0.6345199346542358
0.32804250717163086
0.9396966099739075
0.7025164365768433
0.5598156452178955
1.0598348379135132
0.43601441383361816
0.7085422873497009
0.8000074625015259
0.3245478868484497
0.7813499569892883
0.541971743106842
0.8000800013542175
0.729875922203064
0.5915672779083252
0.6670091152191162
0.6920095682144165
0.7833988666534424
0.7748275399208069
0.49049821496009827
1.2992826700210571
0.6004548072814941
0.6471583247184753
0.5233165621757507
0.5452949404716492
0.4678506851196289
0.6315580606460571
0.5658629536628723
0.7695958018302917
0.6409494280815125
0.5720051527023315
0.7494652271270752
0.3412345051765442
0.4348592758178711
0.51578688621521
0.4008496403694153
0.43151432275772095
0.7507599592208862
0.4714652895927429
0.6605755090713501
0.6500242352485657
0.45222052931785583
0.3323290944099426
0.4147952198982239
0.3829173147678375
0.34130340814590454
0.4370249807834625
0.685118556022644
0.7681096792221069
1.1955983638763428
0.6907785534858704
0.6789209842681885
0.9587361216545105
0.33979254961013794
0.6077313423156738
1.4065837860107422
0.6883615851402283
0.6580826640129089
0.5139838457107544
0.5944671034812927
0.388394832611084
0.8913841247558594
0.6622063517570496
0.88017338514328
0.9096830487251282
0.3069820702075958
0.7284125089645386
0.4974784851074219
0.6009951829910278
0.404834508895874
0.6398910284042358
0.5019251108169556
0.9221652746200562
0.4713457524776459
0.6008730530738831
0.8207305669784546
0.8173538446426392
0.4418851435184479
0.6206003427505493
0.7937777042388916
0.5689655542373657
0.4672055244445801
0.9358417391777039
0.38477611541748047
0.8361518979072571
0.5531309247016907
0.8673890829086304
0.3788108229637146
0.404318630695343
0.5939340591430664
0.8289309740066528
0.5146640539169312
0.4414103031158447
0.8995553255081177
0.7206127047538757
1.055105209350586
0.4814442992210388
0.5699193477630615
0.5760910511016846
0.7263882756233215
0.5304347276687622
0.6226940751075745
0.3924211859703064
0.6863917112350464
0.707958996295929
0.645581841468811
0.6245769262313843
0.8014079332351685
0.3430496156215668
0.33447569608688354
0.539461612701416
1.0415208339691162
0.6435680985450745
0.6216670870780945
0.48201051354408264
0.5128023624420166
0.8951171040534973
0.602405309677124
0.8269057273864746
0.46196967363357544
0.45854130387306213
0.5875445604324341
0.7487235069274902
0.7122937440872192
0.7705808281898499
0.4893178939819336
0.6100837588310242
0.9203351736068726
0.3868074417114258
0.862382709980011
0.5230852365493774
0.23230651021003723
0.9346340894699097
0.23529858887195587
0.5916029214859009
0.6235442161560059
0.3267638087272644
1.0943697690963745
0.42920398712158203
0.5463560819625854
0.7261768579483032
0.8109248876571655
0.4005658030509949
0.8227559924125671
1.099818468093872
0.32767254114151
0.33738312125205994
0.4145278036594391
0.3198235034942627
0.4768695831298828
0.8565554618835449
0.9977933168411255
0.656328558921814
0.8857857584953308
1.3702349662780762
0.9181755781173706
0.8647147417068481
0.4279843270778656
0.3710246682167053
0.7667728662490845
0.6639041900634766
0.9743488430976868
0.6379477977752686
0.5314934849739075
0.5515912771224976
0.55780428647995
0.6695507764816284
0.8161441087722778
0.5947237014770508
0.5784892439842224
0.3862915635108948
0.7344364523887634
0.8612469434738159
0.4263680577278137
0.7411304712295532
1.9535773992538452
0.6337881088256836
0.5994689464569092
0.5997045636177063
0.40891963243484497
0.5919288396835327
0.9221833348274231
0.67779940366745
0.45413994789123535
0.6322513818740845
0.7111496329307556
0.574181854724884
0.71653151512146
0.4339975416660309
0.9739832878112793
0.6733919382095337
0.5770734548568726
0.7142269611358643
0.9139955639839172
0.3778446912765503
0.6682568192481995
0.7449079751968384
0.8725361824035645
0.37096336483955383
0.5940879583358765
0.9026862978935242
0.7219545245170593
0.637559711933136
0.7647878527641296
1.2656177282333374
0.6181005239486694
0.9193581342697144
0.5655568838119507
0.3118410110473633
0.9754310846328735
0.42381301522254944
0.7371779084205627
0.38748764991760254
1.223708987236023
0.9606655240058899
0.47919273376464844
0.6573405861854553
0.728265106678009
1.1222259998321533
0.09511085599660873
