0.7558621168136597
1.2367016077041626
0.8199634552001953
0.37510547041893005
0.7194321155548096
0.8250335454940796
0.7162978649139404
0.8153115510940552
0.8784352540969849
0.6959531903266907
0.8766910433769226
0.3383033275604248
0.6111010909080505
0.42708244919776917
1.1376349925994873
0.2845326364040375
0.6886504888534546
0.4697045683860779
0.6781027317047119
0.7302474975585938
0.46089309453964233
0.7602300047874451
0.8294698596000671
0.4562598168849945
0.36051833629608154
0.9156090021133423
0.5906988382339478
0.4573836326599121
0.7394399642944336
0.3946990966796875
0.5109701156616211
0.5460160970687866
0.5310112237930298
0.8786376714706421
0.4894276559352875
0.7691277265548706
0.5999882817268372
0.7642892003059387
0.5207539796829224
0.7215596437454224
0.6712721586227417
0.5500399470329285
1.1920788288116455
0.5382927656173706
0.8583472371101379
0.36430007219314575
0.42705172300338745
0.6255606412887573
0.6809142827987671
0.437295138835907
0.6670485734939575
0.6430767178535461
0.889976978302002
0.6644392609596252
0.34332722425460815
0.9158324003219604
0.27780503034591675
0.6321057081222534
0.5468111634254456
0.5805625915527344
0.6122504472732544
0.6547868847846985
0.47697868943214417
0.7767677307128906
0.538628101348877
0.19333982467651367
0.39093679189682007
0.45545729994773865
0.7317537069320679
1.0849508047103882
0.42119771242141724
0.8929847478866577
0.6906346082687378
0.8082140684127808
0.9817806482315063
0.8371122479438782
1.1113234758377075
0.8257026672363281
0.5738734006881714
0.5618525743484497
0.28862255811691284
0.6476436853408813
0.506210207939148
0.6600174307823181
0.28145551681518555
0.45590725541114807
0.4428665041923523
0.9159369468688965
0.9309786558151245
0.9793159365653992
0.36707350611686707
0.3802450895309448
0.7706503868103027
0.7164449095726013
0.5511353611946106
0.4459311068058014
0.5833207964897156
0.6038385629653931
0.9331923723220825
0.3570145070552826
0.6468851566314697
0.7454787492752075
0.869500458240509
0.5628623962402344
0.6143451929092407
0.4382275640964508
0.5188980102539062
0.9045161008834839
0.7082964181900024
0.6372614502906799
1.0215946435928345
0.4667016863822937
0.683289647102356
0.7478972673416138
0.6881333589553833
0.34408384561538696
0.5708032846450806
0.6913954019546509
0.6178556680679321
0.8133643269538879
0.8335310220718384
0.9909736514091492
0.4633163511753082
0.5560441613197327
0.34662699699401855
0.5548005104064941
0.6338357329368591
0.5850868821144104
0.40204542875289917
0.6800192594528198
0.42976951599121094
0.4953978955745697
0.27311110496520996
0.4822932183742523
0.9292346835136414
0.5619412660598755
0.5801917910575867
0.60318922996521
0.49811944365501404
0.6797500252723694
1.1934468746185303
0.6703915596008301
0.6526309251785278
0.6772773265838623
1.023235559463501
0.5743587613105774
0.9009990692138672
0.6331309080123901
0.3256789743900299
0.6269775032997131
0.9144493341445923
0.8291792869567871
0.7588025331497192
0.6675032377243042
0.45579981803894043
0.7656330466270447
0.2846910059452057
0.5059546232223511
0.915134608745575
0.3256571292877197
0.644903302192688
0.6255737543106079
0.8394858241081238
0.6174481511116028
0.7370924949645996
0.6934428811073303
0.6751551032066345
0.48678556084632874
0.5813458561897278
0.40435829758644104
0.8214446306228638
0.76299649477005
0.7166355848312378
0.568312406539917
0.6691235303878784
0.6074380874633789
0.6282810568809509
0.5513144135475159
0.5843936204910278
0.5976365804672241
0.533336341381073
0.8135943412780762
0.7118972539901733
0.8750999569892883
0.546288788318634
1.1771074533462524
0.6053460240364075
0.8636728525161743
0.5524799823760986
0.6585088968276978
0.57270348072052
0.6268763542175293
0.7487026453018188
0.8918919563293457
0.4853075444698334
0.7782269716262817
0.31717851758003235
0.5774879455566406
0.6862726211547852
0.27859485149383545
0.7955628633499146
0.667399525642395
0.39849618077278137
0.8971883058547974
1.014331579208374
0.4965088963508606
0.6827860474586487
0.3332521319389343
0.46111077070236206
0.6603560447692871
0.9270615577697754
0.30387020111083984
0.3796272277832031
0.4756230413913727
0.7109240293502808
1.1306304931640625
0.49362713098526
0.4860089421272278
0.6591053605079651
0.4365568161010742
0.4879579544067383
0.7057239413261414
0.7428983449935913
0.6706115007400513
0.6908024549484253
0.445822149515152
0.6774881482124329
0.9882415533065796
0.7385788559913635
0.5381952524185181
0.4236573278903961
0.5400251150131226
0.6438032388687134
0.4726852476596832
0.4858723282814026
0.5282696485519409
0.4530695378780365
0.41623109579086304
0.5224341154098511
0.7770615816116333
1.6879428625106812
0.5468839406967163
1.1998149156570435
0.9957813024520874
0.5112565755844116
0.4591236114501953
0.50958251953125
0.4292968809604645
0.7170564532279968
0.7715743780136108
0.48006972670555115
0.7879633903503418
0.41977614164352417
1.0720655918121338
0.7481935024261475
0.4198070466518402
0.4172401428222656
0.8714502453804016
0.3595272898674011
0.572014331817627
0.5376381278038025
0.9227160215377808
0.6008731722831726
0.7302144169807434
0.6091241836547852
0.6051245927810669
0.6463426947593689
0.4791800081729889
0.40505772829055786
0.5211318731307983
0.6540535092353821
0.5553871393203735
0.5422204732894897
0.3221406936645508
0.528988778591156
0.8083623051643372
0.4354463517665863
0.28584760427474976
0.448451429605484
0.8917463421821594
0.6893788576126099
0.6465004086494446
0.48582425713539124
0.5353947877883911
1.052794098854065
0.4997289776802063
0.64056396484375
0.6266279220581055
0.5322038531303406
0.6209055185317993
1.5616872310638428
0.9644746780395508
0.7131460905075073
0.20711901783943176
0.9713984727859497
0.7160534858703613
0.33249619603157043
1.0101629495620728
0.654452383518219
0.44218510389328003
0.5078120827674866
0.6152892112731934
0.6500363945960999
0.550176739692688
1.0862109661102295
0.48360562324523926
0.8530904054641724
0.5767528414726257
0.6358476877212524
0.5237997770309448
0.6321766376495361
0.6047607660293579
0.8225208520889282
0.9899054765701294
0.3963087499141693
0.3579823672771454
0.8843342065811157
0.694281280040741
0.7783571481704712
0.6806052327156067
0.5980240106582642
0.6356564164161682
0.6318681240081787
0.9641460180282593
0.3456430435180664
0.437448114156723
0.5210888385772705
0.8333463668823242
0.4996362328529358
0.38788729906082153
0.6287000775337219
0.7859272360801697
0.6476322412490845
0.9394055604934692
0.963705837726593
0.6728774309158325
0.40670591592788696
1.116381287574768
