0.2216348648071289
0.4417943060398102
0.4255007803440094
0.5210812091827393
1.2189483642578125
0.9480937719345093
0.5734177231788635
0.5338403582572937
0.459250271320343
0.6878910064697266
0.7668619155883789
0.6788805723190308
0.36715465784072876
0.5822721719741821
0.8319970369338989
0.5914946794509888
0.8722395896911621
0.7567789554595947
0.4877550005912781
1.3346998691558838
0.2596307694911957
0.6945662498474121
0.6720778942108154
0.515466034412384
0.5321429371833801
0.9945055246353149
0.9757012128829956
0.776374340057373
0.6971735954284668
0.4488578736782074
0.36913949251174927
0.9809471368789673
0.9302586317062378
0.8033497929573059
0.7061288952827454
0.5117826461791992
0.49748072028160095
0.7358118891716003
0.7075551748275757
0.2448485642671585
0.5163067579269409
0.5459725856781006
0.6576880216598511
0.5569964051246643
0.620326578617096
0.894740104675293
0.3744865953922272
0.8173457384109497
0.5358163714408875
0.5967310667037964
0.9244414567947388
0.7133490443229675
0.48459357023239136
0.5061386823654175
0.4522798955440521
0.5565944314002991
0.4743312895298004
0.9196171760559082
0.4112679362297058
1.0001094341278076
0.39909952878952026
0.43395036458969116
0.8378106951713562
0.46841126680374146
0.718368649482727
0.37091881036758423
0.5540750622749329
0.5516490340232849
1.0062741041183472
1.029843807220459
0.4146672189235687
0.6213968992233276
0.6827930212020874
0.756756067276001
0.5825423002243042
1.3549840450286865
0.414224237203598
0.6856040954589844
1.0094339847564697
0.9521157145500183
0.5916340351104736
1.0879478454589844
0.8303855657577515
1.1377623081207275
0.34295421838760376
0.4604625701904297
1.166939377784729
0.47305822372436523
0.5004715919494629
0.17256669700145721
0.7663239240646362
1.0067355632781982
0.8415796160697937
1.1740127801895142
0.6949599981307983
0.651923656463623
0.4303820729255676
0.7074198126792908
0.5056384205818176
0.45711445808410645
0.522053599357605
1.097989559173584
0.6297394037246704
0.7702337503433228
0.7793954610824585
0.9209326505661011
0.563338041305542
0.49869924783706665
0.6185365319252014
0.6265308260917664
0.5738755464553833
0.6216239333152771
0.35856422781944275
0.5847073793411255
0.8639554977416992
0.4969533085823059
0.5796636343002319
0.6849876046180725
0.5701167583465576
0.5212669372558594
0.8794921636581421
0.3425334095954895
0.753146767616272
0.5132359266281128
0.6215230226516724
0.5379953980445862
0.6137778759002686
0.32725274562835693
0.8800382614135742
0.33992475271224976
0.9679974317550659
0.5668514370918274
0.6297122836112976
1.170045256614685
1.0013344287872314
0.32014191150665283
0.9895933866500854
0.6471208930015564
0.4620860517024994
0.8199895024299622
0.5846717953681946
0.3749753534793854
0.9365922212600708
0.9918447732925415
0.756001353263855
0.34194812178611755
0.5473249554634094
0.35270994901657104
0.6264768242835999
1.0127092599868774
0.29006704688072205
0.5391684770584106
0.5543408393859863
0.4184696078300476
1.0844378471374512
0.6736859083175659
0.8048908114433289
0.40225499868392944
0.6178852915763855
0.5871602892875671
0.6016486883163452
0.5680468678474426
0.4834756851196289
0.8138116002082825
0.31893712282180786
0.6999776363372803
0.6188677549362183
0.5259878039360046
0.5127381086349487
0.6253264546394348
0.8350136876106262
0.8091199994087219
1.0485351085662842
0.4381306767463684
1.3198935985565186
0.3618376851081848
0.31688135862350464
0.7255961894989014
0.4659653604030609
0.6030372977256775
0.6158728003501892
0.431774765253067
0.6640939116477966
0.47471824288368225
0.48568591475486755
0.3213900923728943
0.886243999004364
1.1282440423965454
0.6018838882446289
0.6533153057098389
0.4219074249267578
0.7600281834602356
0.4086191654205322
0.7418156862258911
0.8428718447685242
0.5491581559181213
1.1217072010040283
0.9899101257324219
0.372378408908844
0.5811227560043335
0.6217300295829773
0.4734475016593933
0.5952726602554321
0.459555447101593
0.6827865839004517
0.6439620852470398
0.2648465633392334
0.6734763979911804
0.33265236020088196
0.4441894590854645
0.6633344888687134
0.9726330041885376
0.7114745378494263
0.4684758186340332
0.3187091648578644
0.6587053537368774
0.32280319929122925
0.899647057056427
0.5633447766304016
0.5480619668960571
0.5366944074630737
1.3484174013137817
0.6395971179008484
0.29450005292892456
0.382600873708725
0.45149144530296326
0.5366649031639099
0.4846649169921875
0.6133658289909363
0.595481276512146
0.3913421034812927
0.5996060967445374
0.4194885194301605
0.2884521782398224
0.5625439882278442
0.4320928156375885
0.7492950558662415
0.8891766667366028
0.5466188192367554
0.5217377543449402
0.724510669708252
0.5516512393951416
0.5911766886711121
0.45549851655960083
0.8410205841064453
0.8748074769973755
0.5591451525688171
0.9423356056213379
0.4692116677761078
0.5665962100028992
0.4199594557285309
0.7628524899482727
0.7686289548873901
0.524270236492157
0.3938942849636078
0.5502961874008179
0.74317866563797
0.6445630192756653
0.4629819989204407
0.33031612634658813
0.6903032064437866
0.35771268606185913
0.24692308902740479
1.1607407331466675
0.444148451089859
0.5936008095741272
0.5327464938163757
0.1514481157064438
0.571160614490509
0.9631963968276978
0.2883149981498718
0.8441609144210815
0.7679567337036133
0.5374597311019897
0.4601798951625824
1.036226511001587
0.7570281624794006
0.5289071202278137
0.6080752015113831
0.6507458090782166
0.5858391523361206
0.6490465402603149
0.7649925351142883
0.9659627676010132
0.5914263725280762
0.5350488424301147
0.7967468500137329
0.3506864905357361
0.4501725137233734
0.6148057579994202
0.3085724711418152
0.46147459745407104
0.7926005125045776
0.738990068435669
0.9010031819343567
0.5224607586860657
0.9240459203720093
0.49795541167259216
0.5719639658927917
0.4108908772468567
0.28298160433769226
0.8534581065177917
0.5017648339271545
0.6397886872291565
0.8483730554580688
0.6001709699630737
0.6762805581092834
0.7213783264160156
0.4212711453437805
0.5441814064979553
0.5872031450271606
0.9475940465927124
0.9190462231636047
0.5295931100845337
0.48584499955177307
0.8190239667892456
0.32204025983810425
0.802742600440979
0.5185110569000244
0.4760150909423828
0.4628036916255951
0.37597304582595825
0.4857942461967468
0.385794073343277
0.3448733985424042
0.6877654790878296
0.6288431882858276
0.739517867565155
0.9547082185745239
0.9400094747543335
0.5862179398536682
0.48636960983276367
0.38461413979530334
0.28593990206718445
0.3585103154182434
0.4463234841823578
0.29337361454963684
0.2964506149291992
