0.4787274897098541
0.8227038383483887
0.678009569644928
1.1030598878860474
0.5563353300094604
1.13752019405365
1.0079647302627563
0.4378158152103424
0.3823595643043518
0.8571369051933289
0.7613159418106079
0.5188280344009399
0.929685115814209
0.6134983897209167
0.5575869083404541
0.6542345881462097
0.313464492559433
0.7898021936416626
0.3394007980823517
0.39229804277420044
0.5949094891548157
0.5896204710006714
0.962668240070343
0.6284317970275879
0.7254434823989868
0.41232532262802124
0.7252288460731506
1.9082489013671875
0.6382126808166504
0.7033697962760925
0.7635249495506287
0.21794219315052032
0.7881852984428406
0.44759297370910645
1.2250759601593018
0.3448493480682373
0.7902728319168091
0.4127473831176758
0.21339741349220276
0.800536036491394
0.41161879897117615
0.41007155179977417
0.672528862953186
0.5302677154541016
0.7462103962898254
0.6422869563102722
0.39320725202560425
0.43219059705734253
1.3322471380233765
0.7462930083274841
0.5737713575363159
0.3175780177116394
0.8519561886787415
0.5645515322685242
0.48754486441612244
1.0930455923080444
0.6077650189399719
0.24914602935314178
1.318231225013733
0.5915431976318359
0.44350385665893555
1.0471172332763672
0.8661877512931824
0.7514543533325195
0.66582190990448
1.9839493036270142
0.40066152811050415
0.30548468232154846
0.28015008568763733
0.6823766231536865
0.6822681427001953
0.8160778284072876
0.5988692045211792
0.7457253932952881
0.5146245956420898
0.5114838480949402
1.1260716915130615
0.6710299253463745
0.8138973116874695
0.4810652732849121
0.5142130851745605
0.38745635747909546
0.4321470260620117
0.7848100662231445
0.9519394040107727
0.46068984270095825
0.6429727673530579
0.8031736612319946
0.9831819534301758
0.3623805046081543
0.6715276837348938
0.6253596544265747
0.43738335371017456
0.4275444447994232
0.9605134129524231
0.49246788024902344
0.80577552318573
0.7604585886001587
0.6745923161506653
0.5935853719711304
0.48022088408470154
0.7346440553665161
0.44930729269981384
0.48000869154930115
0.6696606874465942
0.47545671463012695
0.34771212935447693
0.4361717104911804
0.5592688322067261
0.9103430509567261
0.532049834728241
0.40844908356666565
0.33862438797950745
0.4506649076938629
0.6446157693862915
0.8218146562576294
0.40442395210266113
0.4868966042995453
0.7814671397209167
0.8284440040588379
0.3564119338989258
0.46049022674560547
0.317035436630249
0.8155630230903625
0.3904804289340973
0.29122892022132874
0.7225309610366821
0.85734623670578
0.7116103768348694
0.49104219675064087
0.5247608423233032
0.39749082922935486
0.604171872138977
0.647689163684845
0.711755633354187
0.4495465159416199
0.3484833836555481
0.47336214780807495
0.4773860573768616
0.8011234998703003
0.43329381942749023
0.5162414312362671
0.6275264620780945
0.8109251260757446
0.41346660256385803
0.552851676940918
0.5656153559684753
0.7712273001670837
0.7437556982040405
0.9561759829521179
0.6495456099510193
0.6807544231414795
0.520675003528595
0.46493667364120483
0.38566920161247253
0.4708755612373352
0.34253692626953125
0.5926482677459717
1.2008588314056396
0.388956218957901
0.7352992296218872
0.7244522571563721
0.7248051166534424
0.2819465696811676
0.6517491936683655
0.581051230430603
0.9929661750793457
0.5853146314620972
0.7077034711837769
0.3814171552658081
0.9479827880859375
0.861186683177948
0.7087813019752502
0.5095149278640747
0.5838983654975891
0.4532211422920227
0.4757153391838074
0.48608511686325073
0.44811582565307617
1.2384140491485596
0.2793372571468353
0.819872260093689
0.790619969367981
0.9309526681900024
0.5878263711929321
0.7136026620864868
0.7366365194320679
0.6037911772727966
0.568013072013855
0.911398708820343
0.5424027442932129
0.42371606826782227
0.7538377046585083
0.3482077121734619
0.6698168516159058
0.8051912188529968
0.49534422159194946
0.529269278049469
0.4615042805671692
0.3392954468727112
0.5690704584121704
0.7823539972305298
0.565981388092041
1.032505989074707
0.6896886825561523
0.49578046798706055
0.8244496583938599
0.4802449345588684
0.37620359659194946
0.46745777130126953
0.8620792627334595
1.2644023895263672
0.3840917944908142
0.5487112998962402
0.4925098419189453
0.5636098384857178
0.5922602415084839
0.5517724752426147
0.43990379571914673
0.8728410601615906
1.5958919525146484
0.6933642625808716
0.644913375377655
0.7666038274765015
0.8449847102165222
0.9509658813476562
0.4012194573879242
0.7301368713378906
0.5190793871879578
0.8233892321586609
0.43279868364334106
0.37369078397750854
1.1148878335952759
0.29037779569625854
0.7266746759414673
1.2037397623062134
0.5284083485603333
0.5510991215705872
0.6105649471282959
0.6505553722381592
0.8913375735282898
1.790412187576294
0.7693962454795837
0.5563737154006958
0.4937672019004822
0.4216897487640381
0.37379008531570435
0.9300428628921509
0.5011197328567505
0.8660561442375183
0.9395915865898132
0.6410098671913147
0.34112104773521423
0.5521426796913147
0.6772290468215942
0.7280617952346802
0.4608827531337738
0.8809689283370972
0.6367716789245605
0.6523541808128357
0.6966582536697388
0.8853951692581177
0.5904222726821899
0.48469266295433044
0.456084668636322
0.47161802649497986
0.2917231619358063
0.6078161001205444
0.7795179486274719
0.5911789536476135
0.7531450390815735
1.0381534099578857
1.1778043508529663
0.26543521881103516
0.9557725191116333
0.8251152038574219
0.38028484582901
0.38015443086624146
0.5632678270339966
0.8883056640625
0.4392964839935303
0.4774470925331116
0.7574754953384399
0.9023685455322266
0.7337646484375
0.47522807121276855
0.4034687876701355
0.588689923286438
0.6019598841667175
0.46487975120544434
0.5334768891334534
0.8418086171150208
0.6937762498855591
0.7883389592170715
1.0480035543441772
0.5197151899337769
0.8078967928886414
0.39443185925483704
0.5385470390319824
0.9657405018806458
0.4738162159919739
1.2040207386016846
0.2624981999397278
0.7255534529685974
0.8940594792366028
0.39259225130081177
1.216243863105774
0.8656665682792664
0.6850458383560181
0.3690808117389679
0.7094999551773071
0.5061472654342651
0.47750455141067505
0.6221535205841064
0.6437282562255859
0.47666144371032715
0.45538821816444397
0.677864670753479
0.3028801381587982
0.38268646597862244
0.7737865447998047
0.5746084451675415
0.4432627260684967
0.8616049885749817
0.4787638187408447
0.5120491981506348
0.5709277987480164
0.3902553915977478
0.41908279061317444
1.0258489847183228
0.7762419581413269
0.824449896812439
0.6099978685379028
0.9190363883972168
0.2870017886161804
0.5850368738174438
0.8104116320610046
0.927639901638031
