0.43516555428504944
0.42589592933654785
0.6449662446975708
0.30007630586624146
0.4461856782436371
0.4647861421108246
0.39547330141067505
0.9178841710090637
0.6053253412246704
0.7712479829788208
0.48132649064064026
0.6334429979324341
0.4988831579685211
0.5211877226829529
0.40869706869125366
0.4132882058620453
0.7905052304267883
1.148308515548706
0.6473113894462585
0.46395379304885864
0.2790796756744385
0.5487456917762756
0.7292442321777344
0.8723317384719849
1.064908742904663
0.3452517092227936
0.7649794220924377
1.0362133979797363
0.9331884384155273
0.3838678300380707
0.8193380236625671
0.5696264505386353
0.8189193606376648
0.6870408654212952
0.6426709890365601
0.5213896036148071
0.48902034759521484
0.5996900796890259
0.518145740032196
0.23773141205310822
0.4218636453151703
0.9942886233329773
0.4888451099395752
0.6128455996513367
0.6238571405410767
0.6562315821647644
0.3892238438129425
0.6871474981307983
1.3246439695358276
0.603933572769165
0.4153340756893158
0.6478005647659302
0.49404841661453247
0.4549024701118469
0.6318473815917969
0.4476531147956848
0.5814526677131653
0.9865139722824097
0.816341757774353
0.3986818194389343
0.8947798013687134
1.4708263874053955
0.5614011883735657
0.7016426920890808
0.5272392630577087
0.5459489226341248
0.8730794191360474
0.6550283432006836
0.5511258840560913
0.9093829393386841
0.43687567114830017
0.3880249857902527
0.49246054887771606
0.4564732611179352
0.5574917197227478
0.5394598245620728
0.4257594048976898
0.8735909461975098
1.2143986225128174
0.7399696111679077
0.590450644493103
0.758255660533905
0.7363414764404297
0.5389418601989746
0.855505645275116
0.4964078962802887
0.40409818291664124
0.8337318301200867
0.541462779045105
0.4963930547237396
0.3943822979927063
0.7855018377304077
0.9556628465652466
0.4762384295463562
0.738535463809967
0.3736092448234558
1.5390228033065796
0.7599506378173828
0.6948572993278503
0.8464833498001099
1.023413896560669
0.6774373054504395
0.5091500878334045
0.4020039141178131
0.3295981287956238
0.9120992422103882
0.7145573496818542
0.8266029357910156
0.5709048509597778
0.5910800099372864
0.6555085182189941
0.6167973875999451
0.5402191281318665
0.6723271608352661
0.37580013275146484
0.3226706385612488
0.5353362560272217
0.9373156428337097
0.5136438608169556
0.5961107015609741
0.535595715045929
0.5492333173751831
0.5903847813606262
0.44063815474510193
0.3752242922782898
0.8716562390327454
0.429253488779068
0.4805448055267334
0.2818446159362793
0.33904582262039185
1.307990550994873
0.49706190824508667
0.36190134286880493
0.769554078578949
0.271786630153656
0.5885536670684814
0.6490298509597778
0.7183538675308228
0.4809252619743347
0.7331571578979492
0.41792136430740356
0.4632323682308197
0.5891722440719604
0.5707640647888184
0.35507670044898987
0.4556387960910797
0.3921692967414856
0.28321975469589233
0.6749973297119141
0.4770240783691406
0.83299720287323
0.9365259408950806
0.6250464916229248
0.3104267120361328
0.4592554569244385
0.9266182780265808
0.5837782621383667
0.579439640045166
0.33971089124679565
0.5384936332702637
0.6118897199630737
0.7062330842018127
0.4303537905216217
0.4232850968837738
0.6956685781478882
0.9712009429931641
1.1638184785842896
0.4740873873233795
0.6655027270317078
0.40607890486717224
0.7874320149421692
0.6432755589485168
0.6145859956741333
0.5971361994743347
0.7833298444747925
0.388033926486969
0.534713625907898
0.770654559135437
0.5978394150733948
0.6494030356407166
0.6548975110054016
0.7702242732048035
0.5984485745429993
0.4424516558647156
0.45145517587661743
0.29684630036354065
0.6568764448165894
0.40591031312942505
0.39374831318855286
0.3884846270084381
0.8656366467475891
0.5286343097686768
0.4223664402961731
0.757083535194397
0.3284856081008911
1.1677522659301758
0.24560308456420898
0.5208993554115295
0.6260190010070801
1.0076429843902588
0.6303694844245911
0.40211430191993713
0.9238239526748657
0.7567468881607056
0.7561651468276978
1.3419901132583618
0.5451028943061829
0.346544086933136
0.9748875498771667
0.5806885361671448
0.8428913354873657
0.3548421263694763
0.45622071623802185
0.5491163730621338
0.8492584228515625
0.5566940903663635
0.4990997314453125
0.7518802881240845
0.4312472343444824
0.5243260264396667
0.7054727673530579
0.6792234182357788
0.6202746033668518
0.612226665019989
0.8351787328720093
0.4564288556575775
0.4718497395515442
0.7526704668998718
0.6705101728439331
0.6866691708564758
0.3686085343360901
0.44739094376564026
0.8549484014511108
0.25898125767707825
0.9364320635795593
0.8464646339416504
0.3553076684474945
0.6292842030525208
0.7428306341171265
0.6290469765663147
0.43329840898513794
1.0766969919204712
0.7463327646255493
0.5336858034133911
0.3900553584098816
1.6267125606536865
0.5070297122001648
1.5154333114624023
0.7347637414932251
0.3399823009967804
0.8583506345748901
0.7260853052139282
0.8124747276306152
0.2604886293411255
0.7012805938720703
0.3638598322868347
0.796628475189209
0.5855466723442078
0.535693883895874
0.9912789463996887
0.9021609425544739
0.42712950706481934
0.7320982813835144
0.6271594762802124
0.8633138537406921
0.6652776002883911
0.5433077812194824
0.528063178062439
0.7332667708396912
0.6332905292510986
0.77799391746521
0.5708235502243042
0.6247861981391907
0.28366968035697937
0.726335346698761
0.5558674931526184
0.5862614512443542
0.5615048408508301
0.7000732421875
0.46223586797714233
0.6843826770782471
0.714137077331543
0.41443967819213867
1.0307778120040894
0.35308870673179626
0.3293032944202423
0.7489171028137207
0.30943813920021057
0.6293314695358276
0.9481515884399414
0.8431447148323059
0.49533194303512573
0.678898811340332
0.4806038737297058
0.5889719128608704
0.3631717264652252
0.7118663191795349
0.6211870908737183
0.9450060725212097
0.5915573239326477
0.40877747535705566
0.4436139166355133
0.4756186008453369
0.5446678996086121
0.6913176774978638
0.5119824409484863
0.781298816204071
0.6841228008270264
0.3933335542678833
0.37354475259780884
0.8497169613838196
1.062333345413208
0.43360471725463867
0.5755187273025513
0.5253392457962036
0.8374260067939758
0.49285441637039185
0.8353086709976196
0.25903019309043884
0.6134855151176453
0.8361314535140991
0.6649237871170044
0.5281561613082886
0.8466570973396301
0.393293559551239
0.5337480902671814
0.7422307729721069
0.8584782481193542
0.5817711353302002
1.022637128829956
0.9356001615524292
0.34524136781692505
1.0781584978103638
0.6542539000511169
0.5623721480369568
1.1549347639083862
0.676444947719574
0.34476926922798157
