0.5441608428955078
0.6456836462020874
0.4107820391654968
0.5191537141799927
0.712879478931427
0.41015729308128357
0.6448743343353271
0.47427210211753845
0.5552700161933899
0.4503084123134613
0.5440003275871277
0.47756657004356384
0.5395578145980835
0.755316436290741
0.3725675940513611
0.6953292489051819
0.7268881797790527
0.6459900140762329
0.5717859864234924
0.4867582321166992
0.4913300573825836
0.568347156047821
0.9928953051567078
0.7749650478363037
0.43324047327041626
0.7283310294151306
0.934609591960907
1.0515186786651611
0.36911505460739136
0.6253600716590881
0.6396212577819824
0.8876069784164429
0.36667701601982117
0.6364499926567078
0.3884205222129822
0.898185133934021
0.6838659048080444
0.5450109839439392
0.675902247428894
0.8299309611320496
0.6209977865219116
0.3173395097255707
1.168136715888977
0.32458752393722534
0.6799227595329285
0.5433682203292847
0.7881726026535034
0.7237046957015991
0.5416563749313354
0.5236671566963196
0.7049468159675598
1.0732157230377197
0.8032535314559937
0.37728890776634216
0.4243490695953369
0.26330098509788513
0.9301918745040894
0.7917484045028687
0.2806819975376129
0.8998955488204956
0.44734734296798706
0.4911429286003113
0.3977665603160858
0.35377225279808044
0.2624600827693939
0.4628620147705078
0.4745849668979645
0.9566736221313477
0.38851356506347656
0.4767496585845947
0.8452495336532593
0.790658175945282
0.5586607456207275
0.5242284536361694
0.6973954439163208
0.6618322134017944
0.393204927444458
0.6865212321281433
0.6957957148551941
0.7729970812797546
1.0973188877105713
0.37306442856788635
0.34481629729270935
0.8705415725708008
0.5004366636276245
0.8563942909240723
0.46534591913223267
0.5872729420661926
0.9831594228744507
1.240445852279663
0.6046838164329529
1.0034700632095337
0.5025340914726257
0.6758176684379578
0.4213191866874695
0.3959289789199829
0.7520499229431152
0.7374849915504456
0.8980811834335327
0.4785134196281433
0.4112728238105774
0.49239879846572876
0.6686769723892212
0.4962753653526306
0.7209967374801636
0.8550418019294739
0.8319978713989258
0.5206894874572754
0.38390040397644043
1.3898595571517944
0.7216539978981018
0.6060678362846375
0.7463975548744202
0.7747427225112915
0.3722439408302307
0.3265342116355896
0.5573223829269409
0.9031990766525269
0.34324952960014343
0.40268588066101074
0.7729495167732239
0.5582499504089355
0.4172395169734955
0.6512932181358337
0.617123007774353
0.7701153755187988
0.42158451676368713
0.47893571853637695
0.6232914328575134
0.3300078511238098
0.5755888223648071
0.22272363305091858
0.41720956563949585
0.6797381043434143
0.46713829040527344
0.5121555924415588
0.4048585891723633
1.0696895122528076
0.3905543386936188
0.5309118628501892
0.5450959205627441
0.7409799695014954
0.44087162613868713
0.7767695188522339
0.9542757272720337
0.55144864320755
0.5959206819534302
0.27741608023643494
0.6905369758605957
0.45490583777427673
0.5219895243644714
0.6374619603157043
0.6861890554428101
0.5251840949058533
0.571110725402832
0.656684398651123
0.3367142677307129
0.9680451154708862
0.3946874439716339
0.39198485016822815
0.5868586301803589
0.5077239274978638
0.6245385408401489
0.4267432689666748
0.5913863778114319
0.7572687268257141
0.6501851081848145
1.0835473537445068
1.0425845384597778
0.39568644762039185
1.1369917392730713
0.5589655637741089
0.6152287721633911
1.1793768405914307
0.6222792267799377
0.509650707244873
0.6951314210891724
0.7147663831710815
0.44835391640663147
0.4923819601535797
0.6648043394088745
0.8177706599235535
0.5033524632453918
1.14850652217865
1.0629370212554932
0.5466049909591675
0.4332030415534973
0.583387553691864
0.6130039691925049
0.8494925498962402
0.3988548219203949
0.5003608465194702
1.0560290813446045
0.6303353309631348
0.397466242313385
0.7201348543167114
0.40024489164352417
0.6094020009040833
0.750329852104187
0.3445670008659363
0.5734193921089172
0.575404167175293
0.28276896476745605
0.7289326786994934
0.6041164994239807
1.1718730926513672
0.7707113027572632
0.7036042809486389
0.6039110422134399
0.938055694103241
0.8025590777397156
0.35555967688560486
0.6639631986618042
0.9597870707511902
0.22560198605060577
0.7752777338027954
0.9195853471755981
0.6038385033607483
0.43273401260375977
0.4376879334449768
0.809694766998291
0.8436906933784485
0.7221817374229431
0.8353717923164368
0.48551422357559204
1.0629427433013916
0.5295330882072449
0.537202000617981
0.9357739686965942
0.5486388802528381
0.5584884285926819
0.5766301155090332
0.46399539709091187
0.7534760236740112
0.7288864850997925
0.6994280219078064
0.6077200770378113
0.5147244334220886
1.061976432800293
0.9416347742080688
0.8314450979232788
0.44396406412124634
0.6149086952209473
0.874808669090271
0.37611255049705505
0.5873424410820007
0.6175187826156616
0.49776124954223633
0.5840867757797241
0.8802124261856079
0.6358157396316528
0.49642419815063477
0.5855016112327576
0.7225518226623535
0.5884354114532471
0.8667459487915039
0.6408595442771912
0.4353688359260559
0.6159566044807434
0.4520140588283539
0.6086207032203674
0.5714501142501831
0.6314929723739624
1.2614444494247437
0.4808932840824127
0.8812389373779297
0.9584074020385742
0.6997836828231812
0.9873414039611816
0.7476738095283508
0.5547772645950317
0.46207112073898315
0.7545706629753113
0.7532263994216919
0.6708054542541504
0.8188390731811523
0.5246254205703735
0.6182757616043091
0.7278448343276978
0.8087619543075562
0.6695005297660828
0.7279959321022034
1.6738574504852295
0.6946219205856323
0.5280229449272156
0.811505138874054
0.5167986154556274
0.4881998598575592
0.6568735837936401
0.7339594960212708
1.0078412294387817
0.6365881562232971
0.4922509789466858
0.8302401304244995
0.9547985792160034
0.5867692828178406
0.6849814653396606
0.6278923749923706
1.050754427909851
0.8933000564575195
0.7894361615180969
0.5897518992424011
0.8305796384811401
0.6750069856643677
0.7202147841453552
0.400038480758667
0.6055271625518799
0.7210680246353149
0.8801383972167969
0.3296302855014801
0.5724078416824341
0.6693661212921143
0.6671109199523926
0.7436808347702026
0.6597452759742737
0.9993396997451782
0.858336329460144
0.5546733140945435
0.6228694319725037
0.6401806473731995
0.6333968043327332
0.7528446912765503
0.7456921935081482
0.7817543148994446
0.545560359954834
0.45327839255332947
0.6429139971733093
0.9564102292060852
0.6569317579269409
0.6054052114486694
1.0635981559753418
0.9134809374809265
0.7939680218696594
0.4789882302284241
0.9816825985908508
0.45502233505249023
0.5561149716377258
1.134623646736145
