0.4917603135108948
0.782213568687439
0.5035495758056641
0.565489649772644
0.6202304363250732
0.3659500479698181
0.4748591482639313
0.649702250957489
0.5350092649459839
0.34163790941238403
0.7394422292709351
1.0916579961776733
0.3384459316730499
0.4040592312812805
1.0033115148544312
0.8624895811080933
0.45782914757728577
0.41580963134765625
0.6944042444229126
0.46621617674827576
0.8076297640800476
0.45756036043167114
0.509864330291748
0.6487393379211426
1.0225878953933716
0.7113767266273499
1.155564785003662
1.082904577255249
0.5145050287246704
0.5310605764389038
0.4715269207954407
0.5057818293571472
0.7176860570907593
0.49640172719955444
0.6221488118171692
0.7291847467422485
1.007017970085144
0.5081078410148621
1.4462217092514038
0.3298026919364929
0.5692446231842041
0.42359644174575806
0.5533334612846375
0.6335331797599792
0.4071458876132965
0.6469671726226807
0.5011578798294067
1.0245624780654907
0.3525685667991638
0.3539286255836487
0.46428346633911133
0.9434149861335754
0.5814234614372253
0.5935872197151184
0.6738663911819458
0.3471815884113312
0.6871927380561829
0.6846175789833069
1.3966087102890015
0.6606262922286987
0.3820134699344635
0.6379706263542175
0.48779577016830444
0.8229433298110962
0.30269303917884827
0.6249747276306152
0.9015167355537415
0.48433247208595276
0.6323537826538086
0.6491748690605164
0.46856069564819336
0.680273175239563
0.5265553593635559
0.4948880076408386
0.6266412138938904
0.6869789958000183
0.610383927822113
0.4567359983921051
0.292653888463974
0.5320887565612793
0.6622358560562134
0.4080353379249573
0.939980149269104
0.7884501218795776
1.4456088542938232
0.6273423433303833
0.3805752396583557
0.9499253034591675
0.7774821519851685
0.5547589063644409
0.6036263108253479
0.36494699120521545
0.8622094392776489
0.5561532974243164
0.768377959728241
0.8105300068855286
0.8148332834243774
0.5798507332801819
1.9065147638320923
0.5601578950881958
0.912863552570343
0.5963784456253052
0.8194694519042969
0.6130694150924683
0.693405032157898
0.874815821647644
0.9740043878555298
0.7838423848152161
0.7956403493881226
0.6322870254516602
0.5447226762771606
0.4731500744819641
0.2614838778972626
0.5233156681060791
0.7292693853378296
0.6630890965461731
0.4598826467990875
0.3615768551826477
0.4577547609806061
1.3218936920166016
0.7985079884529114
0.9738818407058716
0.4205237030982971
0.8768280744552612
1.0507755279541016
0.27122560143470764
0.38651013374328613
0.4995276927947998
0.5726378560066223
0.3750897943973541
0.5780259370803833
0.8134557008743286
0.7745758891105652
0.7219667434692383
0.5661085844039917
0.538239598274231
0.6300133466720581
0.4404640197753906
0.9058436155319214
0.7533825635910034
0.45522308349609375
0.632041335105896
0.48086410760879517
0.7502390742301941
0.6399995684623718
0.7388902902603149
0.5255479216575623
0.3366015553474426
0.515838623046875
0.6658346056938171
0.4903135299682617
0.3310469686985016
0.6359866857528687
0.49633923172950745
0.32386481761932373
0.9642232656478882
0.572577953338623
0.9092571139335632
0.5186997056007385
0.4606808125972748
0.6689578890800476
0.5326293706893921
1.2287542819976807
0.9628168940544128
0.8432992696762085
0.6611469984054565
0.7894550561904907
0.9117185473442078
0.6708183884620667
0.47163400053977966
0.33773577213287354
0.6457701325416565
0.7195748686790466
1.1109039783477783
0.3366777002811432
0.9032543897628784
0.7028826475143433
0.531215250492096
0.8416057825088501
0.7645590901374817
0.4559732973575592
0.3062659502029419
0.735535740852356
0.6637592911720276
1.1141821146011353
0.5668206810951233
0.44035062193870544
0.7454148530960083
1.1313583850860596
0.46649160981178284
0.6579581499099731
0.46768561005592346
0.42224985361099243
0.5123611688613892
0.5761147737503052
0.7324730753898621
0.5227091312408447
0.43440932035446167
1.1027425527572632
0.538990318775177
0.6148956418037415
1.482396125793457
0.4547470211982727
0.6383953094482422
0.7633416056632996
0.535197913646698
0.6693407297134399
0.6584202647209167
0.32866787910461426
0.6128053665161133
0.6576623916625977
0.3041115701198578
0.6688332557678223
0.6247673034667969
0.939490795135498
0.5207911729812622
0.4306550621986389
1.0943912267684937
0.5372212529182434
0.6717734336853027
0.6693964600563049
0.7871753573417664
0.5541025996208191
0.4443131387233734
0.5836644768714905
0.4457763135433197
0.7898356318473816
0.5217944979667664
0.7062158584594727
0.5836519002914429
0.7095649838447571
0.6175955533981323
1.034688115119934
0.2588040828704834
1.2930325269699097
0.6746033430099487
0.6882702708244324
1.0876747369766235
0.4421774744987488
0.6429693102836609
0.4112534523010254
1.2108803987503052
0.859801173210144
0.6251205205917358
0.6220629215240479
0.6744921803474426
0.5501635670661926
0.6815941333770752
0.4376526474952698
0.524067223072052
0.5276926755905151
0.3990216851234436
0.46066707372665405
0.4253259599208832
0.574254035949707
0.8397366404533386
0.6657476425170898
0.6153953671455383
0.7841742038726807
0.5481899380683899
0.23542571067810059
0.5126563310623169
0.5587946176528931
0.6112452745437622
0.3774007260799408
0.7821608781814575
0.5022935271263123
0.7410892844200134
0.9459042549133301
0.4419426918029785
0.31245967745780945
0.5343960523605347
0.4041591286659241
1.0914642810821533
0.5151271224021912
0.44846612215042114
0.7078211903572083
1.0562634468078613
0.5837030410766602
0.3903466463088989
0.6365162134170532
1.5365023612976074
0.8074889183044434
0.7366654872894287
0.4069956839084625
0.30660638213157654
0.5918363332748413
1.392747402191162
0.600736677646637
0.28843316435813904
0.4562827944755554
0.7090581655502319
0.3426360487937927
1.0411996841430664
0.40211567282676697
0.46463966369628906
0.5551851987838745
0.3398438096046448
0.658963680267334
0.3204243779182434
0.35941481590270996
0.48369908332824707
0.5286378264427185
0.5949714779853821
0.44707003235816956
0.755322277545929
0.8537722826004028
0.5100585222244263
0.3513926565647125
0.5256139039993286
1.0941476821899414
0.6938217878341675
0.854107677936554
0.7104965448379517
0.5441553592681885
0.3946395814418793
0.4334165155887604
0.791833758354187
0.4302748739719391
0.5524564385414124
0.3492127060890198
0.610866904258728
1.2268588542938232
0.46707940101623535
1.457649827003479
1.158606767654419
0.443830668926239
0.7459286451339722
0.43068379163742065
0.6653136014938354
0.3865649998188019
0.4780884385108948
0.5282061696052551
0.3287782073020935
0.6780757308006287
0.3281959593296051
0.6911090612411499
1.331760287284851
