0.5688735842704773
0.3751222789287567
0.2940121293067932
0.755247175693512
0.30765238404273987
0.7523859739303589
0.8608894348144531
0.6958450675010681
1.1645740270614624
0.984790027141571
0.6158806085586548
0.5812397599220276
0.5158029794692993
0.3673001229763031
0.6488659381866455
0.9066534042358398
0.4822853207588196
0.607354998588562
1.0805946588516235
0.34328556060791016
1.6170861721038818
0.5295383334159851
0.6454592943191528
0.5970826148986816
0.3974323868751526
0.6885033845901489
0.5922217965126038
0.6260490417480469
0.2738192677497864
0.4843352437019348
0.4924001693725586
0.7041061520576477
0.940461277961731
0.6573072671890259
0.30631667375564575
1.3028708696365356
0.5469986200332642
0.5081049203872681
0.5030193328857422
1.0170236825942993
0.6570046544075012
0.6880506277084351
0.4063977599143982
0.48668426275253296
0.8982380032539368
0.5678189992904663
1.0708829164505005
0.8109778165817261
0.4476608335971832
0.6172775030136108
0.3307824432849884
0.8616086840629578
1.1036880016326904
0.4388880133628845
0.5680084228515625
0.3085971474647522
0.5613304972648621
0.36201900243759155
0.34069767594337463
0.4088350236415863
0.7227022051811218
0.9290348291397095
0.6487540602684021
0.7672262191772461
0.6092596054077148
1.1811892986297607
0.8300043940544128
0.8257511258125305
0.6047600507736206
0.4322165548801422
0.32335376739501953
0.6745008230209351
0.5634949207305908
0.911620020866394
1.0234721899032593
0.6495934724807739
0.4116753935813904
0.661594569683075
1.2046173810958862
0.5906643271446228
0.881973385810852
0.7994205355644226
0.7418341040611267
1.090287208557129
0.6071633100509644
1.4733508825302124
0.8646171689033508
0.5542521476745605
0.7683476209640503
0.6312758922576904
0.41583365201950073
0.41703659296035767
0.6964146494865417
0.5850269198417664
0.8139470219612122
0.5897924900054932
0.5789014101028442
1.0360838174819946
0.7589458227157593
0.526504635810852
0.44914665818214417
1.160954236984253
0.5550112724304199
0.500623345375061
0.6283239126205444
0.5516968965530396
0.3642599582672119
0.4265522062778473
0.46423929929733276
0.6075593829154968
0.7017389535903931
0.8110332489013672
0.7125165462493896
0.42890095710754395
0.27775049209594727
0.8544455766677856
0.6046009063720703
0.6132267713546753
0.7013627290725708
0.41536182165145874
0.2682116627693176
0.5603609681129456
0.6738846302032471
0.6008962392807007
0.4891320765018463
0.692968487739563
0.45098233222961426
1.751166582107544
0.7059115171432495
0.6051980257034302
0.2971905767917633
0.5075991749763489
1.0385191440582275
0.918016791343689
0.5480002164840698
0.67597895860672
0.7244464755058289
0.5162294507026672
0.3220379948616028
0.6825820803642273
0.6891555786132812
0.9584576487541199
0.8514113426208496
0.4095943570137024
0.48379334807395935
0.5888182520866394
0.8655816912651062
0.555003821849823
0.6281615495681763
0.7414904832839966
0.7280846834182739
0.5406014323234558
0.4932473599910736
0.3823916018009186
0.699423611164093
0.4657045900821686
0.4720156788825989
0.4397250711917877
0.5409027338027954
1.0342059135437012
0.9198284149169922
0.7175605893135071
0.7839853167533875
0.5920401811599731
1.1478984355926514
0.5351439714431763
0.4830871522426605
0.59682297706604
0.42202234268188477
0.6426072120666504
0.6879221796989441
0.7621819376945496
0.5833566784858704
0.5183073282241821
0.39136242866516113
0.4389563500881195
0.6710465550422668
0.7373151779174805
0.30395957827568054
0.37657108902931213
0.6578527688980103
0.5336223244667053
0.7323851585388184
0.6326651573181152
0.6551135778427124
0.6148030161857605
0.7019956111907959
0.3525136113166809
0.3920113146305084
0.7549511790275574
0.6608990430831909
0.4282957911491394
0.561996340751648
0.3561270236968994
0.6179934740066528
0.5762308239936829
0.39725375175476074
0.2792651355266571
0.5986742973327637
0.381713330745697
0.39338216185569763
0.5284389853477478
0.4893127381801605
0.8582140207290649
0.9604101181030273
0.38521450757980347
0.7401615381240845
0.5657547116279602
0.6496467590332031
0.9309908151626587
0.7749139070510864
0.4697665572166443
0.7821211814880371
0.6505167484283447
0.38632863759994507
0.4055127203464508
0.5074740648269653
0.6599355936050415
1.2220792770385742
1.0883855819702148
0.762729287147522
0.6847448348999023
0.4217568337917328
0.3804468810558319
0.6177047491073608
0.26330825686454773
0.8094533085823059
0.6916550993919373
0.8713962435722351
0.29466429352760315
0.5991572141647339
0.657724142074585
0.2839118540287018
0.7394894957542419
1.0698267221450806
0.46068352460861206
0.5654159188270569
0.5607432723045349
0.488656222820282
0.7155307531356812
0.6335621476173401
0.46370354294776917
0.5217757225036621
0.5433419346809387
0.48750877380371094
0.6743968725204468
0.8649356961250305
0.3511543869972229
0.40266165137290955
0.41507014632225037
0.511271595954895
0.3764539361000061
0.4325469136238098
0.4469803273677826
1.423516869544983
0.9645432233810425
0.416595458984375
0.46756067872047424
0.3050239682197571
0.6796465516090393
0.2481759488582611
0.459937185049057
0.943985104560852
0.48186030983924866
0.3548468053340912
0.5024408102035522
1.2879936695098877
0.636296272277832
0.438974529504776
1.0099246501922607
0.5963679552078247
0.245327427983284
0.6011868715286255
0.970859706401825
0.5656755566596985
0.5005440711975098
0.3715583086013794
0.6213119029998779
0.8688069581985474
0.8495321273803711
0.4871605932712555
0.8662512898445129
0.557850182056427
0.8673694729804993
0.504438042640686
1.0454248189926147
0.3509732782840729
0.5184581875801086
0.655472457408905
0.32040661573410034
0.44528263807296753
0.6748661994934082
0.741048276424408
1.2458664178848267
1.2159984111785889
0.9061312675476074
0.6973233819007874
0.8871545791625977
0.6549521684646606
0.8945986032485962
1.0720984935760498
0.6881908178329468
1.0965502262115479
0.5556726455688477
0.7699055671691895
0.47575148940086365
0.5819268226623535
0.9173704981803894
0.5488309860229492
0.3916012644767761
0.914790153503418
0.7817098498344421
0.5529597997665405
0.7520254254341125
0.8036199808120728
0.4352041780948639
0.7038844227790833
0.5542534589767456
0.5846894383430481
0.6513316035270691
0.6201171278953552
0.5912525653839111
0.41543048620224
0.47762784361839294
0.47245463728904724
0.34690526127815247
0.4586985111236572
0.5485350489616394
0.5622256994247437
0.7656775712966919
0.5781594514846802
0.7726095914840698
0.4888693392276764
0.6486554145812988
0.4773077070713043
0.8607462048530579
0.4343745708465576
0.772348165512085
