0.45473605394363403
0.4358525276184082
0.718953013420105
0.3634912371635437
0.6636790633201599
1.029257893562317
0.47207528352737427
0.6492840051651001
0.4242576062679291
0.2779267728328705
0.9565333127975464
0.3417220413684845
0.8664835095405579
0.535726010799408
0.8632736206054688
0.2906038165092468
0.5541092157363892
0.37959763407707214
0.33421939611434937
0.38150927424430847
1.3087444305419922
0.9430115818977356
0.5393580198287964
0.8031038045883179
0.48887521028518677
0.4062381684780121
0.7186657786369324
0.5482985973358154
0.6540249586105347
0.3126834034919739
0.7700099945068359
0.4286981225013733
0.7835472822189331
0.2782076597213745
0.9041191339492798
1.152877688407898
0.8396543264389038
0.5351503491401672
0.5001955628395081
0.5352870225906372
0.6517363786697388
0.9160408973693848
0.47260865569114685
0.426532506942749
0.6289295554161072
0.9454072713851929
0.8947716951370239
0.6440669894218445
0.8673371076583862
0.5501710176467896
0.5214600563049316
0.5154049396514893
0.6025305986404419
0.7742039561271667
0.5540950894355774
0.8622716665267944
1.037917137145996
0.45976072549819946
0.9250547289848328
1.147484540939331
0.5603455901145935
0.6001256704330444
0.5568341612815857
0.8108835220336914
0.8850541114807129
0.2910333573818207
0.47638124227523804
0.5686837434768677
0.78551185131073
0.46700340509414673
0.5744103193283081
0.6985599994659424
0.46431127190589905
0.7797663807868958
0.5423102378845215
0.6098511219024658
0.7060176134109497
0.48959508538246155
0.7894929051399231
0.6757214665412903
0.5833630561828613
0.3277779817581177
0.478648841381073
0.38531413674354553
0.7199934124946594
0.4582894444465637
0.6860191822052002
0.48164257407188416
0.2773553133010864
0.4793805181980133
0.2656746506690979
0.5286849737167358
0.31317847967147827
0.7564960718154907
0.6029320955276489
0.9745179414749146
0.6463285684585571
0.4109821319580078
0.822746753692627
0.4429188668727875
0.6059302091598511
0.35555601119995117
0.643864095211029
0.7000672221183777
0.41803914308547974
0.6496116518974304
0.6177778840065002
0.3617111146450043
0.6349359750747681
0.6988414525985718
0.8040429353713989
0.4376652240753174
0.23964276909828186
0.34868425130844116
1.387703776359558
0.38773590326309204
0.5569464564323425
0.43915754556655884
0.41943010687828064
0.7222815752029419
0.40787839889526367
0.42198723554611206
0.44112318754196167
0.6333165168762207
0.24817657470703125
0.4007595479488373
0.6925141215324402
0.7347548604011536
0.9510502815246582
0.5134328603744507
0.4599679112434387
0.6548670530319214
1.0049123764038086
0.5396385192871094
1.0678664445877075
0.4570198059082031
0.7697389721870422
0.6275013089179993
0.8312827348709106
0.6098403334617615
0.2750926911830902
0.5231610536575317
0.614932119846344
0.593339741230011
0.6770879030227661
0.5987821817398071
0.8910925984382629
0.4815691411495209
1.656615972518921
0.578884482383728
0.3882249891757965
0.6027454137802124
0.5084334015846252
0.5926041603088379
0.7394890785217285
1.205287218093872
0.9636748433113098
0.49664124846458435
0.25722891092300415
0.9089722633361816
0.6870403289794922
0.35830000042915344
0.3225395679473877
0.3484805226325989
0.8712879419326782
0.48394232988357544
0.5164898037910461
0.7345809936523438
0.7631924748420715
0.6775899529457092
1.2132232189178467
1.1258587837219238
0.49371832609176636
0.32216042280197144
0.7947661876678467
0.46056652069091797
0.9736599922180176
0.3839723467826843
0.7410597205162048
0.6226979494094849
0.26850301027297974
0.5664547085762024
0.7151416540145874
0.5537843704223633
0.21158404648303986
0.9454131126403809
0.3204442262649536
0.4617772102355957
0.8492485880851746
0.9137519001960754
0.544911801815033
0.8736165165901184
0.49599727988243103
0.8589364886283875
0.9791590571403503
0.391962468624115
0.6939464211463928
0.7553358674049377
0.48522815108299255
0.5033662915229797
0.7158430814743042
0.7856915593147278
0.4928220808506012
0.7708631753921509
0.5853456258773804
0.5797839164733887
0.39318549633026123
0.42995119094848633
0.5014747381210327
0.9681949615478516
0.5046507120132446
0.7608641386032104
0.5622752904891968
1.066145658493042
1.063280463218689
0.49754029512405396
0.9197888374328613
0.4133153557777405
0.4629327654838562
0.6995003819465637
0.6136783361434937
0.7909996509552002
0.3617609441280365
0.7506452798843384
0.6072659492492676
0.2793990671634674
0.7845643758773804
0.8660187721252441
0.4936586916446686
0.5284847021102905
0.8693404197692871
0.36398911476135254
0.7896867394447327
0.7430024743080139
0.9173399209976196
0.4938339591026306
0.3900216519832611
0.3529506027698517
0.46065711975097656
0.9342557787895203
0.5886199474334717
0.47456949949264526
0.5267901420593262
0.7817522287368774
0.48513221740722656
0.8804318308830261
0.622806966304779
1.1197752952575684
0.9281371831893921
0.609428346157074
0.38854533433914185
0.3228921592235565
0.48573392629623413
0.5051959753036499
1.3297936916351318
0.4909747540950775
0.6278464198112488
0.7981137037277222
0.7689015865325928
0.5656268000602722
0.8667265176773071
0.8711927533149719
0.660988450050354
0.6050086617469788
0.895982563495636
0.6554783582687378
0.6691268086433411
0.3636033236980438
0.757308840751648
0.7445127964019775
0.9187231063842773
0.8519482612609863
0.7854962348937988
0.5206720232963562
0.2837862968444824
0.7062534093856812
0.3964083194732666
0.8949441909790039
0.736012876033783
0.7246639132499695
0.38685518503189087
1.2495800256729126
1.2149274349212646
0.7860690355300903
0.8532963991165161
0.37446969747543335
0.6949639916419983
0.5361023545265198
0.734395444393158
0.7875901460647583
0.6343298554420471
0.5629956126213074
0.5437231063842773
0.4240809381008148
0.8441137075424194
1.1183236837387085
0.5797106027603149
0.6667415499687195
0.8842374682426453
0.7329203486442566
0.3921881318092346
0.4918074607849121
0.8645015954971313
0.28049927949905396
0.6782609224319458
0.6009060740470886
1.0002515316009521
0.4600183069705963
0.8537642359733582
0.5561071634292603
0.5547587871551514
0.5798987150192261
0.4728466868400574
0.7057867050170898
0.7109955549240112
0.8095306158065796
0.6907819509506226
0.4879727363586426
0.8174251317977905
0.6178002953529358
0.7100173830986023
0.5317873954772949
0.6598547697067261
0.4992004930973053
0.656751275062561
0.4716852307319641
0.4504987597465515
0.6321941614151001
0.6896637678146362
0.5300585627555847
0.7121661901473999
0.5677521228790283
0.5717202425003052
0.7529067993164062
1.1102285385131836
0.2921605408191681
0.4728320240974426
1.27585768699646
