0.551401674747467
0.39089345932006836
0.7125881314277649
0.5920071601867676
0.6642592549324036
0.44559532403945923
0.24248608946800232
1.0766510963439941
0.3993527889251709
0.5012565851211548
0.6054159998893738
0.6650201082229614
0.4488448202610016
0.7404124140739441
0.8872417211532593
0.6004756093025208
0.443911612033844
0.6505235433578491
0.9101245999336243
0.6825417876243591
0.40977993607521057
0.7555039525032043
0.7228150367736816
0.38674816489219666
0.893596351146698
0.7317206859588623
0.5029371976852417
0.8284468650817871
0.3972521424293518
0.9817997217178345
1.0573937892913818
0.6315216422080994
0.593075692653656
0.5309029817581177
0.8995612263679504
0.3659275472164154
0.5241681337356567
0.6103925704956055
0.5658553838729858
0.3140273094177246
0.8462415933609009
0.7282312512397766
0.46677547693252563
0.20087012648582458
0.4925030767917633
0.7373554706573486
0.3253086805343628
0.3241584002971649
0.5019426941871643
0.5268566012382507
0.7041881680488586
0.9344622492790222
0.4079521596431732
0.40274715423583984
0.7769668698310852
0.5591347217559814
0.45960888266563416
0.40388616919517517
0.312293142080307
0.43967652320861816
0.937721848487854
0.628328263759613
0.5563985705375671
0.5543806552886963
0.6676045656204224
0.32333463430404663
0.5131841897964478
0.6798495054244995
0.8210954666137695
0.7670927047729492
0.46623629331588745
0.9161163568496704
0.9258064031600952
0.8422063589096069
0.5431265234947205
0.4185090661048889
1.2343980073928833
0.5398555994033813
0.44821232557296753
0.6870729923248291
0.5013951063156128
1.0085254907608032
0.4169701933860779
0.3027811050415039
0.7743444442749023
0.5888438820838928
0.5993245840072632
0.6610179543495178
0.40182214975357056
0.6641274690628052
0.6364290714263916
0.6488186120986938
0.40057486295700073
0.5970532894134521
0.4887632727622986
0.40261292457580566
0.40118399262428284
0.6006178855895996
0.5283425450325012
0.5055685639381409
0.7301435470581055
0.32033175230026245
0.635193943977356
0.6567136645317078
0.5112794041633606
0.7375421524047852
0.6635687351226807
0.4257450997829437
0.3628498911857605
1.0413247346878052
0.5094205737113953
0.3058174252510071
0.3160766065120697
1.1822086572647095
1.2901241779327393
0.3029461205005646
0.33242446184158325
0.39735904335975647
0.5048252940177917
0.3823874592781067
0.6525270342826843
0.9267631769180298
0.9192661046981812
0.6153351068496704
0.5887370109558105
0.9335601925849915
0.949558436870575
0.6413366794586182
0.4595023989677429
0.6822674870491028
0.7514373064041138
0.4597660005092621
0.6029545068740845
0.7022544145584106
0.3688713312149048
0.6352646946907043
0.3583928644657135
0.8878097534179688
0.6153414249420166
0.6639631986618042
0.5091333389282227
0.49217191338539124
0.771379292011261
0.36867260932922363
0.6297085285186768
0.6041578054428101
0.6315755844116211
0.7860832810401917
0.850298285484314
0.8679674863815308
0.49040666222572327
0.7623869776725769
0.29626020789146423
1.08327054977417
0.4065185487270355
0.47710490226745605
0.7242265939712524
0.6758613586425781
0.5915358662605286
0.7924234867095947
0.4387083947658539
0.7388144731521606
0.4635950028896332
0.577680230140686
0.5591438412666321
0.6609441041946411
0.31353798508644104
0.36315393447875977
0.8031976819038391
0.3391459584236145
0.8385589718818665
0.41909879446029663
0.5624274015426636
0.556217610836029
0.5576170086860657
0.7817431688308716
0.5473995804786682
0.6604439616203308
0.7959903478622437
0.4411330819129944
0.8638039827346802
0.6033938527107239
0.47917819023132324
0.8501226305961609
0.45516857504844666
0.6002350449562073
0.4424230456352234
0.5993239283561707
0.2870835065841675
0.735589861869812
0.8421082496643066
0.7796834111213684
0.8172651529312134
0.4747045636177063
0.9198364019393921
0.8435632586479187
0.6923931837081909
0.33504167199134827
0.9335063695907593
0.6812865138053894
0.9628292322158813
0.5334796905517578
0.549617350101471
1.292523980140686
0.7731326818466187
0.7041460871696472
0.7379578351974487
0.9187658429145813
0.6497644186019897
0.6126763820648193
0.618224024772644
0.4255642890930176
0.7066034078598022
0.7922341227531433
0.4453414976596832
0.6689015626907349
0.6901258230209351
0.4345620274543762
0.6285748481750488
0.6418622732162476
0.5864247679710388
0.6493562459945679
0.519367516040802
0.4758576452732086
1.0123765468597412
0.6541069149971008
0.3253316879272461
0.5713593363761902
0.6365541815757751
1.1386159658432007
0.4557937979698181
1.1541821956634521
0.42810115218162537
0.8421773910522461
0.7391319274902344
0.695246696472168
0.2976626753807068
0.6478316187858582
0.7560604214668274
1.0228805541992188
0.40117043256759644
0.4937382638454437
1.2647240161895752
0.5407708287239075
0.5513477325439453
0.2994253635406494
0.49231308698654175
0.5823686122894287
0.48411044478416443
0.4513472616672516
0.5638030767440796
0.7273100018501282
0.6869068145751953
0.7610193490982056
0.6762849688529968
0.40432462096214294
0.7683286666870117
0.35279521346092224
0.5617166757583618
0.40191587805747986
0.9255093336105347
0.2931395471096039
0.6088714599609375
0.4584825932979584
0.2558632493019104
0.7924326658248901
0.39438900351524353
0.3968791663646698
1.0851771831512451
0.7340818643569946
0.8233780860900879
0.6461524963378906
0.9607393145561218
0.6028556823730469
0.6896802186965942
0.33280283212661743
0.3872700333595276
0.3596786558628082
0.35398802161216736
0.5688478350639343
0.8313106298446655
0.3977455496788025
0.49694523215293884
0.6099438667297363
0.3679002821445465
0.46747350692749023
0.6210229992866516
0.6016775369644165
0.4188060760498047
0.8894253969192505
0.5993833541870117
0.48392200469970703
0.4184114336967468
0.7449158430099487
0.9392727613449097
0.5323541760444641
0.44828858971595764
0.41560879349708557
0.6240184903144836
0.3473286032676697
0.725448489189148
0.35350650548934937
1.3740723133087158
0.5422479510307312
0.6602212190628052
0.3215343654155731
0.6086677312850952
0.6771174669265747
0.5095886588096619
0.4981110692024231
0.616984486579895
1.059973120689392
0.357879638671875
0.3754269480705261
0.45818620920181274
0.7624973058700562
0.5546234846115112
0.6679711937904358
0.7218096852302551
0.6458042860031128
1.1500093936920166
0.8080500364303589
0.9619927406311035
0.4827967584133148
0.48214012384414673
0.26383620500564575
0.44394129514694214
0.25626739859580994
0.3571794629096985
1.1504656076431274
0.4723510146141052
0.6651650667190552
0.8163093328475952
1.131388783454895
0.48387274146080017
0.7992960214614868
1.2730233669281006
0.6497637629508972
