0.8546150922775269
0.8732336759567261
0.8962177038192749
0.7557089924812317
0.8102515339851379
0.9503077268600464
0.7583453059196472
1.3750898838043213
0.8204553723335266
0.9405305981636047
1.3153471946716309
0.9580695033073425
1.0312678813934326
0.5462357401847839
0.5825586915016174
0.76277095079422
0.9387311935424805
1.1114914417266846
0.7850095629692078
0.7258052825927734
0.853648841381073
0.9681859016418457
0.8132207989692688
1.1731054782867432
0.6166079044342041
0.5943101644515991
1.100966453552246
0.8678767085075378
0.9705885648727417
0.6941787004470825
0.7495075464248657
0.684129536151886
0.6456160545349121
1.1839264631271362
0.9039724469184875
1.0389147996902466
0.5950006246566772
0.8549824953079224
0.7917922735214233
0.8172228932380676
0.8138096928596497
0.9929126501083374
0.8622544407844543
1.2710354328155518
0.9490407109260559
0.7555640935897827
0.8682762980461121
0.8475554585456848
0.7319775819778442
1.0029051303863525
0.9369510412216187
1.1487443447113037
0.8676994442939758
0.8651250600814819
0.8023773431777954
0.48324036598205566
0.7612980604171753
0.8436813354492188
0.8971365690231323
0.7171683311462402
1.1750450134277344
0.6990383863449097
0.9403562545776367
1.0870072841644287
0.9641973376274109
0.7929633259773254
0.8235539197921753
0.9161645770072937
0.9211972951889038
0.7929973006248474
0.6698848009109497
0.831661581993103
0.600320041179657
0.8136886358261108
1.282374620437622
0.7119359374046326
0.7389507293701172
0.7291623950004578
1.0231133699417114
1.0456466674804688
1.185657262802124
0.6163839101791382
1.287461519241333
0.9236656427383423
1.047743797302246
0.8607157468795776
0.7868393063545227
0.9298660159111023
0.6529984474182129
0.8295804262161255
0.7504769563674927
0.837630569934845
0.6630240678787231
0.9077858924865723
0.6743415594100952
1.2239434719085693
0.6720641255378723
1.0040167570114136
0.8980525135993958
0.7245374917984009
0.9310084581375122
0.7177678942680359
0.7983279228210449
1.1180087327957153
0.9222795367240906
0.6933076977729797
0.7032020688056946
0.8954085111618042
0.6562317609786987
1.1219733953475952
0.7147101163864136
0.8922418355941772
0.5780643224716187
0.7958666086196899
0.9554668664932251
0.5646412372589111
1.044431447982788
0.6191493272781372
1.5686601400375366
0.838062584400177
0.7612720131874084
0.861129641532898
0.7439061999320984
0.9429968595504761
1.2693861722946167
0.9961951971054077
0.9382293820381165
0.8968327641487122
0.7247287034988403
0.8556306958198547
1.0320804119110107
0.8543734550476074
0.8023999333381653
0.5967755317687988
0.6272608637809753
0.7625740170478821
0.8141996264457703
1.2096675634384155
0.8938493728637695
0.655346155166626
1.226107120513916
0.5436934232711792
0.8610101938247681
0.7028032541275024
0.6306585669517517
0.5543804168701172
0.6993618011474609
1.3622010946273804
0.8305305242538452
1.1258734464645386
0.5457397699356079
0.6504183411598206
0.92796790599823
0.6191925406455994
1.107513427734375
0.8719627261161804
1.0637397766113281
1.2827937602996826
1.078876256942749
0.5198286771774292
0.8333380818367004
0.7003528475761414
0.5729387998580933
0.9659600257873535
0.7003037929534912
0.525433361530304
0.7910319566726685
0.8702389597892761
0.9715949296951294
0.825308620929718
0.6385098099708557
0.725628674030304
1.009669542312622
0.7353936433792114
1.1043425798416138
1.0529097318649292
0.6238104104995728
0.7684223055839539
0.8767296671867371
0.9243375658988953
0.9252126812934875
0.7077094912528992
0.7170615196228027
0.9570778608322144
0.4795255661010742
1.194064736366272
0.9632954597473145
0.6788434982299805
1.0452539920806885
0.8587230443954468
1.341517686843872
0.953015148639679
0.83098304271698
0.8550146818161011
1.0013407468795776
0.8717527389526367
0.7695292234420776
0.7709664106369019
0.7750486135482788
1.0562007427215576
1.1263118982315063
0.9217765927314758
0.7145110368728638
1.1119046211242676
0.797688364982605
1.0631492137908936
1.0064654350280762
0.8101704716682434
0.8138893842697144
0.7787487506866455
0.8226703405380249
0.8011788129806519
0.7753243446350098
1.0396296977996826
0.831749439239502
0.7064040303230286
0.6082814931869507
0.7975653409957886
0.76960289478302
0.5514798164367676
0.7698842287063599
0.5957669019699097
0.6522091031074524
1.1073721647262573
0.9984338879585266
1.128479242324829
0.8984176516532898
0.5915733575820923
0.7955564856529236
0.9317241907119751
1.0434852838516235
1.086033821105957
1.0389047861099243
0.715955376625061
0.9539622068405151
0.7690894603729248
0.7357557415962219
0.9799753427505493
1.3768556118011475
0.679047703742981
0.7664313316345215
1.2854030132293701
0.9218945503234863
0.7877832055091858
1.2588987350463867
1.1030397415161133
0.6588525176048279
0.8567991256713867
0.7447532415390015
0.7955857515335083
0.7601873874664307
0.8718780279159546
0.6601505279541016
0.9657260775566101
0.7197605967521667
0.7106603980064392
0.6031478643417358
0.7312577962875366
0.6370272636413574
0.9608704447746277
1.0708167552947998
0.888807475566864
0.7437164187431335
0.9213293194770813
0.7753602266311646
0.7728718519210815
1.2407547235488892
1.0387513637542725
0.939379096031189
0.8030029535293579
0.7095310091972351
0.9014862179756165
0.9827526211738586
0.9088141322135925
1.1243089437484741
0.9227665662765503
1.097740888595581
1.6969133615493774
1.0132945775985718
0.68504798412323
1.3204548358917236
0.9388896226882935
0.6225682497024536
0.5942757725715637
1.221845269203186
0.6823707818984985
0.8178404569625854
1.186747431755066
1.1152700185775757
0.8139280080795288
1.0543631315231323
1.015684723854065
0.6154428720474243
0.9248400926589966
0.7559459805488586
0.6374021768569946
0.8696094751358032
0.9342734217643738
0.6988763809204102
1.1042742729187012
0.6635646224021912
0.6446759700775146
0.7934786081314087
1.1914875507354736
1.0135908126831055
1.1755644083023071
1.0366995334625244
0.8179866671562195
1.2193235158920288
0.608256995677948
0.8877263069152832
0.6421899795532227
0.7694581151008606
0.7158471941947937
0.6648398637771606
0.8825012445449829
1.0600463151931763
0.7723562121391296
0.5147276520729065
0.6794071793556213
0.6211365461349487
0.9982820749282837
0.9034145474433899
0.7421404123306274
0.7474492192268372
0.6919299960136414
1.2260843515396118
1.0279182195663452
1.254751443862915
0.520267128944397
0.8944226503372192
0.8665604591369629
0.6971703171730042
0.9219568371772766
0.7942643165588379
0.7635378837585449
0.7996849417686462
0.5088203549385071
