0.683100163936615
0.5995859503746033
0.8216169476509094
0.6045918464660645
0.7344697713851929
0.5862110257148743
0.6799050569534302
0.5356417298316956
0.2946019470691681
0.9456092715263367
1.0915393829345703
0.460315465927124
0.38489192724227905
1.023561716079712
0.659156322479248
0.6725601553916931
0.8475793600082397
0.655185341835022
0.5226737260818481
0.30959874391555786
0.2096344232559204
0.8319330215454102
0.534276008605957
0.38132444024086
1.065942406654358
0.6869859099388123
0.6142562627792358
1.1908928155899048
0.6039755344390869
0.6523326635360718
0.7708950638771057
0.532401442527771
0.4748200476169586
0.5642266273498535
0.688019871711731
0.5512325167655945
0.6124162077903748
0.3853330612182617
0.4471774995326996
0.6897984147071838
0.9737148284912109
0.7660018801689148
0.762851893901825
0.3052924573421478
0.6347070336341858
0.8798931837081909
0.3753088116645813
1.2300474643707275
0.3428341746330261
0.5491549372673035
0.4087039828300476
0.4588314890861511
0.3672007620334625
0.4975511133670807
0.5451570749282837
0.8615497350692749
0.6372554898262024
0.7076917886734009
0.6472013592720032
0.4778805673122406
0.600227952003479
0.48423051834106445
0.9525588154792786
0.4388149380683899
0.44874078035354614
0.5945448875427246
0.6556380391120911
0.6197787523269653
0.47786369919776917
0.44771426916122437
0.8546938896179199
0.834365963935852
1.1767299175262451
0.6256787180900574
0.8525654077529907
0.656718909740448
0.5567848086357117
0.5171415209770203
0.5871791839599609
0.6833680868148804
1.0089082717895508
0.34577488899230957
0.36751988530158997
1.3115572929382324
0.40907326340675354
0.8251320123672485
1.5290606021881104
0.4130958616733551
0.47735434770584106
0.6362587213516235
0.542008101940155
1.195754885673523
0.8205612897872925
0.8906129598617554
0.5481254458427429
0.6631811857223511
0.5648706555366516
0.7644402384757996
0.8789182901382446
0.6727759838104248
0.4335768222808838
0.5704672336578369
0.34372299909591675
0.8215193748474121
0.5170125961303711
0.5180525183677673
0.6944142580032349
0.32578369975090027
0.4594106078147888
0.5925824642181396
0.2828299105167389
0.8490583300590515
0.2956412136554718
0.9045486450195312
0.3278232216835022
0.538804292678833
0.45091357827186584
0.327841579914093
0.8012215495109558
0.4631496071815491
0.8450304865837097
0.7162134051322937
1.2167365550994873
0.6879663467407227
0.7759872078895569
0.2800813317298889
0.3911488652229309
0.5064202547073364
0.4724034368991852
0.6050363183021545
0.41076526045799255
0.5167714953422546
0.5786867737770081
0.7262738943099976
1.0650399923324585
0.24775199592113495
0.9205716848373413
0.4405503273010254
0.6333131194114685
1.387838363647461
0.8903558850288391
0.7977554202079773
0.3394322991371155
0.38233596086502075
0.6486151218414307
0.7157195806503296
0.38021963834762573
0.30586352944374084
0.3134400546550751
0.654089093208313
0.6121967434883118
1.361398458480835
0.6196241974830627
0.6876901388168335
0.4059616029262543
0.8742728233337402
0.36460429430007935
0.5019139647483826
0.42941737174987793
0.8362559080123901
0.4663163125514984
0.6124588251113892
0.7437560558319092
0.9596449732780457
0.7276596426963806
0.6607237458229065
1.1924782991409302
0.9475733637809753
1.04193913936615
0.49094992876052856
0.4400557577610016
0.3729373812675476
0.5158536434173584
0.7686532735824585
0.4113084673881531
0.6039465069770813
0.8724679946899414
0.7208272218704224
0.9295327067375183
0.6890152096748352
0.8565180897712708
0.381673663854599
0.4269460141658783
0.5532069206237793
0.43816009163856506
0.32088878750801086
0.5700753927230835
1.1929957866668701
0.5901080965995789
0.6020722985267639
0.772877037525177
0.2612999975681305
0.5140105485916138
0.5019374489784241
0.37657251954078674
1.168511152267456
0.7524979710578918
0.4526919722557068
0.44064515829086304
0.7228824496269226
0.3532343804836273
0.5722440481185913
0.49850329756736755
1.2398173809051514
0.774161696434021
0.5120518803596497
0.5388359427452087
0.2734944224357605
0.6981502771377563
1.0802297592163086
0.4188825488090515
0.6495325565338135
0.572104811668396
0.6092396974563599
0.4873795509338379
0.6867245435714722
0.6815065741539001
0.7435544729232788
0.7989515662193298
0.462277352809906
0.46441832184791565
0.5156632661819458
0.519605278968811
0.8167681694030762
0.4384569227695465
0.8282158970832825
0.5781296491622925
0.727635383605957
1.242182970046997
0.5672212243080139
0.6682194471359253
0.47753557562828064
0.567295253276825
0.6358774900436401
0.543043315410614
0.39303359389305115
0.5742165446281433
0.6879442930221558
0.7760627865791321
0.9537799954414368
0.6630843877792358
0.598859429359436
0.5559350848197937
0.5472999811172485
0.637947678565979
0.6391922235488892
0.8056164979934692
0.5363491773605347
0.2850072383880615
1.0735403299331665
0.5916873812675476
0.6179121732711792
0.705990195274353
0.5891040563583374
0.8335138559341431
0.6044383645057678
0.6832888722419739
0.514417290687561
0.791113018989563
0.5772911906242371
0.5977791547775269
0.4536079466342926
0.38399291038513184
0.620413601398468
0.4400678277015686
0.4556864798069
0.7383974194526672
0.6417220830917358
0.4893077313899994
0.9478638768196106
0.28100118041038513
0.615909218788147
0.9888690710067749
0.5304823517799377
0.735501766204834
0.3912273049354553
0.29373475909233093
0.7770448923110962
1.054784893989563
0.8177482485771179
0.5231871604919434
0.7255395650863647
1.0859172344207764
0.7369158267974854
0.594944953918457
0.3803958296775818
1.1192810535430908
0.9630489349365234
0.6896398663520813
0.8268550634384155
0.6948496103286743
0.5246757864952087
0.33322858810424805
0.5615288019180298
1.057959794998169
1.0867912769317627
0.42566734552383423
0.31681743264198303
0.7220373749732971
0.6127762198448181
0.41567468643188477
1.090122938156128
0.6883796453475952
0.7340068817138672
0.5151907801628113
0.724885106086731
0.39031606912612915
0.6546622514724731
0.7876707315444946
0.9287269711494446
0.34980595111846924
0.483769029378891
0.6734138131141663
0.8837860226631165
0.5225459337234497
0.6010057330131531
0.6715502738952637
0.5292595624923706
0.3570805490016937
0.47960028052330017
0.6695443391799927
0.6860466599464417
0.5088430047035217
0.8102459907531738
0.6509572267532349
1.0680465698242188
0.7132716774940491
0.2648262083530426
0.6383429169654846
0.7118931412696838
0.6186426281929016
1.4825421571731567
0.4346834123134613
0.6615194082260132
0.725086510181427
0.5851289629936218
0.8647831082344055
1.2551846504211426
