0.4350128173828125
0.5858345031738281
0.29170548915863037
0.7013809084892273
0.47191447019577026
0.6042839288711548
0.5378974676132202
0.8020746111869812
0.6545175313949585
1.0162590742111206
0.3780197501182556
0.6558405160903931
0.62528395652771
0.3831385374069214
0.6709198355674744
0.3142399191856384
0.972745418548584
0.40707579255104065
0.5543182492256165
1.093677043914795
0.6825115084648132
0.6228076815605164
0.5782028436660767
0.46015316247940063
0.587488055229187
0.5664921402931213
1.0013329982757568
0.6731550097465515
0.8567532300949097
0.3390849232673645
0.5739300847053528
0.7010412216186523
0.6638513803482056
0.6317899823188782
0.4682566523551941
0.5786306262016296
0.7392116785049438
0.3590305745601654
0.799012303352356
0.3698708117008209
0.4673236012458801
0.39575693011283875
0.6420074701309204
0.2458195686340332
0.6382666826248169
0.8598631024360657
0.6470823884010315
0.5676053762435913
1.0184732675552368
0.5528957843780518
0.7999569177627563
0.3119884729385376
0.895600438117981
0.8731896281242371
0.4922463297843933
0.4098220765590668
1.150272250175476
0.9437999725341797
0.6751840710639954
0.7634257078170776
0.6698750257492065
0.5239960551261902
0.6375918984413147
0.22415125370025635
0.6615102887153625
0.6606401205062866
0.38258299231529236
1.3805875778198242
0.28735026717185974
0.7445460557937622
0.888144850730896
0.7384644150733948
0.5105454921722412
0.23244726657867432
0.6853283643722534
0.6477680802345276
0.7791211009025574
1.2259581089019775
0.555690586566925
0.5104629397392273
0.5349810719490051
0.4569891095161438
0.5760529637336731
0.4039023816585541
0.3687914311885834
0.4997943937778473
0.9561268091201782
0.5822228193283081
0.3473230004310608
0.41401347517967224
1.0637085437774658
0.47854161262512207
0.5757489204406738
0.5598548650741577
1.1853511333465576
0.6606597900390625
0.759710431098938
0.3943130373954773
0.967900276184082
0.5534181594848633
0.3321375250816345
0.7838550806045532
0.7859446406364441
0.5716184973716736
0.7062351107597351
0.7247911691665649
0.5444862842559814
0.5871010422706604
0.6508264541625977
0.43098312616348267
0.3472525477409363
0.7693540453910828
0.43429118394851685
0.4998129904270172
0.8727561831474304
0.3852156400680542
0.7925578355789185
0.5193538665771484
0.6466196775436401
0.651960551738739
0.5299181342124939
0.8250978589057922
0.7703700065612793
0.44537124037742615
0.6842441558837891
0.5228142738342285
0.8635862469673157
0.7177618741989136
0.8085309267044067
0.42909330129623413
0.4477684497833252
0.27899762988090515
0.5435759425163269
0.5670806169509888
0.6764319539070129
0.6960861086845398
0.3686232268810272
0.655936598777771
0.451479971408844
0.895382285118103
0.9108850359916687
1.0952342748641968
0.4526725709438324
0.7373825907707214
0.2838084101676941
0.4078039228916168
0.7217981815338135
0.5393548011779785
0.4913652837276459
0.3995313048362732
0.4679180681705475
0.24422049522399902
0.4069386124610901
0.37007707357406616
0.6788603663444519
0.6621161699295044
0.9475995898246765
0.9189592599868774
0.7318011522293091
0.8844031095504761
0.640303373336792
0.8514000177383423
0.9789966344833374
0.5040249824523926
0.5794579386711121
0.4840417802333832
0.8426240086555481
0.9401410222053528
0.38001856207847595
0.5783067941665649
0.4417954981327057
0.8240948915481567
0.31478461623191833
0.5304968357086182
0.5892378091812134
0.6580349802970886
0.4044298529624939
0.41415372490882874
0.5022536516189575
0.5754806399345398
0.6616350412368774
0.8720406293869019
0.6836671829223633
0.7787265777587891
0.6749742031097412
0.7737571597099304
0.3392510712146759
0.7675436735153198
0.6594226956367493
0.7863506078720093
0.3416040539741516
0.19297738373279572
0.7344064712524414
0.7359012961387634
0.7018219232559204
1.4236032962799072
0.6361397504806519
0.4726753234863281
0.43965959548950195
0.48091158270835876
0.5352258682250977
0.7496391534805298
0.7330194711685181
0.4124968647956848
0.6157010793685913
0.5109797716140747
0.3740587830543518
0.42144232988357544
0.669969916343689
0.3962306082248688
0.8901257514953613
0.3052246570587158
0.6689313650131226
0.4740753769874573
0.4843336045742035
0.9065477252006531
1.192047357559204
0.6698282957077026
0.4372100830078125
1.4414007663726807
0.47322478890419006
0.8156113624572754
0.5574569702148438
0.6265403032302856
0.4024665355682373
0.6111928820610046
0.4631480574607849
0.49788808822631836
0.7306381464004517
0.413663387298584
0.5878638625144958
0.9529582262039185
0.7469474673271179
0.910519003868103
0.5389832854270935
0.3693861961364746
0.292117178440094
0.4299584925174713
0.5632718801498413
0.7908598780632019
0.6211028099060059
0.413895845413208
1.2104780673980713
0.4609675407409668
0.5774110555648804
0.5357702970504761
0.5567322969436646
1.0921494960784912
0.5278433561325073
0.5078530311584473
0.7911077737808228
1.019335150718689
0.6125472784042358
0.5527054071426392
0.3104606866836548
0.530154824256897
0.4413354992866516
0.9986761808395386
0.7321680188179016
0.36848536133766174
0.6562412977218628
0.7965326905250549
0.5511420965194702
0.8844782114028931
0.3753167390823364
1.096683382987976
0.8039082288742065
0.4389447271823883
0.5269965529441833
0.692654013633728
0.6855505108833313
0.4288419187068939
0.5455410480499268
0.5983887314796448
0.8440355062484741
0.8202906847000122
0.72488933801651
0.816943347454071
0.320317804813385
1.1121309995651245
0.45868921279907227
0.7414517998695374
0.6808220744132996
0.6544806361198425
0.8186930418014526
0.788483738899231
0.38645118474960327
0.46588438749313354
0.3489518165588379
0.2993859052658081
0.7333711981773376
0.24605143070220947
1.3089573383331299
1.0719854831695557
0.48698538541793823
0.6735547184944153
0.5608726143836975
0.29567986726760864
0.8322251439094543
1.2486006021499634
0.23374561965465546
0.46281319856643677
0.627336323261261
0.7012525796890259
1.0441023111343384
0.5356411337852478
0.7331743240356445
0.7711873054504395
0.47316670417785645
0.932174026966095
0.676539957523346
0.6692787408828735
0.4773654043674469
0.5207433700561523
0.47410041093826294
0.6195432543754578
1.1570570468902588
0.1517503559589386
0.40495872497558594
0.8352815508842468
0.23531198501586914
0.8948427438735962
0.7446149587631226
0.8434403538703918
0.6691617369651794
0.5633658170700073
0.42123475670814514
0.4712318480014801
0.7323610782623291
0.5031368732452393
0.505755603313446
0.7123988270759583
0.6776359677314758
0.7627078890800476
0.5157713890075684
1.0487593412399292
0.7354690432548523
0.7629491686820984
