0.5500184893608093
1.1405487060546875
0.5187059044837952
0.6761063933372498
0.3256761431694031
0.32646626234054565
0.3300323486328125
0.31544581055641174
0.759952187538147
0.6034256219863892
0.5555751323699951
0.6789306402206421
0.34267348051071167
0.854912281036377
0.33155179023742676
0.5866004228591919
0.4077882170677185
0.7848378419876099
0.407492458820343
0.5353059768676758
0.7875335216522217
0.34859251976013184
0.6482529640197754
0.45587626099586487
0.9518890380859375
0.8115027546882629
0.37032219767570496
0.7308599352836609
0.36427587270736694
0.4889087677001953
1.430078148841858
1.2147538661956787
0.3555472195148468
0.6673755645751953
0.49639207124710083
0.29835954308509827
0.9322983026504517
0.7128084897994995
0.543513834476471
0.24053482711315155
0.5211108326911926
1.2239261865615845
0.7941147089004517
0.5497802495956421
0.45362305641174316
0.5313051342964172
0.7635324597358704
0.4114156663417816
1.0349599123001099
0.567236065864563
0.41595524549484253
0.7082651853561401
0.3217795789241791
0.5946682691574097
0.3323723375797272
0.6300221681594849
0.4372052252292633
0.5807813405990601
0.5127278566360474
0.7798019647598267
0.30481475591659546
0.39791765809059143
0.3470470905303955
0.4023717939853668
0.46531739830970764
0.7166081666946411
0.658022403717041
0.39243489503860474
1.0578776597976685
1.3731333017349243
0.42017149925231934
0.38123759627342224
0.48582935333251953
0.9253171682357788
0.4379511773586273
0.9328598976135254
0.9997145533561707
0.7718894481658936
0.4512869715690613
0.9644550085067749
0.49008387327194214
0.9208499789237976
0.43671759963035583
0.6262624859809875
0.7108266949653625
0.9092254638671875
0.47821274399757385
0.7737067937850952
0.7771986126899719
0.20905296504497528
0.47934120893478394
0.5656872987747192
0.28670772910118103
0.7612334489822388
0.8720008134841919
0.5808783769607544
0.6843054294586182
0.6150803565979004
0.4743943214416504
0.5439403057098389
0.6177274584770203
0.6769097447395325
0.4752151370048523
0.493237167596817
0.5564261674880981
0.38744115829467773
0.7799909710884094
0.5858772397041321
0.4810795187950134
0.6991802453994751
0.7851751446723938
0.4611116051673889
0.41199007630348206
0.75169438123703
0.42303672432899475
0.4965135455131531
0.5263242721557617
1.3732889890670776
0.255795419216156
0.5195426940917969
0.8956311941146851
0.7880789041519165
0.6941713690757751
0.3153502345085144
1.0252633094787598
0.9322429895401001
0.7661087512969971
0.5977121591567993
0.585350513458252
0.21584169566631317
0.8061715960502625
0.46400052309036255
0.2785128951072693
0.5831186771392822
0.5631952285766602
0.5868809223175049
0.5562220811843872
0.7145811319351196
0.4640522003173828
0.5681387186050415
0.45286279916763306
0.6513243913650513
0.47343236207962036
0.460686594247818
0.4170862138271332
0.4307841360569
0.8491573333740234
0.5182214975357056
0.7428777813911438
0.415383517742157
0.6161994338035583
0.7463479042053223
0.596255898475647
0.6408618688583374
0.3235205113887787
1.1297788619995117
0.39909347891807556
0.6285621523857117
0.7843668460845947
0.4092327952384949
0.6797491312026978
0.31623727083206177
0.7522448897361755
0.4232026934623718
0.9308767318725586
0.6448585391044617
0.7202204465866089
0.45748597383499146
0.7084540128707886
0.6165162920951843
0.5453430414199829
0.553005576133728
0.7757369875907898
0.819796085357666
0.7823920249938965
0.626591145992279
0.3847539722919464
0.5525649189949036
0.4937130808830261
0.590912938117981
0.38740506768226624
0.42074909806251526
0.8889122009277344
0.4644371569156647
0.84355628490448
0.8223231434822083
0.6141695380210876
0.6742414236068726
0.6646178364753723
0.9538191556930542
0.8440084457397461
0.2036762237548828
0.5800608396530151
0.640231728553772
0.36447060108184814
0.5602067708969116
0.8239716291427612
0.5520285367965698
0.20916278660297394
0.6114627122879028
0.383400022983551
0.5561090707778931
0.45774325728416443
0.5746136903762817
0.7053572535514832
0.8316399455070496
0.2840802073478699
0.43091052770614624
0.7682809829711914
0.46497613191604614
0.6544220447540283
1.1373486518859863
1.0532448291778564
0.6617729067802429
0.9990752339363098
0.7151265144348145
0.4196036458015442
0.6089180707931519
0.9115300178527832
0.7021799087524414
0.5432672500610352
1.2973238229751587
0.4624265730381012
0.37185701727867126
0.5026892423629761
0.8651881217956543
0.8102718591690063
0.3060118854045868
0.42939940094947815
0.7800785899162292
0.4987252354621887
0.8426911234855652
0.2812874913215637
0.3736592233181
0.7103054523468018
0.5140253305435181
0.862329363822937
0.3579649329185486
0.6320939660072327
0.5508402585983276
0.7188853025436401
0.42326298356056213
0.7696482539176941
0.665472686290741
0.6685695648193359
0.4666892886161804
0.6225556135177612
0.7473405599594116
0.5303133726119995
1.014108419418335
0.8979272842407227
0.36230552196502686
0.6553866267204285
0.43018460273742676
0.5626705884933472
0.41428232192993164
0.8913742303848267
0.2885679602622986
0.5160793662071228
0.7720773816108704
0.5246848464012146
0.6501448154449463
0.6244794726371765
0.2514546513557434
0.3456200957298279
0.6178194284439087
0.7236199378967285
0.4097791314125061
0.3213571012020111
0.7601054310798645
0.3943817615509033
0.7304274439811707
0.3192412257194519
0.6254456639289856
1.3654468059539795
0.3062642514705658
0.43255677819252014
0.7005358338356018
0.6046084761619568
0.5914226770401001
0.7837945222854614
0.9005667567253113
0.555426299571991
1.1327968835830688
0.6192452907562256
0.3767634630203247
0.45025578141212463
0.4724118113517761
0.5612672567367554
0.9479448199272156
0.3015376329421997
0.45365285873413086
0.40051212906837463
1.0503078699111938
0.9311572313308716
0.5933308601379395
0.5627110600471497
0.7481075525283813
0.3479720950126648
0.9493064880371094
0.6230658888816833
0.348574697971344
0.8961337804794312
0.6733415722846985
0.6050615310668945
1.2243871688842773
0.49622541666030884
0.40818357467651367
0.9779958724975586
0.3969631493091583
0.48133739829063416
0.2971607744693756
0.39880555868148804
0.5061517953872681
0.44239598512649536
0.7924841642379761
0.7714375853538513
0.3812699317932129
0.7899178266525269
0.34323564171791077
0.33951812982559204
0.6883519291877747
0.6498361825942993
0.8932199478149414
0.877332329750061
0.5396435260772705
0.2824297547340393
0.5647076964378357
0.5937946438789368
0.9759227633476257
0.9233721494674683
0.896885097026825
0.7136436700820923
0.3604893386363983
1.3781108856201172
1.046823501586914
0.8625020980834961
0.7134324908256531
