1.0610549449920654
0.6088851690292358
0.3602162301540375
0.6574022769927979
0.3781726062297821
0.9169362187385559
1.5605579614639282
0.5714837908744812
0.5187231302261353
0.8828439712524414
0.7810449600219727
0.5295654535293579
1.476549506187439
0.4961632788181305
0.912024199962616
0.5500812530517578
0.5078549385070801
0.705054759979248
0.5773237943649292
0.4309840798377991
0.582757830619812
0.4773016571998596
0.8256950378417969
0.6481665372848511
0.6745625138282776
0.6680646538734436
0.4927034378051758
0.4580456614494324
0.5889003872871399
0.3896544575691223
0.4952659010887146
0.6033368706703186
0.38850393891334534
0.9742060899734497
0.5625747442245483
0.6322908997535706
0.7930963635444641
0.38884276151657104
0.6197064518928528
0.5137343406677246
0.6921366453170776
0.7929033041000366
0.4993742108345032
0.7154027223587036
0.314837783575058
0.5387900471687317
0.582023561000824
1.1479976177215576
0.5483023524284363
0.5498682856559753
0.5646975636482239
1.085628628730774
0.3968864679336548
1.0281299352645874
0.9335187077522278
0.5437998175621033
0.5328053832054138
0.5618801116943359
1.1314997673034668
0.7324124574661255
0.7725402116775513
0.3551129698753357
0.801296591758728
0.43203601241111755
0.9093533754348755
0.6891727447509766
0.35801100730895996
0.38647904992103577
0.9615314602851868
0.3091582655906677
0.4080520570278168
0.4779176115989685
0.40998905897140503
0.7539070844650269
0.3953559994697571
0.6959558725357056
0.8689565658569336
0.6795357465744019
0.5837806463241577
0.6660138964653015
0.9597679376602173
0.5850407481193542
1.1624982357025146
0.8981372714042664
0.7040297985076904
0.4105401039123535
0.7264262437820435
0.587221622467041
0.340846985578537
0.4420410096645355
0.42996397614479065
0.9087947607040405
0.46908313035964966
0.847156822681427
0.6585515737533569
0.503744900226593
0.4955901503562927
0.6938858032226562
0.5713227391242981
0.39247050881385803
0.592650294303894
0.38145560026168823
0.6558088064193726
0.8244878649711609
0.3906722068786621
0.40292373299598694
0.5322599411010742
0.36853647232055664
0.6627056002616882
0.5094361901283264
0.7936567664146423
0.4588555693626404
0.5941287279129028
0.40508151054382324
0.4310343861579895
0.4656931459903717
0.6632408499717712
0.34322887659072876
0.9144011735916138
0.3733157515525818
0.5194755792617798
0.6378756165504456
0.42883166670799255
0.5973588824272156
0.7218933701515198
0.9376900792121887
0.7324787974357605
0.2967020571231842
0.6492887139320374
0.5164971351623535
0.4609757363796234
0.8669649362564087
0.6718173027038574
0.7057898640632629
0.3908824026584625
0.7390072345733643
0.7138209342956543
0.3749843239784241
1.1757606267929077
0.4989221692085266
0.6229459047317505
0.22137637436389923
0.34494227170944214
0.5071703791618347
0.39096197485923767
0.618482232093811
0.9426994323730469
0.7969920039176941
0.37361642718315125
1.0629982948303223
0.7967709302902222
0.40538519620895386
0.5109378099441528
0.5602269172668457
0.776868999004364
0.5736979246139526
0.6441681981086731
0.5672582387924194
0.7631348967552185
0.4506094455718994
0.5823186635971069
1.2228327989578247
0.31127670407295227
0.5380882024765015
1.0952895879745483
0.7716459035873413
0.562411367893219
0.5896435379981995
0.35331764817237854
0.5958418846130371
0.7235438823699951
0.3151349127292633
0.48700159788131714
0.9257196187973022
1.0262093544006348
0.3023424446582794
0.7019519805908203
0.45747727155685425
1.2065328359603882
0.4598952829837799
0.3951634466648102
0.6176463961601257
0.6741379499435425
0.5025858283042908
0.2867584228515625
0.8026449084281921
0.8692094087600708
0.7494040727615356
1.1159374713897705
0.5756776928901672
0.29951098561286926
0.8579538464546204
0.98334139585495
0.5814194679260254
0.8207626342773438
0.6761561632156372
0.7887526750564575
0.6031222343444824
0.3711625039577484
0.5773569345474243
0.5159953236579895
0.8659329414367676
0.4653879702091217
0.7105297446250916
0.6313440203666687
0.5389370918273926
0.6432655453681946
0.7309039831161499
0.39433950185775757
1.0079280138015747
0.9211578369140625
0.8012117147445679
0.7027021646499634
0.46386227011680603
0.8017166256904602
0.6519079208374023
0.6807543039321899
0.7262645959854126
0.4693812429904938
0.5648935437202454
0.6557726263999939
0.2830360233783722
0.9100567102432251
1.2069027423858643
0.6406928300857544
0.6120468378067017
0.3213723301887512
0.5541938543319702
0.7339643239974976
0.28626665472984314
0.503433346748352
0.6774248480796814
0.3728388547897339
1.0180566310882568
0.7109529376029968
0.4208250045776367
0.424900621175766
0.5910928845405579
0.44495445489883423
0.5146312117576599
0.39610782265663147
0.7717329859733582
0.8706700205802917
0.6713980436325073
1.0533441305160522
0.48351460695266724
0.4923475384712219
0.6459259986877441
0.48720335960388184
0.3884373903274536
0.664586067199707
0.5194946527481079
0.49121981859207153
0.4604787826538086
0.7420135736465454
0.7013422846794128
0.4157026410102844
0.7045862078666687
0.338114857673645
1.0069884061813354
0.257124125957489
0.732848048210144
0.8338358998298645
0.8515016436576843
0.6100667715072632
0.5164696574211121
0.5962597131729126
0.4006420969963074
1.070020079612732
0.6524106860160828
0.500336766242981
0.7531105279922485
0.6739859580993652
1.030959963798523
0.473957359790802
0.46048420667648315
0.7554617524147034
0.7633554339408875
0.8690723180770874
0.31118735671043396
0.686036229133606
0.7542105913162231
0.43199944496154785
0.48849764466285706
0.34944894909858704
1.1910496950149536
0.5027227401733398
0.8687276840209961
0.7503644824028015
0.42518705129623413
0.9129902720451355
0.4478912353515625
1.330956220626831
0.31499746441841125
0.8028238415718079
0.4643557667732239
0.8371920585632324
0.4076399803161621
0.2579934298992157
0.5763635635375977
0.611841082572937
0.3636280596256256
0.5674194097518921
1.071258783340454
0.8439207077026367
0.3412383794784546
0.6529496312141418
0.7730240225791931
0.42781391739845276
0.5551037192344666
0.6290276646614075
0.4863337576389313
0.4437519907951355
1.3451013565063477
0.5634913444519043
0.8423200845718384
0.8125400543212891
0.5447667241096497
0.6075116395950317
0.48241907358169556
0.5558786392211914
0.8646183013916016
0.6695941686630249
0.6052093505859375
0.47028398513793945
0.6246453523635864
0.5726280212402344
0.7725350856781006
0.9998849630355835
0.5656400918960571
0.6335667371749878
0.5001057982444763
0.4873161315917969
0.5389460921287537
0.3184207081794739
0.7348010540008545
0.6029171347618103
1.093636155128479
