0.5295876264572144
0.30321818590164185
0.4920646548271179
0.6760371923446655
0.5144646763801575
0.5108202695846558
1.1204588413238525
0.5852254629135132
0.5598701238632202
0.5599285364151001
0.40920543670654297
0.8326749801635742
0.5120850205421448
1.432457685470581
0.7220978736877441
0.7785779237747192
0.3592461049556732
0.4867691993713379
0.4514942169189453
0.39624741673469543
0.4333602488040924
0.3706181049346924
0.7855199575424194
0.45180076360702515
0.8097248077392578
0.4361398220062256
0.6875509023666382
0.6288097500801086
0.46412473917007446
0.8187193870544434
1.0326578617095947
0.27693238854408264
0.5559470057487488
0.48609861731529236
0.4477677345275879
1.438805341720581
0.7854334712028503
0.36220812797546387
0.7295303344726562
0.8031431436538696
0.658944845199585
0.7415249943733215
0.6235578656196594
0.9309053421020508
0.6639830470085144
0.5260336995124817
0.35852140188217163
0.5925126671791077
0.4641973376274109
0.8001043200492859
0.41286802291870117
0.9275203943252563
0.6394405961036682
1.1125257015228271
1.0174163579940796
0.3005194664001465
0.985400378704071
0.536241888999939
0.577713131904602
0.6381644010543823
0.5518004298210144
0.7230897545814514
0.6154025793075562
0.49990004301071167
0.3607063591480255
0.48729047179222107
0.5456733703613281
0.6755412220954895
0.6072938442230225
0.435171514749527
0.4727534353733063
0.3865630030632019
0.7037158608436584
1.0253944396972656
0.7056607604026794
0.39447975158691406
0.5727515816688538
0.6633136868476868
0.9568005800247192
1.0708965063095093
0.750777542591095
0.5699793696403503
0.42322808504104614
0.43031415343284607
0.4519110321998596
0.7305229902267456
0.3626987040042877
0.4440804421901703
0.702694296836853
0.48447370529174805
0.8596960306167603
0.76877361536026
0.7545360922813416
0.3817984461784363
0.5922309160232544
0.7132517099380493
0.44003504514694214
0.6433793306350708
0.658627450466156
0.5141617655754089
0.678076446056366
0.6317025423049927
0.5940710306167603
0.5541262626647949
0.5038295984268188
0.6657710671424866
1.3819211721420288
1.0636026859283447
0.7484060525894165
0.6641379594802856
0.6362415552139282
0.49741417169570923
0.8753236532211304
0.5396021008491516
0.3950130343437195
0.45735520124435425
0.583860456943512
0.8424304127693176
1.1831576824188232
0.7988271713256836
0.5852277874946594
0.19550448656082153
0.6126753687858582
0.4504273533821106
0.6556763052940369
0.419350802898407
0.5386959314346313
0.8245962262153625
0.5637816190719604
0.4146122932434082
0.43517637252807617
0.8331289291381836
0.29144933819770813
0.8493150472640991
0.38095101714134216
0.40744227170944214
0.3577067255973816
0.3991657793521881
0.3397347033023834
1.0312035083770752
0.5004708170890808
0.7091090679168701
0.6127861738204956
0.3773931860923767
0.6371710896492004
0.4140116572380066
0.458503782749176
0.4554315507411957
0.5794709920883179
0.5294091701507568
0.8464131355285645
0.45091667771339417
0.5727652311325073
0.7975179553031921
0.48592036962509155
0.5645585060119629
0.449862539768219
1.2344099283218384
0.35695865750312805
0.6207844614982605
0.715530514717102
0.6582955121994019
0.39916807413101196
0.38158273696899414
0.8206087946891785
1.0116407871246338
0.5063110589981079
0.22800567746162415
0.9435726404190063
0.5045052766799927
0.48575758934020996
1.159534215927124
0.3321284055709839
0.2811594307422638
0.5549118518829346
0.9128793478012085
1.1134860515594482
0.30023089051246643
1.0344781875610352
0.4411357045173645
0.6508578062057495
0.591561496257782
0.6604390144348145
0.5499414801597595
0.7112609148025513
1.0310180187225342
0.5326333045959473
0.7771995663642883
0.6227430105209351
0.6927825212478638
0.7456172704696655
0.4274923801422119
0.4400671124458313
0.9594812393188477
0.4307103157043457
0.6458686590194702
0.9164193272590637
0.37653619050979614
1.5404812097549438
0.5617573261260986
0.6060430407524109
0.5678671002388
0.5986431837081909
0.6195681095123291
1.0014846324920654
0.7912561893463135
0.541861355304718
0.8544595837593079
0.3671332001686096
0.6216281056404114
0.7392168045043945
0.4369065761566162
0.5702491402626038
0.7009851336479187
0.4580378532409668
0.6460968255996704
0.34893468022346497
0.40837860107421875
0.768679678440094
0.376869261264801
0.5913238525390625
0.7661635875701904
0.40881967544555664
0.7791982293128967
0.5581521987915039
0.6840572357177734
0.4870554506778717
0.37310266494750977
0.6526402235031128
0.38803139328956604
0.6715788841247559
0.7504964470863342
0.6876387000083923
0.6039661169052124
0.32417240738868713
0.5674082040786743
0.7202988862991333
1.0167118310928345
0.4616971015930176
0.3383658528327942
0.5509740114212036
0.5812605619430542
1.0227807760238647
0.32430678606033325
0.5852512121200562
0.6840383410453796
0.37559041380882263
0.5742742419242859
0.6741183996200562
0.29348069429397583
0.6736353039741516
1.3924552202224731
0.3788222074508667
0.5030562877655029
0.6631330251693726
0.5841896533966064
0.49969273805618286
0.9563051462173462
0.8919509649276733
0.6977534294128418
1.1543830633163452
0.43791693449020386
0.2629210352897644
0.5408204197883606
0.559775710105896
1.2803406715393066
0.3486742079257965
0.858987033367157
1.0179191827774048
0.7954543828964233
0.5664454698562622
0.4684159755706787
0.3186144232749939
0.9408845901489258
0.3857242465019226
0.45904460549354553
0.6645572185516357
0.7332302331924438
0.48568281531333923
0.7259182929992676
0.7282298803329468
0.5239174962043762
0.3607714772224426
0.3255327343940735
0.4186728000640869
0.9198406338691711
0.4458732604980469
0.38560575246810913
0.8192060589790344
0.7459155321121216
0.5067855715751648
0.9840492010116577
0.49852150678634644
1.3077316284179688
1.1091713905334473
0.3670130670070648
0.5879324674606323
0.6339238286018372
0.7930413484573364
0.2930692434310913
0.22626373171806335
0.7783976793289185
0.7456096410751343
0.4041324555873871
1.072015404701233
0.6373741030693054
0.8428726196289062
0.40167397260665894
0.9160269498825073
0.6506500244140625
0.6370410323143005
0.549087405204773
0.31097379326820374
0.6290144324302673
0.9675134420394897
0.3768470287322998
0.4197198450565338
0.41398143768310547
0.7139663696289062
0.6001903414726257
0.5545085072517395
0.8600843548774719
0.5631086230278015
0.36191099882125854
0.9893941879272461
0.5543327927589417
0.8990718722343445
0.5733391046524048
0.473778635263443
1.0023884773254395
0.8860316276550293
0.5838581919670105
0.8482927083969116
0.4934644103050232
0.6176319122314453
0.9400171041488647
0.6182255148887634
0.101908840239048
