0.5107131004333496
0.631186306476593
0.6105157136917114
0.5824705362319946
0.3542541563510895
0.4214661121368408
0.7460627555847168
0.8610560297966003
0.6359018087387085
0.8212970495223999
0.4531101584434509
0.6314660310745239
0.5902268290519714
0.5025889277458191
0.4661453664302826
0.6404420137405396
0.6119478344917297
0.7476827502250671
0.5788649320602417
0.7180880904197693
0.48273134231567383
0.2768401503562927
0.7980327606201172
0.48739176988601685
0.538118839263916
0.5794575810432434
0.6641904711723328
0.9706634283065796
0.613152801990509
0.4174036979675293
0.2966323792934418
0.45720261335372925
1.0998224020004272
0.9450291395187378
0.34386008977890015
0.7144489884376526
0.2871741056442261
0.27614444494247437
0.6105492115020752
0.5428891181945801
0.510285496711731
0.35700106620788574
1.320448637008667
0.7226384878158569
0.8102140426635742
0.7352780699729919
0.4060669541358948
0.9397475123405457
0.7166037559509277
1.0120747089385986
0.8036956787109375
0.3113343119621277
0.25799140334129333
0.939548134803772
0.35622936487197876
0.8068581819534302
0.46665993332862854
0.5567405819892883
0.9935020208358765
0.6280835270881653
0.7687705755233765
0.7582895159721375
0.429643452167511
0.9259353876113892
0.2126382291316986
0.8097125887870789
0.2709925174713135
0.7800271511077881
0.40938082337379456
0.8496197462081909
0.5836619138717651
0.8350213766098022
0.49211710691452026
1.1662318706512451
0.7549231648445129
0.4881895184516907
0.6470550298690796
0.5605141520500183
0.7851446270942688
0.5036396980285645
0.7194194793701172
0.6431344151496887
0.5049702525138855
0.31210416555404663
0.38904672861099243
0.6188144087791443
0.6524617075920105
1.1801763772964478
0.5775589346885681
0.6217417120933533
0.4823748469352722
0.9781330823898315
0.6452422142028809
0.6879414319992065
0.711855947971344
0.9893882870674133
0.9307233095169067
0.7680539488792419
0.3356112837791443
0.4535143971443176
0.25607579946517944
0.30966565012931824
0.5797610282897949
0.662480890750885
0.3867309093475342
0.36693423986434937
0.6295649409294128
0.7422248125076294
0.7470685243606567
0.4573211669921875
0.8937594294548035
0.41529330611228943
0.32540270686149597
0.7783233523368835
0.46866244077682495
0.40336817502975464
0.638032078742981
0.7986981868743896
0.42068177461624146
0.5832669734954834
0.806522011756897
1.2630950212478638
0.4889335632324219
0.5246850252151489
0.4671371579170227
0.41763344407081604
0.5497831106185913
0.6236282587051392
1.0040268898010254
1.009928822517395
0.30901962518692017
0.5836001634597778
0.46527186036109924
0.33964449167251587
1.2934987545013428
0.5425732731819153
0.31024259328842163
0.5231813192367554
1.141678810119629
1.0481842756271362
0.37631955742836
0.23452210426330566
0.4612399935722351
0.6787608861923218
0.6930204629898071
0.7436860203742981
0.34079355001449585
0.851856529712677
0.8225992321968079
0.8341337442398071
0.43953752517700195
1.1905511617660522
0.3942268192768097
0.6042064428329468
0.4805912971496582
0.4271056056022644
0.5865287780761719
0.5233891606330872
0.4100914001464844
0.5991891622543335
1.0246217250823975
0.6975528597831726
0.6035973429679871
0.3492582440376282
0.6673616766929626
0.9001845121383667
0.4177963137626648
0.5104520320892334
0.4706575274467468
0.7833552360534668
0.8957276344299316
0.4551617205142975
0.5155103206634521
1.410512089729309
0.7746039032936096
0.5064026117324829
0.3734203279018402
0.6855553388595581
1.1355249881744385
0.26883038878440857
0.7523905634880066
0.565613865852356
0.43345779180526733
0.45597392320632935
0.43310338258743286
0.3647470474243164
0.5547627210617065
0.5013522505760193
0.4291343688964844
0.4913185238838196
0.5778681635856628
0.38141149282455444
0.9900895357131958
1.032050371170044
1.0086759328842163
0.5936819911003113
0.5443822145462036
0.6675182580947876
0.5861934423446655
0.6788457632064819
0.7033486366271973
0.4086785912513733
0.4211363196372986
1.0481388568878174
1.0718368291854858
1.0900146961212158
0.5009646415710449
0.8736899495124817
0.37839195132255554
0.44236332178115845
0.6269409656524658
0.5737799406051636
0.42681685090065
0.43017807602882385
0.7439430952072144
0.7997528314590454
0.3979896903038025
1.3320802450180054
0.3375963568687439
0.6339703798294067
0.7244879007339478
1.4801428318023682
0.44512882828712463
0.5696740746498108
0.4548761248588562
1.02887761592865
0.7732461094856262
0.5174740552902222
1.0586256980895996
0.7226173877716064
0.33212459087371826
0.4481061100959778
0.5417243242263794
0.4646519720554352
0.6596159934997559
0.5023199319839478
0.6952112913131714
0.6148741245269775
0.4929761290550232
0.6870034337043762
0.6797876954078674
0.5257861614227295
0.5803375840187073
0.7454630136489868
0.7145413160324097
0.34947818517684937
0.5239790678024292
1.087997317314148
0.670218825340271
0.817834734916687
0.447135865688324
0.6051203012466431
0.41045528650283813
0.5731088519096375
0.887302041053772
0.5787607431411743
0.22969627380371094
0.6436997056007385
0.3977934718132019
0.8973073959350586
0.5142567157745361
0.744458794593811
0.8300521969795227
0.5702337622642517
1.183821201324463
0.42291489243507385
0.8959835171699524
0.7377350926399231
0.32253965735435486
0.6108038425445557
0.31765681505203247
0.33963578939437866
0.39763426780700684
0.824821949005127
0.7749677300453186
0.6536288857460022
0.518183708190918
0.6039813160896301
0.5234171748161316
0.4895172119140625
0.6625683307647705
0.35680723190307617
0.7681323289871216
0.6562538146972656
0.6953786611557007
0.3699170649051666
0.40984946489334106
0.8424468040466309
0.8452017903327942
0.6868403553962708
0.6000144481658936
0.6597934365272522
0.46371132135391235
0.6456230282783508
0.6278138756752014
0.3265451192855835
0.5432443618774414
0.9118221402168274
0.8945345878601074
0.8525254130363464
0.7236030697822571
0.5313825607299805
0.4458215832710266
0.48073917627334595
0.3778518736362457
0.6897847056388855
0.7135775685310364
0.995381236076355
0.3357798457145691
0.9163898229598999
0.32214444875717163
0.6457676887512207
0.5307628512382507
0.36920982599258423
0.5297550559043884
1.20017671585083
0.4870840907096863
0.6569832563400269
0.4224420487880707
1.042825698852539
0.546631932258606
0.6966731548309326
2.093306541442871
0.559980034828186
0.290510356426239
0.46139127016067505
0.527518093585968
0.47773951292037964
0.5502613186836243
0.4276023507118225
0.2566126883029938
0.2702426016330719
0.5248599052429199
0.924289345741272
0.3098662793636322
0.468533456325531
0.6342262029647827
0.4072977602481842
