0.7593997716903687
0.6072537899017334
0.6450409889221191
0.9492505788803101
0.4250645637512207
0.4822603166103363
0.43689021468162537
0.30489104986190796
0.6452817916870117
0.3718342185020447
1.165117621421814
0.5160953998565674
0.4463210999965668
0.7665184736251831
0.34897226095199585
0.5584580898284912
0.8672007322311401
0.4435950815677643
0.8657969236373901
0.8370610475540161
0.7294101119041443
0.9367038607597351
0.6143870949745178
0.33286216855049133
0.8028310537338257
0.6565549969673157
0.34384995698928833
0.6565099358558655
0.3813043236732483
0.6844191551208496
0.750999927520752
0.5530426502227783
0.7930570840835571
0.6116939783096313
0.7634314894676208
0.511531412601471
0.5877958536148071
0.5712665915489197
0.6149296760559082
0.5662924647331238
0.9350454211235046
0.3849067986011505
0.9118667840957642
0.7290367484092712
0.42107266187667847
0.9014469385147095
0.6615628004074097
0.5080849528312683
0.4526434540748596
0.7188615202903748
0.38305333256721497
0.6130276322364807
0.5698703527450562
0.7866873741149902
0.9067230224609375
0.5109459161758423
0.4859105944633484
0.6377021074295044
0.21832692623138428
0.6567744016647339
0.40802207589149475
0.8897268176078796
1.3578124046325684
0.7829086780548096
0.5592082142829895
0.650539755821228
0.5385575294494629
0.41159629821777344
0.7463628649711609
1.2055221796035767
0.5901718139648438
0.7337466478347778
0.46956151723861694
0.4406370520591736
0.552302896976471
0.6875926852226257
0.2904013991355896
0.4790932536125183
0.329018771648407
0.632290244102478
0.6700838804244995
2.1404614448547363
0.34575456380844116
0.5361728072166443
1.1038439273834229
0.6523010730743408
0.8658794164657593
0.8719674348831177
0.27421554923057556
1.2694106101989746
0.8770057559013367
0.6142218112945557
0.5126489400863647
0.7258259654045105
0.4837075173854828
0.5528945922851562
0.6599866151809692
0.6354161500930786
0.5189938545227051
1.3283003568649292
0.6059534549713135
0.560082733631134
0.7208052277565002
0.3670407235622406
0.5424352288246155
0.9115126729011536
0.7860932350158691
0.7347573637962341
0.6882742047309875
0.5854594111442566
1.0990383625030518
0.5233668088912964
0.6523377299308777
0.5923362970352173
0.36779531836509705
1.1893876791000366
0.5306842923164368
0.46846890449523926
0.20044732093811035
0.5247163772583008
0.48285895586013794
0.6935654282569885
0.5441386103630066
0.5895977020263672
0.5029432773590088
0.5102679133415222
0.3990827202796936
0.4449478089809418
0.6868270039558411
0.9798237681388855
1.3281053304672241
0.47894588112831116
0.49874716997146606
0.5801732540130615
0.6132883429527283
0.6209964752197266
0.5118290185928345
0.4718647003173828
0.8177944421768188
0.4445914328098297
0.7168892025947571
0.5189296007156372
0.5561345219612122
0.679624080657959
0.5036810636520386
0.6675013303756714
1.0000966787338257
0.6548080444335938
0.46537160873413086
0.5373964309692383
0.34541529417037964
0.5748245120048523
0.32727718353271484
0.9731218218803406
0.8895465135574341
0.8576675653457642
0.6210702657699585
0.6521760821342468
0.6479336023330688
0.5618203282356262
0.17787198722362518
0.757311224937439
0.6154038906097412
0.5600272417068481
0.5507517457008362
0.6508558988571167
0.9476302266120911
0.42320603132247925
0.7216891050338745
0.9189675450325012
0.3404948115348816
0.5658196210861206
0.39275380969047546
0.419201135635376
0.6913443803787231
0.8675867915153503
0.4390265941619873
0.6243780255317688
0.3890671730041504
0.5921763777732849
0.6599488258361816
0.7339949607849121
0.36197370290756226
0.38504424691200256
0.4163703918457031
0.5086703300476074
0.8592559099197388
0.9024728536605835
0.3115141689777374
0.792518138885498
0.41283220052719116
0.7448994517326355
0.5862714052200317
0.4129295349121094
0.29110583662986755
0.7871183156967163
0.7921839952468872
0.343610018491745
0.9390732049942017
0.4256149232387543
1.278907060623169
0.965301513671875
0.6970177888870239
0.9757747650146484
0.530432939529419
0.4567776620388031
0.17325612902641296
0.34839409589767456
0.7623982429504395
0.33635374903678894
0.4317922592163086
0.8478094339370728
0.29066598415374756
0.5987502932548523
1.0025556087493896
0.4594544768333435
0.633091390132904
0.7200601696968079
0.5377703905105591
0.5200486183166504
0.6385302543640137
0.5330654382705688
0.5364601016044617
0.9155316352844238
0.5568267703056335
0.682059109210968
0.9127728343009949
0.7340648174285889
0.4043397903442383
0.8518551588058472
0.8793249130249023
1.001535415649414
1.0597302913665771
1.0805903673171997
0.5607035160064697
0.4314437806606293
0.7859132885932922
0.8850567936897278
0.5544086694717407
0.6596542596817017
0.8987247347831726
1.2035843133926392
0.694213330745697
0.7200465798377991
0.47181957960128784
0.36365699768066406
0.4717027544975281
0.4438246190547943
0.6107785105705261
0.8317108154296875
0.4670524001121521
0.6234814524650574
0.40031853318214417
0.6506173610687256
0.5105155110359192
0.6492394208908081
0.32981443405151367
0.5903412103652954
0.4976663589477539
0.5379073023796082
0.7488734126091003
0.28794512152671814
0.5672804713249207
0.7156597375869751
0.5784235596656799
0.4234549403190613
0.6768993139266968
0.9886857271194458
0.7394450306892395
0.44830751419067383
0.30670642852783203
0.7602730989456177
0.28828680515289307
0.865321159362793
0.40197402238845825
0.4448684751987457
0.5198887586593628
0.4632520079612732
0.6729165315628052
0.8308917880058289
0.5887798070907593
0.484768807888031
0.4764782786369324
0.5707393884658813
0.6819924712181091
0.5620220303535461
0.5103986859321594
0.5534168481826782
0.39782339334487915
0.4710000157356262
0.8087841272354126
0.3041219115257263
0.6608396172523499
0.28158697485923767
0.3673390746116638
0.24774070084095
0.5801490545272827
0.5005144476890564
0.2901886999607086
0.32817262411117554
0.2389507293701172
0.7065595388412476
0.7746349573135376
0.7556613087654114
0.4878193736076355
0.432123601436615
0.6893265843391418
1.0538971424102783
0.7249102592468262
0.4618280529975891
0.7204421758651733
0.6022378206253052
0.633878231048584
0.2920694351196289
0.3268348276615143
0.6182750463485718
0.5432494282722473
0.4366941452026367
0.6251438856124878
1.3993242979049683
0.5554342865943909
0.6842921376228333
0.6692647933959961
0.95201575756073
0.5708208680152893
0.30028286576271057
0.6643312573432922
0.864824116230011
0.8858345746994019
0.3165382742881775
0.28587451577186584
0.5390949249267578
0.8278369903564453
0.6042594313621521
0.832095742225647
0.4453418254852295
0.6262702941894531
0.4318157136440277
