0.4166843295097351
0.7327064275741577
0.8141101598739624
0.7050448060035706
0.48683062195777893
0.6698797941207886
0.8115938305854797
0.4858473837375641
0.8826689720153809
0.4889698624610901
1.1611416339874268
0.8034448623657227
0.6816977858543396
0.5010526776313782
0.2684879004955292
0.5167535543441772
0.22986337542533875
1.007509469985962
0.3773781955242157
0.7188736796379089
0.6633586883544922
0.2932153344154358
0.5742245316505432
0.8412259817123413
0.6502928137779236
0.18173207342624664
0.8066918253898621
0.46961483359336853
0.4471948742866516
1.173748254776001
0.325397789478302
0.7256953120231628
0.7935528755187988
0.33620864152908325
1.3020485639572144
0.7350127100944519
0.32910364866256714
0.3647722601890564
0.7858526110649109
0.9000144004821777
0.372841477394104
0.9195802807807922
0.28789979219436646
0.8335719108581543
0.9499351382255554
0.38858646154403687
0.2705855071544647
0.38335704803466797
0.665773332118988
0.8144634962081909
0.6954222917556763
0.5646003484725952
0.6660035252571106
0.2588391900062561
0.3134877383708954
0.45261746644973755
0.7843517065048218
0.23579084873199463
1.146423101425171
0.5390589237213135
0.7395147085189819
0.8273106813430786
0.4921244978904724
1.002902626991272
0.3746708035469055
0.503105640411377
0.36262452602386475
0.5205847024917603
0.503019392490387
0.24780556559562683
0.39055952429771423
0.525442361831665
0.6687507629394531
1.1326054334640503
0.8410463333129883
0.4446871876716614
0.32978495955467224
1.0557399988174438
0.36491483449935913
0.7553052306175232
0.626086950302124
0.9425477981567383
0.39158114790916443
0.6452178359031677
0.6708625555038452
0.5289086103439331
0.8259660601615906
0.34941422939300537
0.4882623553276062
1.0544332265853882
0.8342605829238892
0.9740617871284485
0.444113165140152
0.5155763626098633
0.6762902140617371
0.7191113233566284
0.5165402293205261
1.057062029838562
0.5213168859481812
0.9303423166275024
0.9412822723388672
0.6616145372390747
0.4097678065299988
0.4425436556339264
0.7433139085769653
0.6181817650794983
0.483242928981781
0.8155034184455872
0.3323136568069458
0.4703912138938904
0.5957068204879761
0.4477517008781433
0.4031788408756256
1.368398666381836
0.7981162667274475
1.1652215719223022
0.49133938550949097
0.5358353853225708
0.6583914756774902
0.363609254360199
0.9007956385612488
1.4456285238265991
0.9785030484199524
1.7534925937652588
0.7167676687240601
0.5255834460258484
0.4429146349430084
0.7671419978141785
1.188948392868042
0.866113007068634
0.8172954320907593
0.7538285255432129
0.4141525626182556
0.900793731212616
1.0050498247146606
0.8150757551193237
1.0226459503173828
1.051807165145874
0.7750023007392883
0.5501798391342163
0.5151501297950745
0.8615296483039856
1.0341557264328003
0.3273528516292572
0.439481645822525
0.7906076312065125
0.6091529130935669
0.45203179121017456
0.751940906047821
0.8590179681777954
0.8033071756362915
0.5240975618362427
0.5530974268913269
0.932531476020813
0.8627344369888306
0.5170127749443054
0.4202699661254883
0.9519658088684082
0.5693594217300415
0.2638508677482605
0.5910156965255737
0.5648525953292847
0.7149319648742676
0.5410827398300171
0.7453125715255737
0.8278793096542358
0.5835241079330444
0.660927951335907
0.7841325402259827
0.5276959538459778
0.748327910900116
0.32557621598243713
0.4637894630432129
0.6503441333770752
1.216949224472046
0.6868590116500854
0.609464168548584
0.5109183192253113
0.6694642305374146
0.5821595191955566
0.5678740739822388
0.5966094732284546
0.5144238471984863
1.1582658290863037
0.6153732538223267
0.858603835105896
0.8206280469894409
0.8014771342277527
0.44439858198165894
0.9628785252571106
0.47792091965675354
0.8716477155685425
0.6863899230957031
1.2565481662750244
0.6518839597702026
0.44470638036727905
0.9094541668891907
0.8822611570358276
0.3382576107978821
0.5725623369216919
0.6066485643386841
0.5175975561141968
0.5757349729537964
0.6969849467277527
0.6100899577140808
0.4929891526699066
0.5392307043075562
0.44119372963905334
0.404874324798584
0.6862370371818542
0.8426424264907837
0.5873599648475647
0.5787339210510254
0.7797975540161133
0.4296494424343109
0.6443254351615906
0.6569694876670837
0.8280367851257324
0.42328768968582153
0.3805568814277649
0.5543580055236816
0.5959280729293823
1.278053879737854
0.4225805401802063
0.5230699777603149
0.8105546832084656
0.8713259696960449
0.5565813779830933
0.5590370893478394
0.7247098684310913
0.967730700969696
0.37660670280456543
0.8850743174552917
0.7039786577224731
0.5186265707015991
0.27795839309692383
0.5785452723503113
0.3942122459411621
0.5364671349525452
1.4485461711883545
0.4857250154018402
0.5527013540267944
0.6666341423988342
1.2660647630691528
0.6273037791252136
0.6604219675064087
0.4678512513637543
0.5118824243545532
0.5846830606460571
0.33462080359458923
0.4956092834472656
0.6571609973907471
0.6525999903678894
0.44953030347824097
0.6021758317947388
0.44341474771499634
0.5208489894866943
0.3869355320930481
0.6019792556762695
1.368256688117981
0.5271973013877869
0.3803327679634094
0.5185748338699341
0.541197657585144
0.6789515018463135
1.0231850147247314
0.807068943977356
0.4820125699043274
0.7380711436271667
0.654664158821106
0.3449642062187195
0.8281719088554382
0.5012598037719727
0.8631628155708313
0.7623931169509888
0.815436065196991
0.5085232853889465
0.33608585596084595
0.7195272445678711
0.7495233416557312
0.49714890122413635
0.6821770071983337
0.8733426928520203
0.7560263872146606
0.6183070540428162
0.4186340272426605
0.3713184595108032
0.6649184226989746
0.6551163792610168
0.667956531047821
0.5615306496620178
0.7748658657073975
0.8562124967575073
0.34370481967926025
0.4267329275608063
0.5981498956680298
0.30673491954803467
0.3143455386161804
0.33659082651138306
0.3770731985569
0.6607759594917297
0.4169154763221741
0.27155163884162903
0.3214951157569885
0.6999210119247437
0.5186384320259094
0.5475260615348816
0.6306151151657104
0.6410935521125793
0.6070512533187866
0.9392173886299133
0.7756613492965698
0.8803448677062988
0.6241163015365601
0.3942164480686188
0.6455563306808472
0.474773645401001
0.47473663091659546
0.23990535736083984
0.6424316167831421
0.581091046333313
0.7752050161361694
0.7800920605659485
0.9319057464599609
0.4203084111213684
0.6940487027168274
0.5519430637359619
0.9652625322341919
0.9077897071838379
0.5234977006912231
0.5759932398796082
0.9780172109603882
0.5824306607246399
0.8780490756034851
0.5238481760025024
0.7452625632286072
0.31449204683303833
2.073899030685425
