0.8355069160461426
0.4571932852268219
0.6013810634613037
0.5235341191291809
0.616186261177063
0.6268684267997742
0.5514131784439087
0.27376285195350647
0.5343759655952454
0.5595037341117859
0.6603936553001404
0.6688164472579956
0.5540074110031128
0.5739129781723022
0.40830469131469727
0.3739328384399414
0.602462887763977
0.5004305839538574
1.0277485847473145
0.4551529288291931
0.5289391279220581
0.5362615585327148
0.4194769263267517
0.8427609205245972
0.7799829244613647
0.6757519841194153
0.4500714838504791
0.3066272735595703
0.5757628679275513
0.6460047960281372
1.250206708908081
0.7398027181625366
0.8300777673721313
0.9075849652290344
0.9574945569038391
0.7865647077560425
0.709212601184845
0.5310198664665222
0.4150767922401428
0.7731965780258179
0.252406507730484
0.5843945145606995
0.702938437461853
1.0517985820770264
0.4732479155063629
0.47601670026779175
0.4959220290184021
0.6876806020736694
0.6876938343048096
0.9406348466873169
0.891350269317627
0.8905291557312012
0.4755297601222992
0.41312748193740845
0.5563039779663086
0.582298994064331
0.8169170618057251
0.30572009086608887
0.5826213955879211
0.7633978128433228
0.7955907583236694
0.6694890260696411
0.7728160619735718
0.6006873846054077
0.6407942771911621
0.5768009424209595
0.9623624086380005
0.49583297967910767
1.0558850765228271
1.0657856464385986
0.6491684913635254
0.47066202759742737
0.5100521445274353
0.3162340521812439
0.4030288755893707
0.7010754346847534
0.6838684678077698
0.37552008032798767
0.4200130105018616
1.0015758275985718
0.3283769488334656
0.46049728989601135
0.9962468147277832
1.292121171951294
0.7340055704116821
1.1190358400344849
0.400721937417984
0.5759729146957397
0.44377613067626953
0.5423057675361633
0.4599528908729553
0.49403995275497437
1.4057528972625732
0.7251973748207092
0.27822914719581604
0.6124512553215027
0.3564757704734802
0.3623029589653015
0.7170538902282715
0.8763092160224915
0.6405162215232849
0.4476400911808014
0.9731935262680054
0.3131318688392639
0.4716452658176422
0.9558576345443726
0.6324648857116699
0.5009068250656128
0.48258790373802185
0.28604835271835327
0.7610632181167603
0.42187371850013733
0.571965217590332
0.7734321355819702
0.8662539720535278
0.5041762590408325
0.49809837341308594
0.9471107721328735
0.28004780411720276
0.4840961992740631
0.8458195924758911
0.6549934148788452
0.2749946713447571
0.6471211910247803
1.0986130237579346
0.920113742351532
0.3792872726917267
0.38410109281539917
0.7647843360900879
0.37066182494163513
0.7950966954231262
0.5574243664741516
0.7215160131454468
0.5751463174819946
0.37575259804725647
0.5408605337142944
0.4073573052883148
0.3576604723930359
0.5596717000007629
0.5072271227836609
0.6711313724517822
0.41036200523376465
0.3243774175643921
0.27501779794692993
0.3942812979221344
0.42768406867980957
0.5128993988037109
0.5813893675804138
0.411795437335968
0.8217237591743469
0.3934633731842041
0.7692173719406128
0.6321080327033997
0.4434755742549896
0.7490753531455994
0.3459237217903137
0.8403435945510864
0.5923968553543091
0.5176302194595337
0.5892980694770813
0.5897984504699707
0.7102394104003906
0.5057852864265442
0.8519966006278992
0.6515160799026489
0.49566221237182617
0.2983313202857971
0.6089032888412476
0.3512283265590668
0.5893082618713379
0.5630471706390381
0.8325527906417847
1.4876294136047363
0.7314974069595337
0.3869437873363495
0.3094565272331238
0.991629958152771
0.3273524343967438
0.6849832534790039
0.5408948063850403
0.2821224331855774
0.7938178181648254
0.990073561668396
1.2341963052749634
0.5821778774261475
0.5841848254203796
0.5060686469078064
0.88751620054245
0.47954076528549194
0.6199852824211121
1.1459262371063232
0.48727408051490784
0.6828013062477112
1.051379919052124
0.469397634267807
0.8384912610054016
1.152446985244751
0.4336187243461609
0.29276689887046814
0.7481638193130493
0.46591916680336
0.8260574340820312
0.8294689059257507
0.9363590478897095
0.6753594875335693
0.46163272857666016
0.6721533536911011
0.3416476249694824
0.38545113801956177
0.37170612812042236
0.5074083209037781
1.3242007493972778
0.749248743057251
0.8774528503417969
0.49606648087501526
0.43156880140304565
0.4583417773246765
0.7201972603797913
0.7809520959854126
0.5437618494033813
0.6495417356491089
0.757933497428894
0.8823369741439819
0.9087041616439819
1.2300149202346802
0.6569971442222595
0.725648045539856
0.7101856470108032
0.4504052996635437
0.5794533491134644
0.6767495274543762
0.8152748942375183
1.2154977321624756
0.5038090944290161
1.0614218711853027
0.45688438415527344
0.5528303980827332
0.4970470368862152
0.6905713081359863
1.0117580890655518
0.8834159970283508
0.6391826868057251
0.40758395195007324
0.3997088074684143
0.43087321519851685
0.8544663190841675
0.34943291544914246
0.6222919225692749
0.48264655470848083
0.6804664731025696
0.38728711009025574
0.8004728555679321
1.053924798965454
0.40652352571487427
1.029575228691101
0.5883162617683411
0.4548742175102234
0.6812432408332825
0.36794647574424744
0.5628580451011658
0.4088362753391266
0.47181177139282227
0.6057769656181335
0.9862228631973267
0.7508203983306885
0.7056306600570679
0.5323017835617065
0.5212996602058411
1.0007026195526123
0.7360449433326721
0.7206230163574219
0.7919001579284668
0.5479428172111511
0.5125800967216492
0.5065759420394897
0.6741350293159485
0.6937516927719116
0.6299128532409668
0.43268051743507385
0.2543220520019531
0.5526897311210632
0.5415126085281372
0.6380739808082581
0.9365550875663757
0.28141552209854126
0.7196124792098999
0.4797288775444031
0.40194982290267944
0.3096180558204651
0.6203233003616333
0.7001168131828308
0.48486366868019104
0.5458834767341614
0.514199435710907
0.37769949436187744
0.747327446937561
0.7511910200119019
0.5774435997009277
0.6289765238761902
0.5029592514038086
0.5422524213790894
0.8155099749565125
0.27956947684288025
0.47348111867904663
0.2989695966243744
0.9425895810127258
0.3301491141319275
0.8998438119888306
0.9521355628967285
0.6152413487434387
0.6182743906974792
0.25771576166152954
0.6647329330444336
0.6485228538513184
0.6910954713821411
0.4588127136230469
0.6777712106704712
1.4187495708465576
0.7485800385475159
1.0121934413909912
0.4585738182067871
0.7594848871231079
0.49620112776756287
0.6873635053634644
0.7207633852958679
0.28985461592674255
0.3719612956047058
0.7287995219230652
0.35101690888404846
0.3403405547142029
0.4873413145542145
0.28468751907348633
0.8330777287483215
0.48603782057762146
0.5891414880752563
0.7711216807365417
0.6047688126564026
1.1459463834762573
