0.9414127469062805
0.7969042062759399
1.0144679546356201
0.30841919779777527
0.6204230189323425
0.9351688623428345
0.36033865809440613
0.7693596482276917
0.4911928176879883
1.0266385078430176
1.2333898544311523
0.7732345461845398
0.775706946849823
0.638089120388031
0.326202929019928
0.6315434575080872
0.8421832919120789
0.8338910341262817
0.7965027093887329
0.4892667829990387
0.6415095329284668
0.5848802924156189
0.3627803921699524
0.3259405493736267
0.42969226837158203
1.0446107387542725
0.7856281995773315
0.7590490579605103
0.7027531862258911
0.3936231732368469
0.8558511734008789
0.3824593424797058
0.8249655961990356
0.4897685945034027
0.6857479214668274
0.4665314555168152
0.4370540976524353
0.5827926993370056
0.4000440537929535
1.3850667476654053
0.8718994855880737
0.4341798722743988
0.6122113466262817
0.36369866132736206
0.4157208800315857
0.8587312698364258
0.7852965593338013
0.33469685912132263
1.0995347499847412
0.690163254737854
0.548247218132019
0.3675364851951599
0.371562123298645
0.6905670166015625
0.7824560403823853
1.0252711772918701
0.5604774355888367
0.377558171749115
0.29874804615974426
0.7172555923461914
0.412914901971817
1.0290714502334595
0.4954536557197571
0.3992805480957031
0.5802305936813354
1.1942856311798096
0.39504486322402954
0.5925089120864868
0.5687729120254517
0.5684109926223755
0.6814860701560974
0.6045594215393066
0.28391796350479126
0.4910252094268799
0.5494345426559448
0.4177790582180023
0.372138112783432
0.7582709789276123
0.7522889375686646
0.4216195046901703
0.6330106854438782
0.5321487188339233
1.048274040222168
0.5922868847846985
0.539075493812561
0.7181845307350159
0.3317326009273529
0.9175686836242676
0.7529827952384949
0.7705659866333008
0.48842859268188477
0.406017005443573
0.455951452255249
0.7639411687850952
0.5894001126289368
0.7434707880020142
0.5368054509162903
0.9495807886123657
0.2311423271894455
0.2235441952943802
0.4553748667240143
0.7312948107719421
0.3626822829246521
0.7393038272857666
0.7525081634521484
0.8789351582527161
1.5271093845367432
0.6604161262512207
0.725249171257019
0.3695219159126282
0.47473040223121643
0.6407739520072937
0.6240944266319275
0.5796759724617004
0.4785090386867523
0.7151633501052856
0.5222200751304626
0.5180338621139526
0.6731789708137512
0.9464019536972046
0.37953847646713257
1.2049095630645752
0.4744071960449219
0.4244699478149414
0.5597618222236633
0.6547513604164124
0.5471662282943726
0.7215415239334106
0.5322738885879517
0.35766512155532837
0.5742560029029846
0.44158831238746643
0.6459454298019409
0.6962626576423645
0.47709259390830994
0.6553018689155579
0.5934216380119324
1.0308011770248413
0.4050379693508148
1.0316803455352783
0.8597344160079956
0.44057416915893555
0.4061150550842285
0.5920151472091675
1.2229503393173218
0.5634039640426636
0.5382455587387085
0.4856598377227783
0.9647022485733032
0.7661374807357788
0.2810245752334595
0.31569576263427734
0.6653512716293335
0.5690900087356567
1.2914475202560425
0.44081735610961914
0.4551629424095154
0.31915026903152466
0.3571612536907196
0.4265502095222473
0.6870217323303223
0.8388066291809082
0.7408624887466431
0.4819876253604889
0.5642428994178772
0.4449993073940277
0.6455813646316528
0.4921688139438629
0.42236655950546265
0.7815887331962585
0.302879273891449
0.7891567945480347
0.37715622782707214
0.5567904710769653
0.2626570761203766
0.7072957158088684
0.6700279116630554
0.3133278489112854
0.47059911489486694
0.5815290808677673
0.4598330557346344
0.6224886775016785
0.6457206010818481
0.44712725281715393
0.34523922204971313
0.7459797859191895
0.5331760048866272
0.389818400144577
0.4809902310371399
0.36635205149650574
0.727949321269989
0.5873671770095825
1.0901172161102295
0.6284193992614746
1.0104045867919922
0.6340808868408203
0.7252412438392639
0.48243579268455505
0.38394370675086975
0.7390710115432739
0.4877176284790039
0.807621955871582
0.9798755645751953
0.38620489835739136
0.41605210304260254
0.49677953124046326
0.6259840130805969
0.37672489881515503
0.3677753806114197
0.7025012373924255
0.426118940114975
0.4273626208305359
0.4470008909702301
0.43624305725097656
0.6758190393447876
0.8212917447090149
0.35071849822998047
1.0406363010406494
0.36548861861228943
0.6261391043663025
0.4148448407649994
0.2688104212284088
0.5345642566680908
0.6596775054931641
0.41617053747177124
0.8524961471557617
0.5262911915779114
0.42632728815078735
0.33206242322921753
0.41858941316604614
0.5791113376617432
0.5898433923721313
0.46601343154907227
0.36888447403907776
0.4926773011684418
0.6896255612373352
0.7418085336685181
0.47515907883644104
1.1619476079940796
0.7373746037483215
0.7226916551589966
0.3879578709602356
0.2565792202949524
0.47250643372535706
0.4246080815792084
0.3735705018043518
0.3980902135372162
1.3716720342636108
1.2024562358856201
0.34821614623069763
0.8888782262802124
0.6257914304733276
1.3474979400634766
0.2863439917564392
1.1153186559677124
0.977801501750946
0.896246612071991
0.43253105878829956
0.3406813144683838
0.20792236924171448
0.23815250396728516
0.32756051421165466
0.6897887587547302
0.495518296957016
0.49174413084983826
0.39452025294303894
0.6465266346931458
0.4149102568626404
0.8526486158370972
0.44665059447288513
0.4740118980407715
0.4850916862487793
0.7371343374252319
0.8445814251899719
0.45565366744995117
0.43624410033226013
0.4445757269859314
0.502426266670227
0.4452054500579834
0.8029836416244507
0.8656821250915527
0.8773748278617859
0.4429130554199219
0.6177575588226318
0.411400705575943
0.7391650080680847
0.7324540019035339
0.5824775695800781
0.2556074261665344
0.5363377332687378
0.45857375860214233
0.6295210719108582
0.32699090242385864
0.6726170778274536
0.366651713848114
0.609313428401947
1.229399561882019
0.5764185190200806
0.7142546772956848
0.41097432374954224
1.1466035842895508
0.2175532579421997
0.6435774564743042
0.41896963119506836
0.4990120828151703
0.7574701905250549
0.7035493850708008
0.849502444267273
0.5757357478141785
1.0405116081237793
0.503238320350647
0.4655603766441345
0.7320862412452698
0.8411827087402344
0.8512768745422363
0.5117893218994141
0.713773250579834
0.4620875418186188
0.21872803568840027
0.836319625377655
0.4519985616207123
0.6687046885490417
0.5231990218162537
0.7403557300567627
0.9344102740287781
0.5309861898422241
0.7246819734573364
0.3178945481777191
0.5332856178283691
1.0016852617263794
0.5132836103439331
0.9726765751838684
0.5811959505081177
1.141615629196167
0.9720100164413452
0.5289412140846252
0.7308465242385864
1.6153801679611206
