0.37200242280960083
0.6766830682754517
0.3819146156311035
0.8598583340644836
0.9911441802978516
0.6936691403388977
0.3595983386039734
0.604019820690155
0.5587266087532043
0.5868295431137085
0.785115659236908
0.4925001561641693
0.5440641045570374
0.3934635519981384
0.8196409940719604
0.6235467195510864
0.827488124370575
0.7388136982917786
0.43677836656570435
0.6252856254577637
0.46873727440834045
0.2625027000904083
0.6061820387840271
0.44712311029434204
0.3040618896484375
0.44368189573287964
0.7869783639907837
0.4712778925895691
0.44949156045913696
0.300937682390213
0.3684230446815491
0.8608220815658569
0.3299839496612549
0.9625282287597656
0.44958287477493286
0.3258901536464691
0.5073702931404114
0.5340380668640137
0.505124032497406
0.36123403906822205
0.4674525260925293
0.3985271453857422
0.7722740173339844
0.7313443422317505
0.31685322523117065
0.5826717615127563
0.3242882788181305
0.2752212584018707
0.6194175481796265
0.7992682456970215
1.036913275718689
0.7868381142616272
0.7058256268501282
1.2259148359298706
0.709884524345398
0.5286367535591125
0.5171728730201721
0.26388534903526306
0.701977550983429
0.7783795595169067
0.6820715665817261
0.562867283821106
0.4270075857639313
0.6596002578735352
0.38073354959487915
0.9596339464187622
1.228806972503662
0.8168509602546692
0.3092270791530609
0.8944042325019836
0.9633398056030273
0.5001909136772156
0.6111637949943542
0.8726118206977844
0.5849950909614563
0.924553394317627
0.5485862493515015
0.7503160238265991
0.3150063753128052
0.484417200088501
0.6543061137199402
0.8435688018798828
0.8183309435844421
0.8040771484375
0.42910414934158325
0.38285961747169495
0.6636422276496887
0.308553546667099
0.9533447027206421
0.40600281953811646
0.686881959438324
0.5265561938285828
0.6270347237586975
0.824858546257019
0.7634414434432983
0.8569281697273254
0.9891132116317749
0.8440917730331421
0.45521673560142517
0.6605769991874695
0.5624473690986633
0.6080990433692932
0.6643714904785156
0.284225732088089
0.39222198724746704
0.5438458323478699
0.41183727979660034
0.6034350395202637
0.6393629908561707
0.24625885486602783
1.1868479251861572
0.8834280967712402
0.3533504903316498
0.40183448791503906
0.3837221562862396
0.7966361045837402
0.7643685936927795
0.9111433029174805
1.2131891250610352
0.4295930862426758
0.6739469766616821
0.37991100549697876
0.42767399549484253
0.7884470820426941
0.5894564390182495
0.648589015007019
0.6842867732048035
0.6057122945785522
0.5697566270828247
0.6432438492774963
0.31298184394836426
0.4093298316001892
0.8309833407402039
0.5324760675430298
0.4964691698551178
0.5227952003479004
0.6852001547813416
0.3669578731060028
0.34384962916374207
0.5505304336547852
0.8485530614852905
0.6673297882080078
0.7217422723770142
0.6429449915885925
0.6227602958679199
0.6218006014823914
0.6337145566940308
0.5491877794265747
0.7403424382209778
0.6881650686264038
0.9726196527481079
0.4798554480075836
0.5506314039230347
0.5665025115013123
0.3595848083496094
0.6006054878234863
0.3804655075073242
0.21501430869102478
0.43320512771606445
0.265053927898407
0.7337536811828613
0.8639670610427856
0.7448878884315491
1.2181026935577393
0.37463903427124023
0.506568193435669
0.4287244379520416
0.5932902097702026
0.47012004256248474
0.42437463998794556
0.5412901639938354
0.7094581723213196
0.2676623463630676
0.6912628412246704
0.5911282300949097
0.9464262127876282
0.5785073041915894
0.7372313141822815
1.048224687576294
0.7359281778335571
0.9093805551528931
0.42700880765914917
0.537093460559845
0.3259565234184265
0.761004626750946
0.7109372019767761
0.46599167585372925
0.5755760073661804
0.5746368765830994
0.3628236651420593
0.3758780360221863
0.3827725946903229
0.34116387367248535
0.6248157620429993
0.4499078691005707
0.8201397061347961
0.5206044316291809
0.5414665341377258
0.7091337442398071
0.49696072936058044
0.6454125642776489
0.782382607460022
0.2562253773212433
0.9403093457221985
0.5397442579269409
1.2513397932052612
0.9007793664932251
0.68636554479599
0.4969182014465332
0.3874533772468567
0.6584272384643555
0.3255625367164612
0.44954362511634827
0.4069752097129822
0.5115069150924683
0.5480062365531921
0.22806870937347412
0.6724452972412109
0.41358017921447754
1.1279667615890503
0.32527729868888855
0.4342188835144043
0.6144741177558899
0.5069700479507446
0.5243595242500305
0.5909026861190796
0.45900559425354004
0.28804633021354675
0.5793596506118774
0.26225048303604126
0.5869753360748291
0.4874042868614197
0.8716658353805542
0.27817675471305847
0.37984219193458557
0.34727782011032104
1.0787065029144287
0.3830382227897644
0.41897472739219666
0.8688139915466309
0.6604402661323547
0.3863852918148041
0.896053671836853
0.83491051197052
0.6803157329559326
0.8068351745605469
0.7882460951805115
0.46612176299095154
0.8049357533454895
0.8011888265609741
1.0325102806091309
0.7547679543495178
0.6058131456375122
0.23681053519248962
0.39438965916633606
0.3749291002750397
0.862567126750946
0.3070034384727478
0.891071617603302
0.3300485610961914
0.5875033140182495
0.6420467495918274
0.30936354398727417
0.783935546875
0.5631556510925293
0.6653391122817993
0.5260632038116455
0.6056172251701355
0.22062036395072937
0.24585755169391632
0.8105425834655762
0.5054547786712646
1.6892478466033936
0.8922626376152039
0.4283897280693054
0.46507135033607483
1.0018303394317627
1.0137951374053955
0.5668715238571167
0.6368808746337891
0.6085370779037476
0.7338298559188843
0.6815239191055298
0.47118958830833435
0.8469599485397339
1.1363096237182617
0.677875280380249
0.8590288162231445
0.4533814489841461
1.0442931652069092
0.4959946572780609
0.579222559928894
0.48702412843704224
0.6780587434768677
0.38474297523498535
0.617073655128479
0.6357986330986023
0.9647773504257202
0.7179234027862549
0.5930417776107788
0.2681877315044403
0.5893456339836121
0.3753349483013153
0.6097649931907654
0.5721871256828308
0.7792476415634155
0.9434338808059692
0.7229037284851074
0.627680242061615
0.6801160573959351
0.5564661026000977
0.7664484977722168
0.37730249762535095
0.7270995378494263
0.5713927149772644
0.3797781765460968
0.7109122276306152
1.2724474668502808
0.6647741198539734
0.4322921633720398
1.2777187824249268
0.24153125286102295
0.7188840508460999
0.9933700561523438
0.7632442712783813
0.5279321074485779
0.329977810382843
0.7227256894111633
0.5990890264511108
0.5533397197723389
0.5247637033462524
0.38959041237831116
0.4977436661720276
0.6237097978591919
1.1958811283111572
0.4880266785621643
0.39435940980911255
0.5662810206413269
