0.9896281361579895
0.510485827922821
0.713929295539856
0.5369712114334106
0.6014984250068665
0.4693419337272644
0.5237935781478882
0.42253628373146057
0.7085720300674438
0.6540301442146301
0.2970075309276581
1.4279195070266724
0.2833849787712097
0.3493875563144684
0.4597339630126953
0.9277499914169312
0.3823074400424957
0.7854790091514587
0.5676867961883545
0.8187059164047241
0.7283393144607544
0.5105009078979492
0.21480154991149902
0.43948444724082947
0.4420563280582428
0.757551908493042
0.6767652630805969
0.48046398162841797
0.47070127725601196
0.7518638372421265
0.5522161722183228
0.5531474351882935
0.5077382922172546
0.5540055632591248
0.5300518274307251
0.5727425813674927
0.6517521739006042
0.6491066217422485
0.6605606079101562
0.6266714334487915
0.5215750932693481
0.43451324105262756
0.9262630343437195
0.8143595457077026
0.8813921809196472
0.31583133339881897
0.5532809495925903
0.7409161329269409
0.47133803367614746
0.8134400248527527
0.6087525486946106
1.3009088039398193
0.6298261880874634
0.3307062089443207
0.360522598028183
0.4664883613586426
0.46838465332984924
0.9822393655776978
0.7058499455451965
1.014068841934204
0.5999826788902283
0.8610634803771973
0.6999326944351196
0.4603463113307953
0.5640985369682312
0.5132822394371033
0.5536574125289917
0.524496853351593
0.3078989088535309
0.8074370622634888
0.5320517420768738
0.39751309156417847
0.6431375741958618
0.6460888981819153
0.5286129713058472
0.6255444884300232
1.0877397060394287
0.4478655755519867
0.39404213428497314
0.9431229829788208
0.861589252948761
0.7665911912918091
0.4485176205635071
0.4778408408164978
0.47440671920776367
0.5402653813362122
0.8730179071426392
0.3831776976585388
0.5943597555160522
0.47361478209495544
0.39894628524780273
0.5492599606513977
0.5084153413772583
0.9037379026412964
0.599994421005249
0.6010507345199585
0.5957143902778625
0.6097525954246521
0.6442378163337708
0.7795245051383972
0.49248194694519043
0.7880533933639526
1.7859033346176147
0.48532962799072266
0.6034950017929077
0.8038797378540039
0.6990022659301758
1.0725260972976685
0.8797294497489929
0.4013398289680481
0.6378005743026733
0.6844848394393921
0.43190717697143555
0.7120321393013
0.5826035737991333
0.528791069984436
0.6090299487113953
1.098496437072754
0.9875003695487976
1.3666119575500488
0.6604517698287964
1.1361043453216553
0.7421129941940308
0.565078854560852
0.5217136144638062
0.84526127576828
0.3502633273601532
0.7159867286682129
0.48025965690612793
0.5365660786628723
0.9475643038749695
0.528666615486145
0.809168815612793
0.46423524618148804
0.49482861161231995
0.8346107602119446
0.4780755043029785
0.3236449360847473
0.616907000541687
0.5484815835952759
0.33425408601760864
0.2292071282863617
0.4967460632324219
0.45016154646873474
0.7939997911453247
0.8059945106506348
0.7448980212211609
0.8086663484573364
0.9696025848388672
0.3274488151073456
0.8206825256347656
0.4508058428764343
0.8693497776985168
0.5902826189994812
0.9082180261611938
0.6237903237342834
0.6474573612213135
0.3787439465522766
0.27212297916412354
0.7131599187850952
0.6768933534622192
0.5898033380508423
0.8051843643188477
0.38792604207992554
0.6647936105728149
0.6170185804367065
0.420859158039093
0.476261705160141
0.6623217463493347
0.9132862091064453
0.7415081262588501
0.6321181058883667
0.3488162159919739
0.6302080154418945
0.49219226837158203
0.6517596244812012
0.8683333396911621
0.46369704604148865
0.4590872824192047
0.5586981177330017
0.77680903673172
0.30796319246292114
0.3399046063423157
1.030216932296753
1.175930380821228
0.6667653918266296
0.40035659074783325
0.4741949141025543
0.21590247750282288
0.5290989875793457
0.32708385586738586
0.6329787969589233
0.683455228805542
1.1491663455963135
0.728326141834259
0.5786402821540833
0.5125768184661865
0.7445693612098694
0.3087976574897766
0.4029597342014313
0.865146815776825
0.5495654940605164
0.581232488155365
0.5499941110610962
0.2999848425388336
0.32319194078445435
0.4137742519378662
0.7380509376525879
0.7706078290939331
0.8838315010070801
0.7624475359916687
0.3171585202217102
0.6530255079269409
0.810876190662384
0.7949028015136719
0.5176507830619812
0.38819026947021484
0.5214937925338745
0.41858163475990295
0.6629994511604309
0.6320538520812988
0.49531108140945435
0.7198692560195923
0.5834294557571411
0.4374011158943176
0.9514080286026001
0.3835226893424988
0.2902953326702118
0.8297628164291382
1.0209782123565674
0.6045318841934204
0.3988577723503113
0.8757761120796204
0.48415738344192505
0.5527293086051941
0.4033234119415283
0.6502028703689575
0.7752677202224731
0.6768754720687866
0.9333828091621399
0.3289167284965515
0.4997224807739258
0.7660428285598755
0.799159049987793
0.6784465312957764
0.3938077688217163
0.7469296455383301
0.5698406100273132
0.43691545724868774
0.29964351654052734
0.44956403970718384
1.2484939098358154
0.6091648936271667
0.443915992975235
0.5133281350135803
0.5133165121078491
0.5146567225456238
0.7022452354431152
0.6166779398918152
0.6447175741195679
0.5804697871208191
0.47905808687210083
0.7041694521903992
0.9165658950805664
0.7721431255340576
0.3761119842529297
0.6424642205238342
0.5738969445228577
0.617077648639679
0.7493392825126648
0.6808018088340759
0.39006221294403076
0.4863010346889496
0.5218397974967957
0.9727686047554016
0.8665578961372375
0.6860734224319458
0.5761784911155701
1.0766172409057617
0.7764045596122742
0.5121861696243286
0.6851626634597778
1.219167709350586
0.6663052439689636
0.4723805785179138
0.34599748253822327
0.628054678440094
0.486896812915802
0.32216590642929077
0.4613489508628845
0.36191409826278687
0.41867485642433167
0.4234347939491272
0.43142828345298767
0.40873798727989197
0.5431011319160461
0.6190874576568604
0.8384062051773071
0.34707343578338623
0.7358116507530212
0.7356740236282349
0.6407483220100403
0.9606351852416992
1.133526086807251
0.6495112180709839
0.5018362998962402
0.6641024351119995
0.6594337224960327
1.314900517463684
0.4973675608634949
0.651298999786377
0.6930554509162903
1.1422531604766846
0.4138927459716797
0.5793012380599976
0.21619801223278046
1.4080212116241455
0.669704258441925
0.39752423763275146
0.3960837423801422
0.3842986822128296
0.5728784799575806
0.9429036974906921
0.4436572194099426
0.4214400351047516
0.800549328327179
0.284813791513443
0.4723149836063385
0.5565985441207886
0.666965126991272
0.7460757493972778
0.9270817041397095
0.39213234186172485
1.0109809637069702
0.4917651116847992
0.6729666590690613
0.8800552487373352
0.42811259627342224
