0.35136860609054565
0.5690817832946777
0.8138660192489624
0.5555448532104492
0.4253430962562561
0.40630751848220825
1.0891544818878174
0.6138389706611633
0.2937818765640259
0.37469714879989624
1.123840570449829
0.3577338755130768
0.7837560772895813
0.6014484167098999
0.4537169337272644
0.4179684519767761
0.8309394717216492
0.7469214200973511
0.4500582814216614
0.5143108367919922
0.4945031702518463
1.1176754236221313
0.9630793333053589
0.3498820960521698
0.7010025978088379
0.699988067150116
0.3839566707611084
0.7612323760986328
0.340105265378952
0.5934194326400757
0.9519332647323608
0.513687014579773
0.994367778301239
0.556642472743988
0.7806928157806396
0.5574261546134949
0.3829208016395569
0.9087384939193726
0.3310490548610687
0.5570712089538574
0.42977389693260193
0.7881656885147095
0.6812726259231567
0.23226043581962585
0.5362730622291565
0.5230691432952881
0.6397978067398071
0.38328999280929565
0.2500080168247223
1.3630611896514893
0.8430771827697754
0.916590690612793
0.6000590324401855
0.5139893889427185
0.9015084505081177
0.7619144320487976
0.24156740307807922
0.7094680070877075
0.24256214499473572
0.6457576155662537
1.352576494216919
0.8651806712150574
0.7123246192932129
0.5396734476089478
0.4509490430355072
0.7080181837081909
0.4180107116699219
0.5217462182044983
0.25835853815078735
0.6929194331169128
0.709237813949585
0.5095325112342834
0.3659144639968872
1.2573829889297485
0.8039105534553528
0.6333134770393372
0.5530426502227783
0.2744448184967041
1.2276451587677002
0.9360475540161133
0.5725848078727722
0.8204261660575867
0.5851565599441528
0.6024984121322632
0.9483742713928223
0.8604725003242493
0.7230252027511597
0.6265732049942017
0.6912387609481812
0.5795038938522339
1.0077540874481201
0.6437364816665649
0.7266252636909485
0.4307113289833069
1.227863073348999
0.6273156404495239
0.5228205323219299
0.7597071528434753
0.6800556182861328
0.5168543457984924
0.5051564574241638
0.45403051376342773
0.4264594614505768
1.0364329814910889
0.7501696348190308
0.4904021620750427
0.6113360524177551
0.9782031774520874
0.4069750905036926
0.5640116930007935
0.7009629011154175
0.6694911122322083
0.7079607844352722
0.5331906080245972
0.6803795695304871
0.608042299747467
0.657623291015625
0.5523917078971863
0.4667428135871887
0.5337964296340942
0.48776859045028687
0.39129987359046936
0.60053551197052
0.4854593873023987
0.5631315112113953
0.2455814778804779
0.8297462463378906
0.7308790683746338
0.31278496980667114
0.8395404815673828
0.7521541714668274
0.599023699760437
1.1447901725769043
0.439561128616333
0.33487045764923096
0.6068870425224304
0.551426887512207
0.4469960331916809
0.8798528909683228
0.8603518605232239
0.40797287225723267
0.522930920124054
1.2959039211273193
0.32274532318115234
0.38417306542396545
0.4479426443576813
0.28024742007255554
0.5354022979736328
0.6136432886123657
0.4672144055366516
0.5710691809654236
0.3263077437877655
0.48721081018447876
0.5675851702690125
0.2888372540473938
0.5131977200508118
0.5732668042182922
0.4176701009273529
0.6817222237586975
0.5764340162277222
0.3217346668243408
0.720551609992981
0.49888747930526733
0.6127220392227173
0.4765826165676117
0.585739254951477
0.6728441715240479
0.6964921355247498
0.6278735399246216
0.5535132884979248
1.0692870616912842
0.42698511481285095
0.8577668070793152
0.37531420588493347
0.24782605469226837
0.6916013956069946
0.5906345844268799
0.47887223958969116
0.4231160283088684
1.9802591800689697
0.5054198503494263
0.610735297203064
0.3847509026527405
0.41431450843811035
0.49115318059921265
0.8948141932487488
0.7731310725212097
0.5270741581916809
0.7567816972732544
0.8764188885688782
0.7236365079879761
0.5098798871040344
0.5039480924606323
0.5739202499389648
0.3339288532733917
0.5764082670211792
0.31720152497291565
0.6692832708358765
0.6652483344078064
0.36091703176498413
0.5836108326911926
0.4546631872653961
0.3812865614891052
0.6228100061416626
0.27839216589927673
0.6954716444015503
0.8478922843933105
0.46244072914123535
0.6181544065475464
0.6209767460823059
0.5641114711761475
0.4199090600013733
0.447091281414032
0.7299939393997192
0.6448796987533569
0.567628026008606
0.256563663482666
1.0214914083480835
0.4783410131931305
0.38552579283714294
0.9303353428840637
0.7152679562568665
0.5620400309562683
0.2886936068534851
0.5902241468429565
0.5263625979423523
0.4790501594543457
0.7384621500968933
0.4852883219718933
0.5562239289283752
0.728259801864624
0.5827364325523376
0.4764118194580078
0.5437272787094116
0.7040902376174927
0.6043402552604675
0.7472059726715088
0.6500447988510132
0.5824609994888306
0.8865975141525269
0.5480385422706604
0.4389711320400238
0.23313550651073456
0.5744439363479614
0.5022057294845581
0.7105951309204102
0.3125128746032715
0.5591408014297485
0.4652351438999176
0.45412883162498474
0.6787453293800354
0.9909981489181519
0.5512622594833374
0.6365599632263184
0.8035709261894226
1.2005189657211304
0.6382492780685425
0.5316451787948608
0.7264977693557739
0.8397857546806335
0.32476454973220825
0.5043370723724365
0.9193099141120911
0.9117032885551453
0.6047842502593994
0.8456756472587585
0.6356150507926941
0.4558497369289398
0.41006046533584595
0.8166170120239258
0.9894782304763794
0.571681797504425
0.4891064763069153
0.5365089178085327
0.8871081471443176
0.5337849259376526
0.6769942045211792
0.5928353667259216
0.48156866431236267
0.3948114514350891
0.5650764107704163
0.6028324961662292
0.6796010136604309
0.7879369854927063
1.0286235809326172
0.5576354265213013
0.6386281847953796
0.5392453074455261
0.40691328048706055
0.30194491147994995
0.5392473936080933
0.6689465641975403
0.5358375310897827
0.4894898533821106
0.47401148080825806
0.7366207242012024
0.5376154184341431
0.5937578082084656
0.31363821029663086
0.9427889585494995
0.7842732071876526
0.6301282644271851
0.324831485748291
0.3499825596809387
0.3234007954597473
0.7695336937904358
0.45964616537094116
0.7423197031021118
0.3125920295715332
0.5749156475067139
0.3597898781299591
0.398253858089447
0.8402895927429199
0.38308459520339966
0.525297999382019
0.8371017575263977
0.8704591989517212
1.130898118019104
0.5139845013618469
0.9104937314987183
0.8679095506668091
0.9848285913467407
0.49739569425582886
0.5518432855606079
0.6657946109771729
0.6363604068756104
0.914146900177002
0.46018800139427185
0.38503172993659973
0.5985420942306519
0.5627970695495605
0.36717021465301514
0.6217830181121826
0.6634237766265869
0.4725795388221741
0.8617307543754578
0.6052743792533875
2.190786838531494
