0.3984714150428772
0.8488847017288208
0.4648033678531647
0.6653206944465637
0.7656911611557007
0.5700607299804688
0.6416043043136597
0.5407974123954773
1.4292396306991577
1.3178369998931885
0.8009581565856934
1.2795108556747437
0.45973411202430725
0.5076777935028076
0.7284063100814819
0.36818796396255493
0.35524851083755493
0.7079938054084778
0.3743857741355896
0.8542699813842773
0.9416769742965698
0.610943615436554
0.607187807559967
0.5501847267150879
0.7424528002738953
0.42198699712753296
0.9051990509033203
1.3089148998260498
0.48794975876808167
0.3246782720088959
0.7169222831726074
0.4828941226005554
0.5065034031867981
0.6903108358383179
0.5320212841033936
0.4278445243835449
0.9062831997871399
0.5177725553512573
0.24110150337219238
0.4482114315032959
1.0328775644302368
0.5569890737533569
0.5370001196861267
0.3810179531574249
0.7240352630615234
0.39055633544921875
0.525486409664154
0.6101058721542358
0.8573079109191895
0.6540022492408752
0.29637208580970764
0.8249489665031433
0.8324642181396484
0.749010443687439
0.730725884437561
0.34451058506965637
0.4151785969734192
0.33049458265304565
0.40376704931259155
0.2446734607219696
1.2937371730804443
0.7630108594894409
0.47931498289108276
0.7349631190299988
0.5292918086051941
0.835776150226593
0.4347066879272461
0.5644975900650024
0.4508275091648102
0.501750111579895
0.36291879415512085
0.4868525564670563
0.6824939846992493
1.25531804561615
0.6337662935256958
0.510317325592041
0.6425113081932068
0.5648096799850464
0.4703805446624756
0.545580267906189
0.4538629949092865
0.31417182087898254
0.395439088344574
0.3664211332798004
0.40946418046951294
0.597201943397522
0.99439936876297
0.8349771499633789
0.5794066190719604
0.6579247713088989
0.2558255195617676
0.638277530670166
0.6568979620933533
0.3133821487426758
0.7590039968490601
0.5121437311172485
0.3128697872161865
0.7268621921539307
0.31618472933769226
0.6876610517501831
0.9458019137382507
0.6979854106903076
0.5424084663391113
0.6903926134109497
1.0338462591171265
0.620792031288147
0.276803195476532
1.0605902671813965
0.2638823390007019
0.5138247609138489
0.5003669857978821
0.8332071304321289
0.4472588002681732
0.6556132435798645
0.4910122752189636
1.0129460096359253
0.9736000299453735
0.9698718190193176
0.4897380471229553
0.8845878839492798
0.6382108330726624
0.5563057661056519
0.2881087362766266
0.5818063616752625
0.5667597055435181
1.0313223600387573
0.485910028219223
0.6511709690093994
0.31209009885787964
0.7896802425384521
1.1306791305541992
0.896977424621582
0.3669753074645996
0.6076531410217285
0.8748998641967773
0.44620710611343384
0.41951093077659607
0.6784985065460205
0.7388343811035156
0.5067728757858276
0.749142587184906
0.7179058790206909
0.6034708619117737
0.5755045413970947
0.6069134473800659
0.3963635265827179
0.5485464334487915
0.6378312706947327
0.5527976155281067
0.6737552285194397
0.905170738697052
0.8819632530212402
0.5970444083213806
0.575149416923523
0.6371036171913147
0.6478837728500366
0.6106041669845581
0.5793350338935852
0.5209640264511108
1.0383007526397705
0.32818764448165894
0.967245876789093
0.4176979660987854
0.9452067613601685
0.3291098177433014
0.8228222727775574
0.5171141624450684
0.5246462821960449
0.3816520571708679
0.5487677454948425
0.5994969010353088
0.49546337127685547
0.6255825161933899
0.7017196416854858
0.468944251537323
0.4820348620414734
0.2438085824251175
1.104004144668579
0.5323112607002258
0.2988184094429016
0.5329168438911438
0.46719545125961304
0.6021873950958252
0.47915029525756836
0.3014373779296875
0.701607346534729
0.5382965803146362
0.437800794839859
0.5201730728149414
0.47952526807785034
0.6981258392333984
0.4843745827674866
0.7890394330024719
0.7961815595626831
0.9460856318473816
0.5252854228019714
0.5069078207015991
0.5552571415901184
0.7155758142471313
0.47387534379959106
0.5348296165466309
0.49248766899108887
1.12380051612854
0.5266174077987671
0.5195479393005371
0.5300966501235962
0.4375833570957184
0.8502890467643738
0.3337135910987854
0.5560591816902161
0.6000884771347046
0.4777738153934479
0.43052950501441956
0.6704201698303223
0.6821626424789429
0.45573216676712036
0.4421231150627136
0.4806489944458008
0.5442388653755188
0.5071415901184082
0.29051485657691956
0.39430639147758484
0.2040718048810959
0.3475017547607422
0.641647458076477
0.9236796498298645
0.9966004490852356
0.8769285082817078
0.7570187449455261
0.5134347081184387
0.6180227994918823
0.47228413820266724
0.6324679255485535
0.38576188683509827
0.42982321977615356
0.26797589659690857
0.3875575363636017
0.7427608370780945
0.6046580672264099
0.5925189256668091
0.44941622018814087
0.8452013731002808
0.3882316052913666
0.7785889506340027
0.2473268061876297
0.34203580021858215
0.36985573172569275
0.42097195982933044
0.5657778978347778
0.584775447845459
0.7907775640487671
0.7161772847175598
0.5536693334579468
0.8748982548713684
0.6809730529785156
1.1856043338775635
0.5978275537490845
0.7101982235908508
0.514062762260437
0.7388609647750854
0.727026641368866
0.7030400037765503
0.8889980316162109
0.41986018419265747
0.3047883212566376
0.6683368682861328
1.148749828338623
0.43564528226852417
0.45715218782424927
0.37617772817611694
0.4453299641609192
0.9145236015319824
0.8578512072563171
0.40658679604530334
0.842858612537384
1.1142551898956299
0.775714099407196
0.41790771484375
0.44770246744155884
0.2584315836429596
1.040351152420044
0.7698425054550171
0.3354302644729614
0.19729503989219666
0.4322521686553955
0.5558663010597229
0.47558799386024475
0.9451048970222473
0.49450668692588806
0.9086875915527344
0.2434568852186203
0.947021484375
0.6059591174125671
0.5971338152885437
0.5871710181236267
0.6704689264297485
0.7808233499526978
1.0119779109954834
0.5674823522567749
1.298397421836853
0.6503445506095886
0.8277433514595032
0.5593652725219727
0.49645963311195374
0.36821675300598145
0.2810894846916199
0.6601744294166565
0.6620524525642395
0.6629191637039185
0.7630197405815125
0.5841985940933228
0.8954355120658875
0.394081175327301
0.9776569604873657
0.6872061491012573
0.5390943288803101
1.1423572301864624
0.4526773989200592
0.6397207379341125
0.7361305356025696
0.4376106262207031
0.8551058769226074
0.5007109045982361
0.5964227914810181
0.5324839353561401
0.5832058191299438
0.8148961067199707
0.8326804041862488
0.4438636302947998
0.4377785623073578
0.38293376564979553
1.5523306131362915
0.49096202850341797
0.7530546188354492
0.5970155000686646
0.7639956474304199
0.6581633687019348
0.3608725965023041
