0.3163263499736786
0.4916602075099945
0.3356108069419861
0.7229763269424438
0.6637324094772339
0.3237825334072113
0.40993958711624146
0.5474146008491516
0.4204898774623871
0.6370089650154114
0.8273885846138
0.7193921804428101
0.46280932426452637
0.3798801302909851
0.5609940886497498
0.4551946520805359
0.688786506652832
0.923974871635437
0.9715144038200378
0.3969586193561554
0.42775291204452515
0.22105899453163147
0.6581774950027466
0.6039260625839233
0.6622735261917114
0.30896472930908203
0.5920877456665039
0.3977745473384857
0.57476407289505
0.7565656900405884
0.6235842704772949
1.0905640125274658
0.2181849181652069
0.42676419019699097
0.5694918632507324
0.4553816318511963
0.2723642587661743
0.6198583841323853
0.37427473068237305
0.9301831126213074
1.2507861852645874
0.9919708967208862
0.3608652949333191
0.49412184953689575
0.5930711030960083
1.0515592098236084
0.393791526556015
0.4568793773651123
0.689558207988739
0.6857020258903503
1.0067977905273438
0.6696408987045288
0.6289694905281067
0.7447426319122314
0.3140663504600525
0.5458388924598694
0.42606979608535767
0.7168515920639038
0.6291650533676147
0.9091262817382812
0.7363947033882141
0.42286649346351624
0.5368305444717407
0.9948015213012695
1.0749330520629883
0.873356819152832
0.20682576298713684
0.7827457189559937
0.8904637098312378
0.5413788557052612
0.6055263876914978
0.8454097509384155
0.30846843123435974
0.7337534427642822
0.3487551510334015
0.5986093282699585
0.6081721186637878
0.9402898550033569
0.36006787419319153
0.9256128072738647
0.6220310926437378
0.2931378483772278
0.8550078272819519
0.5919284820556641
1.3652514219284058
0.34660813212394714
1.3777475357055664
0.5751976370811462
0.8385719060897827
0.5168383717536926
0.6255360841751099
0.5621734261512756
0.9379652142524719
0.44127997756004333
0.49804192781448364
0.33325836062431335
0.5877103805541992
0.4914645254611969
0.6346652507781982
0.756576657295227
0.603828489780426
0.7401937246322632
0.2821563184261322
0.7303526401519775
0.5890301465988159
0.7735051512718201
0.41484498977661133
0.34730666875839233
0.5347374677658081
0.36595702171325684
0.600709080696106
0.824384868144989
0.4441761076450348
0.8296715617179871
0.4432617127895355
1.100985050201416
1.068904161453247
0.6561180353164673
0.3307711184024811
0.44038787484169006
0.5262048840522766
0.8228486776351929
0.6632277965545654
0.7429417967796326
0.6039865612983704
0.5577855110168457
0.5901657342910767
0.500534176826477
0.6801204681396484
0.5621464848518372
0.4904398024082184
0.445247083902359
1.0643596649169922
0.6823360323905945
0.3212989568710327
0.4248066544532776
0.74917072057724
0.7864329218864441
0.3211281895637512
0.5319908261299133
0.6542144417762756
0.7209069132804871
0.6098763346672058
0.37718015909194946
0.337785542011261
0.3111562132835388
0.9486556053161621
0.5095483064651489
0.45325928926467896
0.8762719035148621
0.5780857801437378
0.7701876759529114
0.45318466424942017
0.5302170515060425
0.34738245606422424
0.6096669435501099
0.8015100359916687
0.9210332632064819
0.4592518210411072
0.5174083709716797
0.31921523809432983
0.6441293954849243
0.8169517517089844
0.6090278625488281
0.4990442395210266
0.692785382270813
0.9882889986038208
0.5303405523300171
0.3301022946834564
0.6442390084266663
0.49026545882225037
0.7017350196838379
1.1306240558624268
0.7215625047683716
0.6405162811279297
0.8331424593925476
0.3143921494483948
0.36310282349586487
0.6757162809371948
0.7186120748519897
0.5975667238235474
0.4754565358161926
0.593122124671936
0.8017994165420532
0.7376578450202942
0.5799394249916077
1.1767650842666626
0.7790659070014954
0.41150999069213867
0.5895982980728149
0.8699883222579956
0.4035249650478363
0.8773058652877808
0.676692545413971
0.8372305631637573
0.6980157494544983
0.5975287556648254
0.7647801041603088
0.8255182504653931
0.5436617732048035
1.3060073852539062
0.725240170955658
0.8285975456237793
0.32441800832748413
0.30827340483665466
0.6680070161819458
0.48032665252685547
0.4157867431640625
1.5579872131347656
0.7073518633842468
0.46044406294822693
0.575461208820343
0.7211373448371887
0.3501969575881958
1.0044219493865967
0.7012894749641418
0.6216140389442444
0.7509904503822327
0.4372240900993347
0.7686125040054321
0.6892738342285156
0.4613412022590637
0.3812487721443176
0.7083315849304199
0.6370290517807007
0.5947171449661255
0.4367825984954834
0.7346118092536926
0.7934004068374634
0.42775455117225647
0.45692500472068787
0.4270109236240387
0.934322714805603
0.674416184425354
0.6868923306465149
0.414557546377182
0.579696774482727
0.587149977684021
0.3226866126060486
0.6985036134719849
0.606165885925293
0.6475101709365845
0.6268775463104248
0.7232179641723633
0.6231023073196411
0.9666272401809692
0.8104689717292786
0.6012102961540222
0.32755976915359497
0.5785099864006042
1.0259485244750977
0.6411830186843872
0.4195934236049652
0.6220418810844421
0.21427369117736816
0.3905993103981018
0.7087264060974121
0.3159260153770447
0.4303922653198242
1.0471137762069702
0.5488123893737793
0.7698324918746948
0.5749304294586182
0.6051321029663086
0.275595486164093
0.5516923666000366
0.6596771478652954
0.6411088705062866
0.7899703979492188
0.6088138222694397
0.3876174986362457
0.2781033515930176
0.5284081697463989
0.6276544332504272
0.2955130934715271
0.590141236782074
0.6437729597091675
0.8537446856498718
0.35942983627319336
0.8177383542060852
0.5656862258911133
1.1552354097366333
0.5603001713752747
0.7408870458602905
0.3358451724052429
0.6272085905075073
0.5347979068756104
0.5269775986671448
1.5181896686553955
0.5005215406417847
0.33615946769714355
0.6506872177124023
0.6002873182296753
0.6590758562088013
0.3915739357471466
0.21055224537849426
0.9672375917434692
0.5531162619590759
1.0858433246612549
0.418769508600235
0.36020752787590027
0.4922066628932953
0.8248499631881714
0.41937369108200073
0.564741313457489
0.8722919225692749
0.5675257444381714
0.5838706493377686
0.47196894884109497
0.37197789549827576
0.5875175595283508
0.6008954048156738
0.4501612186431885
1.0081177949905396
0.4645209312438965
0.5037973523139954
0.8728029131889343
0.3951794505119324
0.2040705680847168
1.0015225410461426
0.6199234127998352
1.007184624671936
0.8501960635185242
0.36048945784568787
0.48156532645225525
0.2619314193725586
0.5899638533592224
0.5525726079940796
0.7711206078529358
1.3282527923583984
0.801186203956604
0.40181899070739746
0.5273931622505188
0.5557011365890503
0.310946524143219
0.5411280393600464
0.5350900888442993
0.856133759021759
