0.6734034419059753
0.8090378642082214
0.6823834180831909
0.5708457231521606
0.915927529335022
0.5123714208602905
0.7911038398742676
0.5941778421401978
0.5853062868118286
0.6319178342819214
0.6364048719406128
0.48517751693725586
0.8482085466384888
0.6977077126502991
0.36222800612449646
0.30943214893341064
0.4873158931732178
1.0511255264282227
0.4673372209072113
0.4335942268371582
0.6308363676071167
0.7649906277656555
1.0543581247329712
0.35852712392807007
0.4774046838283539
0.40318289399147034
0.9531791806221008
0.4029048979282379
0.4982001781463623
0.5095981955528259
1.0938360691070557
0.6667861342430115
0.44044843316078186
0.42332667112350464
0.6684359908103943
0.5029986500740051
0.3030807375907898
0.3434213399887085
0.7194837331771851
0.30729809403419495
0.6678312420845032
0.8230053186416626
0.7795490026473999
0.8021883964538574
0.6670942306518555
0.4717532992362976
0.7390837669372559
1.0313595533370972
0.5240534543991089
0.38880860805511475
0.6331992149353027
0.47625797986984253
0.44941216707229614
0.4309081435203552
0.6790141463279724
0.939910888671875
0.5431635975837708
0.672059178352356
0.6219252943992615
0.5264460444450378
0.5141705870628357
0.3119646906852722
1.267145037651062
1.1316430568695068
0.3431754410266876
0.23654846847057343
0.6992248296737671
0.7612841725349426
0.4265414774417877
0.8392292261123657
0.6455899477005005
0.35106581449508667
0.4740472435951233
0.5961459875106812
1.009709119796753
0.7922715544700623
0.41322794556617737
0.2704276442527771
1.4930388927459717
0.3994848132133484
0.7975419759750366
0.4948278069496155
0.976887583732605
0.5386064052581787
0.44528111815452576
0.8000556826591492
0.3154011368751526
0.3005567789077759
1.024033784866333
0.2843935787677765
1.128289818763733
0.2995275855064392
0.5555686950683594
0.48815256357192993
0.7852276563644409
0.5703402161598206
0.34841662645339966
0.8941116333007812
0.3176255226135254
0.5283416509628296
0.916398823261261
0.5478647947311401
0.604158341884613
0.3326041102409363
0.42897090315818787
0.6121775507926941
1.2393885850906372
0.6209284663200378
1.1301624774932861
0.48553961515426636
0.8050721287727356
0.7605780959129333
0.7568451762199402
0.37570881843566895
0.7860361337661743
0.5254821181297302
0.6542475819587708
0.35590365529060364
0.5615911483764648
0.29154205322265625
0.5694538354873657
0.5721999406814575
0.7819550633430481
0.5646379590034485
0.6085251569747925
0.43570542335510254
0.5089297294616699
0.4926549792289734
0.7389453649520874
0.8636120557785034
1.18284010887146
0.4037726819515228
0.415915310382843
0.8339651823043823
0.4783996641635895
1.1978123188018799
0.3981233537197113
0.5869510769844055
0.691824734210968
0.6329786777496338
0.796491265296936
0.7258929014205933
0.37684696912765503
0.8004596829414368
0.6839619874954224
0.3763231039047241
0.5619826316833496
0.6575433015823364
0.43619227409362793
0.5362826585769653
0.4205751419067383
0.716313898563385
0.6169331669807434
0.8199172019958496
0.8011118769645691
0.4793482720851898
0.4395584166049957
0.6401563882827759
0.43865904211997986
0.2322365939617157
0.7641392946243286
0.5687518119812012
0.4588739275932312
0.7197654843330383
0.589657723903656
0.6131314039230347
0.5762060284614563
0.6348298192024231
0.782020628452301
0.8032032251358032
0.6104174256324768
0.6670297980308533
0.32037752866744995
0.9592585563659668
0.4311075806617737
0.5222890973091125
0.7619715929031372
0.42436283826828003
0.5595915913581848
0.7215659022331238
0.6888759732246399
0.41890448331832886
0.4157395362854004
0.512111485004425
1.0969154834747314
1.0716365575790405
0.9815524220466614
0.687564492225647
0.9489431381225586
0.29080042243003845
0.41403597593307495
1.084987998008728
0.584648072719574
1.0019505023956299
0.672691285610199
0.754003643989563
0.39741450548171997
0.6269940137863159
0.5540487170219421
0.8367801904678345
0.6997380256652832
0.26719173789024353
1.106841802597046
0.3910358250141144
0.5784410238265991
0.7927906513214111
0.3711375594139099
0.39947229623794556
0.8084856271743774
0.8582107424736023
1.2430623769760132
0.633942723274231
0.7695554494857788
0.5045930743217468
0.586644172668457
0.41272544860839844
0.6991828083992004
0.31325459480285645
0.4838777184486389
0.44599562883377075
0.506484866142273
0.872752845287323
0.49207061529159546
0.39321786165237427
0.5235126614570618
0.5738415718078613
0.5187382102012634
0.6857702136039734
0.7083028554916382
0.4164702892303467
0.5431723594665527
0.8246407508850098
0.4643826484680176
0.2750827670097351
1.0871869325637817
0.783108651638031
0.511430025100708
0.6899760365486145
0.567523717880249
0.46318769454956055
0.6744219660758972
0.6984107494354248
0.5891327261924744
0.42855900526046753
0.26584672927856445
0.7404693365097046
0.5680125951766968
0.692728579044342
0.7775150537490845
1.136770486831665
0.43078702688217163
0.5013235807418823
0.4113377630710602
0.7070381045341492
0.6017691493034363
0.7542551755905151
0.56944340467453
0.3517608046531677
0.4207518696784973
0.5798366665840149
0.4113653302192688
0.4911900460720062
0.5758776068687439
0.6275032162666321
0.3356773257255554
0.8773548007011414
0.6178659200668335
0.5990837812423706
0.2668238580226898
0.6690365076065063
0.6747946739196777
0.911126971244812
0.7600271105766296
0.4550061821937561
0.4933373034000397
0.6504412889480591
0.4195731282234192
0.45789265632629395
0.6768444180488586
0.6431843042373657
0.506807267665863
0.8927268981933594
0.5107473134994507
0.403468519449234
0.6977329254150391
0.4121077060699463
0.3869723975658417
0.4110810160636902
0.5501807332038879
0.6422486305236816
0.5121045112609863
0.4219423234462738
0.31353726983070374
0.4015011191368103
0.36977991461753845
0.25903207063674927
0.8000901937484741
0.8314945101737976
0.7069162726402283
0.3400495946407318
0.5914532542228699
0.5622946619987488
0.6650850176811218
0.5769830346107483
0.43233776092529297
0.3633964955806732
0.31827661395072937
1.4596951007843018
0.7861262559890747
0.6929429769515991
0.5970277786254883
0.41430774331092834
0.6850050687789917
0.4467836916446686
0.6671772599220276
0.7010682225227356
1.0302420854568481
1.044276237487793
0.7393500804901123
0.42233753204345703
0.3403729796409607
0.4704860746860504
0.49517622590065
0.3514052927494049
0.7411982417106628
0.7017872929573059
0.7286049723625183
0.5665204524993896
0.8240030407905579
0.7677566409111023
0.5499721169471741
0.7390332221984863
0.44131869077682495
0.32188042998313904
0.5348864793777466
1.1720855236053467
0.44878214597702026
0.6668170094490051
