0.5407263040542603
0.2392878532409668
0.4570063650608063
0.8783017992973328
0.7223189473152161
1.0439391136169434
0.5392429828643799
0.7768673896789551
0.9122728109359741
1.17882239818573
1.1743383407592773
0.5273579359054565
0.6498273611068726
0.6312382221221924
0.6902616620063782
0.630140483379364
0.514499306678772
1.406731128692627
0.5703938603401184
0.34527698159217834
0.49076247215270996
0.6349244117736816
0.4525843560695648
0.5210855007171631
0.6987878084182739
0.5270533561706543
0.488412469625473
0.5490293502807617
0.3700893819332123
0.22717615962028503
0.7185271978378296
0.6815336346626282
0.6541507840156555
0.5551801919937134
0.5673590302467346
0.8816450834274292
0.5374614596366882
1.0662949085235596
0.514258861541748
0.5788279175758362
0.8325080871582031
0.8149428367614746
0.4503692090511322
0.5338417291641235
0.6404320597648621
1.023855447769165
0.9483557939529419
0.8290315866470337
1.3761135339736938
0.3860538601875305
0.6194630861282349
0.6867457628250122
0.6755289435386658
0.5263530015945435
0.8334580659866333
0.4221295714378357
0.7024016976356506
0.592567503452301
0.563212513923645
0.5852667689323425
0.548026978969574
0.43834298849105835
0.8323413133621216
0.7459664344787598
0.3964616060256958
0.45781564712524414
0.6533485651016235
0.7651611566543579
1.1709779500961304
0.9116698503494263
0.26476341485977173
0.32069215178489685
0.6060513257980347
0.6428626179695129
0.48979902267456055
0.6118243336677551
0.7038691639900208
0.8484641313552856
0.8939591646194458
0.6612640023231506
0.5080083608627319
0.4702560305595398
0.5542674660682678
0.6360109448432922
0.8501230478286743
0.7829266786575317
0.7996153831481934
0.8341633677482605
0.4537504315376282
0.30944356322288513
0.5743409395217896
0.7659261226654053
0.40142908692359924
0.6550528407096863
0.9457521438598633
1.0298945903778076
0.8761782646179199
0.4431587755680084
0.3377721309661865
0.6319525241851807
0.48091262578964233
0.4244635999202728
0.8191801309585571
1.087996244430542
0.3522063195705414
0.56596440076828
0.5523680448532104
0.7258793711662292
1.2450709342956543
0.5867379307746887
0.3341715931892395
0.7423163652420044
0.2737483084201813
0.8356449007987976
0.44549211859703064
0.543779194355011
0.5361710786819458
0.6719957590103149
0.268816739320755
0.7920544147491455
0.531619668006897
0.5565519332885742
0.47391945123672485
0.5196300148963928
0.510164201259613
0.38659849762916565
0.8550456762313843
0.5518902540206909
0.40445834398269653
1.0359786748886108
0.6513457298278809
0.7406274080276489
0.409334272146225
0.5723940134048462
0.794464647769928
0.6686793565750122
0.5771946310997009
0.873099684715271
0.4644157290458679
0.770500659942627
0.5799769163131714
0.3713628053665161
0.3615155518054962
0.6528385281562805
0.3576498329639435
0.4440959095954895
0.5786693692207336
0.42580968141555786
0.9501713514328003
0.34280675649642944
0.6513768434524536
0.3962516486644745
0.3692387640476227
0.6096416711807251
0.4759678840637207
0.7614367604255676
0.5765872001647949
0.5018479228019714
0.5022822618484497
0.6302732229232788
0.5587629675865173
0.789951741695404
0.5011390447616577
0.7216634750366211
0.6471972465515137
0.7179489135742188
1.1319493055343628
0.3732602894306183
0.5225390195846558
0.44427210092544556
0.8282289505004883
0.6446475982666016
1.085988998413086
0.7734469771385193
0.5381671786308289
0.5142479538917542
0.9405964612960815
0.4565563201904297
0.37065503001213074
0.21173496544361115
0.5760370492935181
0.3532640337944031
1.372454047203064
0.573421835899353
0.8324799537658691
0.6932591795921326
0.6848760843276978
1.3568534851074219
0.430807888507843
0.43874722719192505
0.760246992111206
0.4695056080818176
0.5041524171829224
0.6023484468460083
0.5430294275283813
0.8874451518058777
0.4595029950141907
0.6638962030410767
1.5945793390274048
0.44925743341445923
0.48046454787254333
0.6782287359237671
0.7134409546852112
0.7294249534606934
0.7349048852920532
1.476667046546936
0.8013132810592651
0.5062621831893921
0.8991491198539734
0.3294432759284973
0.7526718974113464
0.8451629877090454
0.5417851209640503
0.2949589490890503
0.6889822483062744
0.6369830965995789
0.6029332280158997
0.3578249514102936
0.7518094182014465
0.6909797787666321
0.33554261922836304
0.36607369780540466
1.2621930837631226
0.7019740343093872
0.4944429397583008
0.3828108310699463
0.7803038358688354
0.9872381091117859
0.8066534996032715
0.6182934641838074
0.7910215854644775
0.4956466257572174
0.5957497358322144
0.46588101983070374
0.2727822959423065
0.4427340626716614
0.7034371495246887
0.5654436349868774
0.6421714425086975
0.9712406992912292
1.0726135969161987
0.5472660064697266
0.44691866636276245
0.40651583671569824
0.5935796499252319
0.4953943192958832
0.9526421427726746
0.3814600110054016
1.2888762950897217
0.8086015582084656
0.7632573843002319
0.4635281562805176
0.9647985696792603
0.33907103538513184
0.4706198275089264
0.5537775158882141
0.5534949898719788
0.33784550428390503
0.5799843072891235
0.7891749143600464
0.4272269606590271
0.4105566442012787
0.6119076013565063
0.6195594072341919
0.27003636956214905
0.9084488153457642
0.9482439160346985
0.44488525390625
0.29854050278663635
0.8607057332992554
0.5936641693115234
0.41511496901512146
0.4009808599948883
0.4692148268222809
0.43932685256004333
0.7657192945480347
1.388474941253662
0.4651789665222168
0.30390268564224243
0.3760780692100525
0.5565109848976135
0.39270859956741333
0.3321557641029358
0.5973917245864868
0.3948975205421448
0.6177132725715637
0.27254965901374817
0.9268760681152344
0.6247493028640747
0.6018816232681274
0.9547857046127319
0.41793614625930786
0.6601987481117249
0.8138392567634583
0.7975659370422363
0.7612674832344055
0.7415661811828613
0.6469024419784546
0.39875614643096924
0.5476782321929932
0.27626127004623413
0.7064622044563293
1.0124725103378296
0.6791055202484131
0.2729730010032654
0.2942144274711609
1.0552489757537842
0.2085321843624115
0.42105206847190857
0.5140335559844971
0.6211996674537659
0.8989855647087097
0.40356501936912537
0.18857605755329132
0.42711400985717773
0.5474231839179993
1.1620872020721436
0.491921603679657
0.8209700584411621
0.6471888422966003
0.7664417028427124
0.2906568944454193
0.7566006779670715
0.4838196635246277
0.5769544839859009
0.8903803825378418
0.4720016121864319
0.7108012437820435
0.4471819996833801
0.6525657773017883
0.7770141363143921
0.7369900941848755
0.601887047290802
1.056030511856079
0.25346899032592773
0.48206406831741333
0.9495248794555664
0.4539097249507904
