0.4667487144470215
1.0380189418792725
1.6971420049667358
0.70384281873703
0.8823601007461548
0.3732578158378601
0.3836343288421631
0.988444447517395
0.323805034160614
0.6126834154129028
0.3936290144920349
0.7562121748924255
0.6799854636192322
0.6771935224533081
0.503497302532196
0.4884876608848572
0.3544926941394806
0.4476190507411957
0.6311758756637573
0.5199605226516724
0.9514980316162109
0.31275326013565063
0.5211682319641113
0.6640486717224121
0.39970043301582336
0.5497657060623169
0.41409119963645935
0.6004274487495422
0.4222806990146637
0.4647825360298157
0.2910963296890259
0.47219887375831604
0.6253989934921265
0.4887598156929016
0.7463521957397461
0.5040334463119507
0.6510254740715027
1.5217334032058716
0.324358195066452
0.6357421875
1.0946791172027588
0.7028768062591553
0.541831374168396
0.25865277647972107
0.4415563642978668
1.2253471612930298
0.5471927523612976
0.5918418765068054
0.6754855513572693
1.2753245830535889
0.6695287227630615
0.4562808871269226
0.44009503722190857
0.6629858016967773
0.5910802483558655
1.268510103225708
1.0377429723739624
0.5073671936988831
0.5658265948295593
0.6740918159484863
0.4955825209617615
0.31556186079978943
0.6794613003730774
0.7433241605758667
0.561212420463562
0.6825375556945801
0.4911349415779114
0.5568100810050964
0.6702314615249634
0.371291846036911
0.6766781806945801
0.3876298666000366
0.773236870765686
0.6368870139122009
0.8353937268257141
0.6079500913619995
0.8049982190132141
0.6961086988449097
0.853287398815155
0.9122476577758789
0.6428794264793396
0.6395559906959534
0.5128806233406067
0.5221808552742004
0.6021625399589539
0.5900901556015015
0.42386865615844727
0.5682755708694458
0.4294970631599426
0.880921483039856
0.6637229323387146
0.7828401327133179
0.351278156042099
0.4000174403190613
0.7862483263015747
1.331852912902832
0.8044284582138062
0.33030766248703003
0.44859838485717773
0.5573458075523376
0.7156645059585571
0.6314018368721008
0.9670724868774414
0.7027249932289124
0.37372347712516785
0.772727906703949
0.5909916758537292
0.4744596481323242
0.6264871954917908
0.5648544430732727
0.5670680999755859
0.5626071691513062
0.6501797437667847
0.9995216131210327
0.39369553327560425
0.509395182132721
0.515136182308197
0.7447496652603149
0.8371661901473999
1.055787444114685
0.5693778395652771
0.603165864944458
0.7522870898246765
0.3795516788959503
0.5744341015815735
0.47354620695114136
1.3895065784454346
0.4827238619327545
0.3984591066837311
1.067674994468689
0.5949094891548157
0.6304770112037659
0.488811194896698
0.6476625800132751
0.49196797609329224
0.42559614777565
1.4998829364776611
0.24407847225666046
0.4377995431423187
0.5408941507339478
0.5409654378890991
0.6561486721038818
0.6233709454536438
0.7051684260368347
0.7899625301361084
0.42401546239852905
0.6410669088363647
1.1482454538345337
0.31392592191696167
0.35493865609169006
0.6380971074104309
0.8644193410873413
0.578267514705658
0.3888586461544037
0.6252894401550293
0.5858460664749146
0.716201901435852
0.3660964369773865
1.2477163076400757
0.6750179529190063
1.1202423572540283
0.38585424423217773
0.6772246956825256
0.5984407663345337
0.6080366969108582
0.5568246245384216
0.6846411824226379
0.8443582653999329
0.8824464082717896
0.7019433975219727
0.5857707858085632
0.8152168989181519
0.5599714517593384
0.33827924728393555
0.23899266123771667
0.6635161638259888
0.5257977247238159
0.6717385053634644
0.9875656366348267
0.8669337034225464
0.7077226042747498
0.8073284029960632
1.0051748752593994
0.38482868671417236
0.740705668926239
0.8138507604598999
0.44535818696022034
0.5633385181427002
0.9762223362922668
0.9646716117858887
0.7751923203468323
0.36466649174690247
0.7096050977706909
0.8051263689994812
0.6697748899459839
0.8644731640815735
0.5001569390296936
0.4797001779079437
0.7570449113845825
0.565571129322052
0.5447814464569092
0.7244334816932678
0.477862685918808
0.6046018004417419
0.5503101348876953
0.3719322681427002
0.41847601532936096
0.6636717319488525
1.3984190225601196
0.8028663396835327
0.568084180355072
0.39974069595336914
0.5575156211853027
0.5230365991592407
0.902382493019104
0.5255351066589355
0.3931546211242676
0.29392215609550476
0.518968403339386
0.8837936520576477
0.7476269602775574
0.5037883520126343
0.40863171219825745
0.604610800743103
0.9258864521980286
0.5035768151283264
0.6047784090042114
0.877297043800354
0.7051904797554016
0.4505484104156494
1.0099327564239502
0.5907406210899353
0.45194974541664124
0.48747292160987854
1.5355656147003174
0.9360424280166626
0.5547638535499573
0.6230820417404175
0.5156332850456238
0.688664972782135
0.5124488472938538
0.36902111768722534
0.5027479529380798
0.45283836126327515
0.3899906873703003
0.5817661285400391
0.45466509461402893
0.4960730969905853
0.3592621982097626
0.9342561960220337
0.3952513635158539
0.606852114200592
0.4353903830051422
0.5390087366104126
0.46154531836509705
0.5477163195610046
0.5099374055862427
0.40961164236068726
0.4290957450866699
1.5058175325393677
0.65861976146698
0.48301663994789124
0.5887421369552612
0.6253822445869446
0.5617167353630066
0.452949583530426
0.9721306562423706
0.521208643913269
0.935917854309082
0.7673863768577576
0.5364995002746582
0.5074405074119568
0.8305624127388
0.2895539402961731
0.22423377633094788
0.6037144064903259
0.40573596954345703
0.3608003556728363
0.5716336369514465
1.038137674331665
0.8310452699661255
0.3402579128742218
0.3667703866958618
0.7876340746879578
0.28932279348373413
0.26494115591049194
0.5489102602005005
0.6436625719070435
0.6349972486495972
0.8363634347915649
0.26320070028305054
0.771510124206543
0.7312700152397156
0.6548741459846497
0.522637128829956
0.6295822858810425
0.4682961106300354
0.6104055047035217
0.9103193283081055
0.5101721286773682
0.7841069102287292
0.38180026412010193
0.7594296336174011
0.9108421206474304
0.935751736164093
0.26939791440963745
0.2031848430633545
0.6760881543159485
0.9887140989303589
0.3396950364112854
0.5008004903793335
0.8115125894546509
0.7809179425239563
0.4800181984901428
0.5870175957679749
0.6953924298286438
0.6775252819061279
0.5434494018554688
1.066194772720337
0.27900683879852295
0.263437956571579
2.1444575786590576
0.4509415030479431
0.7914401888847351
0.6181313991546631
0.6559598445892334
0.5044378042221069
0.7931643128395081
0.5219522714614868
0.6659959554672241
0.37461337447166443
0.5311169624328613
0.4258665144443512
0.5978051424026489
0.687091052532196
0.47134289145469666
0.5203317403793335
1.8214083909988403
