0.6604371666908264
0.29434165358543396
0.669813334941864
0.7982146739959717
0.8183404803276062
0.5330830812454224
0.4685747027397156
0.5614451169967651
0.38970741629600525
0.4246431291103363
0.5008203387260437
0.986248791217804
0.5284186601638794
0.7235292792320251
0.7126739621162415
0.7081658244132996
1.635401964187622
0.4863582253456116
0.42175230383872986
0.3976246118545532
0.4216744303703308
0.32607609033584595
0.8235317468643188
0.4919555187225342
0.8592149615287781
0.5412285327911377
0.3247860074043274
0.41009312868118286
0.8779956698417664
0.8048725128173828
0.9932700991630554
0.42544203996658325
0.794426441192627
0.5492976903915405
0.5330674052238464
0.6242386102676392
0.5540817975997925
0.5775967836380005
0.7563828229904175
0.2749596834182739
0.6056750416755676
0.4855462908744812
0.8427584767341614
0.6118782758712769
0.5670403838157654
0.5222864747047424
0.7525759935379028
0.806367039680481
0.7288899421691895
0.4439730644226074
0.4009072184562683
0.6729379892349243
0.4394398331642151
0.4862704873085022
0.8292147517204285
0.8385049104690552
0.496222585439682
0.4670652747154236
0.45240622758865356
0.6361719369888306
0.775028645992279
0.5640956163406372
0.70225989818573
0.5753086805343628
0.9023914337158203
0.4154261648654938
0.6569132804870605
0.475515216588974
1.0921897888183594
1.0912717580795288
0.8397777676582336
0.8615705370903015
0.5660569071769714
0.51646888256073
0.5830880403518677
0.727321982383728
0.43697389960289
0.757236659526825
0.3700675368309021
0.5088614225387573
0.31579914689064026
0.6069751977920532
0.5603500604629517
0.631905198097229
0.29301926493644714
0.5191426277160645
0.8909805417060852
0.5131852030754089
0.6577558517456055
0.4721435606479645
0.735432505607605
0.4660433828830719
0.44735661149024963
0.9013334512710571
0.49737462401390076
0.29092222452163696
0.582148551940918
1.2618391513824463
0.5190080404281616
0.36696088314056396
0.5300465822219849
0.3750678300857544
0.3196631073951721
1.1196558475494385
0.4153444766998291
0.5341915488243103
0.6735280752182007
0.8961794972419739
0.5600913763046265
0.3961502015590668
0.5493103265762329
1.1044423580169678
0.9180636405944824
0.3879837691783905
0.6844601631164551
0.4880158305168152
0.3481639325618744
0.5306870341300964
0.8193106651306152
0.5175595283508301
0.5040370225906372
0.7985062599182129
0.9263715744018555
0.5203086733818054
0.8040669560432434
0.6292871236801147
0.36264532804489136
0.4375120997428894
0.5592681169509888
0.6149916648864746
0.8647931814193726
0.6308084726333618
0.7959771752357483
0.4923100471496582
0.5820801854133606
0.5228047370910645
0.7498155236244202
0.7774794697761536
0.7165542840957642
0.4162460267543793
0.4362470507621765
0.7861126661300659
0.41091328859329224
0.5762921571731567
0.7315173149108887
0.697402834892273
1.0248000621795654
0.41676148772239685
0.2905149459838867
0.5726165771484375
0.2706358730792999
0.6711021065711975
0.37690460681915283
0.5879673957824707
1.0563205480575562
0.2728176712989807
0.640612781047821
0.3525126576423645
0.432547390460968
0.586061418056488
0.6386156678199768
0.6971670389175415
0.36441805958747864
0.8443247675895691
0.9053179621696472
0.6871251463890076
0.2917494475841522
0.6138642430305481
0.5117088556289673
0.5094372034072876
0.5271198153495789
0.43434157967567444
0.8137010335922241
0.5122452974319458
0.30563658475875854
0.4437623918056488
0.5253439545631409
0.6171311736106873
0.4947632849216461
0.5351047515869141
0.43153852224349976
0.21779687702655792
0.7045733332633972
0.6460365056991577
0.7996206283569336
0.4016956388950348
1.1034363508224487
0.3296155631542206
0.46046462655067444
0.4647604525089264
0.5500108599662781
0.9147919416427612
0.8768154382705688
0.4456873834133148
0.2834751009941101
0.7486253976821899
0.30133214592933655
0.6156286597251892
0.465691477060318
0.7446292638778687
0.5936575531959534
0.5312023162841797
0.6367256045341492
0.41524964570999146
0.5251612663269043
0.6604942083358765
0.7375918626785278
0.42148900032043457
0.6213989853858948
0.785017192363739
0.6604287028312683
0.6227970123291016
0.5536754727363586
0.4186429977416992
0.4068617820739746
1.4560896158218384
0.5188417434692383
0.49025407433509827
0.48957523703575134
0.6030470132827759
0.41232529282569885
1.8327137231826782
0.26942211389541626
0.6618189215660095
1.1442129611968994
0.49625229835510254
0.5110783576965332
0.6049151420593262
0.6858834028244019
0.3145867884159088
0.5598906874656677
0.7136648893356323
0.5094092488288879
0.6144956946372986
0.5127889513969421
0.6446149349212646
0.7175291776657104
0.6592949628829956
0.7141500115394592
0.8125532269477844
0.45385676622390747
0.5519402623176575
0.5761355757713318
0.3414977788925171
0.3845560550689697
0.45845192670822144
0.509909987449646
0.7396425008773804
0.3414880335330963
0.42574867606163025
0.3878900408744812
0.9762226343154907
0.5649644136428833
0.5005016922950745
0.7570376992225647
0.6130856871604919
0.6387824416160583
0.6804414391517639
0.2660455107688904
0.4244897961616516
0.5745790600776672
0.8331747055053711
0.5409133434295654
0.7052809000015259
0.3351730704307556
0.5971189737319946
0.6128325462341309
1.3305675983428955
0.31950780749320984
0.6831120252609253
0.7205772995948792
1.3319406509399414
0.5947968363761902
0.2990923523902893
0.6397229433059692
0.40798884630203247
0.808574378490448
0.5650679469108582
0.6547080278396606
0.3841686546802521
0.6934607625007629
0.40914154052734375
0.678381085395813
0.3914278745651245
0.33001071214675903
0.4424934387207031
0.4336779713630676
0.6829638481140137
0.3572426438331604
1.025104284286499
0.5131216645240784
0.3580099642276764
0.5608280301094055
0.47081953287124634
0.6417418122291565
0.7003006339073181
0.7543849945068359
0.5199392437934875
0.397621214389801
0.38017767667770386
0.8497316241264343
0.24365465342998505
0.5060152411460876
0.9125123023986816
0.7040289640426636
0.7905458211898804
0.717894434928894
0.9501510858535767
0.7130261659622192
1.035550594329834
0.6880682706832886
0.46146225929260254
0.5253918170928955
0.6150327920913696
0.5705095529556274
0.33584073185920715
0.45566707849502563
0.7986951470375061
0.522812008857727
0.77378910779953
0.7498713731765747
0.7093087434768677
1.048337697982788
0.7018452286720276
0.30893591046333313
0.7130020260810852
0.4074784219264984
0.4813891351222992
0.6244160532951355
0.5251601338386536
0.4380299150943756
0.46454691886901855
0.6264299750328064
0.6220327615737915
0.7036495208740234
0.2228221446275711
0.5534027218818665
1.4936556816101074
