1.0133552551269531
0.8315460085868835
1.1005865335464478
0.5554251670837402
0.7952159643173218
0.844879150390625
0.8355779647827148
0.694891631603241
0.9147543907165527
0.642676591873169
0.7380277514457703
0.8032035827636719
0.6970733404159546
0.698733925819397
0.7936239242553711
1.0392420291900635
0.6819508671760559
0.7850950956344604
1.0994006395339966
0.7770510911941528
0.8322332501411438
0.7587772607803345
0.9955007433891296
0.7643882632255554
0.7901873588562012
1.1667827367782593
0.8911066055297852
0.6399886012077332
0.7603904604911804
0.8005364537239075
1.7563596963882446
0.4980906546115875
0.7400282025337219
0.6363590359687805
1.0040255784988403
1.0284624099731445
1.232928991317749
0.9508040547370911
0.8128564953804016
0.7536253333091736
0.7812938690185547
1.0568218231201172
0.966650664806366
1.0008952617645264
0.7225784659385681
1.0983850955963135
1.0769555568695068
1.0196954011917114
0.6791241765022278
0.9103567004203796
1.295005440711975
0.665922999382019
0.6581271290779114
0.6016136407852173
0.8135798573493958
0.715415894985199
0.7516205310821533
1.1937642097473145
0.796582818031311
0.7289642095565796
1.0576789379119873
1.0671436786651611
0.6067481637001038
0.8616212606430054
0.8104362487792969
0.9092439413070679
1.0968514680862427
0.8560377359390259
0.5874266028404236
0.7822641134262085
1.0923908948898315
1.788661003112793
0.8151459693908691
0.8200322389602661
1.288902759552002
0.5568169355392456
0.7081353664398193
0.7348207831382751
0.8586735725402832
0.804236888885498
0.7707637548446655
0.8062139749526978
0.692467987537384
0.9296070337295532
0.7086827158927917
0.7038246989250183
0.7492403388023376
0.6179162263870239
0.9529162645339966
0.6026069521903992
1.0477540493011475
1.3963191509246826
0.7252714037895203
0.9569991230964661
1.14203941822052
0.7141066193580627
1.0928865671157837
0.7973507642745972
0.7203875780105591
0.6883450746536255
0.7918835878372192
0.7740908861160278
0.6345489621162415
0.8169679641723633
0.9647644758224487
0.681303858757019
0.9568641781806946
0.7950268983840942
0.8673038482666016
0.846257209777832
1.000901222229004
0.8785486221313477
0.7990618944168091
0.5673090219497681
0.7521014213562012
0.7464110255241394
0.6598853468894958
0.7674587368965149
1.1908555030822754
0.9286664724349976
0.5105853080749512
1.1738616228103638
0.7348779439926147
1.011833906173706
0.8945725560188293
0.719717800617218
0.9097927212715149
0.7410594820976257
0.7148491740226746
0.6631008386611938
0.707170307636261
0.7882609963417053
0.9671330451965332
0.925153374671936
0.8153256177902222
0.7564536929130554
0.7134060859680176
0.9587101936340332
0.9668920636177063
0.6655260324478149
0.8142688870429993
0.9694889783859253
0.6904751658439636
0.8514496684074402
0.657217800617218
1.1058547496795654
1.1236732006072998
0.7020093202590942
0.518833339214325
0.8217137455940247
0.7315207719802856
1.2275769710540771
0.8315286636352539
0.7816188335418701
0.556555449962616
0.8730220794677734
0.8346265554428101
1.1143290996551514
0.9370375871658325
1.213651180267334
1.305798053741455
0.6785706281661987
0.8112069964408875
0.49655190110206604
0.987767219543457
1.024812936782837
0.9639711380004883
0.8697406649589539
0.6168088316917419
0.9877166748046875
0.6479348540306091
0.9666756391525269
1.0116231441497803
0.8071630597114563
0.6485261917114258
0.6594804525375366
0.8836283683776855
0.5437085032463074
1.2030075788497925
1.0586692094802856
0.9263799786567688
0.8259342312812805
0.641045331954956
0.5894457101821899
1.1734960079193115
0.6496518850326538
0.8828625679016113
0.6421037912368774
0.6093888878822327
0.7577480673789978
0.9718447923660278
0.9613136053085327
1.1045453548431396
0.9884970784187317
0.5675070285797119
0.5109027624130249
1.3570098876953125
0.8666842579841614
0.7679320573806763
0.7297244071960449
0.7923257946968079
0.6057607531547546
0.8397179841995239
1.0277780294418335
0.8164976239204407
0.8810355067253113
0.8473659753799438
0.8071856498718262
1.2912826538085938
0.6313574910163879
0.84418785572052
0.9485384821891785
0.6978908777236938
0.7350974678993225
0.5601037740707397
0.9591476321220398
0.5764132738113403
0.8093914985656738
0.7151279449462891
1.1409690380096436
1.1200382709503174
0.9212048649787903
0.8544084429740906
0.6951027512550354
0.6090030074119568
0.5870929956436157
0.9402831196784973
0.6472471952438354
0.9473358392715454
0.9512815475463867
0.6690821051597595
1.0069847106933594
0.513939380645752
0.4303792119026184
0.8013760447502136
0.9639965295791626
0.9525169134140015
0.6331621408462524
0.8094584345817566
0.6411501169204712
0.845258891582489
0.8246365785598755
0.7351778745651245
1.272385835647583
0.8665218353271484
0.595673680305481
0.9298874735832214
1.1111410856246948
1.2145130634307861
0.9014090299606323
0.6467692852020264
0.6831970810890198
0.8695885539054871
0.7670992612838745
0.9965128898620605
0.8618739247322083
1.3056082725524902
0.8620749711990356
0.7002660036087036
0.8874289393424988
0.9719602465629578
0.9034709930419922
0.7888514995574951
0.8572580218315125
0.9554198384284973
1.1733026504516602
0.6227839589118958
0.9255484342575073
0.9955695867538452
0.760454535484314
0.6181662678718567
1.0009080171585083
0.8927708864212036
0.8089861869812012
0.6081428527832031
0.8535210490226746
0.9204609990119934
0.7499992847442627
0.7231173515319824
0.8032490015029907
1.0205477476119995
0.687294065952301
0.8687028884887695
0.9474444389343262
1.4363727569580078
1.1444523334503174
0.7888709902763367
0.47619572281837463
0.985266387462616
1.273888111114502
0.4655884802341461
0.6783732175827026
0.7510005235671997
1.0502960681915283
1.098678708076477
0.7582144737243652
0.7950332760810852
0.6385312080383301
0.9163604974746704
0.9999629259109497
0.687750518321991
0.8761898875236511
0.9068552851676941
0.9275976419448853
0.5849544405937195
0.6921157836914062
0.6044575572013855
1.116779088973999
1.130540132522583
0.8490556478500366
0.45938730239868164
0.6769231557846069
0.6861079931259155
0.9961774945259094
0.9353264570236206
0.6679597496986389
1.313854694366455
1.0069212913513184
0.8098602294921875
0.7058275938034058
0.40032872557640076
0.7518371343612671
0.519914448261261
0.7915763854980469
0.6730201840400696
1.1658750772476196
0.6787363886833191
0.7523372769355774
0.9711078405380249
0.7296952605247498
1.07212233543396
0.6781550049781799
0.5518406629562378
0.8444252014160156
1.4856321811676025
0.8330318331718445
0.707838237285614
0.5777595639228821
