0.5184855461120605
0.931954026222229
0.8748308420181274
0.9151510000228882
0.5410779714584351
0.38990187644958496
0.7166301012039185
1.262033462524414
0.683931291103363
0.514599621295929
0.4932677745819092
0.6761443614959717
0.8912155032157898
0.7310203313827515
0.4268547594547272
0.6589470505714417
0.5102494359016418
0.5441821217536926
1.1456196308135986
0.5518245697021484
1.026983380317688
0.49382442235946655
0.6500245332717896
0.6793379783630371
0.8091022372245789
0.5784091949462891
0.5657628178596497
0.7624903917312622
0.8966261148452759
0.6779850125312805
0.5788885951042175
1.66011643409729
0.7016838192939758
0.6184557676315308
0.635263204574585
0.6255005598068237
0.47036582231521606
1.0656880140304565
0.7471720576286316
0.6933121681213379
0.723090648651123
0.7013270854949951
0.6901535987854004
0.5284839868545532
0.5946980714797974
0.5064848065376282
1.1345205307006836
0.6409193277359009
0.6537117958068848
0.6960009932518005
0.6482376456260681
0.7220355272293091
0.6915181875228882
0.7822664380073547
0.9379972219467163
0.6164548397064209
0.555557131767273
0.8201740980148315
0.30595117807388306
0.35794514417648315
1.5293753147125244
0.7225118279457092
0.39278703927993774
0.8023744821548462
0.39455971121788025
0.5936208963394165
0.5173255205154419
0.29202255606651306
0.7332476377487183
1.0035715103149414
0.8878574371337891
0.32121962308883667
0.33928513526916504
0.7700060606002808
0.7631579041481018
0.47389698028564453
0.5222098231315613
0.4578782916069031
0.4538783133029938
0.33746016025543213
0.48523855209350586
0.5566352605819702
0.3888096213340759
0.6500522494316101
0.48959407210350037
0.3602901101112366
1.300337553024292
0.2805214822292328
0.5955274105072021
1.067449927330017
0.5439064502716064
0.4177101254463196
0.4730454087257385
0.7644963264465332
0.8208451271057129
0.6172706484794617
0.8323180079460144
1.1500794887542725
0.39731940627098083
0.6266337633132935
0.921844482421875
0.6302045583724976
0.2127874791622162
0.6106842756271362
0.5086835026741028
0.48834744095802307
0.8489261865615845
0.7054101228713989
0.5762718915939331
0.7765228748321533
0.9754928350448608
0.536779522895813
0.44300898909568787
0.5380034446716309
0.44221964478492737
0.7544987797737122
0.590492844581604
0.5225731730461121
0.8532367944717407
0.4642156660556793
0.9323051571846008
0.8033422231674194
0.4356768727302551
0.41500338912010193
0.7845988273620605
0.5595700740814209
0.44670549035072327
1.0566656589508057
0.8721952438354492
0.8922834396362305
0.9006174206733704
0.29119768738746643
0.6755809783935547
0.6143515706062317
0.8254932165145874
0.538025975227356
0.6354305744171143
0.4579189717769623
0.5552577972412109
0.8108137249946594
0.6364123225212097
0.7563778162002563
0.45079511404037476
0.39872875809669495
0.4182657301425934
0.2905145287513733
0.5591548681259155
0.3411509692668915
0.5821477174758911
0.8771356344223022
0.5075988173484802
0.7281244397163391
0.3400988280773163
0.564726710319519
0.5816690325737
0.8288737535476685
0.7783048152923584
1.0812633037567139
0.8984740376472473
0.7020745277404785
0.5600529909133911
0.4164239764213562
0.26918476819992065
0.7715286016464233
0.3133777678012848
0.27812013030052185
0.5100888013839722
0.34559330344200134
0.6646029949188232
0.44142284989356995
0.7133309245109558
0.7938293814659119
0.3360438346862793
0.817588210105896
0.5979788899421692
0.523755669593811
0.31372660398483276
0.4484933912754059
0.7179857492446899
0.9516133069992065
0.6317512392997742
0.7209377884864807
0.42437276244163513
0.6554750800132751
0.29698386788368225
0.42738643288612366
0.9585840106010437
0.5894227027893066
0.5265663862228394
0.38842126727104187
0.7960728406906128
0.3636881709098816
0.42122212052345276
0.30252891778945923
0.4254468083381653
0.6157019138336182
0.5245393514633179
0.2875780165195465
0.84088134765625
0.2878274917602539
1.0688002109527588
0.7848460078239441
0.6397252082824707
0.28414055705070496
0.677535355091095
1.0673344135284424
0.8566357493400574
0.414010614156723
0.3575868010520935
0.8091991543769836
0.4595751166343689
0.4517447352409363
0.4777139127254486
0.40582212805747986
1.0233148336410522
0.8297708630561829
0.5974602699279785
0.2729717195034027
0.6669294238090515
1.9806444644927979
0.23511457443237305
0.3836798071861267
0.6213406324386597
1.2369201183319092
0.5419068336486816
0.5656229257583618
0.4887515902519226
0.3954541087150574
0.41385921835899353
0.544791042804718
0.3528505563735962
0.38956934213638306
0.6513548493385315
0.45475301146507263
0.4217585027217865
0.3759610652923584
0.5967327356338501
0.5592560768127441
0.5245229601860046
0.3737751543521881
0.6302276253700256
1.4758585691452026
0.5750929713249207
0.4769723415374756
0.8018792867660522
0.567733645439148
0.7210680842399597
0.5152587890625
0.6002707481384277
0.47115617990493774
0.3292226195335388
0.5338975787162781
0.19904373586177826
0.5746670961380005
0.3957110047340393
0.812397301197052
0.6342099905014038
0.3094598948955536
0.4040801525115967
1.04158353805542
0.2270679473876953
0.32004135847091675
0.2412634640932083
0.2741284966468811
0.39164435863494873
0.9269886016845703
1.1223812103271484
0.48874393105506897
0.4688205122947693
0.42173489928245544
1.0895580053329468
0.7995771169662476
0.31764793395996094
0.5838199853897095
0.6234959363937378
0.8119074106216431
0.7143880128860474
0.35445040464401245
0.49552518129348755
0.944536030292511
0.5159448385238647
0.8197526931762695
0.3455110788345337
0.7704111337661743
0.5504568219184875
1.6262199878692627
0.838068962097168
0.6912580728530884
0.9181782007217407
0.728912889957428
0.3028549551963806
0.7740090489387512
0.643660843372345
0.5401909947395325
0.4257441461086273
1.0422476530075073
0.8098852038383484
0.8802487254142761
0.6544222831726074
0.6060087084770203
0.5815251469612122
0.7505538463592529
0.2878386378288269
0.9409521818161011
0.3038240075111389
0.5062077045440674
0.885810375213623
0.5570803880691528
0.5152271389961243
0.5210753679275513
0.5004791617393494
0.3529212772846222
0.3806303143501282
0.7364972829818726
0.634109616279602
0.6266230940818787
0.6127842664718628
0.7028144598007202
0.3734104037284851
0.6449567675590515
0.7949382066726685
0.5221642255783081
0.6810928583145142
0.5001577138900757
0.27147290110588074
0.8950427174568176
0.2672913670539856
0.8226000070571899
0.5730933547019958
1.0714257955551147
0.6728059649467468
0.6703265905380249
0.8467671275138855
0.573194146156311
0.5217458605766296
1.253111720085144
0.4604184031486511
1.1418026685714722
