0.40027016401290894
0.9233037829399109
0.5928016304969788
0.6953428983688354
0.29397326707839966
0.5748335123062134
0.7133046388626099
0.46540942788124084
0.8540774583816528
0.3370632529258728
0.6260000467300415
1.008125901222229
0.536683201789856
0.998245358467102
0.8842490315437317
0.3923446536064148
1.1720207929611206
1.1083489656448364
0.6439526081085205
0.27564629912376404
0.6711331605911255
0.48821187019348145
0.5335615277290344
0.7669169306755066
0.7221859097480774
0.4282364845275879
0.6610397100448608
0.9415279626846313
0.5879570841789246
0.39452508091926575
0.5157044529914856
0.9054878950119019
0.5246661901473999
0.43281763792037964
0.8358551859855652
0.6636272668838501
0.6005069613456726
0.5415384769439697
0.7466851472854614
0.4445289075374603
0.5763073563575745
0.5596656799316406
1.2039021253585815
0.46764880418777466
0.3808611035346985
0.5187452435493469
0.5488651990890503
0.5736722946166992
0.39895278215408325
0.5267245173454285
0.5905355215072632
0.5036753416061401
0.42059144377708435
1.3468629121780396
0.47341281175613403
0.9886053800582886
0.6509260535240173
0.3925967812538147
0.46400460600852966
0.6048475503921509
0.8071631193161011
0.9531248807907104
0.2990318834781647
0.929885745048523
0.5040332078933716
0.7674617171287537
0.5235005021095276
0.6259685754776001
0.4215802550315857
0.4635387063026428
0.9101865887641907
0.5767014622688293
0.416898638010025
0.5452691316604614
0.45312362909317017
0.790736973285675
0.7891110777854919
0.888537585735321
0.20100080966949463
0.8616746664047241
0.7982291579246521
0.8043296933174133
0.5386863946914673
0.4192103445529938
0.37249064445495605
0.6487937569618225
0.7128201723098755
0.5132882595062256
0.48782792687416077
0.3506293296813965
0.4911291003227234
0.47028103470802307
0.9640421867370605
0.35977086424827576
0.3459705710411072
0.7131145000457764
0.8239009976387024
0.851931095123291
1.6982980966567993
0.29921627044677734
0.6853277683258057
0.3906228542327881
0.5557686686515808
0.8322537541389465
1.3886603116989136
0.7888232469558716
1.0241796970367432
0.8567386865615845
0.5824115872383118
0.6865071058273315
0.6293973922729492
0.40385040640830994
0.7631567716598511
0.5102945566177368
0.6761292219161987
0.6856288909912109
0.6506244540214539
0.5852323174476624
0.30084797739982605
0.4432925283908844
0.7349855899810791
0.5486332178115845
0.628325343132019
0.26562947034835815
0.3926445245742798
0.6585384011268616
1.3640930652618408
0.6962960958480835
0.514307975769043
0.5737133026123047
0.7262837290763855
0.313728004693985
0.6403270363807678
0.6849944591522217
0.5550457835197449
0.6459511518478394
0.6741262078285217
0.641683042049408
0.7261571884155273
0.6254221796989441
0.4180258810520172
0.5899674296379089
0.7744742035865784
0.39763158559799194
0.5156571865081787
0.510777473449707
0.5419176816940308
0.3685641288757324
0.7342928647994995
0.5459737777709961
0.9312370419502258
0.68498694896698
0.3475664258003235
0.7164449691772461
0.2396843433380127
0.5545156598091125
0.5345199108123779
0.9204376935958862
0.8858579397201538
0.6375683546066284
0.9263256788253784
0.424203097820282
0.2950257658958435
0.6990787386894226
0.3362296521663666
0.9117534756660461
0.43096885085105896
0.7550710439682007
0.5433789491653442
1.2572495937347412
1.0666534900665283
0.387722909450531
0.7923082113265991
0.5326666831970215
0.5306675434112549
0.7278026342391968
0.7619697451591492
0.59214848279953
1.2641541957855225
0.6205965876579285
1.0301238298416138
0.7345496416091919
0.6001370549201965
0.4297049641609192
0.3502418100833893
0.9917351007461548
0.6159798502922058
0.3491904139518738
0.4411528706550598
0.5354340672492981
0.4427879750728607
0.9288181066513062
1.010552167892456
0.5524446368217468
0.42251938581466675
0.6860517263412476
0.4215800166130066
0.7585460543632507
0.6388984322547913
0.3363586366176605
1.047447919845581
0.271422803401947
0.9640424847602844
0.4234786033630371
0.8821169137954712
0.5266558527946472
0.5345488786697388
0.38647833466529846
0.3900422751903534
0.5577481985092163
0.752190351486206
0.36209800839424133
0.7126427888870239
0.4043869972229004
0.5055575370788574
0.4284682273864746
0.44479402899742126
0.546786367893219
0.7646661996841431
0.9116978645324707
0.41801413893699646
0.5604885220527649
0.2903985381126404
0.8492693901062012
0.8667308688163757
0.40539759397506714
0.5039099454879761
0.9983614683151245
0.33287686109542847
0.5616616010665894
0.6454563736915588
0.46435967087745667
0.5351918935775757
0.4069353938102722
0.6664906144142151
0.6080182790756226
0.750812292098999
0.7395573258399963
0.30923277139663696
0.5168412327766418
0.7159832119941711
0.4891737103462219
0.6686078906059265
0.45525503158569336
0.45736151933670044
0.5139459371566772
0.6969814896583557
0.5466743111610413
0.779582679271698
1.0374515056610107
0.788912296295166
0.4286949038505554
0.6601939797401428
0.6663385629653931
0.7493318319320679
0.6939935684204102
0.7117732763290405
0.7679927349090576
0.3058087229728699
0.6665515899658203
0.29580146074295044
0.28434285521507263
0.4709584712982178
0.7436747550964355
0.7599689960479736
1.1397392749786377
0.6668692827224731
0.39377060532569885
1.1073474884033203
0.5933983325958252
0.45997723937034607
0.5243608355522156
0.8229414224624634
0.5664084553718567
0.6319425106048584
0.5699198842048645
0.6142419576644897
0.35820111632347107
0.4839596748352051
0.9223834276199341
0.4574565291404724
0.45360833406448364
0.43167877197265625
0.5102263689041138
0.9159969091415405
0.49546298384666443
0.8160719871520996
0.4775319993495941
0.5604973435401917
0.35143768787384033
0.8369183540344238
0.6389223337173462
0.5642625689506531
0.5400211215019226
0.8614423871040344
0.6657323837280273
0.5129783749580383
0.4372556805610657
0.6326237916946411
0.6138149499893188
0.5599300265312195
0.48712271451950073
0.24543491005897522
0.7146080732345581
0.47673243284225464
0.4404441714286804
1.2580687999725342
0.5616856217384338
0.6860395669937134
0.7378305196762085
0.5376653671264648
0.5323491096496582
0.9733684659004211
0.6563718318939209
0.7924945950508118
0.5228575468063354
0.34048113226890564
0.4662938117980957
0.8392210006713867
0.45331239700317383
0.5097209215164185
0.5515201687812805
0.8443852663040161
1.3769299983978271
0.5564091801643372
0.5165586471557617
0.518551766872406
0.7587977051734924
0.5813418030738831
0.6316026449203491
0.358473539352417
0.46941208839416504
0.4506226181983948
0.531830906867981
0.7593401670455933
0.8698315620422363
0.9291505813598633
0.9505844116210938
