0.9461948275566101
0.639944851398468
0.5636619925498962
0.22694723308086395
0.9100054502487183
0.6689126491546631
0.78475421667099
0.4871761202812195
0.8953882455825806
0.32230716943740845
0.6851829290390015
0.5804023742675781
0.4220016598701477
0.631510853767395
1.006928563117981
0.879594624042511
0.9854611158370972
0.7380906343460083
0.6019243001937866
0.48033732175827026
0.6091249585151672
0.9698877334594727
0.5736275911331177
0.7485617995262146
0.4223003387451172
0.5979283452033997
0.6701185703277588
0.5855112075805664
0.33324944972991943
0.5933472514152527
0.5687544941902161
0.6845166683197021
0.5456293821334839
1.0679116249084473
0.5723110437393188
0.6726900339126587
0.36229145526885986
0.4589250683784485
0.9194470643997192
0.47848430275917053
0.22326485812664032
0.8376830816268921
0.7480915188789368
0.4724269509315491
0.6414579153060913
0.526232123374939
0.3883063495159149
0.6348984241485596
0.324348121881485
0.8611528277397156
0.34218090772628784
0.435407817363739
0.9367485046386719
0.47427359223365784
0.9757840037345886
0.8895681500434875
0.5177028775215149
0.46562662720680237
0.4071846604347229
0.7687827348709106
0.23468391597270966
0.5206022262573242
0.5974439382553101
0.7232226729393005
0.40074461698532104
0.33958396315574646
1.083021879196167
0.5796222686767578
0.5283273458480835
0.33016228675842285
0.518314003944397
0.5239986777305603
0.7520560622215271
0.6803920865058899
0.3184743821620941
0.7771683931350708
0.45268678665161133
0.4021589159965515
0.5615746974945068
0.6678104400634766
0.5814357995986938
0.7889126539230347
0.6358047127723694
0.6688620448112488
0.28438600897789
0.7932111024856567
0.5377914309501648
0.3435823619365692
0.3326922059059143
0.26441627740859985
0.35334643721580505
0.6263192892074585
0.7068108320236206
0.36270636320114136
0.6567140817642212
0.7231767773628235
0.47839537262916565
0.5797604918479919
0.4814634323120117
0.2961196005344391
0.3353921175003052
0.42632293701171875
0.5122708678245544
0.3433395326137543
0.39942485094070435
0.3614550232887268
0.9836427569389343
0.6905028223991394
0.3706014156341553
0.9385821223258972
0.5628893971443176
0.3508770763874054
0.6009129285812378
0.18539778888225555
0.8509146571159363
0.5626474618911743
0.2715913653373718
0.683154284954071
0.42045313119888306
0.7934789657592773
0.7090858817100525
0.46252545714378357
0.7298294305801392
0.7081228494644165
0.5881242752075195
0.509842574596405
0.4057547152042389
0.3814585208892822
0.30144691467285156
0.7035212516784668
0.7959893941879272
0.6458519697189331
0.45317667722702026
0.6452983021736145
0.49438732862472534
0.5269569754600525
0.9426227807998657
0.6478516459465027
1.209394097328186
0.596399188041687
0.8305028080940247
0.3864661455154419
0.6181665658950806
1.1098926067352295
0.547685980796814
0.5415660738945007
0.5446993112564087
0.5027867555618286
0.5712472200393677
0.3436562716960907
0.35169336199760437
0.7280271053314209
0.9685240983963013
0.8776086568832397
1.244652509689331
0.48838478326797485
0.2599848508834839
0.7525460124015808
0.9905012249946594
0.5380227565765381
1.0548064708709717
0.2393246591091156
0.7848919034004211
0.2917513847351074
0.518206775188446
0.5058773159980774
0.922070324420929
0.7648059725761414
0.7975690960884094
1.1929328441619873
0.6478592157363892
0.42265939712524414
0.33194616436958313
0.6358281970024109
0.48964840173721313
0.479682594537735
0.6208606362342834
0.8118577003479004
0.44321584701538086
0.3025783598423004
0.6914262771606445
0.46402254700660706
0.5377354621887207
0.19651664793491364
0.41866835951805115
0.6495627164840698
1.0178310871124268
0.6493673920631409
0.5943683385848999
0.47510528564453125
0.6820632219314575
0.8738735318183899
0.6628178358078003
0.31189197301864624
0.8586433529853821
0.623797595500946
0.6692270636558533
0.564915657043457
0.38905391097068787
0.8081714510917664
1.0321801900863647
0.5101652145385742
0.6804295778274536
0.5354686975479126
0.931595504283905
0.8715078234672546
0.30334070324897766
0.5665554404258728
0.8372106552124023
0.5546590685844421
0.6703330874443054
0.5954233407974243
0.5900297164916992
0.5172544717788696
0.4913691580295563
0.4394128918647766
0.975553035736084
0.37139958143234253
1.2743850946426392
0.7747349739074707
0.4782332479953766
0.8261119723320007
0.21063821017742157
0.5052043199539185
0.6477597951889038
0.4677702486515045
0.24448618292808533
1.1549906730651855
0.4583989977836609
0.8430512547492981
0.33055049180984497
0.5715463757514954
0.7033809423446655
0.9874804615974426
0.5009021759033203
0.5846977233886719
1.271968126296997
0.9244977831840515
1.423944354057312
0.21259908378124237
0.5403639078140259
0.6072629690170288
0.6106991171836853
0.2534552812576294
0.31092193722724915
0.5725550055503845
0.44709739089012146
0.4873632490634918
0.39223283529281616
0.458012193441391
0.5964844822883606
0.3511807918548584
0.36811792850494385
0.330649197101593
0.7349706888198853
0.5084201693534851
0.5292292237281799
0.6010217666625977
0.48118796944618225
0.5349072217941284
0.6595741510391235
0.5444985628128052
0.3336823880672455
0.7008029818534851
1.0030208826065063
0.5076015591621399
0.293709933757782
0.7363117933273315
0.38195210695266724
0.443551242351532
0.8729960322380066
0.5731774568557739
0.6792157888412476
0.9338275790214539
0.5158700942993164
0.27786654233932495
0.5602799654006958
0.8041784167289734
0.6848591566085815
0.6356000900268555
0.39625081419944763
0.2559888958930969
0.7850672006607056
0.2985977828502655
0.5148828029632568
0.8786705732345581
0.28408923745155334
0.6843506097793579
0.571172833442688
0.3891375660896301
0.5443940758705139
0.2724352478981018
0.564543604850769
0.6599221229553223
1.1465957164764404
0.7430270910263062
0.6567255258560181
0.5868351459503174
0.4345511794090271
0.5781592130661011
0.3423776626586914
0.43587684631347656
0.2342725247144699
0.6540836691856384
0.7747272253036499
0.6776522397994995
0.6286110281944275
1.2327569723129272
0.365166038274765
0.732893168926239
0.5430325269699097
0.5040057897567749
0.3334786295890808
0.6306214332580566
0.636624276638031
0.39886245131492615
0.743805468082428
0.8913000822067261
0.4098173975944519
0.5193619728088379
0.26068246364593506
0.7437961101531982
0.9322724342346191
0.4445422291755676
0.4476984441280365
0.41964274644851685
0.45451584458351135
0.5512860417366028
0.7878739833831787
0.892039954662323
0.44274792075157166
0.7269371151924133
0.3745509386062622
1.003456950187683
0.5018754601478577
0.6056953072547913
0.45047932863235474
2.2423040866851807
