0.9560085535049438
0.4604083001613617
0.8446151614189148
0.5446738004684448
0.6610604524612427
1.2741245031356812
0.8484793901443481
0.5976251363754272
0.2557139992713928
0.48396414518356323
0.7941170930862427
0.7899046540260315
0.5067201256752014
0.6788594126701355
0.6426903605461121
0.33867886662483215
0.9941022992134094
0.8880337476730347
0.9290321469306946
0.6087287664413452
0.3926750719547272
0.5366499423980713
0.5909186005592346
0.6560746431350708
0.5026131272315979
0.3648645281791687
0.3062724471092224
0.6063295602798462
0.7560965418815613
0.5751045346260071
0.6205267906188965
0.3949766755104065
0.347040593624115
0.5599051117897034
0.32122379541397095
0.7448927760124207
0.6471241116523743
0.5057223439216614
0.39660361409187317
0.3468398153781891
0.6122689247131348
1.1643731594085693
0.3108808398246765
0.2947824001312256
0.9085756540298462
0.3582068383693695
0.7228957414627075
0.7560260891914368
0.5066291689872742
0.4524145722389221
0.7294360995292664
0.5991256237030029
0.7318832874298096
0.5309405326843262
0.41901788115501404
1.263675570487976
0.4262160360813141
0.23503121733665466
0.4650326371192932
0.7692219018936157
1.0998395681381226
0.5491827130317688
0.9254528880119324
0.22458121180534363
0.38838762044906616
0.9497082829475403
0.6072021126747131
0.48449668288230896
0.5988491773605347
0.5256800651550293
0.6484131217002869
0.5107420682907104
0.6530316472053528
0.38875612616539
0.6093189716339111
0.6676366329193115
0.4475228190422058
0.6926771998405457
0.4101242125034332
0.6004699468612671
0.5900084376335144
0.6195806264877319
0.4165758192539215
0.5926967859268188
0.521051287651062
0.5248825550079346
0.6716437339782715
0.4465089738368988
0.739956796169281
0.9166408777236938
0.5701344609260559
0.4971286654472351
0.7232382893562317
0.7898296117782593
0.20395894348621368
0.3860662579536438
0.761154294013977
0.9248550534248352
0.4202653765678406
0.7391339540481567
0.4830925464630127
0.45789599418640137
0.6841148138046265
0.4061131477355957
0.3385998010635376
0.671594500541687
0.8965511322021484
0.8895317316055298
0.5151535272598267
0.43975576758384705
0.516383171081543
0.5831879377365112
0.6006616353988647
0.4640204906463623
0.5861736536026001
0.4468134343624115
0.6680938005447388
0.7504763007164001
0.4554949402809143
0.4780375361442566
0.619766891002655
0.38298964500427246
0.4989553391933441
0.7721715569496155
0.4802332818508148
0.5160273313522339
0.4730563759803772
0.7183717489242554
0.3800355792045593
1.254434585571289
0.2900376617908478
0.4030284285545349
0.699006199836731
0.6583353877067566
0.42381152510643005
0.5921354293823242
0.9401305317878723
1.0151937007904053
0.4558669924736023
1.0292521715164185
0.6526293158531189
0.49618497490882874
0.44288840889930725
0.5280902981758118
0.3068419396877289
0.3973879814147949
0.3270696997642517
0.38835540413856506
0.6789603233337402
0.5877026319503784
0.4698279798030853
0.7791029214859009
0.45855575799942017
0.43217650055885315
0.682316780090332
0.5899282693862915
0.7977812886238098
0.4535824656486511
1.0036840438842773
0.5755792856216431
0.8882083892822266
0.5575827956199646
0.6450321078300476
0.8270767331123352
0.5189658999443054
0.5164915323257446
0.42187824845314026
0.800864577293396
0.5525507926940918
0.9156316518783569
0.38479048013687134
0.6311310529708862
0.5564139485359192
0.7746959328651428
0.3953976035118103
0.8345907330513
0.6993661522865295
1.016289234161377
0.9755132794380188
0.5224305987358093
0.4828018546104431
0.6809629201889038
0.9796608090400696
0.5081731677055359
0.6806657910346985
0.4813149571418762
1.3950992822647095
0.9296188354492188
0.8336736559867859
0.8333351016044617
0.49013346433639526
0.45141535997390747
0.6346920132637024
0.4457670748233795
0.8556479215621948
0.4728950560092926
0.5391968488693237
0.5743277668952942
0.6489624977111816
0.7431451678276062
0.8743782043457031
0.7288408279418945
0.6363298892974854
0.4613296389579773
0.444676011800766
0.5197130441665649
0.6986913084983826
0.6245569586753845
0.3853345811367035
0.8525418043136597
0.5333470106124878
0.5537019371986389
1.1313999891281128
0.3738636374473572
0.5118539929389954
0.36020201444625854
0.4003835618495941
0.36607199907302856
0.6378029584884644
0.2974313795566559
0.4968357980251312
0.4702349305152893
0.4550686776638031
0.882396399974823
0.5501199960708618
0.5352444648742676
0.3332498073577881
0.6186803579330444
0.5528596639633179
0.39673587679862976
0.43009454011917114
0.5235735774040222
0.40874236822128296
0.3905128836631775
0.4498724043369293
1.0821186304092407
0.8891398310661316
0.4849814474582672
0.3513764441013336
0.6243063807487488
0.7441269159317017
0.571753978729248
0.4674292504787445
0.47749727964401245
1.0985804796218872
0.6362491846084595
0.6652137637138367
0.7487117052078247
0.5667200684547424
0.5418886542320251
0.3496035933494568
0.9426639676094055
0.37692540884017944
0.5754768252372742
0.9711867570877075
0.6658502817153931
0.9503005743026733
0.7741366028785706
0.5670250058174133
0.8520213961601257
1.4518918991088867
0.4195762574672699
0.4671937823295593
0.6114955544471741
0.43136635422706604
0.7100191116333008
0.3933968245983124
1.156165361404419
0.7615486979484558
0.199957013130188
0.5769906044006348
0.5187827348709106
0.6875301599502563
0.667380690574646
0.47419485449790955
0.633025586605072
0.4040239453315735
0.7396693229675293
0.3989299237728119
0.5270434617996216
0.9907798767089844
0.6238195300102234
0.41463208198547363
0.5252648591995239
0.7559882998466492
0.5485617518424988
0.36604052782058716
0.6905749440193176
0.7642637491226196
0.8653961420059204
0.7146674990653992
0.6565413475036621
0.4009261131286621
0.9006409645080566
0.7383328676223755
0.43479451537132263
0.2977147698402405
0.7117571234703064
0.6099470257759094
0.5493450164794922
0.6882827877998352
0.380984365940094
0.7109171152114868
1.2124578952789307
0.5268110036849976
0.7712103724479675
1.5320498943328857
0.8294223546981812
0.7484834790229797
0.4279354214668274
1.1186916828155518
0.4278293251991272
0.540464460849762
0.2878879904747009
0.26694512367248535
0.43184956908226013
0.34455516934394836
0.6572149991989136
1.2271696329116821
0.8953534960746765
0.8195630311965942
0.689919650554657
0.27344033122062683
0.666848361492157
1.3069612979888916
0.7920705676078796
0.547336220741272
0.3667324185371399
0.9634928703308105
0.7012859582901001
0.5693322420120239
0.7146175503730774
0.9717724919319153
0.5106457471847534
0.2959606349468231
0.5049031376838684
0.4778185486793518
1.3064459562301636
