0.40741491317749023
0.5592150688171387
0.5770245790481567
0.5291546583175659
0.6765269637107849
0.4718876779079437
0.4437059760093689
0.2898821532726288
1.7577629089355469
0.534427285194397
0.48007601499557495
0.5659948587417603
0.6978092789649963
0.46634942293167114
0.4580957293510437
0.6529041528701782
0.5074307322502136
0.5311217904090881
0.7874206304550171
0.3271639943122864
0.344145804643631
0.627787709236145
0.45232802629470825
0.2946147322654724
0.6084825396537781
0.793073296546936
0.5689998865127563
0.29588159918785095
0.691944420337677
0.5387877225875854
0.7775012850761414
0.6651650667190552
0.6721309423446655
0.7467464208602905
1.2825658321380615
0.6292718052864075
0.6760259866714478
0.6556601524353027
0.37546074390411377
0.891693115234375
0.8315269351005554
0.47867393493652344
0.8745821714401245
0.6835448741912842
0.3334614634513855
0.5827921628952026
0.394234299659729
0.5053570866584778
0.6437078714370728
0.5954384803771973
0.6016592979431152
0.6066415905952454
0.9324571490287781
0.7859670519828796
0.9566633105278015
0.7222322225570679
0.8181194067001343
0.7789249420166016
0.8205615878105164
0.3496553599834442
0.4949415624141693
0.6295746564865112
0.4435960650444031
0.559471845626831
0.5529730916023254
0.9618707895278931
0.5426506996154785
0.3602167069911957
0.655977189540863
0.3378812372684479
1.1631413698196411
0.5879577994346619
0.49696511030197144
0.558256983757019
0.9678124189376831
0.7392155528068542
0.8808828592300415
0.5907226204872131
0.866956353187561
0.691357433795929
0.3672274947166443
0.46172255277633667
0.5814840197563171
0.5327757596969604
0.6804132461547852
0.41160058975219727
0.4989868700504303
1.3207699060440063
0.8784961700439453
1.0089635848999023
0.5960038900375366
0.4795413613319397
0.5825780630111694
0.46882492303848267
0.5618200302124023
0.776587963104248
0.5125500559806824
0.3151208758354187
1.1121230125427246
0.751048743724823
0.14323368668556213
0.6530165672302246
0.40284690260887146
0.3156421184539795
0.5074182748794556
0.7408604621887207
0.4137497842311859
0.8039104342460632
0.3004985451698303
0.7600260972976685
0.34623926877975464
0.4729931950569153
0.5918759107589722
1.0047448873519897
0.5249518752098083
0.9542526006698608
1.003846287727356
0.4582521319389343
0.5359489321708679
0.674338698387146
0.40973788499832153
0.7477644681930542
0.526995062828064
0.40911293029785156
0.464080810546875
0.6868079304695129
0.45857805013656616
0.4377121925354004
0.34400075674057007
0.6113400459289551
0.47624436020851135
0.4225543141365051
0.7615322470664978
0.5052940845489502
0.3348051905632019
0.9438873529434204
0.47780483961105347
0.9459248781204224
0.4027636647224426
0.323428750038147
0.6081877946853638
0.7883373498916626
0.9299532175064087
0.7699929475784302
0.5372675657272339
0.6421171426773071
0.6627529859542847
1.562290906906128
0.3048144280910492
0.42600125074386597
1.4410165548324585
0.7901339530944824
0.6581059694290161
0.6575972437858582
0.7461289167404175
0.4698399603366852
0.6340047121047974
0.48144498467445374
0.3776960074901581
0.24065156280994415
0.3558982014656067
0.6655863523483276
0.7231084108352661
0.551827073097229
0.7267330884933472
0.5164960622787476
0.4405897259712219
0.3653637170791626
0.5199185609817505
1.0781469345092773
0.604508101940155
0.7131113409996033
0.5212085843086243
0.820166289806366
0.728915810585022
0.4994176924228668
0.5483100414276123
0.39252927899360657
0.46469059586524963
0.5764193534851074
0.9015423059463501
0.6289793848991394
0.4015440344810486
0.7743500471115112
0.7321091294288635
0.3678033947944641
0.6001428365707397
0.6086751818656921
0.9062591791152954
0.7440353631973267
0.2255934774875641
0.3171810209751129
0.7211052179336548
0.6391950845718384
0.7501997351646423
0.7830268740653992
0.9021884202957153
0.6612940430641174
0.7895408272743225
0.35865074396133423
0.7909528613090515
0.5155085325241089
0.4347155690193176
1.2138296365737915
0.950445294380188
0.5156691074371338
0.5327292680740356
0.7455733418464661
0.5602812170982361
0.606532871723175
0.5450995564460754
0.8345407247543335
0.6626070737838745
0.8412517309188843
0.4649781286716461
0.6882103085517883
0.8584762811660767
0.4728427827358246
0.3442433774471283
0.8096100687980652
0.5118415951728821
1.0491533279418945
0.723416268825531
0.2912517488002777
0.5238428115844727
0.2750619947910309
0.3231991231441498
1.1210200786590576
0.6913056373596191
1.3781660795211792
0.5936066508293152
0.5904117822647095
0.426588773727417
0.28967779874801636
0.5371749997138977
0.4993349015712738
0.6303726434707642
0.4752732813358307
0.5484272837638855
0.7994384765625
0.7035555839538574
0.5257300138473511
0.48247891664505005
0.40463191270828247
0.5131455659866333
0.5814356803894043
0.48812514543533325
0.5135749578475952
0.6700913310050964
0.5583486557006836
0.6998913288116455
0.4336003363132477
1.0669105052947998
0.4023519456386566
0.9000808596611023
0.21150270104408264
0.5525950193405151
0.4492488503456116
0.9309797286987305
0.8012632131576538
0.2757619321346283
0.6325672268867493
0.4115428030490875
0.4487122893333435
0.7290980815887451
0.5478359460830688
0.36207401752471924
0.5681015253067017
0.866309642791748
0.548500657081604
0.5481368899345398
0.5424016714096069
0.49540606141090393
0.5359336733818054
0.35966429114341736
0.4927293658256531
0.5448557138442993
0.6059911847114563
0.6529335379600525
0.5887277126312256
0.5597473382949829
0.46791306138038635
0.8088499307632446
0.5201482772827148
0.29406026005744934
0.6509778499603271
0.5090335607528687
0.5695916414260864
0.8242762684822083
0.499594509601593
0.5025001764297485
0.9032304883003235
0.552574634552002
0.4563593864440918
0.7345514297485352
0.6626862287521362
0.363876610994339
0.6288304328918457
0.6893891096115112
0.30907899141311646
0.5612355470657349
0.3728938102722168
0.5114341974258423
0.4084056317806244
0.48105424642562866
0.45210298895835876
1.175136685371399
0.4191898703575134
0.5247806906700134
0.6055885553359985
0.6351054906845093
0.5534974336624146
0.4612419009208679
0.8354796171188354
0.36226826906204224
0.47141313552856445
0.35875821113586426
0.6959115862846375
0.630130410194397
0.32188501954078674
0.6226143836975098
0.48407793045043945
0.6244526505470276
0.36226606369018555
0.9770399928092957
1.112260341644287
0.29799848794937134
0.35551512241363525
0.32318753004074097
0.7661399841308594
0.3729000985622406
0.4830411374568939
0.9932746887207031
0.43658217787742615
0.5223996043205261
0.9682303667068481
0.37350013852119446
0.5689117312431335
