0.5978288054466248
0.40244731307029724
1.1222026348114014
0.19184093177318573
0.3051036298274994
1.1951205730438232
0.776816725730896
0.582944393157959
0.4846329092979431
0.3953392505645752
0.30788975954055786
0.23648731410503387
0.6057154536247253
0.3288690447807312
0.21248313784599304
0.5045427083969116
0.381748765707016
1.0936330556869507
0.2623687982559204
0.3532610535621643
0.4747392535209656
0.2812489867210388
1.0347089767456055
0.5733441114425659
0.363901287317276
0.5733917355537415
0.4314268231391907
0.3068515658378601
1.4585669040679932
0.4351018965244293
0.6408015489578247
0.6175549626350403
0.47676563262939453
1.0294395685195923
0.7545809745788574
0.9163637161254883
0.4930012822151184
1.4197382926940918
0.898999035358429
0.48887166380882263
0.562256932258606
0.3183031380176544
0.5143800973892212
0.34767386317253113
0.7625377774238586
0.39248862862586975
0.47876960039138794
0.7081993222236633
0.7073370218276978
0.34943047165870667
0.4091699719429016
0.50698322057724
0.37098097801208496
0.4990917146205902
0.5210824608802795
0.7574213743209839
0.35543736815452576
0.7272298336029053
0.6265094876289368
0.23618164658546448
0.6748218536376953
0.40150126814842224
0.5316843390464783
1.4398962259292603
0.8915250897407532
0.4016406536102295
0.7125773429870605
0.5727909207344055
0.8597159385681152
0.885550856590271
1.0202515125274658
0.3801589608192444
0.48045486211776733
0.3490741550922394
0.43426957726478577
0.8354811668395996
0.274434894323349
0.916590690612793
0.589858889579773
0.8599159121513367
0.5503116846084595
0.41486817598342896
0.41133278608322144
0.1762014478445053
0.5853263139724731
0.3036961555480957
0.5284426808357239
0.32157763838768005
0.41676798462867737
0.6049586534500122
0.45297297835350037
0.8392404317855835
0.2195553481578827
0.7442832589149475
0.926307201385498
0.24323907494544983
0.7291092872619629
0.38311007618904114
0.47040480375289917
0.7194480895996094
0.7256064414978027
0.47926968336105347
0.5279192328453064
0.8672780990600586
0.8686273694038391
0.9189996719360352
0.501853883266449
0.9867582321166992
0.460153728723526
0.399893581867218
0.34652823209762573
0.6346402168273926
0.510343611240387
0.5320188403129578
0.3028629422187805
0.7804728746414185
0.3180920481681824
0.4690488874912262
0.8219252824783325
0.39251625537872314
0.38344207406044006
1.0563161373138428
0.9856475591659546
0.37893715500831604
0.5221887826919556
0.9156048893928528
0.6861618161201477
0.6125929951667786
0.5715882182121277
0.8447468876838684
0.47735944390296936
0.5063784122467041
0.4060141146183014
0.67689049243927
0.4853270947933197
0.40157803893089294
0.920074462890625
0.33265799283981323
0.3659122586250305
0.4533337950706482
0.8329699635505676
0.37506675720214844
0.783018946647644
0.3317193388938904
0.25439462065696716
0.45615020394325256
1.033819556236267
0.5175361037254333
0.538793683052063
1.0800504684448242
1.067742109298706
0.5516793131828308
0.2808239459991455
0.525030791759491
0.3645108938217163
0.636713445186615
0.308678537607193
0.4698282778263092
0.7508835196495056
0.2593122124671936
0.5274893045425415
0.5351011157035828
0.5990138649940491
0.7450143694877625
0.7810666561126709
1.1025711297988892
0.5262067914009094
0.7551970481872559
0.5040120482444763
0.7841333746910095
0.7149595022201538
1.143449068069458
0.6666368842124939
0.6177234649658203
1.1092555522918701
0.4392459988594055
0.8740812540054321
0.6776515245437622
0.4791933000087738
0.4105626940727234
0.5384644269943237
0.5038952231407166
0.5837172269821167
0.9164046049118042
0.6270467638969421
0.5175489187240601
0.3974912166595459
0.580288290977478
0.841230571269989
0.36358407139778137
0.31752437353134155
0.4849531650543213
0.7155535817146301
0.5597801208496094
0.8656412959098816
0.6463106274604797
0.734511137008667
0.26066797971725464
0.6276649236679077
0.6608015894889832
0.8642594218254089
0.3933829367160797
0.6752621531486511
0.4875331521034241
0.5506405830383301
0.7101186513900757
0.7180078625679016
0.42763882875442505
0.7196925282478333
0.7256295680999756
0.41180509328842163
0.6200391054153442
0.6512495279312134
0.6336513757705688
0.26270514726638794
0.3513496220111847
0.7664465308189392
0.6486673355102539
0.7853826284408569
0.784803032875061
1.0212736129760742
0.5651398301124573
0.6972280740737915
0.5177645087242126
1.2437522411346436
0.5934926271438599
0.38675159215927124
0.4154040217399597
0.6184828877449036
0.4460532069206238
1.3846607208251953
0.673569917678833
0.6953384280204773
0.785415530204773
1.172540307044983
0.47061747312545776
0.31067338585853577
0.7248523831367493
0.6141597032546997
0.6997740864753723
1.0369822978973389
0.5074783563613892
0.7945448756217957
1.1088719367980957
0.6748732328414917
0.49653464555740356
0.8193497657775879
0.6426290273666382
0.7468608021736145
0.8642484545707703
0.5012603998184204
0.6191773414611816
0.4861353933811188
0.6319505572319031
0.7531596422195435
0.5965579748153687
0.5899163484573364
0.6867491006851196
0.5782696604728699
0.4756430685520172
0.641051173210144
0.39465421438217163
0.7489932775497437
0.7899683117866516
0.49978071451187134
0.30491572618484497
0.3882603645324707
0.3857409954071045
0.5900842547416687
0.7853271961212158
0.4227811396121979
0.45391231775283813
0.8343812823295593
0.7486664652824402
0.5953567624092102
0.6910897493362427
0.5045648813247681
0.30963248014450073
0.7138503193855286
1.0396993160247803
0.33685609698295593
1.274118423461914
0.6772664189338684
0.31916072964668274
0.580783486366272
0.4704561233520508
0.9101942777633667
0.42281588912010193
0.4772961735725403
0.34879595041275024
0.7552744150161743
0.5828086137771606
0.6647762060165405
0.3179453909397125
0.3019656240940094
0.5287191271781921
0.6044409871101379
1.21027410030365
0.7855947017669678
0.5364606380462646
0.4376060366630554
0.7957523465156555
0.7050456404685974
0.48942938446998596
0.8525592684745789
0.30828970670700073
0.28590482473373413
0.9724584817886353
0.4409070909023285
0.794766902923584
0.54582679271698
0.6600045561790466
0.6153115034103394
0.2385503053665161
0.5342490077018738
0.4667341113090515
0.7027145624160767
0.4641512930393219
0.5036870241165161
0.6103531718254089
0.3625759482383728
0.5239145159721375
0.5324422121047974
0.3861812651157379
0.8830143213272095
0.4736299514770508
0.6678003072738647
0.7951053977012634
0.9687650799751282
1.0316139459609985
0.6678875684738159
0.4383853077888489
0.8557935953140259
0.5270934700965881
0.55937659740448
0.7256649732589722
1.1515541076660156
1.1030386686325073
