0.4759984016418457
0.5739248991012573
0.7863465547561646
0.49408063292503357
0.4857577383518219
0.9075180292129517
0.5728705525398254
1.4435771703720093
0.7992726564407349
0.617265522480011
0.6689420938491821
0.4553624093532562
0.6862658262252808
0.5183539390563965
0.5129266381263733
0.5576466917991638
0.6098765134811401
0.4712081551551819
0.8704544901847839
1.1130539178848267
0.46406570076942444
0.49658823013305664
0.4114309251308441
0.7602826356887817
1.0106830596923828
0.3280673921108246
0.6233455538749695
0.2751631736755371
0.5343395471572876
1.1905547380447388
0.4291958808898926
0.6697871685028076
0.40770894289016724
1.2714931964874268
0.6962798237800598
0.5318986773490906
0.5560648441314697
0.7896949648857117
0.4866262376308441
0.5245166420936584
0.8133422136306763
1.7269256114959717
0.49823158979415894
0.49903708696365356
0.3724305033683777
0.48334598541259766
0.25634291768074036
0.8488585352897644
0.860894501209259
1.1432169675827026
0.8377658128738403
0.5635157823562622
0.4105798602104187
0.482879638671875
1.1409245729446411
0.8440640568733215
0.35631269216537476
0.6042733192443848
1.0125478506088257
0.7569535970687866
0.3874989151954651
0.568539023399353
0.5604114532470703
0.6652693152427673
0.5712820887565613
0.8178026080131531
0.7261908054351807
0.5350325107574463
0.4235525131225586
0.37295979261398315
0.74312824010849
0.5399871468544006
0.5284960269927979
0.4459129273891449
0.5036049485206604
1.130647897720337
0.33254390954971313
0.5095816850662231
1.0978899002075195
0.5316320657730103
0.618148148059845
0.7412070035934448
0.5095964670181274
0.5794556736946106
0.7171418070793152
0.7470245361328125
0.36685043573379517
0.3389534652233124
0.5535604953765869
0.6254098415374756
0.9153480529785156
0.633902370929718
1.2021738290786743
0.6170536875724792
0.8148379325866699
0.3914000988006592
0.5457294583320618
0.4178287982940674
0.7620757818222046
1.0183134078979492
0.5789663195610046
0.3304535150527954
0.6088225841522217
0.46489089727401733
0.9010799527168274
0.7074412107467651
0.7531191110610962
0.5353116989135742
0.41356903314590454
0.8355560302734375
0.4976481795310974
0.5813883543014526
0.42458662390708923
0.40775051712989807
0.4273049235343933
0.3527523875236511
1.1536612510681152
0.6676107048988342
0.4857746958732605
0.5481079816818237
0.4742650091648102
0.4483063817024231
1.0108360052108765
0.632835865020752
0.6393909454345703
0.52915358543396
0.24853980541229248
0.44742918014526367
1.2861160039901733
0.34487414360046387
0.5862185955047607
0.45871323347091675
0.3320126533508301
0.6832002401351929
0.5583943128585815
0.7239848375320435
0.7502626776695251
1.2023426294326782
0.5429133176803589
0.2536325752735138
0.5151510238647461
0.5369329452514648
0.6409464478492737
1.0672481060028076
0.6903630495071411
0.9262092709541321
0.3878270983695984
0.6149438619613647
0.4554367661476135
0.555144190788269
0.49082431197166443
0.6721424460411072
0.5238323211669922
0.6729692816734314
0.771404504776001
0.4415826201438904
1.1593124866485596
0.8529260754585266
0.3789117634296417
0.7768218517303467
0.23741312325000763
0.514259397983551
0.403627872467041
0.4702572822570801
0.6492096781730652
0.8198491930961609
0.6366946697235107
0.4397274851799011
0.5578526258468628
0.5166052579879761
0.44448524713516235
0.34723514318466187
0.4457620680332184
0.5895885229110718
0.5347374081611633
0.41044479608535767
0.5009018182754517
0.526098370552063
0.7195048332214355
0.58543860912323
0.5845586061477661
0.6595999598503113
0.6032832860946655
0.2667059302330017
0.850742518901825
0.7080879211425781
0.7309695482254028
0.5411584973335266
0.6719713807106018
0.8151944875717163
0.44257181882858276
0.4970444142818451
0.43948936462402344
0.5506182909011841
0.43171462416648865
0.5844124555587769
0.5653349161148071
0.6068893671035767
0.8437202572822571
1.099590539932251
0.5302175283432007
0.5191353559494019
0.32893168926239014
0.4553843140602112
0.41364607214927673
0.7290862798690796
0.22126035392284393
0.5621649622917175
0.48467183113098145
0.36465492844581604
0.7590399384498596
0.6084538698196411
0.3106645941734314
0.6901935338973999
1.1094850301742554
0.6466888189315796
0.6916738748550415
0.847978413105011
0.46438416838645935
0.765533447265625
0.4596122205257416
0.41583213210105896
0.6759217381477356
0.519130289554596
0.7383309602737427
1.4555504322052002
0.8330819010734558
0.29368868470191956
0.6048237681388855
0.5360320806503296
0.6725946664810181
0.42840608954429626
0.3717826008796692
0.5550277829170227
0.5267063975334167
0.9398198127746582
0.3624727725982666
0.41741743683815
0.39754435420036316
0.57776939868927
0.6955512762069702
0.531139612197876
0.430227667093277
0.4118710458278656
0.48818883299827576
0.5638200640678406
0.5178664922714233
0.2771560847759247
0.5221670866012573
0.5860095620155334
0.5256813764572144
0.47808653116226196
0.3340035676956177
0.6258151531219482
0.27257394790649414
0.4174937307834625
0.4927893280982971
0.42104554176330566
0.2793821692466736
1.045709252357483
0.3242720067501068
0.38823357224464417
0.3413979411125183
0.88996821641922
0.704908549785614
0.30613794922828674
0.8301870226860046
0.750770628452301
0.42146867513656616
0.6242048144340515
0.9384668469429016
0.7518097162246704
0.6377072334289551
0.45485323667526245
0.3330347537994385
0.7950041890144348
0.6126538515090942
0.9090083837509155
0.4344116151332855
0.4879089295864105
0.5548425316810608
0.44647154211997986
0.9609349966049194
0.9600076675415039
0.807209849357605
0.3024088144302368
0.4536820352077484
0.6358046531677246
0.5181833505630493
0.39597585797309875
0.3800804913043976
0.6240831613540649
0.404911607503891
0.5465189218521118
0.7245400547981262
0.6101439595222473
0.38248369097709656
0.5717065930366516
0.34628283977508545
0.6483734250068665
0.29661139845848083
0.7721629738807678
0.977837860584259
0.42695027589797974
1.0277098417282104
0.9750040173530579
0.347821444272995
1.363649606704712
0.6695398092269897
1.696181058883667
0.6847432851791382
0.3374975323677063
0.5219594836235046
0.6917248964309692
0.4827910363674164
0.8347536325454712
0.5339332818984985
0.5057998895645142
0.1390889436006546
0.8268609046936035
0.733594536781311
0.5328710675239563
0.5528919696807861
0.721892237663269
0.367245614528656
0.42907047271728516
0.3903634250164032
0.9395624399185181
0.44779443740844727
0.5661954283714294
0.6297765970230103
0.47227177023887634
0.5159308910369873
0.26540520787239075
0.4542749524116516
0.9272549748420715
0.6918478608131409
0.6223799586296082
