0.7125837206840515
1.0543779134750366
1.260694980621338
0.5688406229019165
1.053537130355835
0.38642552495002747
0.80854731798172
0.34821492433547974
0.5117565393447876
0.43559950590133667
0.46477118134498596
0.6308580040931702
0.3912014365196228
0.6406679749488831
0.3227463364601135
0.8823028802871704
0.46062907576560974
0.4591110348701477
0.6749308705329895
0.7875164747238159
0.5929723978042603
1.2889198064804077
0.5711687803268433
0.6473989486694336
0.3527251183986664
0.6130773425102234
0.39154288172721863
0.4350380003452301
0.4549190402030945
0.899131178855896
0.684761643409729
0.8231229782104492
0.9612849950790405
0.8990044593811035
0.4572114050388336
0.7774839401245117
0.35320961475372314
0.470099538564682
0.868705153465271
0.3382861018180847
0.5193850994110107
0.8213575482368469
0.5473974943161011
0.44147056341171265
0.8661416172981262
0.745602548122406
0.6424493193626404
0.6023520827293396
0.37726491689682007
0.8230289220809937
0.7101392149925232
0.6801496744155884
0.6989827752113342
0.47604790329933167
0.722403883934021
0.6908286809921265
0.6625940203666687
0.43633875250816345
0.8584966659545898
0.8354493379592896
0.5859468579292297
0.6043863296508789
0.7023838758468628
0.4349210858345032
1.4735946655273438
0.7143088579177856
1.5215625762939453
0.3773946166038513
0.5770429372787476
0.4929061830043793
0.9738829731941223
0.5085797309875488
0.657741904258728
0.8340074419975281
0.5606072545051575
0.6029143333435059
0.40069931745529175
0.5785345435142517
0.5399738550186157
0.4810605049133301
0.6283867955207825
0.5840551257133484
0.6139242649078369
0.3129042685031891
0.894706130027771
0.4615485668182373
0.774718165397644
0.44657039642333984
0.29416269063949585
0.40311211347579956
0.5512340664863586
0.9330395460128784
0.6515625715255737
0.5427193641662598
0.6391550898551941
0.7765344381332397
0.5340372920036316
0.8743171691894531
0.5305311679840088
0.6128677129745483
0.47184067964553833
0.5562654733657837
0.5653784871101379
0.6637683510780334
0.6281339526176453
0.6398060917854309
0.4191807210445404
0.5774790644645691
0.8197486996650696
0.44696134328842163
0.645495593547821
0.47944846749305725
0.48793429136276245
0.3142179548740387
0.6617255210876465
0.4321044385433197
0.5581077337265015
0.9424537420272827
0.4007786810398102
0.6479867696762085
0.3093201220035553
0.39153262972831726
0.34950315952301025
0.9297167062759399
0.2738136351108551
0.3879079818725586
0.6614992022514343
0.5268834829330444
0.2530818581581116
0.6195403337478638
0.2971837520599365
0.33128541707992554
0.6524819135665894
0.4510200619697571
0.42833614349365234
0.3174283802509308
0.26854443550109863
0.9161385297775269
0.8018915057182312
1.076058030128479
0.23302344977855682
0.35188770294189453
0.5601003170013428
0.45566266775131226
0.5381098389625549
0.3126189112663269
0.7316437363624573
0.4106481969356537
0.3937663435935974
0.484358549118042
0.27638521790504456
1.2931766510009766
0.3118729591369629
0.47717151045799255
0.8578819036483765
0.8006736636161804
0.3475886285305023
0.7645128965377808
0.3891003727912903
0.9765135645866394
0.6171875
0.6519018411636353
0.7672134041786194
0.4772171080112457
0.6405466794967651
0.31830498576164246
0.4192837178707123
0.5537812113761902
0.5303900837898254
0.1902749240398407
0.5574984550476074
0.6492103338241577
0.46007657051086426
0.878744900226593
0.7203295230865479
0.3557985723018646
0.2913948595523834
0.9006104469299316
0.9828475713729858
0.36460617184638977
0.48437339067459106
0.33416876196861267
0.6073464155197144
0.4940146803855896
0.25833746790885925
0.49856024980545044
0.591431736946106
0.7330509424209595
0.6298671960830688
0.4994683861732483
0.5370402336120605
0.5108758807182312
0.3040439188480377
0.36423224210739136
0.7551554441452026
0.831692099571228
0.9495307207107544
0.4320703148841858
0.3247153162956238
0.35822850465774536
0.43656787276268005
0.4022781252861023
0.6029257774353027
0.29817113280296326
0.8473687171936035
0.48109668493270874
0.4768618643283844
0.6259717345237732
0.8151699900627136
0.3988092243671417
0.39781537652015686
0.3110853135585785
0.6014947891235352
0.38704735040664673
0.5604063272476196
0.5917819142341614
0.6246728301048279
0.4179774820804596
1.353310227394104
0.7479612827301025
1.1415716409683228
0.9337062835693359
0.2822699248790741
0.8598430752754211
0.5238031148910522
0.8942953944206238
0.7652753591537476
0.35962995886802673
0.3468579649925232
0.4560191035270691
0.7741308808326721
0.6741503477096558
0.5883660316467285
0.8529836535453796
0.787558376789093
0.4898567199707031
0.40773242712020874
0.48197436332702637
0.8749029040336609
0.5501430630683899
0.43033352494239807
0.37991562485694885
0.4833580553531647
0.3701891005039215
0.6999600529670715
0.9141232371330261
0.3298012316226959
0.6934031248092651
0.49224814772605896
0.6481769680976868
0.6326642632484436
0.3970160484313965
0.2637353539466858
0.505842387676239
0.480141818523407
0.7878901958465576
0.36884209513664246
1.0927014350891113
0.3459796607494354
0.5691706538200378
0.6610209345817566
0.41248661279678345
0.40163296461105347
0.9592310190200806
0.30140063166618347
0.24870702624320984
0.6897986531257629
0.5243520736694336
0.6002114415168762
0.650662362575531
0.3799116611480713
0.684001088142395
0.4505149722099304
0.3048252463340759
0.3893946409225464
1.0007721185684204
0.5248920917510986
0.6167216300964355
0.5909861326217651
0.4716489911079407
0.44701600074768066
0.828360915184021
0.19232983887195587
0.8937168121337891
0.7899498343467712
1.810617446899414
0.4254091680049896
0.4575618803501129
0.7464383840560913
0.6077974438667297
0.5944274067878723
0.3433685600757599
0.25678113102912903
0.5533051490783691
0.5935247540473938
0.4098709523677826
0.7601680755615234
0.3035162389278412
0.4669622778892517
0.30312952399253845
0.40888556838035583
0.6360397934913635
0.6661383509635925
0.9459575414657593
0.6284007430076599
0.6187136173248291
0.7294132113456726
0.41931039094924927
0.6626923680305481
0.35300272703170776
0.7869162559509277
0.5653830766677856
0.4087590277194977
0.778582751750946
0.8074034452438354
0.7003641128540039
0.5025485157966614
0.6216351389884949
0.3070909380912781
0.7176526188850403
0.4614415764808655
0.8202290534973145
0.6295289993286133
0.452054500579834
0.7234647870063782
0.41437315940856934
0.5862025022506714
0.649031937122345
0.5590353012084961
0.33301132917404175
0.41103529930114746
0.4966677725315094
0.5159681439399719
0.5589011907577515
0.7695986032485962
0.9719343185424805
1.228769063949585
1.193297028541565
