0.7983312606811523
0.6334144473075867
1.195984125137329
0.709688663482666
0.2157345712184906
0.42319440841674805
0.55793297290802
0.6078184843063354
0.6746834516525269
0.4308904707431793
0.6415040493011475
0.321605920791626
0.7057051658630371
0.5892351269721985
0.45122042298316956
0.7993256449699402
0.4617307782173157
0.36289435625076294
0.40278711915016174
0.9809815287590027
0.4136255383491516
0.2767775058746338
1.0256506204605103
0.5298982858657837
0.3892385959625244
0.46812134981155396
0.3373613655567169
0.7327579259872437
0.6583510041236877
1.2024494409561157
0.366729736328125
0.3747957944869995
0.1529029905796051
0.6374381184577942
0.9104887247085571
0.7730766534805298
1.1882809400558472
0.45285147428512573
0.2965926229953766
0.5499995946884155
0.6245227456092834
0.7086209058761597
0.490769624710083
0.49783486127853394
0.7677456736564636
0.5875595808029175
0.836887001991272
0.5777996182441711
0.5846105217933655
0.3167509138584137
0.7354364991188049
0.6769439578056335
0.4926620125770569
0.5048157572746277
0.4992685317993164
0.8297847509384155
0.41708558797836304
0.6184937357902527
0.5982290506362915
0.47117090225219727
0.34721648693084717
0.5319923162460327
0.6477509140968323
0.4062320291996002
0.7605838775634766
0.6290992498397827
0.6340591311454773
0.37832504510879517
0.6554561257362366
0.7639182806015015
0.3014456033706665
0.4230884611606598
0.8908879160881042
0.43550199270248413
1.3242933750152588
0.791344940662384
1.0668641328811646
0.8159887194633484
1.853493332862854
0.31304630637168884
0.2889922559261322
0.6958245038986206
0.4271310865879059
0.3763303756713867
1.2910397052764893
1.1238391399383545
0.7682428956031799
0.5086325407028198
0.999514102935791
0.45588722825050354
0.5026637315750122
0.7192139625549316
0.6116337776184082
0.8600997924804688
0.6355999708175659
0.5843192338943481
0.5568515658378601
0.5949655771255493
0.6484643220901489
0.4162665903568268
1.007377028465271
0.9651989936828613
0.7691258192062378
1.1612188816070557
0.4937651753425598
0.44779080152511597
0.49526795744895935
0.5468240976333618
0.8162245750427246
0.6539887189865112
0.46723976731300354
0.40843382477760315
0.569499671459198
0.5926607847213745
0.614374041557312
0.945146918296814
0.5533338785171509
0.5914293527603149
0.5735529661178589
0.3725159764289856
0.6753061413764954
0.6111398339271545
1.0849573612213135
0.5429278612136841
0.5267847776412964
0.8835433125495911
0.4425155520439148
0.2829342484474182
0.8452374339103699
0.41735926270484924
0.39308762550354004
0.5918434858322144
0.689588725566864
0.4589986205101013
0.8615832328796387
0.4224136769771576
0.6980715394020081
0.40535250306129456
0.27393579483032227
0.4954957067966461
0.4556138515472412
0.4998255670070648
0.4888167977333069
0.6392223834991455
0.35258424282073975
0.4629334509372711
0.6776407957077026
0.453718900680542
0.5078073740005493
0.7611045241355896
0.3513185977935791
0.30159664154052734
0.6617329716682434
0.8096097707748413
0.6336472034454346
0.34702008962631226
0.606872022151947
0.40973883867263794
0.6313003301620483
1.0877469778060913
0.32503053545951843
0.889220118522644
0.7606898546218872
0.5541422367095947
0.878588080406189
0.5678936243057251
0.9554563760757446
0.6319635510444641
0.3121224641799927
0.7220543622970581
0.6250940561294556
0.28688302636146545
0.39426809549331665
0.7026779055595398
1.0104081630706787
0.4822365641593933
0.48827528953552246
1.0349141359329224
0.38804343342781067
0.44388318061828613
1.0539942979812622
1.3362624645233154
0.5921213626861572
1.209714651107788
0.6050481796264648
0.6056440472602844
0.3576018810272217
0.7586461305618286
0.5260246396064758
0.4288790225982666
0.5494603514671326
0.7083441019058228
0.39633384346961975
0.6121813654899597
0.8348539471626282
0.5053116083145142
0.4080277979373932
0.4703086018562317
0.4240627884864807
0.8379276394844055
0.5704358220100403
0.43977195024490356
0.44679421186447144
0.5549410581588745
0.8166741132736206
0.6123620271682739
1.2516776323318481
0.2765326499938965
0.5953645706176758
0.2669733166694641
0.8655153512954712
0.2179112732410431
1.348414659500122
0.5809131860733032
1.271077036857605
0.9845567941665649
0.7161938548088074
0.8125845789909363
0.3498445153236389
0.8525568246841431
0.906475841999054
0.6138821840286255
0.335868775844574
0.5105899572372437
0.3619716465473175
0.5357323288917542
0.5981694459915161
0.7409306168556213
0.5040963888168335
0.8071140050888062
0.3404948115348816
0.8320096731185913
0.629937469959259
0.6070294380187988
0.4475194811820984
0.6877728700637817
0.90289306640625
0.4590560495853424
0.6293107271194458
0.4986904263496399
0.3363349139690399
0.7540813684463501
0.7875567674636841
0.42058253288269043
0.6345759034156799
0.8620346188545227
0.5561929941177368
0.44949984550476074
0.38340163230895996
0.7805638313293457
0.4006589353084564
0.5297577977180481
0.5240203142166138
0.6592771410942078
1.0369200706481934
0.7430936694145203
0.6270027160644531
0.4011657238006592
0.527387797832489
0.7122091054916382
0.4419929087162018
0.3832905888557434
0.41111627221107483
0.7106550931930542
0.7138898968696594
0.5519053339958191
0.6932868957519531
0.4261576533317566
0.578335702419281
0.422725111246109
0.7128344178199768
0.235179141163826
0.3834497630596161
0.8750932812690735
0.4245109558105469
0.8542591333389282
0.2633187770843506
0.4861784875392914
0.8182035684585571
0.3616788387298584
0.6178590655326843
0.9773060083389282
0.3006458580493927
0.7167354822158813
0.4540676176548004
0.2658596634864807
0.7530774474143982
0.6843228340148926
0.3113073408603668
0.7480853199958801
0.4055301249027252
0.5870577096939087
0.6496442556381226
0.48378342390060425
0.48097115755081177
0.747573733329773
0.30497393012046814
1.291363000869751
0.6439633965492249
0.697837769985199
0.47995495796203613
0.4152282774448395
0.7883330583572388
0.43517550826072693
0.42749127745628357
0.5024846792221069
0.5516578555107117
0.5648924112319946
0.5354456901550293
0.44415798783302307
0.7931771874427795
0.4415503442287445
0.5722609162330627
0.5269710421562195
0.7900103330612183
0.5329472422599792
0.393962562084198
0.34953784942626953
0.6516666412353516
0.730901837348938
0.5880862474441528
0.660586953163147
0.42863112688064575
0.38538700342178345
0.4578472971916199
0.2678140103816986
0.7953704595565796
0.5639497637748718
0.8455973863601685
0.4406748414039612
0.48041480779647827
0.45503321290016174
0.7529667615890503
0.4676203727722168
0.4263114333152771
0.5441504716873169
0.44711485505104065
0.4894503653049469
