0.8493996858596802
1.2225332260131836
0.6667253971099854
0.5053948163986206
0.48973044753074646
0.35711243748664856
0.41873326897621155
0.5939566493034363
0.9672324061393738
0.4165438115596771
0.6448734998703003
0.44215622544288635
0.34976711869239807
1.149346113204956
1.1230547428131104
0.48213762044906616
0.6247814297676086
0.3183627426624298
0.4616003930568695
0.9239080548286438
0.6365944743156433
0.22422096133232117
0.5552054643630981
0.3519666790962219
0.5448703169822693
0.25355038046836853
0.21448460221290588
0.5044639706611633
0.4534425735473633
0.5026561617851257
0.19145020842552185
0.6197523474693298
0.5837854743003845
0.681531548500061
0.6084206700325012
0.48536282777786255
0.6209799647331238
0.3327179551124573
0.6919910907745361
0.713556170463562
0.5426894426345825
0.48203325271606445
0.49861907958984375
0.6829527616500854
0.4537559449672699
0.6827950477600098
0.8877275586128235
0.5340312123298645
0.6300040483474731
0.42893141508102417
0.7976982593536377
0.7144801020622253
0.48190078139305115
1.3503535985946655
0.7912598848342896
0.8250726461410522
0.4245222508907318
0.8057726621627808
0.9296731948852539
0.3425575792789459
0.36093977093696594
0.5985399484634399
0.4872790277004242
0.6454623341560364
0.48890185356140137
0.5812240242958069
0.48683324456214905
1.0142900943756104
0.4212448000907898
0.35629475116729736
0.5587826371192932
0.4520339369773865
0.5346561670303345
0.5224608182907104
0.4747079014778137
0.3946940302848816
0.5356162786483765
0.8508597612380981
0.6467390656471252
0.6914650201797485
0.330904483795166
0.7306949496269226
0.7476061582565308
0.5588299632072449
0.5807338953018188
0.6139339208602905
1.0866706371307373
0.8227189183235168
0.4812961518764496
0.5493139624595642
0.6334318518638611
0.6277352571487427
0.560484766960144
0.3520740866661072
0.7496083378791809
0.41953229904174805
0.7860038876533508
0.80414217710495
0.4440403878688812
0.37378424406051636
0.3936741054058075
0.3187905251979828
0.7746744155883789
0.6348164677619934
0.719369113445282
0.5502949357032776
0.7172477841377258
0.7369007468223572
0.5680490732192993
0.39843621850013733
0.23614373803138733
0.3866288363933563
0.7926768064498901
0.45978790521621704
0.8353570103645325
1.147279977798462
0.4043046534061432
0.621610701084137
0.5477849245071411
0.4361580014228821
0.9797143936157227
0.610118567943573
0.6996517181396484
0.2565859258174896
0.8677757382392883
0.6838914155960083
1.2218616008758545
0.4882310926914215
0.5264368057250977
0.726967990398407
0.7257601022720337
0.570480227470398
0.9151576161384583
0.5482916831970215
0.9004784822463989
0.5773975253105164
0.3766302764415741
0.35773342847824097
0.8269450068473816
0.35168880224227905
0.7058480978012085
0.45333003997802734
0.6051496267318726
0.7223507165908813
0.5771411657333374
0.8403333425521851
0.7669934034347534
0.5228054523468018
0.9046040773391724
0.2909175753593445
0.41420549154281616
0.6914974451065063
0.9111553430557251
0.9444317817687988
0.5583274960517883
0.3944312632083893
0.47636914253234863
0.5221394300460815
0.5870571136474609
0.7855474948883057
0.42462921142578125
0.4011518061161041
0.6169406771659851
0.7944737672805786
0.5041389465332031
0.3617263734340668
0.44506463408470154
0.630643367767334
0.6039830446243286
0.580816388130188
0.3632541596889496
0.7953367233276367
0.7756829261779785
0.6506211161613464
0.6413067579269409
0.39288413524627686
0.4061341881752014
0.7102496027946472
1.0736027956008911
0.3703136444091797
0.5680369734764099
0.8641533851623535
0.9327219724655151
1.109184980392456
0.4600883424282074
0.6108255386352539
0.5303248167037964
0.6131446957588196
0.5609968900680542
0.6283124685287476
1.0791451930999756
0.6825745701789856
0.6469840407371521
0.4965314269065857
0.5555799007415771
0.7718260288238525
0.7336238622665405
0.27529221773147583
0.7905116081237793
0.46369320154190063
0.8497405052185059
0.7296805381774902
0.6649901270866394
0.35848933458328247
0.4549027383327484
0.5333291292190552
0.5984421372413635
0.5578042268753052
0.4420333504676819
0.33418405055999756
0.4611942172050476
0.7660468220710754
0.6984328031539917
0.4359990060329437
0.5243427753448486
0.9724913835525513
0.5162333250045776
0.8193581700325012
0.39464306831359863
0.5037764310836792
0.19650933146476746
0.3500308394432068
0.26919588446617126
0.5043363571166992
0.7018119692802429
0.5947933793067932
0.378357470035553
0.48638391494750977
0.6654360294342041
0.8422454595565796
0.7056087255477905
0.37621939182281494
0.745954155921936
0.8517451286315918
0.8841756582260132
0.40693360567092896
1.1118265390396118
0.19109250605106354
0.6436379551887512
0.6658200025558472
0.7730324268341064
0.3785041868686676
0.5573644638061523
0.8385545611381531
0.6822104454040527
0.5743061900138855
0.7903884053230286
0.8713154792785645
0.5325047969818115
0.44216713309288025
0.5971807241439819
0.43626707792282104
0.4235602915287018
0.7817978858947754
0.6678184270858765
0.7256930470466614
0.24306824803352356
0.9789603352546692
0.4374212324619293
0.44388896226882935
0.5879327654838562
0.5536928176879883
0.2837311923503876
0.6026204228401184
0.5439416766166687
0.5111662149429321
0.5736743807792664
0.5737892985343933
0.3619818091392517
0.769271731376648
0.6848975419998169
0.377151221036911
0.5260632634162903
0.8377777338027954
0.671852707862854
0.7023657560348511
0.8664873242378235
0.3298594653606415
0.42934975028038025
0.42253541946411133
0.8069356679916382
0.518787682056427
0.42741090059280396
0.39345550537109375
0.3355656564235687
0.5989856719970703
0.5963646173477173
0.9671797752380371
0.6700879335403442
0.4769046902656555
0.5188969373703003
1.0718978643417358
0.6056461930274963
0.4090988039970398
0.5796599388122559
0.7693507671356201
0.4294820725917816
0.5142744183540344
0.7689688801765442
0.5780203938484192
1.097977876663208
0.4090386927127838
0.674649178981781
0.7436931133270264
0.7945178747177124
0.733810544013977
0.7084584832191467
0.7016552686691284
1.1461261510849
0.6367961168289185
0.5993859767913818
0.5174651741981506
1.3104898929595947
0.3933660089969635
0.4053587019443512
0.670891284942627
0.5181956887245178
0.4855733811855316
0.45062199234962463
0.46472683548927307
0.6539183259010315
0.30704885721206665
0.5298889875411987
0.2555454671382904
0.9873687624931335
1.0871493816375732
0.9323457479476929
0.39880791306495667
0.48318395018577576
0.5170387625694275
0.3517239987850189
0.6182359457015991
0.6465465426445007
0.3576993942260742
0.7916744947433472
0.5191302299499512
0.6454285383224487
1.0844794511795044
