1.8063232898712158
0.6610920429229736
0.6449524760246277
0.7976225018501282
0.763201892375946
0.9506510496139526
1.018801212310791
0.7221716046333313
0.6239796280860901
1.1545499563217163
1.0395424365997314
0.774519145488739
0.6312026977539062
0.8572109341621399
0.6390970945358276
0.8457612991333008
1.0268774032592773
1.233447790145874
0.8453490138053894
0.7117441296577454
0.6302875280380249
0.9475709199905396
0.6616083979606628
0.9557626843452454
0.7285146713256836
0.7026991844177246
0.7141462564468384
0.8062171936035156
0.5811930298805237
0.8957815170288086
1.088141679763794
0.9405757784843445
0.9355424642562866
0.5894464254379272
0.9395450353622437
1.1634259223937988
0.6300915479660034
0.7666972279548645
0.9017366170883179
0.7383899092674255
0.7667590975761414
0.7652480006217957
1.2008638381958008
0.7870412468910217
0.6472025513648987
0.7916942834854126
0.836595892906189
0.9495598077774048
0.8213823437690735
0.7049797177314758
0.6646736264228821
1.2742421627044678
0.6696599721908569
0.43184882402420044
0.6169329285621643
1.0177881717681885
0.9747379422187805
0.5251687169075012
0.958358108997345
0.6414566040039062
0.6073740720748901
0.614844024181366
1.038935661315918
0.8536831140518188
0.653224766254425
0.531877338886261
0.7106930017471313
0.553933322429657
1.0922515392303467
0.7885096669197083
0.7663023471832275
1.2200016975402832
0.9850178956985474
0.7457359433174133
0.9243543744087219
0.5902904272079468
1.201352834701538
1.158409833908081
0.726191520690918
0.9311399459838867
0.41238832473754883
1.5673547983169556
0.6626583933830261
1.3624069690704346
0.842714786529541
0.8466614484786987
0.7323907017707825
0.6663565635681152
0.8418248295783997
1.0235735177993774
1.3195686340332031
0.6847741007804871
0.683364987373352
1.095768690109253
0.7328993678092957
1.0947017669677734
0.8802595138549805
0.6987718939781189
0.9160771369934082
0.6082040667533875
0.5207077860832214
0.6325122117996216
0.8100614547729492
0.797001838684082
0.862751841545105
0.8380292654037476
0.671623170375824
0.6772366762161255
0.843314528465271
1.1337279081344604
0.7644716501235962
0.813262939453125
1.274199366569519
0.7655603289604187
0.6377543210983276
0.6403935551643372
0.9707498550415039
0.8786824941635132
1.422417402267456
0.8444169759750366
0.6766167879104614
0.8131285905838013
0.5676382780075073
1.1280901432037354
0.6220797300338745
0.7794235348701477
1.0823166370391846
0.9151880145072937
0.8328976631164551
0.9599224328994751
0.5984565615653992
0.9875577688217163
0.8106049299240112
0.9361918568611145
1.440920352935791
0.6085256934165955
1.356961965560913
0.5757246017456055
1.2084214687347412
0.9360124468803406
0.6761866807937622
0.9151220321655273
0.7631013989448547
0.7439016699790955
0.8631104230880737
1.5039989948272705
0.701778769493103
1.1645591259002686
0.5957547426223755
0.8141254186630249
0.8829428553581238
0.982705295085907
0.9654075503349304
1.0907455682754517
0.9637244343757629
0.7188413739204407
0.8094624280929565
0.7467588186264038
0.937023937702179
0.859268307685852
1.149247169494629
0.5441771149635315
1.0903289318084717
1.0969085693359375
0.7389732599258423
0.663672149181366
0.9077807664871216
0.6252247095108032
0.7076390981674194
0.7176529169082642
0.9557448625564575
0.9130579233169556
0.8799467086791992
1.0808769464492798
0.9514913558959961
0.6503230333328247
0.5887344479560852
0.685433030128479
1.0113908052444458
0.6286630630493164
1.0692484378814697
1.2586305141448975
0.5320404171943665
1.4322530031204224
0.6940461993217468
0.760052502155304
0.8549378514289856
1.2927029132843018
0.7927711009979248
1.2068147659301758
0.5936996340751648
0.8316610455513
0.8216400146484375
0.8181837797164917
0.8976128697395325
0.5374108552932739
1.0388164520263672
0.7204170227050781
0.8186834454536438
0.7250770330429077
0.7955416440963745
0.8156142234802246
0.8020919561386108
1.0448956489562988
0.8421667218208313
0.98619145154953
0.7645941972732544
0.9367159008979797
1.0625089406967163
0.8923808932304382
0.7296125292778015
1.0587340593338013
0.6995575428009033
0.8779899477958679
1.016414761543274
1.2030775547027588
0.9901938438415527
0.4847868084907532
0.8712369799613953
0.5121303796768188
0.982024073600769
0.8124904632568359
0.6794470548629761
0.9934371113777161
0.8639044761657715
0.7316186428070068
0.6650530695915222
1.0455195903778076
0.9398373365402222
0.6350497603416443
0.8564575910568237
0.6812272071838379
0.7061022520065308
0.40670594573020935
0.9614044427871704
0.8054649233818054
0.4336118698120117
0.7542551755905151
0.9359157681465149
1.3797123432159424
0.8634835481643677
1.0132923126220703
0.6431946158409119
1.0732245445251465
0.9939144253730774
0.823785126209259
0.5106255412101746
0.6127365231513977
0.4774385392665863
0.4885343909263611
0.8932985067367554
0.8131592869758606
0.646252453327179
0.7961969375610352
1.0105730295181274
0.7910720109939575
0.8877809643745422
1.0466750860214233
0.726560652256012
0.7393561601638794
0.7997661232948303
0.5759984850883484
0.8291642069816589
0.7474199533462524
0.7404358983039856
1.1068652868270874
0.5352421998977661
0.8790014982223511
0.5846508741378784
0.7030681371688843
0.9670621752738953
0.7423077821731567
0.543785810470581
1.0063968896865845
0.47308677434921265
0.995424747467041
0.8077152967453003
0.9202203750610352
0.8858802914619446
1.7582645416259766
0.5458539128303528
0.6778704524040222
0.7342354655265808
0.8658345937728882
0.6481739282608032
0.6719310879707336
1.1848405599594116
1.279395341873169
0.8735790252685547
0.8303861618041992
0.5077330470085144
0.7634186148643494
0.9143248796463013
1.3644442558288574
0.8440207242965698
0.380673348903656
0.6730537414550781
1.274155855178833
0.7988329529762268
1.0260951519012451
0.8358817100524902
0.4669085443019867
0.7926923632621765
0.7210264205932617
0.623390793800354
1.1727735996246338
0.6422913670539856
0.8544440269470215
0.9105570912361145
0.6207701563835144
0.5956830382347107
0.5112844109535217
1.0513527393341064
0.5801037549972534
1.017558217048645
0.6168801784515381
0.8440163731575012
0.7946270108222961
1.0661861896514893
0.6675217747688293
0.7710763216018677
0.7957723140716553
0.596884548664093
1.3678827285766602
0.7105194330215454
0.9595139622688293
0.7502278089523315
0.6313895583152771
0.9361997842788696
0.6758262515068054
1.0660325288772583
0.6201635003089905
0.6509072780609131
0.8228142857551575
0.735487699508667
0.5468607544898987
0.9431969523429871
0.5402044653892517
