0.4031147360801697
0.4489538073539734
0.45611318945884705
0.958469569683075
0.45687928795814514
0.5115994811058044
0.7750637531280518
0.7630108594894409
0.6500266194343567
0.27778735756874084
0.7687288522720337
0.3487458825111389
0.4545319676399231
0.633173942565918
0.38593393564224243
0.7841100692749023
0.5749727487564087
0.43968552350997925
0.43547481298446655
0.7952407598495483
0.5301047563552856
0.4785026013851166
0.5493800044059753
0.6805446147918701
0.35548123717308044
0.7155717611312866
0.2524266242980957
1.1251442432403564
0.2859150767326355
0.4599343240261078
0.7301803231239319
0.4268035888671875
0.6110173463821411
1.00054931640625
0.7191720008850098
0.6387873888015747
0.5922722816467285
0.8400775790214539
0.8648945093154907
0.47746866941452026
0.6472858786582947
0.39387720823287964
0.5264543294906616
1.0479286909103394
0.8083957433700562
0.9126736521720886
0.48301953077316284
0.44425004720687866
0.5823801159858704
0.8648015856742859
0.7811177372932434
0.2653420567512512
0.87823885679245
0.9136909246444702
0.8090168237686157
1.026497721672058
0.6933072209358215
0.29786545038223267
1.0470807552337646
0.64697265625
0.31439483165740967
0.5563217997550964
0.36085477471351624
0.7921647429466248
0.2575163245201111
0.4695620536804199
0.32751375436782837
0.9642952680587769
0.49447697401046753
0.5704593062400818
0.6957568526268005
0.6559621095657349
1.3850042819976807
0.7851054072380066
0.6037406325340271
0.4493182301521301
0.6402419805526733
0.552882194519043
0.7440336346626282
0.6048296689987183
0.46227771043777466
0.36117124557495117
0.43523287773132324
0.6800353527069092
1.019331455230713
0.6778432130813599
0.5653082132339478
0.5344194173812866
0.9307866096496582
0.3959430158138275
1.2820408344268799
0.4162568151950836
0.5257922410964966
0.5325188636779785
0.46931180357933044
0.48462820053100586
0.5884093046188354
0.880115807056427
0.9736372232437134
0.2758861780166626
0.6703367829322815
0.4678703248500824
0.5610781908035278
0.37359243631362915
0.7159039378166199
0.5095773339271545
0.18093493580818176
0.5670105218887329
0.5712074637413025
0.47979965806007385
0.9750788807868958
0.30763474106788635
0.27098166942596436
0.4486559331417084
0.44497138261795044
0.7474850416183472
0.24534182250499725
0.5216653943061829
0.24531233310699463
0.3136025071144104
0.4992653727531433
0.6598055362701416
0.5928223729133606
0.5080585479736328
0.6594521403312683
0.3341141939163208
0.8984273076057434
0.5486518144607544
0.6149540543556213
0.5856091976165771
0.5733096599578857
0.8392481803894043
0.4776674211025238
0.8143256902694702
1.3324122428894043
0.276033878326416
0.651136577129364
0.44415754079818726
0.8402887582778931
0.3644183278083801
0.6828766465187073
0.8236417770385742
1.0922753810882568
0.6433619260787964
0.8822013139724731
0.5894668698310852
0.8419634103775024
0.7947702407836914
0.9267943501472473
0.48989421129226685
0.48530808091163635
0.5044511556625366
0.45466580986976624
0.5615161061286926
0.49176445603370667
0.5453893542289734
0.6831015348434448
0.6193045377731323
0.2654402256011963
0.2634435296058655
0.5018547773361206
0.5475978851318359
0.5626341104507446
0.480830579996109
0.3168817162513733
0.34882086515426636
1.0556329488754272
0.5171831846237183
0.5165566205978394
0.2641185224056244
0.5857278108596802
0.5711658596992493
0.6082396507263184
1.2257001399993896
0.41067782044410706
0.7752583026885986
0.3098765015602112
0.34731215238571167
0.6563185453414917
0.40941110253334045
1.100978136062622
0.6072975993156433
0.7779449820518494
0.5240595936775208
0.5306891202926636
0.5403822660446167
0.7952668070793152
0.4805704951286316
0.8103755712509155
0.3821831941604614
0.5186298489570618
0.3608173727989197
0.8394765853881836
0.642370343208313
0.79994797706604
0.9646652936935425
0.4918785095214844
0.3368571698665619
0.8019508123397827
0.5405178070068359
0.4644107222557068
0.7433108687400818
0.35010847449302673
0.34674498438835144
0.9942943453788757
0.9870123863220215
0.4301076829433441
0.3214104175567627
0.5170010328292847
0.4447121024131775
0.5699698328971863
0.43179845809936523
0.5397597551345825
1.0475287437438965
0.4226963520050049
0.43167629837989807
0.35774368047714233
0.4730333387851715
0.4553658068180084
0.947069525718689
0.42658495903015137
0.3544294238090515
0.48351043462753296
0.9227074384689331
0.3072341978549957
0.901543915271759
0.5834444165229797
0.8083599805831909
0.3306557536125183
0.4415673315525055
0.9140911102294922
0.484799325466156
0.48235851526260376
0.8592388033866882
0.9941469430923462
0.7558923959732056
0.3788840174674988
0.2329273521900177
0.6212702989578247
0.49713975191116333
0.5320586562156677
0.7519336342811584
1.1475369930267334
0.6302398443222046
0.5585182905197144
0.6695700287818909
0.270982027053833
0.8454855680465698
0.4483787417411804
0.3331204056739807
0.44203606247901917
0.37205618619918823
0.8609578013420105
0.9577008485794067
0.7309165596961975
0.3287896513938904
0.6211944222450256
0.4353451728820801
0.5259037017822266
1.1031354665756226
0.49837493896484375
0.7722154259681702
0.8597074747085571
0.4865499436855316
0.7096545696258545
0.7244566679000854
0.8791376948356628
0.5548442602157593
0.7510709166526794
0.612592339515686
0.6007763147354126
1.1458760499954224
0.996786892414093
0.31483715772628784
0.5201043486595154
0.5211753845214844
0.4747697412967682
0.47656935453414917
1.0578057765960693
0.5332297682762146
0.5307399034500122
0.6937311887741089
0.6013494729995728
0.3028208613395691
0.5729809999465942
0.3901192247867584
0.5964124798774719
0.3766063153743744
0.7326758503913879
0.8335415720939636
0.26705214381217957
1.3526376485824585
0.4485817849636078
0.5178441405296326
0.8732360601425171
0.4740380346775055
1.0475242137908936
0.30744680762290955
1.2804819345474243
0.6901074647903442
0.6659382581710815
0.34947165846824646
0.5199590921401978
0.3815333843231201
0.5954623222351074
0.7670119404792786
0.36187127232551575
0.4065457284450531
0.9323387145996094
0.426555871963501
0.4005993902683258
0.7981573343276978
0.48807674646377563
0.4716182351112366
0.6154584884643555
0.45680832862854004
0.6859999895095825
0.414556086063385
0.6883119344711304
0.7044440507888794
0.6988141536712646
0.5822884440422058
0.37513166666030884
0.5803989768028259
0.7872875928878784
0.35043472051620483
0.4310576021671295
0.637073814868927
0.4485725462436676
0.5884366035461426
0.27731794118881226
0.9710003733634949
0.7318459749221802
0.8597582578659058
0.2741009593009949
0.4591647684574127
0.6800278425216675
0.280493825674057
