0.3297349512577057
0.44364291429519653
1.3152369260787964
0.6830693483352661
1.2228554487228394
0.8886189460754395
0.44581326842308044
0.3595444858074188
0.6755603551864624
0.3639039695262909
0.8807570338249207
0.425031840801239
0.18960003554821014
0.4201134741306305
0.4668106436729431
0.3458893597126007
1.031585931777954
0.5268877148628235
0.4439341425895691
0.7140033841133118
0.3482523560523987
0.6348578333854675
0.6713377833366394
0.5892139673233032
0.47392338514328003
0.41807928681373596
0.38192135095596313
0.9647213816642761
0.808302104473114
1.1590267419815063
0.5016654133796692
0.7951246500015259
0.5904582738876343
0.854142963886261
0.590849757194519
0.379607617855072
0.2647739052772522
0.7839415669441223
0.5565549731254578
1.1411367654800415
0.3813777565956116
0.8359783291816711
0.37359175086021423
0.782809317111969
0.6573065519332886
0.36413151025772095
0.6553180813789368
0.7220913171768188
0.4401184916496277
0.6227452158927917
0.25930601358413696
0.5677610635757446
0.3884158134460449
0.6893981099128723
0.5701093673706055
0.6335741281509399
0.48618635535240173
0.7201351523399353
0.7835621237754822
1.7331727743148804
0.29010599851608276
0.4734695553779602
0.4208289086818695
0.3950366973876953
0.7125217318534851
1.191217064857483
0.4715172350406647
0.8150470852851868
1.2363331317901611
0.754966139793396
0.6679067015647888
0.519871711730957
0.5401710271835327
0.36123695969581604
0.5220990777015686
0.2621193528175354
0.2936159372329712
0.6103647947311401
0.5511966943740845
0.736873984336853
0.7206947207450867
0.5673750638961792
0.48205870389938354
0.5552382469177246
0.6086664795875549
0.3069658875465393
0.4861120283603668
0.39406347274780273
0.5551210641860962
0.4929724633693695
0.4552936553955078
0.5322272181510925
0.26978594064712524
0.617551326751709
1.0689687728881836
0.5379328727722168
0.7016077041625977
1.192653775215149
0.43097466230392456
1.0107314586639404
0.42782527208328247
0.34561771154403687
0.5295747518539429
0.7186886072158813
0.8745112419128418
0.41830915212631226
0.7000488042831421
0.4753972887992859
0.6357190012931824
0.7135502696037292
0.7741439938545227
0.9448806643486023
0.8511036038398743
0.7962697148323059
0.46203693747520447
0.56810063123703
0.39784136414527893
0.5729784965515137
0.36441293358802795
0.671656608581543
0.5351275205612183
0.5234473943710327
0.957898736000061
0.3039517104625702
0.4198763370513916
0.37581712007522583
0.8998368382453918
0.29316446185112
0.31501299142837524
0.5112349390983582
0.3884347677230835
0.538871169090271
0.5944703817367554
0.6469792127609253
0.6669172048568726
0.5507183074951172
0.753126323223114
0.4301667809486389
0.40485793352127075
0.7440846562385559
0.4953245520591736
0.3736909031867981
0.3040769696235657
0.6254949569702148
0.43788033723831177
0.6127704381942749
0.23175272345542908
0.40228328108787537
0.3021695911884308
1.0545363426208496
0.654783308506012
0.9793927073478699
0.25645527243614197
0.8430404663085938
0.5017439723014832
1.2812435626983643
0.7241376638412476
0.32225465774536133
0.4603518545627594
0.7198130488395691
0.6004040241241455
0.637667179107666
0.7326094508171082
0.7983369827270508
0.6517747640609741
0.22386296093463898
0.5312924385070801
0.7710081934928894
0.9408971071243286
0.711213231086731
0.661302924156189
0.7037989497184753
0.4514442980289459
0.6743190288543701
0.3532901108264923
0.6672314405441284
0.9066324234008789
0.26384931802749634
0.6167324781417847
0.36012977361679077
0.6851059198379517
1.1055514812469482
0.5960203409194946
0.6972808837890625
0.2853286564350128
0.7491215467453003
1.033584475517273
0.491227924823761
0.27751922607421875
0.3871142268180847
0.3896118104457855
0.9341211318969727
1.679754614830017
0.47711533308029175
0.5865548253059387
1.2406500577926636
0.44277477264404297
0.6474204063415527
0.772950291633606
0.44418057799339294
0.45002204179763794
0.42321497201919556
0.6965185403823853
0.5911958813667297
0.6228480339050293
0.5309231877326965
0.720694899559021
0.4263996481895447
0.6971046328544617
0.7092975378036499
0.5694339871406555
0.3986831307411194
0.626795768737793
0.38299044966697693
0.7520140409469604
0.5770516395568848
0.2080012857913971
0.3367524743080139
0.41991791129112244
0.6203031539916992
0.6223483085632324
0.5278607606887817
0.4115726053714752
0.5682626962661743
0.739754319190979
0.6628254055976868
0.6321932077407837
0.6027789115905762
0.7250595092773438
0.34542661905288696
0.2814699113368988
0.6328926682472229
0.6225878596305847
0.7066099047660828
0.514163613319397
0.7611604928970337
0.5136908292770386
0.27130326628685
1.5047011375427246
0.8374626040458679
0.46421176195144653
0.29196470975875854
0.6635611653327942
0.6864555478096008
0.5343360900878906
0.814631462097168
0.9132936596870422
0.49429234862327576
0.538743257522583
0.7486242055892944
0.8700342178344727
0.5378438830375671
0.7590397596359253
0.2409553825855255
0.7536686062812805
0.6195999383926392
0.4734632074832916
0.4146542549133301
0.3724386692047119
0.5129032135009766
0.9310477375984192
0.5747482180595398
0.33592480421066284
0.3912578523159027
0.6301808953285217
0.7522699236869812
0.26801425218582153
0.4557645320892334
0.4437617361545563
0.44633254408836365
0.8665543794631958
0.5235293507575989
0.4731524884700775
0.2454671859741211
0.5156415700912476
0.6136773824691772
0.5126076936721802
0.8265972137451172
0.7264369130134583
0.36097925901412964
0.35420069098472595
0.9377395510673523
0.6142753958702087
0.25432971119880676
0.43663081526756287
0.69223552942276
0.44549131393432617
0.45408520102500916
0.9118274450302124
1.024705171585083
0.5367307066917419
0.48494753241539
0.6258662343025208
1.1862962245941162
0.3091750144958496
0.7163423895835876
0.5203883647918701
1.0694252252578735
0.27483993768692017
0.5136893391609192
0.3266545832157135
0.6230241060256958
0.34068435430526733
0.6058233380317688
0.5521766543388367
0.7417553067207336
0.4379395544528961
0.721976637840271
0.28965067863464355
0.6202710270881653
0.6837025880813599
0.34682485461235046
0.6242840886116028
0.5373590588569641
1.428882360458374
0.6119571924209595
1.0394670963287354
0.7814701795578003
0.8578808903694153
0.49440813064575195
0.39567041397094727
0.5642533302307129
0.9853993654251099
0.4397413730621338
0.9089964032173157
0.5342258214950562
0.7133256196975708
1.3656336069107056
0.6317831873893738
0.5804470777511597
0.47422733902931213
0.48837408423423767
0.7505411505699158
0.6520609855651855
0.6505314111709595
0.35430189967155457
0.7191959619522095
0.6055358648300171
