0.7931883931159973
0.5046084523200989
0.35129010677337646
0.6173015236854553
0.7041198015213013
1.1982730627059937
0.6953091621398926
0.514438807964325
0.6265895366668701
0.4138603210449219
0.3813685476779938
0.48730167746543884
1.1331567764282227
0.719556450843811
0.19444161653518677
0.6694921255111694
0.31299591064453125
0.7978773713111877
0.4604331851005554
0.6137436628341675
0.3976925313472748
0.7720911502838135
0.9739883542060852
0.7377642393112183
1.0930148363113403
0.8932608366012573
0.662541389465332
0.5428062677383423
0.26983147859573364
0.9186823964118958
0.94378262758255
0.5114415884017944
0.5893190503120422
0.7106126546859741
0.27375859022140503
0.7025628089904785
0.7957992553710938
0.6502255201339722
0.6706916093826294
0.43593817949295044
0.25613516569137573
0.7822055220603943
0.34752005338668823
0.6768626570701599
0.6186337471008301
0.5876574516296387
0.5360238552093506
0.5601885318756104
0.5177092552185059
0.7143868207931519
0.3974059820175171
0.6900702118873596
0.7518302798271179
0.22679373621940613
0.2709446847438812
0.48928314447402954
0.6478988528251648
0.29150936007499695
0.7558783888816833
0.5240244269371033
0.6079906225204468
0.7276161313056946
0.3767618238925934
0.8495752215385437
0.7604855298995972
0.47368913888931274
0.6451073884963989
0.6231973171234131
0.3667842149734497
0.5271948575973511
0.5937546491622925
0.5016336441040039
0.4098688066005707
0.7006444334983826
0.7609475255012512
0.7326082587242126
0.3304741084575653
0.5436379313468933
0.4968002438545227
0.6172012090682983
0.5089427828788757
0.5782206058502197
0.35162562131881714
0.431212842464447
0.3528977036476135
0.6730343103408813
1.4981077909469604
0.41590404510498047
0.39580535888671875
0.3849124312400818
0.6249362230300903
0.612557590007782
0.5387264490127563
0.7591019868850708
0.6359589695930481
0.6475905179977417
0.3663383424282074
0.4571169912815094
0.4620422422885895
0.45423611998558044
0.3448525071144104
0.40044480562210083
0.33223605155944824
0.9390293955802917
0.5611355900764465
1.0114986896514893
0.5566655993461609
0.634776771068573
0.8112119436264038
0.3350629508495331
0.7399365305900574
0.8459492921829224
0.30423253774642944
0.33200058341026306
0.9122757911682129
0.37816253304481506
0.4333922266960144
0.2274245023727417
0.5873034000396729
0.5328487157821655
0.3474862575531006
0.6846451759338379
1.2507773637771606
0.7289738655090332
0.4297025203704834
0.4550642967224121
0.6117722392082214
0.2784072756767273
0.38194069266319275
0.477518230676651
0.465951144695282
0.429116815328598
0.4144081175327301
0.4904239773750305
0.30607086420059204
0.4244694113731384
0.6297500729560852
0.5086549520492554
0.9117017984390259
0.9513797760009766
0.6203749179840088
1.1933708190917969
0.6483244895935059
0.3110419511795044
0.6702175736427307
0.6010420322418213
0.8298690915107727
0.3329784870147705
0.5678696632385254
0.5544202327728271
1.0946331024169922
0.587086021900177
0.5880166292190552
0.9971510171890259
0.6109308004379272
0.6486250162124634
0.564511239528656
0.78868567943573
1.0919897556304932
0.5119744539260864
0.7774038314819336
0.7191562652587891
0.5008021593093872
0.9686574935913086
0.7332380414009094
0.36036500334739685
0.8478864431381226
0.6131947636604309
0.5770500898361206
0.4849469065666199
0.9337595701217651
0.5014330148696899
0.43550825119018555
0.9947986602783203
0.42023366689682007
0.4441377520561218
0.49212580919265747
0.7078995704650879
0.21318936347961426
0.4740346074104309
0.903860867023468
0.7891837358474731
0.44189462065696716
0.6966647505760193
0.5772837400436401
0.5658880472183228
0.4869263172149658
0.9972769618034363
0.3650154769420624
0.5111864805221558
0.2574372887611389
0.2951684892177582
1.059911847114563
0.5293076634407043
1.1796637773513794
1.1648404598236084
0.7008058428764343
0.5134097337722778
0.2965126037597656
1.5358028411865234
0.6353850960731506
0.42934489250183105
1.1904659271240234
0.5272422432899475
0.6266092658042908
0.3755389153957367
0.5181092619895935
0.4880514144897461
0.42357510328292847
0.5368754863739014
0.6673349142074585
0.28514477610588074
0.5399982929229736
0.5023831129074097
0.7976363301277161
0.6141877174377441
0.7393449544906616
1.1201754808425903
0.5305115580558777
0.3669764995574951
0.5237947106361389
0.8325105905532837
0.751065731048584
0.7223703265190125
0.2742293179035187
0.2657240629196167
0.4571375250816345
1.1622635126113892
0.34501948952674866
0.4409049451351166
0.42662501335144043
0.6886522173881531
1.2808287143707275
0.2472216784954071
0.4593636989593506
0.7113863229751587
1.010552167892456
0.5158267021179199
0.6112071871757507
0.2517320513725281
0.5735886693000793
0.5123788118362427
0.882573127746582
0.14779427647590637
0.8896380662918091
0.4270566403865814
0.3215877413749695
0.48292359709739685
0.3788922429084778
0.39351436495780945
0.5186412334442139
0.6844021677970886
0.29306668043136597
0.37553519010543823
0.3449691832065582
1.4899152517318726
0.32163166999816895
1.156490683555603
0.757402241230011
0.3367413580417633
0.4141412675380707
0.4840849041938782
0.9132729768753052
0.41302967071533203
0.5935522317886353
0.819499671459198
0.6240503191947937
0.6272238492965698
0.5785278081893921
0.5121034383773804
1.1685571670532227
0.7632920742034912
0.7709509134292603
0.8870260119438171
0.48198336362838745
0.34208133816719055
0.7247162461280823
0.8673238754272461
0.5313389301300049
1.056272268295288
0.5741267204284668
0.760490357875824
0.2992168068885803
0.14731869101524353
0.8168641924858093
0.35449284315109253
0.7996476292610168
0.5557041764259338
0.36334148049354553
0.5300840735435486
0.4327407777309418
0.5325661897659302
0.8086478114128113
0.30551642179489136
0.5192020535469055
0.4206770956516266
0.38763412833213806
0.36331111192703247
0.5417194962501526
0.7291221618652344
0.5676235556602478
0.16839589178562164
0.3992844521999359
0.4820500314235687
0.7728611826896667
0.6601834297180176
0.5988146066665649
0.6339293718338013
0.3971995711326599
0.35685914754867554
0.9362961649894714
0.5278533697128296
1.514167070388794
0.21285223960876465
0.8716932535171509
0.49112072587013245
1.2673012018203735
0.4184150695800781
1.2008256912231445
0.46215105056762695
0.4912784695625305
0.5484344363212585
0.6240941286087036
0.7678407430648804
0.6136260032653809
0.5807084441184998
0.6834865808486938
0.28729957342147827
0.46733203530311584
0.6135865449905396
0.7470852136611938
0.38649922609329224
0.7815676927566528
0.40038251876831055
0.5340646505355835
0.9799947738647461
0.6550027132034302
0.6152310967445374
