0.34644952416419983
0.5047909617424011
0.7374345064163208
0.5439070463180542
0.4094116687774658
0.3115590214729309
0.3876960575580597
0.8197057843208313
0.6374143362045288
1.0158796310424805
0.6420469284057617
0.48827093839645386
0.836064338684082
1.0807937383651733
0.4676666259765625
0.6499798893928528
0.5806490182876587
1.001011610031128
0.7375604510307312
0.6154356598854065
0.5754688382148743
1.2602026462554932
0.6323730945587158
0.8617987632751465
0.9607526659965515
0.6747432947158813
0.478313148021698
0.41293519735336304
0.7913566827774048
1.0842013359069824
0.826043963432312
0.4553176760673523
0.7813720703125
0.7620498538017273
0.38318783044815063
0.4800618588924408
0.5309954881668091
0.3722485601902008
0.7295648455619812
0.37697333097457886
1.1294540166854858
0.3258124887943268
0.43264397978782654
0.5109608769416809
0.906086802482605
0.5600244402885437
0.48635101318359375
0.9286357760429382
0.46355685591697693
0.5121122598648071
0.5701081156730652
0.7957576513290405
0.471217542886734
0.42991766333580017
0.7533000111579895
0.6039634943008423
0.2966713607311249
1.3344364166259766
0.35599955916404724
0.49662861227989197
0.5488149523735046
0.4959750175476074
0.8975462913513184
0.8113034963607788
0.43288713693618774
0.4872470796108246
0.6091154217720032
0.5837249755859375
0.445615291595459
0.5730006694793701
1.029292345046997
0.4922972619533539
0.5212690234184265
0.2516263723373413
0.616033673286438
0.40040844678878784
0.4958987236022949
0.33870357275009155
0.29323509335517883
0.29399561882019043
0.5660463571548462
0.7920277118682861
1.1611300706863403
0.4110923707485199
0.8932112455368042
0.4756385385990143
0.36807042360305786
0.34724193811416626
1.0302860736846924
0.647020697593689
1.1204514503479004
0.5315567851066589
0.998969554901123
0.2869606614112854
0.8744174838066101
0.3586335778236389
0.7186383008956909
0.7802338004112244
1.0381057262420654
0.35816478729248047
0.9890344738960266
0.2597067356109619
0.30792492628097534
0.4447770118713379
0.897526741027832
0.4585748612880707
0.34907373785972595
0.8596674203872681
0.6427405476570129
0.5919838547706604
0.7107573747634888
0.30242154002189636
0.5288232564926147
1.2021689414978027
0.7787801027297974
0.4649689197540283
0.9737638235092163
0.5852106213569641
0.6457291841506958
0.3730434775352478
0.5437204837799072
0.42568081617355347
0.8129304051399231
0.6543785929679871
0.7645907402038574
0.6967419981956482
0.6250321269035339
0.7630487680435181
0.27155691385269165
1.2646235227584839
0.6990847587585449
0.9133232235908508
0.6210827827453613
0.7248364686965942
0.9258317947387695
0.49688443541526794
0.596376895904541
0.4457675516605377
1.2001237869262695
0.6853271126747131
0.4180997312068939
0.5785030126571655
0.6127039790153503
0.5973579287528992
0.3142683506011963
0.4105776846408844
0.9745758175849915
0.2607225775718689
0.7793000936508179
0.6447898149490356
0.44150790572166443
0.5205270648002625
0.7963289022445679
0.5377099514007568
0.6747239232063293
0.23842553794384003
0.3984542191028595
0.3313744068145752
0.37164202332496643
0.5232205986976624
0.7224799394607544
0.5736945867538452
0.7574322819709778
0.5871895551681519
0.5557186007499695
0.9995177984237671
0.482755184173584
0.5756093859672546
0.6143680810928345
0.5000351667404175
0.5486629009246826
0.6521943807601929
1.031870722770691
0.7658869028091431
0.40637779235839844
0.7267470359802246
0.4289212226867676
0.8157191276550293
0.7692064046859741
1.161539077758789
0.7753037214279175
0.4047304093837738
0.7381280660629272
0.2044617384672165
0.7037476301193237
0.4891081750392914
0.7878777980804443
0.5154814124107361
0.30988800525665283
0.7015517950057983
0.6441110372543335
0.41381749510765076
0.4076693058013916
0.7227708101272583
0.8145822286605835
0.9780000448226929
0.8149741888046265
0.8871313333511353
0.6184672713279724
0.4688597321510315
0.3541595935821533
0.5417488813400269
0.6847840547561646
0.7363877296447754
0.7464724779129028
0.6668719053268433
0.5322718620300293
0.35928452014923096
0.48596516251564026
0.40363240242004395
0.570320725440979
0.42510801553726196
0.7879374027252197
0.6529639363288879
0.634314239025116
0.38841891288757324
1.0798594951629639
0.31931185722351074
0.7283793091773987
0.797116756439209
1.035297155380249
0.23778438568115234
0.8589630126953125
0.708044707775116
0.7437528371810913
0.6116675734519958
0.8304725885391235
0.41460317373275757
0.7940725088119507
0.2971499562263489
0.8035210371017456
0.45958584547042847
0.3270459473133087
0.4596026539802551
0.3472402095794678
0.3446802794933319
0.7848987579345703
0.34582483768463135
0.7237899303436279
0.7702639102935791
0.5310782790184021
0.5351967215538025
0.41992124915122986
0.7010950446128845
0.6664484739303589
0.6826794743537903
0.3993571996688843
0.5194838643074036
0.5103644132614136
0.4004058837890625
0.6658319234848022
0.5929657816886902
0.7567507028579712
0.7486845850944519
0.6373454332351685
0.3670555651187897
0.40219730138778687
0.38529378175735474
0.34699946641921997
0.5565974712371826
0.7714036703109741
0.7649194598197937
0.47001999616622925
0.35878580808639526
0.8323297500610352
0.4866029620170593
0.7734845876693726
0.6692835092544556
0.5578356385231018
0.7383841872215271
0.49353957176208496
0.9273567199707031
0.762204110622406
0.4141565263271332
0.8545830845832825
1.040529489517212
0.5317427515983582
0.862299919128418
0.6901958584785461
0.8353196978569031
1.1272004842758179
0.6372536420822144
0.5075413584709167
0.6044639348983765
0.5152009725570679
0.5509162545204163
0.4157005846500397
0.4582379460334778
0.8014663457870483
0.3416757583618164
0.5968221426010132
0.5816943645477295
0.6566881537437439
0.5515967011451721
0.44430699944496155
0.3423352837562561
0.42631882429122925
0.4157014787197113
0.8883768320083618
0.7141510248184204
0.37395861744880676
0.45316505432128906
0.40022554993629456
0.6758302450180054
0.7539231181144714
0.4266909062862396
0.32947686314582825
0.5686196684837341
0.354572594165802
0.4244441092014313
0.7554280161857605
0.5956791043281555
0.4233149588108063
0.714683473110199
0.5843242406845093
0.7115157246589661
0.34009379148483276
0.2649756669998169
1.364843487739563
0.33162036538124084
0.3993093967437744
0.5346576571464539
0.6750425100326538
0.37104374170303345
1.0829107761383057
0.46611347794532776
0.7238641381263733
0.5345497131347656
0.4710693955421448
0.3874679505825043
0.36917126178741455
0.3495960831642151
0.8500576019287109
0.5708023309707642
0.7760977745056152
0.5395174622535706
0.4487968981266022
0.6644846200942993
