0.5756693482398987
0.7419894337654114
0.7539893388748169
0.651023268699646
0.2516225278377533
1.0209165811538696
0.44168299436569214
0.8435178995132446
1.0173485279083252
0.29587990045547485
0.5054652690887451
0.6877931356430054
0.7680695652961731
0.4853140711784363
0.6446922421455383
0.4635167717933655
0.5508617162704468
0.8133136034011841
0.14757581055164337
0.9033738374710083
0.9017320871353149
0.5381406545639038
0.5070792436599731
0.4942386746406555
0.7806985974311829
0.9088736772537231
0.8295310139656067
0.2961239814758301
1.101900339126587
0.7658495306968689
0.4698736071586609
0.5059717893600464
0.7432788610458374
1.0585801601409912
0.41551727056503296
0.5055251121520996
0.7401145100593567
0.4895521104335785
0.39528030157089233
0.831595242023468
0.909924328327179
0.9434220194816589
0.2179797887802124
0.8340991735458374
0.2745826840400696
0.2125817835330963
0.5046243667602539
0.8958312273025513
0.9020265340805054
0.4365549087524414
0.5392736196517944
0.6142546534538269
0.6505258679389954
0.47549670934677124
0.9350126385688782
0.4962594509124756
0.8388594388961792
0.47670412063598633
0.8421449661254883
0.4048067033290863
0.6486087441444397
0.7752653360366821
0.9547058939933777
0.32211965322494507
0.7877287268638611
0.8016232252120972
0.5649940371513367
0.8470880389213562
0.6494608521461487
0.42155885696411133
0.4454246461391449
0.6802709102630615
0.6977800130844116
0.4039595127105713
0.6538106203079224
0.3460542857646942
0.6507710814476013
0.7980042695999146
0.304341584444046
0.6715301871299744
0.558585524559021
0.6341273188591003
0.7391191720962524
0.36713850498199463
1.1269645690917969
0.5217681527137756
0.41354551911354065
0.5486237406730652
0.49968475103378296
0.25450295209884644
0.3197920322418213
0.3068253695964813
0.5470854640007019
0.40349435806274414
0.41375595331192017
0.4271480441093445
0.34624403715133667
0.6001319289207458
0.7814460396766663
0.5945901870727539
0.5238579511642456
0.6757469177246094
0.8405276536941528
0.6556235551834106
0.7977523803710938
0.5242937803268433
0.4007776379585266
0.54694664478302
0.4372243881225586
0.5322825908660889
0.5233901143074036
0.4119485914707184
1.2258450984954834
0.6223120093345642
0.6812967658042908
0.6295573711395264
0.6010098457336426
0.3765036165714264
0.5296624302864075
0.6750522255897522
0.5072125792503357
0.7872431874275208
0.4672170579433441
0.566538393497467
0.5760068893432617
0.6862993240356445
0.44183245301246643
0.480588436126709
0.4641720652580261
0.4301505982875824
0.4141359329223633
0.5929652452468872
1.0726559162139893
0.6054026484489441
0.6403542757034302
0.2999255657196045
0.5259438753128052
0.3127085268497467
0.7890949249267578
0.7787171602249146
0.5870701670646667
0.5423151254653931
0.4571077227592468
1.2027943134307861
0.8751987218856812
0.6956570744514465
1.192927598953247
0.4925593435764313
0.6297548413276672
0.5772236585617065
0.8646958470344543
0.4482576847076416
0.48835277557373047
0.5680638551712036
0.4642488360404968
0.4022599160671234
0.5105676651000977
0.8205186724662781
0.958253026008606
0.8705638647079468
0.6514832973480225
1.079149842262268
0.5788828134536743
0.630316436290741
0.5026921033859253
0.43069925904273987
0.6653340458869934
0.9234223365783691
1.0551079511642456
0.3192107081413269
0.2704267203807831
0.3636603057384491
0.7751184105873108
0.7473899126052856
0.9531829953193665
0.4250544607639313
0.6063321828842163
0.3885993957519531
1.1472289562225342
0.5064877271652222
0.6324206590652466
0.3711564838886261
0.3557506203651428
0.4223431944847107
0.7118179202079773
0.8046862483024597
0.9473645091056824
0.489879310131073
0.4438197612762451
0.3653136193752289
0.9623697996139526
0.6873346567153931
0.36919984221458435
0.31393909454345703
0.6931949257850647
0.5481764674186707
0.6699081063270569
0.6312388181686401
0.3467019200325012
0.439408540725708
0.7261346578598022
1.1998095512390137
0.685421884059906
0.4152309000492096
0.6162513494491577
0.4991990029811859
0.5479798316955566
0.7043169736862183
1.0885114669799805
1.3634865283966064
1.039968729019165
0.5283872485160828
0.336965948343277
0.35874950885772705
0.6169933676719666
0.3971382677555084
0.5161863565444946
0.8891363143920898
0.7526761889457703
0.5201436281204224
0.41599225997924805
0.3444368243217468
0.4608973562717438
0.37894362211227417
0.5519229769706726
0.3950880467891693
0.680672287940979
0.4448626637458801
0.7606848478317261
0.9982810020446777
0.43972522020339966
0.31696027517318726
0.6983146071434021
0.36875468492507935
0.35337045788764954
0.5580083131790161
0.3857576251029968
1.0947157144546509
0.29650023579597473
0.2630302608013153
0.43517082929611206
0.5101616978645325
0.5186602473258972
0.34222084283828735
0.4942149519920349
0.9232061505317688
0.7389318346977234
0.2717130184173584
0.5313838720321655
0.5985461473464966
0.8830798864364624
0.6659913659095764
0.6182733774185181
0.5719733238220215
0.3610641062259674
1.1156928539276123
0.6820700168609619
0.4358437955379486
0.37789520621299744
0.4559362828731537
0.7517239451408386
0.4687988758087158
0.9651994705200195
0.7077035307884216
0.4133594036102295
0.49582529067993164
1.1091432571411133
0.40772733092308044
1.665379524230957
0.49444493651390076
0.34369054436683655
0.45593729615211487
0.4690209925174713
0.5173157453536987
0.6096831560134888
1.451816439628601
0.6319169402122498
0.35790881514549255
0.6842071413993835
0.5443427562713623
0.4890666604042053
0.6532434225082397
0.6027683019638062
0.27237263321876526
0.6551252603530884
0.5227135419845581
0.4138117730617523
0.37451115250587463
0.4731532037258148
0.6841347813606262
0.5115267038345337
0.4334169924259186
0.7911685109138489
0.4272831380367279
0.4882875978946686
0.5367883443832397
0.5146173238754272
0.5006214380264282
0.34576618671417236
0.4180588722229004
0.8370428085327148
0.9058443307876587
0.720869779586792
0.7226158976554871
1.0727595090866089
0.7104865908622742
0.35756826400756836
0.40955495834350586
0.8334770202636719
0.5581240653991699
0.27726641297340393
0.6930298209190369
0.5731979608535767
0.5825151205062866
1.653206467628479
0.47052788734436035
0.45787572860717773
1.0255825519561768
0.5961586236953735
0.580571174621582
0.4971047341823578
0.3498624265193939
0.5314968824386597
0.767424464225769
0.6623421907424927
0.6725618839263916
1.2718883752822876
0.8167529106140137
0.4757130742073059
0.8312633633613586
0.862576961517334
0.4096077084541321
0.46133455634117126
0.3563418388366699
0.5992205142974854
0.3333495855331421
0.41968774795532227
0.7265189290046692
