0.4130125045776367
0.8052548170089722
0.5959583520889282
0.4829113483428955
0.33689624071121216
0.7165454626083374
0.36575785279273987
0.4757198393344879
0.37457984685897827
0.630722165107727
0.5103179812431335
1.0544466972351074
0.7192555069923401
0.4319601058959961
0.9361511468887329
0.8033812642097473
1.1243888139724731
0.3987102210521698
0.3730734884738922
0.7826518416404724
0.524192214012146
1.294761300086975
0.724937915802002
0.3679293990135193
0.40732550621032715
0.5575038194656372
0.5198143124580383
0.6162542104721069
0.21024112403392792
0.41258668899536133
0.6213284134864807
0.37040653824806213
0.690490186214447
0.8205267786979675
0.5110371708869934
0.4804244041442871
0.9192916750907898
0.3747071325778961
0.6442389488220215
0.37566351890563965
0.3602531850337982
0.4584123492240906
0.2281445562839508
0.6048935651779175
0.5669737458229065
0.7278115153312683
0.7192979454994202
0.7518364787101746
0.5659082531929016
0.9001463651657104
0.4760378897190094
0.5235231518745422
0.6993429064750671
0.8761346936225891
1.2244367599487305
0.8022037744522095
0.40503615140914917
0.4663439691066742
0.703008770942688
0.6952810883522034
0.5957475900650024
0.4431920051574707
0.7756032943725586
0.23969057202339172
0.6934123039245605
0.46787968277931213
0.41134196519851685
0.9223564267158508
1.243988275527954
0.37481367588043213
0.34677979350090027
0.3614906072616577
1.1362046003341675
0.6475430727005005
0.783676266670227
0.6304314732551575
0.6061823964118958
0.3610316514968872
0.29709893465042114
0.40459316968917847
0.6126569509506226
0.8377408981323242
0.52067631483078
0.606305718421936
0.9318740963935852
0.5809670686721802
0.7129455804824829
0.6656296253204346
0.5201164484024048
0.6420475840568542
0.44079509377479553
0.5556080341339111
0.5761127471923828
0.5621044039726257
0.5524843335151672
0.5024572610855103
0.6557081341743469
0.5925885438919067
0.5457953214645386
0.3435315787792206
0.9428092837333679
0.5092856287956238
0.4411377012729645
0.6648996472358704
0.9595178365707397
0.443469375371933
0.4771680235862732
0.583234965801239
0.7352725863456726
0.8164230585098267
0.29079172015190125
0.8170312643051147
0.6247280836105347
0.7820630073547363
0.8064025044441223
0.8696327209472656
0.5872885584831238
0.8388350605964661
0.5617040395736694
0.41155847907066345
0.6556617617607117
0.4175541400909424
0.3618086576461792
0.3106123208999634
0.7035657167434692
0.9888195991516113
0.5765852928161621
0.6112608909606934
0.266011118888855
0.3620659410953522
0.4338642954826355
0.36883440613746643
0.4960096776485443
0.5617867708206177
0.4054647386074066
0.5228391289710999
0.9990620613098145
0.49690085649490356
0.5391941070556641
0.5473605394363403
1.2215759754180908
0.6462176442146301
0.79192054271698
0.5820378065109253
1.259500503540039
0.6593709588050842
0.39184340834617615
0.45474177598953247
0.49173474311828613
0.4370230734348297
0.29567450284957886
0.8606916666030884
0.3736158013343811
0.42693883180618286
0.9054876565933228
0.5984368324279785
0.588303804397583
0.9345930218696594
0.5023700594902039
0.5372056365013123
0.3875602185726166
0.6469119191169739
0.6150252819061279
1.0206279754638672
0.8174160122871399
0.3729202151298523
0.6746730208396912
0.64287269115448
0.2526736259460449
0.5573601722717285
0.38869544863700867
0.8561365008354187
0.8717669248580933
0.31140100955963135
0.48638710379600525
0.7611081600189209
0.5874580144882202
0.43390756845474243
0.6670144200325012
0.5831350088119507
0.4053505063056946
0.2647360861301422
0.7318052053451538
0.4544689655303955
0.6410042643547058
0.8287046551704407
0.6619833111763
0.548802375793457
0.987770676612854
0.4020054340362549
0.33465275168418884
0.3851761817932129
1.0281951427459717
0.27782389521598816
0.3782901167869568
0.9643329381942749
0.6138325929641724
0.6919052004814148
0.664842426776886
0.3058639466762543
1.15032160282135
0.4483650326728821
0.5726021528244019
0.5268862843513489
0.9165331125259399
0.585736095905304
1.0784261226654053
0.8571659326553345
0.45949259400367737
0.25488996505737305
0.7151229977607727
0.49629145860671997
1.0399376153945923
0.5756913423538208
0.6679245829582214
0.41792455315589905
0.3803859055042267
1.2383896112442017
0.8144588470458984
0.7853667140007019
0.4458029270172119
0.4029623568058014
0.4499121606349945
0.43563294410705566
0.36170047521591187
0.5540631413459778
1.628704309463501
0.3515654504299164
0.46013909578323364
0.28092819452285767
0.8805559873580933
0.6544273495674133
0.9542109370231628
0.5425115823745728
0.34208565950393677
0.6834502220153809
0.7156942486763
0.6646473407745361
0.6911192536354065
0.390907347202301
0.7275419235229492
0.5738572478294373
0.5128886103630066
1.0550614595413208
0.4414482116699219
0.6317563652992249
1.3524465560913086
0.4556339681148529
0.6967695951461792
0.45830971002578735
0.578032374382019
1.1552890539169312
0.662270188331604
0.5061920285224915
0.46949759125709534
0.46935877203941345
0.9473316073417664
0.7617810964584351
0.7674817442893982
0.5591137409210205
0.39950019121170044
0.6381813287734985
0.472749799489975
0.4195331931114197
0.483280748128891
0.6190042495727539
0.5879313349723816
0.3327764868736267
0.6551075577735901
0.857131838798523
0.7296738624572754
1.0366588830947876
0.4997240900993347
0.5248939394950867
0.6701315641403198
0.7736005783081055
0.3968146741390228
0.42020997405052185
0.5868445634841919
0.396681547164917
0.3929165303707123
0.47577983140945435
0.5037798881530762
0.7046560049057007
0.5676594972610474
0.763007402420044
0.3475579619407654
0.6833179593086243
0.2724764943122864
0.3979285657405853
0.8214128613471985
0.7318093776702881
0.5992975234985352
0.5245064496994019
0.8672043681144714
0.5282644629478455
0.5198112726211548
0.43859976530075073
0.4618774950504303
0.4538118243217468
0.7077968716621399
0.4983077049255371
0.5550203323364258
0.8273103833198547
0.6609293222427368
0.23797054588794708
1.010615348815918
0.43091240525245667
0.5715658664703369
0.49165767431259155
0.4833523631095886
0.5901439785957336
0.3357084393501282
0.7052978277206421
0.5251215100288391
0.679780125617981
0.22806711494922638
0.5854547023773193
1.28770911693573
0.5341447591781616
0.47583064436912537
0.35229554772377014
0.32670801877975464
0.43640679121017456
0.3443118929862976
1.3249847888946533
1.1883487701416016
0.5122167468070984
0.25775763392448425
0.629452109336853
0.7421151399612427
0.36889129877090454
0.7663131356239319
0.37871068716049194
0.4998244345188141
0.5295507311820984
0.579620361328125
0.4501356780529022
