0.4891565442085266
0.5681813359260559
0.845962643623352
0.5023647546768188
0.2851916551589966
1.0066181421279907
0.40080633759498596
0.6995458006858826
0.3259807229042053
0.2845291197299957
0.4390532970428467
0.6280441284179688
0.7021462321281433
0.39103829860687256
0.5248454213142395
0.9437106251716614
0.8526406288146973
0.6686763167381287
0.6287828683853149
0.5322009325027466
0.4157811105251312
0.37393108010292053
0.4130227565765381
0.23122525215148926
0.21558764576911926
0.5883873701095581
0.23201672732830048
0.6970307230949402
0.46686601638793945
0.5078035593032837
0.26593488454818726
1.0534656047821045
0.7960919737815857
0.6010884046554565
0.6630355715751648
0.6842673420906067
0.5595672726631165
1.2882673740386963
1.191947340965271
0.8332902789115906
0.42350348830223083
0.6405084729194641
0.9846488833427429
0.4562188684940338
0.29727962613105774
0.6242836713790894
0.9578890800476074
0.47944560647010803
0.4755813479423523
0.4119366705417633
0.7596966028213501
0.28944188356399536
0.5198333859443665
0.845361590385437
0.34009066224098206
0.7566336989402771
0.5607733726501465
0.6013180613517761
0.5022217035293579
0.5674000382423401
0.31327804923057556
0.4710824489593506
0.7747867703437805
0.5434159636497498
0.5232557654380798
0.5397495031356812
0.5563117861747742
0.369137704372406
1.3634321689605713
0.7032104730606079
0.5867947340011597
0.40768903493881226
0.7750707864761353
0.3118082880973816
0.7565944790840149
0.5644715428352356
0.47377997636795044
1.538112759590149
0.5930055379867554
0.3284710645675659
0.5056840181350708
0.37333598732948303
1.0041357278823853
0.7538240551948547
0.753421425819397
0.33900004625320435
0.5120764970779419
0.4727071225643158
0.8152971267700195
0.5283056497573853
0.3190291225910187
0.33291274309158325
0.4613519608974457
0.525338888168335
0.4300784468650818
1.0956683158874512
0.8291078805923462
1.133118748664856
0.41373103857040405
0.3755277097225189
0.5342863202095032
0.347565233707428
0.7986947894096375
0.5708414316177368
0.5465629696846008
0.5047268867492676
0.5113666653633118
0.32890585064888
0.8038803339004517
0.4627164900302887
0.48751479387283325
0.4870004653930664
0.4280090928077698
0.7461275458335876
0.5232471823692322
0.6723754405975342
0.34130561351776123
0.7166987657546997
0.6043106913566589
0.8519893884658813
0.57331383228302
0.3039061427116394
0.31549912691116333
0.4297966957092285
0.37445521354675293
0.5596007108688354
0.34356310963630676
0.3235567808151245
0.5601681470870972
0.22066330909729004
0.26927071809768677
0.4194413125514984
0.5773175954818726
0.3918723464012146
0.9683519601821899
0.5271704792976379
0.8294535875320435
0.7018593549728394
0.6883713006973267
0.3933139741420746
0.33274948596954346
0.758992075920105
0.7444317936897278
0.763384222984314
0.6935957670211792
0.5854808688163757
0.6460442543029785
0.21537747979164124
0.5404616594314575
0.5229829549789429
0.25828713178634644
0.5744602680206299
0.516635537147522
0.6704698801040649
0.6472523212432861
0.7442948222160339
0.6163022518157959
0.33599627017974854
0.3678930401802063
0.36189723014831543
0.6925982236862183
0.5003633499145508
0.6954222917556763
0.29690465331077576
0.3190731406211853
0.7704681754112244
1.2810202836990356
0.8159235715866089
0.3507031798362732
0.666843056678772
0.31585508584976196
0.4255785346031189
0.6573942303657532
0.6415531039237976
0.419445663690567
1.0863114595413208
0.42734700441360474
0.7775115966796875
1.3203673362731934
0.5394417643547058
0.5973098874092102
0.6807922124862671
0.4819279611110687
0.8743113279342651
0.6387912034988403
0.48610812425613403
0.8485771417617798
0.7290807962417603
0.7324272394180298
0.38804134726524353
0.6727195382118225
0.5392502546310425
0.7186626195907593
0.32193097472190857
0.5419679284095764
1.0380830764770508
0.512577474117279
0.6977534294128418
0.5222153067588806
0.5866806507110596
0.46918410062789917
0.4055449366569519
0.3181392252445221
0.700741171836853
0.4930282533168793
0.34404197335243225
1.293050765991211
0.47379010915756226
0.9805372953414917
0.4985073208808899
0.3761671483516693
0.6674883365631104
0.848209023475647
0.3847469985485077
0.565526008605957
0.4283064901828766
0.8633176684379578
0.6866852641105652
0.53007972240448
1.5968908071517944
0.6435717344284058
0.6032549142837524
0.6982987523078918
0.5923022031784058
0.3084297776222229
0.7125370502471924
0.4367412030696869
0.35016006231307983
0.36459094285964966
0.708182156085968
0.2920282781124115
0.4877017140388489
0.5695701837539673
0.7882265448570251
0.5126146078109741
0.5021753311157227
0.6913068890571594
1.1343246698379517
0.6119910478591919
0.5424914360046387
0.6204347610473633
0.5432227253913879
0.5275488495826721
0.44174328446388245
0.3729289472103119
0.6867702007293701
0.525356650352478
0.2615208029747009
1.6936429738998413
0.478740394115448
0.35660815238952637
0.8023683428764343
0.7540330290794373
0.3422542214393616
0.5067769289016724
0.44785213470458984
0.7345627546310425
0.3828425705432892
1.2318707704544067
0.8073703050613403
0.38015851378440857
0.7397413849830627
0.573349118232727
0.9645833969116211
0.6882106065750122
0.43322426080703735
0.6295033693313599
0.6095608472824097
0.5194210410118103
0.5172313451766968
0.5231704115867615
0.5172712802886963
0.6018779873847961
0.8450214266777039
0.7006259560585022
0.6086162328720093
0.7661409974098206
0.26962611079216003
0.6522068381309509
0.22289633750915527
0.6896006464958191
0.630867063999176
0.6694594621658325
0.370495080947876
0.4009335935115814
0.64604651927948
0.41644906997680664
0.6584585309028625
0.7914232611656189
0.5831127166748047
0.529390811920166
0.9795449376106262
0.40860089659690857
0.5351042747497559
0.6401647329330444
0.5743680000305176
0.646319568157196
0.7660658359527588
0.5127333402633667
0.8099104166030884
0.47118768095970154
0.31847870349884033
0.5787901878356934
0.44077080488204956
0.43747058510780334
0.49821561574935913
0.7752255201339722
0.6797336339950562
0.4063085913658142
0.7364088296890259
1.1649705171585083
0.4427926540374756
0.7567377686500549
0.5352875590324402
0.5422714352607727
1.2541733980178833
0.45953893661499023
0.40968045592308044
0.26803654432296753
0.7638620734214783
1.0956443548202515
0.47276511788368225
0.35574281215667725
0.5807350277900696
0.4788583815097809
0.44883379340171814
0.423098087310791
0.6768811941146851
0.41620469093322754
1.0950398445129395
0.8797232508659363
0.3959372937679291
0.39276114106178284
0.8658853769302368
0.31378257274627686
0.9525467753410339
0.7703127861022949
0.815840482711792
