0.6903042793273926
0.521619975566864
0.5955060124397278
0.5058935284614563
0.3203407824039459
0.3253251016139984
0.46468716859817505
0.6552729606628418
0.47520989179611206
0.5204811096191406
0.610464334487915
1.4712566137313843
0.4523337781429291
0.8011693954467773
0.3172525465488434
0.6591668725013733
0.2685597538948059
0.5250636339187622
0.6567286252975464
0.6538797616958618
0.8552155494689941
1.31202232837677
0.9477205276489258
0.6530764698982239
0.48693138360977173
0.27537164092063904
0.4155331552028656
0.3995167315006256
0.4076497554779053
0.8688373565673828
0.8167004585266113
0.9348526000976562
0.36996525526046753
0.5523568391799927
0.4088435173034668
0.8035116195678711
0.3928295373916626
0.4944286346435547
0.558313250541687
1.0577558279037476
0.41276034712791443
0.7422395348548889
0.7886098027229309
0.5847039222717285
0.8542574644088745
0.5479600429534912
0.8404448628425598
0.8241646885871887
1.1110177040100098
0.4615950584411621
0.7525683045387268
0.615948498249054
0.4254329800605774
0.5556374788284302
0.2960279881954193
0.6270270347595215
0.3357190191745758
0.5396906137466431
0.318585067987442
0.5297152996063232
0.4143233299255371
0.37041419744491577
0.515649139881134
0.6808122992515564
0.39225059747695923
1.0087816715240479
1.1593639850616455
0.9306372404098511
0.6708917617797852
0.4520750939846039
0.3083108067512512
0.43452921509742737
0.4088513255119324
0.725071132183075
0.6624222993850708
0.5413311719894409
0.42844468355178833
0.3938056230545044
1.1386632919311523
0.42918482422828674
1.1299062967300415
0.6773856282234192
0.6140777468681335
0.4810391068458557
0.5420764684677124
0.5953772068023682
0.7729008197784424
0.5969797968864441
0.38323885202407837
0.4669798016548157
1.0719362497329712
1.2953999042510986
0.4553092122077942
0.38236361742019653
0.7544947266578674
0.5264574885368347
0.5220133066177368
0.8139660954475403
0.2787829041481018
0.46505290269851685
0.3954160809516907
0.5555733442306519
0.7104756832122803
0.44034042954444885
0.7386531829833984
0.8584998250007629
0.6047335267066956
0.4147929251194
0.3358195424079895
0.4474059045314789
0.4975670874118805
0.4662971496582031
0.5676081776618958
0.5645442008972168
0.4669877588748932
0.5309796333312988
0.7895984649658203
0.5983037948608398
0.7838729619979858
0.5287297964096069
0.48780888319015503
0.17827782034873962
0.7624887824058533
1.046962857246399
0.5783160924911499
0.5281475186347961
0.41151708364486694
0.5467666387557983
0.41518688201904297
0.6466858983039856
1.447693109512329
0.5209763646125793
0.28955698013305664
0.8248284459114075
0.5831812024116516
0.8369737863540649
0.31382089853286743
0.5948691368103027
0.308059424161911
0.8808177709579468
0.28598740696907043
0.887043297290802
0.8312056660652161
0.9220160245895386
0.27700716257095337
0.5224052667617798
0.39200839400291443
0.4577212333679199
0.4732144773006439
0.5364168286323547
0.45342817902565
0.47900718450546265
0.43417873978614807
0.39798861742019653
0.5223222970962524
0.41613253951072693
0.41363900899887085
0.530035674571991
0.36661455035209656
0.9070682525634766
1.069244146347046
0.8424088358879089
0.5555410385131836
0.8850215077400208
0.6781185269355774
0.33155959844589233
0.6263147592544556
0.32606711983680725
0.5827866792678833
0.32354500889778137
0.8245441317558289
0.6893265843391418
0.6497117280960083
0.636867105960846
0.38092726469039917
0.7567166090011597
0.40368279814720154
0.8829590082168579
0.7238494753837585
0.4796876013278961
0.6269873380661011
0.4848637580871582
1.1721875667572021
1.1732869148254395
0.555200457572937
0.4905422627925873
0.4543411135673523
0.8179903030395508
0.5824728608131409
0.6401651501655579
0.514172375202179
0.2593345642089844
0.4646601676940918
0.8348506689071655
0.45270243287086487
0.6142839193344116
0.631634533405304
1.1447175741195679
0.950056254863739
0.23618276417255402
0.5796046853065491
0.6723501086235046
0.5472356677055359
0.5921229124069214
0.40061312913894653
0.40785279870033264
0.5500324964523315
0.5597640872001648
0.5517770648002625
0.3474046587944031
0.7718310356140137
0.6507156491279602
0.38557562232017517
0.6983582377433777
0.7287099957466125
0.44324421882629395
0.7646273374557495
0.6114770174026489
0.5638834834098816
0.32306626439094543
0.9000639915466309
0.6303840279579163
1.0648480653762817
0.5115429162979126
0.5284395217895508
0.6868921518325806
0.6049710512161255
0.35154253244400024
0.9591816067695618
0.7313502430915833
0.405738890171051
0.27731242775917053
0.3692260682582855
0.5304926633834839
0.8016997575759888
0.7334357500076294
0.7339360117912292
0.20078377425670624
0.5018470883369446
0.5287744998931885
0.7769966125488281
0.7041366696357727
0.4877169728279114
0.4708172380924225
0.43558335304260254
0.5404672622680664
0.29593345522880554
0.3321097493171692
0.5508275032043457
1.029420018196106
0.47588133811950684
0.8638361692428589
0.3352019190788269
0.5151547193527222
0.5659040808677673
0.5476902723312378
0.529699444770813
0.6026790738105774
0.6535331010818481
0.7592529058456421
0.5224241614341736
0.3226076066493988
0.6978009343147278
0.5544765591621399
0.5978072285652161
0.9786102175712585
0.6177667379379272
0.8159183263778687
0.3761799931526184
0.4199695587158203
0.4914639890193939
0.33356159925460815
0.6449955701828003
0.49541980028152466
1.2044967412948608
0.3947959542274475
0.7014020681381226
1.1669948101043701
0.6164642572402954
1.5100350379943848
0.6793836355209351
0.6941608190536499
0.682960033416748
0.6230179071426392
0.5465623140335083
0.6220033168792725
0.739476203918457
0.6439234018325806
0.7846466302871704
0.6767026782035828
0.8122602701187134
0.6683241128921509
0.42722734808921814
1.3478147983551025
0.6550500988960266
0.34803295135498047
1.006424069404602
0.37780269980430603
0.6008937954902649
0.4821862578392029
0.36810988187789917
0.5619389414787292
0.7287845611572266
0.6583829522132874
0.7548385858535767
0.7229064702987671
0.41704320907592773
0.7713143825531006
0.6546157598495483
0.44781047105789185
0.8392014503479004
0.7424305081367493
0.8019517064094543
1.0196506977081299
0.519507646560669
0.2513278126716614
0.4202621877193451
0.8494004011154175
1.1247799396514893
0.4597476124763489
0.8483344316482544
0.5722476243972778
0.2685587406158447
0.8109431266784668
0.8469043970108032
0.4980364441871643
0.6151140928268433
0.897891640663147
0.9318020939826965
0.6522684097290039
0.6799095869064331
0.6288530230522156
0.6591057777404785
0.43131938576698303
0.5134564638137817
0.6191638112068176
0.4449853301048279
0.6721405982971191
