0.6767464876174927
0.619001567363739
0.6418119668960571
0.5650268793106079
0.6650058031082153
0.7518253922462463
0.3628239631652832
0.534494936466217
0.5510891079902649
0.8903388977050781
0.32259130477905273
0.37002259492874146
0.5532675981521606
0.7682121396064758
0.5973420739173889
0.35156530141830444
0.8786832690238953
0.7015295624732971
0.7881042957305908
0.6222772598266602
0.45086580514907837
1.076636791229248
1.1035280227661133
0.34170231223106384
0.6219482421875
0.37954455614089966
0.544741153717041
0.6880455613136292
0.6672994494438171
0.5385265350341797
0.6367073655128479
0.3048090934753418
0.6887537240982056
0.7455313801765442
0.3295736312866211
0.36679553985595703
0.6325483322143555
0.7619977593421936
0.7649592161178589
0.6767831444740295
0.6269842982292175
0.3635255694389343
0.566619873046875
0.5562726855278015
0.14768952131271362
0.27295929193496704
0.2328062504529953
0.8619397282600403
0.4336642324924469
0.6367476582527161
0.6338027715682983
0.3150327503681183
0.49595993757247925
0.5314537882804871
0.867678165435791
1.1430901288986206
0.4507201611995697
0.4085165560245514
0.6917000412940979
0.2806321680545807
0.5721052885055542
0.9304739236831665
0.7598537802696228
0.6582307815551758
0.6998331546783447
0.31684544682502747
0.7030349969863892
0.5529770255088806
0.7803072929382324
0.6971791386604309
0.5270121693611145
0.38157734274864197
0.40603455901145935
0.7066736221313477
0.42504745721817017
0.35921183228492737
0.5356829762458801
0.6699126958847046
0.785429835319519
0.4825711250305176
0.9425603151321411
0.31925055384635925
0.7987295985221863
0.41326650977134705
0.37315064668655396
0.5649178624153137
0.24185387790203094
0.44822821021080017
0.41755399107933044
0.56341952085495
0.8610988855361938
0.4639930725097656
1.111180067062378
0.4894215166568756
0.9282848238945007
0.4409864544868469
0.39844754338264465
0.5941222906112671
0.521683394908905
0.2753531336784363
0.3336223363876343
0.6951245665550232
0.6887677907943726
0.8636406660079956
1.1348159313201904
1.6387335062026978
0.5890545845031738
0.29067298769950867
0.6282581090927124
0.22964735329151154
0.6079691052436829
0.3704090714454651
0.583794116973877
0.5856305956840515
0.9314813613891602
0.5562001466751099
0.3372599482536316
0.9809707403182983
0.645161509513855
0.8325847387313843
0.47987547516822815
0.8631763458251953
0.7086259126663208
0.666938841342926
0.6000658273696899
0.3250764310359955
0.3151746094226837
0.473937451839447
1.3590552806854248
0.4230143427848816
0.4321052134037018
0.39636340737342834
0.46581539511680603
0.3910371661186218
0.5334437489509583
0.4620451033115387
0.9132693409919739
0.44830623269081116
0.337108314037323
0.5526809692382812
0.5129929780960083
0.6434155106544495
0.36304953694343567
0.5226079821586609
0.6202584505081177
1.262723684310913
0.3654652237892151
0.6190853118896484
0.31036484241485596
0.3887195587158203
0.5434117913246155
0.5065531134605408
0.9708911776542664
0.628588080406189
0.7566181421279907
0.45725059509277344
0.6060745120048523
0.6329950094223022
0.5226980447769165
1.0437157154083252
0.7249196767807007
0.5027382373809814
0.5099127888679504
0.43132027983665466
0.3946846127510071
0.7559232711791992
0.9014241099357605
0.25234919786453247
0.9167957305908203
0.5857188105583191
0.5115405321121216
0.3693888187408447
0.5416337251663208
0.7831161022186279
0.37009844183921814
0.4851931929588318
0.982343852519989
0.6209045648574829
0.4325862526893616
0.6571527123451233
0.36619147658348083
0.7995628714561462
1.3306599855422974
0.6595487594604492
0.5875095129013062
0.6012328267097473
0.7336306571960449
0.8874515295028687
0.44434404373168945
0.7461472749710083
0.6164276003837585
0.5538274645805359
0.6166305541992188
1.0325888395309448
0.33624979853630066
0.36431488394737244
0.49252811074256897
0.39839017391204834
0.4998701512813568
0.906964898109436
0.4867687225341797
0.7342346906661987
0.2768343389034271
0.4200321137905121
0.7696107029914856
0.8324495553970337
0.29975593090057373
0.45490628480911255
0.43095239996910095
0.4737422466278076
0.48120197653770447
0.5524163246154785
0.6324681639671326
1.0862257480621338
0.44558659195899963
0.4915674328804016
0.3163542151451111
0.27258339524269104
0.2826816737651825
0.6821819543838501
0.6071905493736267
0.603710412979126
0.8485843539237976
0.3167728781700134
1.4656922817230225
0.4310825765132904
0.4002496600151062
0.543146550655365
0.5434662103652954
0.25285977125167847
0.45203447341918945
0.33960574865341187
0.7857362031936646
0.5154302716255188
0.4237033724784851
0.2376902550458908
0.4520670771598816
0.3886512815952301
0.2792239785194397
0.9030951261520386
0.37514743208885193
0.40197283029556274
1.2332557439804077
0.6734625101089478
1.0885868072509766
0.42735275626182556
0.8812185525894165
0.6507997512817383
0.5773809552192688
0.3312409520149231
0.4527131915092468
0.5972014665603638
0.5072425007820129
0.8398116827011108
0.947964072227478
0.5733782649040222
0.6616044640541077
0.3606007695198059
1.0728724002838135
0.9875532984733582
0.9749390482902527
0.6679827570915222
0.6015372276306152
0.6621273159980774
0.6235030889511108
0.995936393737793
1.2375365495681763
0.703149139881134
0.6031586527824402
0.7160293459892273
0.6620310544967651
0.43777236342430115
0.5876834988594055
0.6055625677108765
0.9661507606506348
0.4005543291568756
0.6416192054748535
0.6338408589363098
0.6961314678192139
0.39272359013557434
0.714030385017395
0.5343456268310547
0.8110661506652832
0.16444066166877747
0.6601464748382568
0.5240805149078369
0.40683087706565857
0.6467123627662659
0.3589280843734741
0.595051109790802
0.34372133016586304
1.079012155532837
0.2744812071323395
0.9666863679885864
0.5591586828231812
0.22335653007030487
0.620766282081604
0.7699018716812134
0.4601561427116394
0.7257826924324036
0.38614994287490845
0.42930516600608826
0.9882858395576477
0.31556960940361023
0.6103528738021851
0.4410189092159271
1.3426764011383057
0.826769232749939
0.7557411193847656
0.36592864990234375
0.7655068635940552
0.5069512128829956
0.6097608804702759
0.5848091244697571
0.5629911422729492
0.9316505193710327
0.3468206226825714
0.79780113697052
0.9802702069282532
0.6201744079589844
0.5439913868904114
0.19844041764736176
1.0825002193450928
0.45368194580078125
0.31771352887153625
0.20785970985889435
0.40089625120162964
0.47429776191711426
0.41818270087242126
1.1504833698272705
0.4278299808502197
0.4232615530490875
0.8063114285469055
0.7513620853424072
0.607099711894989
0.8366521596908569
0.4133501946926117
0.4111371338367462
