0.8904242515563965
0.7379818558692932
0.406585693359375
0.6274982690811157
0.6470279693603516
0.5160326957702637
0.259665310382843
1.0231444835662842
0.32981663942337036
0.981397807598114
0.4428258538246155
0.44730648398399353
0.6292610764503479
0.5859842896461487
0.3003441393375397
0.6308599710464478
0.796136200428009
0.41890794038772583
0.32874444127082825
0.4812503755092621
0.8892385363578796
0.6267614364624023
0.9785436391830444
0.5540250539779663
0.38776057958602905
0.5218656659126282
0.5628818273544312
0.7145954370498657
0.5343519449234009
1.007358193397522
0.45663708448410034
0.5859955549240112
0.32136717438697815
0.41603904962539673
0.7660620212554932
0.6748881340026855
0.385861337184906
0.5814470052719116
0.8269254565238953
0.5843546986579895
0.48061877489089966
0.27751728892326355
0.5464138984680176
0.6024028062820435
0.8454399108886719
0.4480120539665222
0.6009198427200317
0.4925611615180969
0.46635428071022034
0.5901216268539429
0.3161575496196747
0.7935119867324829
0.45371437072753906
0.8920364379882812
0.6103482246398926
0.5449191331863403
0.8885049819946289
0.4674839973449707
1.0623705387115479
0.3774181008338928
0.20378446578979492
0.8137480616569519
0.3973897397518158
0.7709832191467285
0.510572075843811
0.6384490132331848
0.8572408556938171
0.42978888750076294
0.6432898640632629
1.2609145641326904
0.5738265514373779
0.6349738240242004
0.5954933166503906
0.5009154081344604
0.44078922271728516
0.44588035345077515
0.7815319895744324
0.4702865481376648
0.41137439012527466
0.6442878842353821
0.8202638626098633
0.37470439076423645
0.5126467347145081
0.8224905729293823
0.36890095472335815
0.3730894923210144
0.8651840090751648
0.6089255213737488
0.6419436931610107
0.39718469977378845
0.30726081132888794
0.4550584852695465
0.6840981245040894
0.5382963418960571
0.5891799926757812
0.6742740869522095
0.8746641278266907
0.5217713713645935
0.4004676342010498
0.6910436153411865
0.4670587182044983
0.39486411213874817
0.46706223487854004
0.3459072411060333
0.663634181022644
0.6284993886947632
0.6177522540092468
0.7676833271980286
0.6533635854721069
0.5961831212043762
1.0252277851104736
0.4699409008026123
0.7925999164581299
0.4360431730747223
1.0529019832611084
0.31239891052246094
0.23837780952453613
0.3476637601852417
0.5430984497070312
0.4023236334323883
0.5883876085281372
0.3473476767539978
0.48395830392837524
0.8969039916992188
0.4763577878475189
0.6620173454284668
0.8834093809127808
0.5194492340087891
0.588586688041687
0.3373476266860962
0.709602952003479
0.3555421233177185
0.3332575559616089
0.8285616636276245
0.6587875485420227
0.5056173801422119
0.31113430857658386
0.5302272439002991
0.7494335174560547
0.3981836438179016
0.9243465662002563
0.509628415107727
0.47818174958229065
0.36519646644592285
0.5102229118347168
0.3471382260322571
0.3886394500732422
0.6119194626808167
0.4998719096183777
0.3697940409183502
0.5299569368362427
0.5002619028091431
0.781749427318573
0.4889896512031555
0.7569761276245117
0.5031295418739319
0.4724079966545105
1.1056619882583618
0.32731741666793823
0.7595001459121704
0.5831823945045471
0.4684804379940033
0.5391219854354858
0.49193674325942993
0.7182239294052124
0.3925451636314392
0.27860549092292786
0.6833013296127319
0.5697735548019409
0.9055008888244629
1.2451047897338867
0.47568589448928833
0.5179448127746582
0.49610716104507446
0.33524447679519653
0.37273621559143066
0.4762398600578308
0.8324354290962219
0.22536344826221466
0.5934680104255676
0.5149980187416077
0.510119616985321
0.39871591329574585
0.5129259824752808
0.6606498956680298
0.47720789909362793
0.772765576839447
0.6184090375900269
0.7469149827957153
0.4231191575527191
0.6324487328529358
0.6560948491096497
0.35349535942077637
0.5553518533706665
0.3750973343849182
0.7294489145278931
0.7742592096328735
0.30370914936065674
0.8998714685440063
0.6878531575202942
0.3102720081806183
0.5360836386680603
0.6282721161842346
0.34207791090011597
0.40173667669296265
0.598788857460022
0.3361906409263611
0.4205271601676941
0.27380988001823425
0.7706894278526306
0.553551971912384
0.5092858076095581
0.8518434762954712
0.42356330156326294
0.9255903363227844
1.1886643171310425
0.39387330412864685
0.4499010443687439
0.605350136756897
0.31195583939552307
0.9918363690376282
0.49739304184913635
0.5431052446365356
0.6283903121948242
1.1438437700271606
0.8032287359237671
0.43955984711647034
0.6179076433181763
0.20627744495868683
0.9129791259765625
0.35041990876197815
0.43534350395202637
0.6738937497138977
0.42318981885910034
0.47297143936157227
0.7460225224494934
0.47961729764938354
0.34597447514533997
0.7299133539199829
0.847201943397522
0.4141680598258972
0.6724840402603149
0.310905396938324
0.6679786443710327
0.3511575162410736
0.8063730001449585
0.5471290946006775
0.2635399401187897
0.44150620698928833
0.8206083178520203
0.3887971341609955
0.44270628690719604
0.6961678266525269
0.3280944228172302
1.054505705833435
0.639484167098999
0.5938416719436646
0.692447304725647
0.48086366057395935
0.6070772409439087
0.6372851133346558
0.5008798837661743
0.2727879583835602
0.5268107652664185
0.350441038608551
0.39898285269737244
0.6086076498031616
0.3170693516731262
0.4735940992832184
0.5451000928878784
0.4776466488838196
0.42826372385025024
0.7518631219863892
0.3090607821941376
0.8059191703796387
0.5732671022415161
0.6646525859832764
0.5760103464126587
0.5409084558486938
0.7538372278213501
0.32961130142211914
0.5814242959022522
0.5825554132461548
0.4145738482475281
0.2927000820636749
0.5827468037605286
0.52405846118927
0.18864494562149048
0.8490595817565918
0.4611128866672516
0.511410117149353
0.3936975598335266
0.35316258668899536
0.6862384080886841
0.3808342218399048
0.5176974534988403
0.6435500383377075
0.6797186732292175
0.5213656425476074
0.7781177163124084
0.4042452275753021
0.32247084379196167
1.1650950908660889
0.5344324111938477
0.3150150775909424
0.5908597707748413
0.47213029861450195
0.6325154304504395
0.30200913548469543
0.7136765718460083
0.654320240020752
0.5286949872970581
0.8047803640365601
0.4503672122955322
0.5125385522842407
0.6130210161209106
0.6827830076217651
0.6756995320320129
0.7872976064682007
0.34928327798843384
0.6012300252914429
0.4673205316066742
0.4269482493400574
0.6061471104621887
0.682965874671936
0.33011460304260254
0.46791043877601624
1.0673027038574219
0.7063952684402466
0.4024770259857178
0.6535571813583374
0.5958432555198669
0.6154115200042725
1.0198376178741455
0.6108745336532593
0.5904713273048401
0.7315124273300171
0.6565116047859192
