0.38114601373672485
0.40570002794265747
0.2721419334411621
0.3604934513568878
0.49864548444747925
0.30525699257850647
0.1860739290714264
0.6359716653823853
0.38947808742523193
0.5295289754867554
0.6192755699157715
0.6143108606338501
0.4337601661682129
0.4995293617248535
0.7331132888793945
0.8994178771972656
0.7384179830551147
0.2582308351993561
0.38950419425964355
0.42734581232070923
0.4036685526371002
0.687662661075592
0.6197434663772583
0.46316272020339966
0.738429069519043
0.386081725358963
0.6806442141532898
1.0368107557296753
0.8204243779182434
0.25116080045700073
0.4897547662258148
0.5166505575180054
0.24970659613609314
0.4046233594417572
0.3428749144077301
0.835677444934845
0.3702990412712097
0.5102361440658569
0.5907305479049683
0.7837715148925781
0.5479806661605835
0.5126463770866394
0.6311730146408081
0.3563804626464844
0.23280401527881622
0.3311797082424164
0.6563791036605835
0.5818301439285278
0.6260049939155579
0.45512881875038147
0.2803383767604828
0.2871388792991638
0.6798139810562134
0.5368102192878723
0.23112964630126953
0.4640023112297058
0.6256512999534607
0.5042164921760559
0.4590733051300049
0.9643398523330688
0.3383381962776184
0.47251230478286743
0.5533881187438965
0.31218221783638
0.4078599810600281
1.1389431953430176
0.9988285303115845
0.7092888355255127
0.5497487783432007
0.38203901052474976
0.6793201565742493
0.6813098192214966
1.3063702583312988
0.5563740134239197
0.8350469470024109
0.3453446328639984
0.4554949700832367
0.47137752175331116
0.2449387013912201
0.5275238156318665
0.6738297939300537
0.5914763808250427
0.6063590049743652
0.5101481676101685
0.5772794485092163
0.576501727104187
0.4672513008117676
0.5155883431434631
0.7430967092514038
0.6542404890060425
0.7276206016540527
0.6169832944869995
0.34182801842689514
0.38871699571609497
0.7389481067657471
0.689827024936676
0.4831312596797943
0.6247196197509766
0.517254114151001
0.5154608488082886
0.7204097509384155
0.6126675605773926
0.25723984837532043
0.29283109307289124
0.6495170593261719
0.684955894947052
0.8890365362167358
0.6948103308677673
0.6202491521835327
0.2868523597717285
1.1914259195327759
0.36759045720100403
0.374955952167511
0.30792027711868286
0.39537614583969116
0.671810507774353
0.40872207283973694
0.4014500081539154
0.7717225551605225
0.6397815942764282
0.5509107708930969
0.5495673418045044
0.9421602487564087
0.2624039649963379
0.5568452477455139
0.4516041874885559
0.31368574500083923
0.7364903092384338
0.3948224186897278
0.26459306478500366
0.29353034496307373
0.7315527200698853
0.6353815197944641
1.3076257705688477
0.3974100947380066
0.9397953152656555
0.5132800936698914
0.3661612868309021
0.5166127681732178
0.5943815112113953
0.4022597372531891
0.7686814069747925
0.3525395393371582
0.48175352811813354
0.5705549716949463
1.318485975265503
0.3147204518318176
0.5109878778457642
0.26971930265426636
0.461768239736557
0.491187185049057
1.3301953077316284
0.5216728448867798
1.0722544193267822
0.6897755861282349
1.0309059619903564
0.8786843419075012
0.7601321935653687
0.597396969795227
0.43078893423080444
0.8252304792404175
0.7544741034507751
0.5718781352043152
0.5040424466133118
1.0246613025665283
0.2308337390422821
0.40588855743408203
0.3308612108230591
0.3298475742340088
0.5489133596420288
0.8934351205825806
0.46526607871055603
1.3235299587249756
0.5735709071159363
0.34287604689598083
0.23365607857704163
0.2499532699584961
0.31873834133148193
0.26042938232421875
0.6078618764877319
0.5710548162460327
0.5672013163566589
0.6191731691360474
0.30120301246643066
0.42837032675743103
0.4628233015537262
0.44961681962013245
0.387505441904068
0.5211113095283508
0.6010748147964478
0.7091861963272095
0.2927958369255066
0.8821007609367371
0.3840126395225525
0.32032397389411926
0.5697332620620728
0.8211458325386047
0.5262133479118347
0.5813806653022766
0.44418177008628845
0.6023830771446228
0.3466331958770752
0.42573004961013794
0.3631266951560974
0.9028083682060242
0.507392406463623
0.3748743534088135
0.4991045892238617
0.6311920881271362
0.6888927221298218
0.6448749303817749
0.3931909501552582
0.3448185324668884
0.5121127963066101
0.4760798513889313
0.44576215744018555
0.467133104801178
0.5031954050064087
0.49067720770835876
0.5872863531112671
0.3643217086791992
0.5610467195510864
0.35058513283729553
0.6324771642684937
0.5532770156860352
0.15825003385543823
0.2776924669742584
0.7167213559150696
0.6338019967079163
0.8318058252334595
0.5182964205741882
0.7497401833534241
0.5740942358970642
0.42614179849624634
0.42110833525657654
0.42190733551979065
0.3516712188720703
0.20599491894245148
0.3371273875236511
0.7925214767456055
0.27429476380348206
0.45315900444984436
0.8663684725761414
0.8120427131652832
0.4754600524902344
0.6729612350463867
0.6712085604667664
0.35486072301864624
0.31052166223526
0.481309711933136
0.5333395004272461
0.3971114456653595
0.48829182982444763
0.488546222448349
0.38117703795433044
0.3204527199268341
0.5227351784706116
0.4083859324455261
0.40616631507873535
0.6149486899375916
0.23648400604724884
0.7545817494392395
0.3733300566673279
0.7845792770385742
1.3917276859283447
0.8132316470146179
0.7401502728462219
0.7610458135604858
1.202141523361206
0.46283626556396484
0.6794173717498779
0.40514183044433594
0.660304069519043
0.662169337272644
0.3457348942756653
0.9568544626235962
0.765917956829071
0.4764130711555481
0.5104047060012817
0.62020343542099
0.39585500955581665
0.8817078471183777
0.3625706732273102
0.6895112991333008
0.8217982053756714
0.4986870288848877
0.6446438431739807
0.3994280695915222
0.5580621957778931
0.37527117133140564
0.5894647836685181
0.5285722613334656
0.6892471313476562
0.5227227210998535
0.4814414083957672
0.5676630139350891
0.6540110111236572
1.4259183406829834
0.6647016406059265
1.4833042621612549
0.9283949732780457
0.33263468742370605
0.5195572376251221
0.8611316680908203
0.8884894251823425
0.33724623918533325
0.9488388299942017
0.3562439978122711
0.39482736587524414
0.37624868750572205
0.39508289098739624
0.2770680785179138
0.49761947989463806
0.7263410091400146
0.39379769563674927
0.5937380194664001
0.8109735250473022
0.28994205594062805
0.3125114440917969
0.5931909084320068
0.326752245426178
0.6145043969154358
0.6689518094062805
0.5448189973831177
0.4946700930595398
0.3769714832305908
0.5013648271560669
0.4742952287197113
0.18328092992305756
0.30958104133605957
0.380685955286026
0.5105347037315369
0.7513979077339172
0.3542913496494293
0.3352309465408325
0.7348880767822266
0.3526235520839691
1.9810463190078735
