1.0483211278915405
0.9397872686386108
0.8152155876159668
0.309213787317276
0.707465410232544
0.6554378271102905
0.6936463117599487
0.27838224172592163
0.6975684762001038
0.724949061870575
0.4064558446407318
0.3447307348251343
0.5197563171386719
0.3441784977912903
0.6812716722488403
0.9527877569198608
0.38664451241493225
0.16643770039081573
1.401607871055603
0.8890094757080078
0.43783846497535706
0.28575339913368225
0.6323458552360535
0.6427493095397949
0.41474276781082153
0.41256409883499146
1.1158168315887451
0.4735477566719055
0.6113874316215515
0.46689844131469727
0.5782763361930847
0.455555260181427
0.29369932413101196
0.5117319822311401
0.7586515545845032
0.34113621711730957
0.49810338020324707
0.3480795919895172
0.5666601061820984
0.8240814208984375
0.4315994381904602
0.3770037591457367
0.3507644534111023
0.6333619356155396
0.6635605096817017
0.41515809297561646
0.5453380346298218
0.6754227876663208
0.6383711099624634
0.7125878930091858
0.6575430631637573
0.25651541352272034
0.47266116738319397
0.3482942581176758
0.40988078713417053
0.8799835443496704
0.546066164970398
0.3895042836666107
0.5885735154151917
0.36000141501426697
0.5532065629959106
0.5983942747116089
0.26891404390335083
0.6876159906387329
0.5809202194213867
1.1883217096328735
0.7158684134483337
0.4876099228858948
0.4332951605319977
0.5978386998176575
0.8939189910888672
0.3503020703792572
0.3656879961490631
0.33725985884666443
0.2290746420621872
0.6249669194221497
0.7340912818908691
0.9416855573654175
0.3452000021934509
0.2935788035392761
0.42220407724380493
0.8767520785331726
0.6224212646484375
0.5940724611282349
0.6317839622497559
0.3551180362701416
0.47012072801589966
1.2088077068328857
0.8135063052177429
0.9734894037246704
0.5819241404533386
0.7878286242485046
0.6071653366088867
0.5064333081245422
0.38427668809890747
0.899341881275177
1.096213698387146
0.45692166686058044
0.8205691576004028
0.2936047613620758
0.4518040120601654
0.29288825392723083
0.41965150833129883
0.710574746131897
0.3920225501060486
0.6706732511520386
0.4564472734928131
0.4018620550632477
0.36572468280792236
0.6408118009567261
0.4059320092201233
0.49536553025245667
0.42870455980300903
0.3670348823070526
0.5904990434646606
0.34116074442863464
0.32290953397750854
0.35955125093460083
1.1397517919540405
0.3582325279712677
0.8339074850082397
0.4932807385921478
0.6272410750389099
0.3954165279865265
0.2720949053764343
0.48037776350975037
0.40534329414367676
0.41719770431518555
0.8447567224502563
0.37481778860092163
0.45429736375808716
0.962236762046814
0.3318839967250824
0.45352810621261597
0.7328318357467651
0.997570812702179
0.34750041365623474
0.7165993452072144
1.0527781248092651
0.5175254344940186
0.6291177868843079
0.3135205805301666
0.805893063545227
0.4850805401802063
0.6054837703704834
0.47700318694114685
0.5332721471786499
0.3891196846961975
0.8438823819160461
0.3167307674884796
0.45711550116539
0.5446862578392029
0.40973716974258423
0.4434404969215393
0.4642832279205322
0.8600289225578308
0.26082101464271545
0.6887533068656921
0.5376459956169128
0.5597806572914124
0.5420852899551392
0.5383797883987427
0.42911800742149353
0.47836703062057495
0.8482580184936523
0.6166545748710632
0.6663514375686646
0.5605133771896362
0.6598269939422607
0.89447021484375
0.554343581199646
0.2934117317199707
0.5931519269943237
0.7504950761795044
0.21648009121418
0.34335336089134216
0.3643117845058441
0.5864320993423462
0.7220749855041504
0.8933413624763489
0.3421812653541565
0.5189496874809265
0.9573175311088562
0.32051798701286316
0.7271207571029663
0.5311325192451477
0.4034065306186676
0.5771769285202026
0.5160495638847351
0.46644288301467896
0.7263742685317993
0.6076267957687378
0.4018160402774811
1.1406981945037842
0.5321205258369446
0.9378056526184082
0.6447140574455261
0.4892870783805847
0.7194793820381165
0.665091335773468
0.9832860231399536
0.7401829957962036
0.5690361857414246
0.4508357644081116
0.6087514162063599
0.7500214576721191
0.37950292229652405
0.5898641347885132
0.4158925414085388
0.5556480288505554
0.47600555419921875
0.3495029807090759
0.6531133651733398
0.6153023838996887
0.8120056390762329
0.3998206853866577
0.5317602157592773
0.45250773429870605
0.8157892227172852
0.38033217191696167
0.4269300103187561
0.3792388439178467
0.48500409722328186
0.7211741209030151
0.4999315142631531
0.692707896232605
0.4387257993221283
0.9379019737243652
1.340463399887085
0.42569485306739807
1.0262162685394287
0.9892058372497559
1.2223880290985107
0.4220329821109772
0.5163302421569824
0.7394500970840454
0.811752438545227
0.3014872372150421
0.8882371187210083
0.5964519381523132
0.8099480867385864
0.3730505406856537
0.5220065116882324
0.5633231997489929
0.4580655097961426
0.6980616450309753
0.6487181782722473
0.5400453805923462
0.8315179944038391
0.38535353541374207
0.43014001846313477
0.6278961896896362
0.7434749007225037
0.45560210943222046
0.43433791399002075
0.48247990012168884
0.2716824412345886
0.6697067022323608
0.7528802752494812
0.5928658246994019
0.605530858039856
0.5234003663063049
0.46336784958839417
0.6721092462539673
0.284902960062027
0.3651862144470215
0.4590405523777008
0.5159298181533813
0.6279283761978149
0.5513747930526733
1.101257085800171
0.5713917016983032
0.46985873579978943
0.630780816078186
0.8843280673027039
0.46155065298080444
1.3400332927703857
0.4613422453403473
0.9210243225097656
0.9180024862289429
0.5755658745765686
0.4442269802093506
0.390850692987442
0.420754611492157
0.4803343713283539
0.2504163384437561
0.5796464681625366
0.35612550377845764
0.744828999042511
0.5185666084289551
0.5142849683761597
0.34807437658309937
0.50335693359375
0.2828550934791565
0.5865028500556946
0.6017112135887146
0.36039748787879944
0.2877083420753479
0.47021904587745667
0.28100842237472534
0.4524812698364258
0.7065232992172241
0.4880870282649994
0.3381235897541046
0.574938952922821
0.47323933243751526
0.31219059228897095
0.46514225006103516
0.46322888135910034
0.4233788549900055
0.5301899313926697
0.6059832572937012
0.2994592785835266
0.5475307703018188
1.2330589294433594
0.4667813181877136
1.1976227760314941
0.3945218026638031
0.772919774055481
0.3195878565311432
0.46077877283096313
0.6933908462524414
0.3286990523338318
0.4929308295249939
0.5424696207046509
0.18377824127674103
0.519770622253418
0.3222278952598572
0.733819305896759
0.6057032346725464
0.8765069246292114
0.6731010675430298
0.4376586079597473
0.37619343400001526
0.6532613635063171
0.461177259683609
0.31706035137176514
1.3683868646621704
