0.31153908371925354
0.7110613584518433
0.5627835988998413
0.5630983114242554
0.3913208842277527
0.3298516273498535
0.28447023034095764
0.6038992404937744
0.9449847936630249
0.5594926476478577
0.6725344657897949
0.7214856147766113
0.505824625492096
0.6001707315444946
0.5572048425674438
0.7558183073997498
0.326275110244751
0.4993511736392975
0.42553988099098206
0.740935206413269
0.7124160528182983
1.0232374668121338
0.4519209861755371
0.5633273124694824
0.7025241851806641
0.5538567304611206
0.8320642709732056
1.073169469833374
0.6853259801864624
0.2558419108390808
0.32262909412384033
0.43710359930992126
0.5825797319412231
0.6267095804214478
0.9953211545944214
0.8263798952102661
0.5857470631599426
0.31412598490715027
0.5975703001022339
0.5777776837348938
0.40062475204467773
1.0633089542388916
0.7183276414871216
0.5909889340400696
0.7656887769699097
0.482473224401474
1.0910619497299194
0.4797608256340027
0.6503821611404419
1.0392452478408813
0.36021751165390015
0.38425636291503906
0.4032965302467346
0.7054545283317566
0.2777799963951111
0.6229643821716309
0.5806052088737488
0.38043665885925293
0.4388600289821625
0.5729357600212097
1.102607011795044
0.4924681782722473
0.6105406880378723
0.49213582277297974
0.41824865341186523
0.5489519834518433
0.4616208076477051
0.9821547269821167
0.49200230836868286
0.4746471047401428
0.4313299059867859
0.4182863235473633
0.6764897108078003
0.3519705832004547
0.7399221062660217
0.25420743227005005
0.4798193871974945
0.6649702191352844
0.5399662852287292
0.4401121139526367
0.42524176836013794
0.631186306476593
0.34295928478240967
0.4217219352722168
0.43400081992149353
0.3505687117576599
0.5067765712738037
0.6363102197647095
0.6046368479728699
0.5492360591888428
0.469984233379364
0.5354932546615601
0.4240465760231018
0.4401106834411621
0.6491983532905579
0.32682615518569946
0.6748186945915222
0.22820894420146942
0.405536949634552
0.7136648297309875
0.5623284578323364
0.5944084525108337
0.5835913419723511
0.2851702868938446
0.4276418089866638
0.5802496671676636
0.5015336871147156
0.7708895206451416
0.46234139800071716
0.20252184569835663
0.8055053949356079
0.4897627830505371
0.30961814522743225
0.5144165754318237
0.30517062544822693
0.6982651948928833
0.48990029096603394
0.24124367535114288
0.5879110097885132
0.4482533931732178
0.6630040407180786
0.7319789528846741
0.32128816843032837
0.47885066270828247
0.5468446612358093
0.40724390745162964
0.3606306314468384
0.23358726501464844
0.533717930316925
0.8093380928039551
0.3686654269695282
0.8763905763626099
0.5519260764122009
0.408120721578598
1.1421611309051514
0.674430787563324
0.4985092282295227
0.3064902424812317
0.7613990902900696
0.6547945737838745
0.6658728122711182
0.6682249903678894
0.4832821786403656
0.6337850689888
0.40303531289100647
1.0332551002502441
0.6860385537147522
0.43276605010032654
0.9126545190811157
0.6684814691543579
0.5335110425949097
0.6034426689147949
0.7905057668685913
0.7464390993118286
0.4212281107902527
0.5239065289497375
0.525361180305481
0.42080193758010864
0.8031359910964966
0.5639773607254028
0.7201646566390991
0.6937988996505737
0.6919848918914795
0.5873314738273621
0.5099825859069824
0.5059743523597717
0.4286577105522156
0.8017851710319519
0.6146770715713501
1.1169397830963135
0.4599292278289795
0.5075952410697937
0.5227705836296082
0.8546639680862427
0.7427684664726257
0.6466461420059204
0.5169975161552429
0.5405346751213074
0.6270527839660645
0.39649826288223267
0.538875937461853
0.6329053640365601
0.3077698349952698
0.7328090667724609
0.5749903917312622
0.4926773011684418
0.390947163105011
0.5270586013793945
0.7868730425834656
0.5248529314994812
0.4439873695373535
0.486661821603775
0.5493017435073853
0.6915425062179565
0.42419204115867615
0.803689181804657
0.42435160279273987
0.40145277976989746
1.119603157043457
0.595258355140686
0.567483127117157
0.7171653509140015
0.5133536458015442
0.9975117444992065
0.46053463220596313
0.38788366317749023
0.6023000478744507
0.9221380352973938
0.41377726197242737
0.7839558720588684
0.47054919600486755
0.39125409722328186
0.6368958950042725
0.7108742594718933
0.6649256944656372
0.9000412821769714
0.3818369507789612
0.6005566716194153
0.7179079055786133
0.5473827719688416
0.48773011565208435
0.47418442368507385
0.3364311158657074
0.7231621146202087
0.7507246732711792
0.45551761984825134
0.4939172863960266
0.7586809992790222
0.34869247674942017
0.6985377073287964
0.5798622965812683
0.7247720956802368
0.783370852470398
1.1096782684326172
0.15066026151180267
0.5522891283035278
0.4002199172973633
0.8313233256340027
0.5097485780715942
0.4718779921531677
0.8950361013412476
0.39109957218170166
0.39543187618255615
0.4129730761051178
0.7455652952194214
0.8182430267333984
0.7221509218215942
0.6986925005912781
0.533324122428894
0.765829861164093
0.327237069606781
0.5173755884170532
0.6498642563819885
0.4411027431488037
0.3638790249824524
0.8969177007675171
0.40830859541893005
0.9534250497817993
0.6309560537338257
0.4060435891151428
0.9632709622383118
0.29413658380508423
1.1116693019866943
0.32616549730300903
0.6665652990341187
0.5154348611831665
0.7869702577590942
0.31300368905067444
0.32236146926879883
0.5281816720962524
0.5113869905471802
0.3637339174747467
0.3157760202884674
0.3475978374481201
0.290210485458374
0.4036794602870941
0.3954095244407654
0.6330046057701111
0.508263885974884
0.28800874948501587
1.0130598545074463
0.9089099168777466
0.615965723991394
0.5686129331588745
0.6092684268951416
0.3011683523654938
0.9565601348876953
0.7410050630569458
0.4902007579803467
0.6256259679794312
0.31431618332862854
0.6335315108299255
0.184565931558609
0.43685483932495117
0.28791630268096924
0.36555349826812744
0.4573386311531067
0.8163703680038452
0.5562499761581421
0.2962546646595001
0.5485102534294128
0.36147037148475647
1.0139691829681396
0.4651496410369873
0.7744019031524658
0.633791983127594
0.543299674987793
0.4081350266933441
0.8034574389457703
0.32651442289352417
0.4446851313114166
0.9245883822441101
0.7621700167655945
1.0582491159439087
0.4106524586677551
0.38354530930519104
0.611648678779602
0.4253014624118805
0.38058921694755554
0.3905007243156433
0.5616036653518677
0.3205502927303314
0.4443341791629791
0.4137231707572937
0.40661200881004333
0.5615357160568237
0.27316150069236755
0.6474912762641907
0.26252907514572144
1.0042097568511963
0.40161117911338806
0.7584664225578308
0.21742311120033264
0.5230883955955505
1.421565294265747
0.5332463383674622
0.5214618444442749
1.353305697441101
