0.9398038983345032
0.7319751977920532
0.5203436017036438
0.37315914034843445
0.34062954783439636
0.33595120906829834
0.5446622371673584
0.2707560360431671
0.45912522077560425
0.4502998888492584
0.41541385650634766
0.5952266454696655
1.0432865619659424
0.40083956718444824
0.28197377920150757
0.929693877696991
0.6677334904670715
0.6466668844223022
0.3862147331237793
0.4678615629673004
0.8144874572753906
0.535193920135498
0.25945544242858887
0.5701972246170044
0.846383273601532
1.013083577156067
0.8286305665969849
0.735743522644043
0.5398163199424744
0.5794957280158997
0.4684138894081116
0.3957299292087555
0.4777832627296448
0.42781561613082886
0.3261989951133728
0.4808233678340912
0.26094430685043335
0.428124338388443
0.3196956515312195
0.2587532699108124
0.27732279896736145
0.24521629512310028
0.446546733379364
0.582878589630127
0.7622376680374146
0.4829002022743225
0.4207911491394043
0.5903033018112183
0.23976421356201172
0.7302268743515015
0.4947192668914795
0.4550105035305023
0.4905262589454651
0.3880482316017151
0.31160324811935425
0.2208166867494583
0.35834941267967224
0.48935574293136597
0.5416352152824402
0.292724609375
0.43614405393600464
0.5725020170211792
0.18787650763988495
0.4680255949497223
0.3605564534664154
0.3770414888858795
0.8060436248779297
0.49407559633255005
0.7152060270309448
0.4842807650566101
0.6952965259552002
0.3447726368904114
0.5918710827827454
0.3102115988731384
1.099387764930725
0.687352180480957
0.8079694509506226
0.7146856188774109
0.6787375211715698
0.4937860369682312
0.25592297315597534
0.5068561434745789
0.8150584101676941
0.5328527688980103
0.7971099615097046
0.9281450510025024
0.3755960762500763
0.5542380213737488
0.5785046815872192
0.9548364877700806
0.7489528059959412
0.562096118927002
0.5588679313659668
0.6396489143371582
0.4040440618991852
0.9668585658073425
0.3810247480869293
0.7611687779426575
0.48350802063941956
0.7172075510025024
0.5989699363708496
0.5562348365783691
0.47988462448120117
0.41303569078445435
0.7053044438362122
0.24248771369457245
0.47694453597068787
0.8017749786376953
0.2784431576728821
0.5891081094741821
0.42996588349342346
0.4519457221031189
0.48030877113342285
1.3853768110275269
0.9363096356391907
0.26300564408302307
0.6114328503608704
0.7520195245742798
0.26800599694252014
0.3151637017726898
0.47868481278419495
0.7359458208084106
0.5005630254745483
1.1195651292800903
0.7609555125236511
0.2212861031293869
0.6202795505523682
0.3846135437488556
0.32738617062568665
0.892148494720459
1.4605902433395386
0.717090368270874
0.35292181372642517
0.531911313533783
0.46579861640930176
0.35222765803337097
0.5195275545120239
0.9069925546646118
0.49677762389183044
0.20347276329994202
0.26325565576553345
0.6080237627029419
0.2409319132566452
0.5168389678001404
0.31787407398223877
0.5503279566764832
0.8727911710739136
0.9909170866012573
0.479668527841568
0.7140315771102905
0.6153808832168579
0.3772008419036865
0.5566324591636658
0.5795605182647705
0.3026246130466461
0.5864806175231934
0.3461419939994812
0.8200669288635254
0.4659711718559265
0.4144611358642578
0.41589030623435974
0.30356207489967346
0.39026445150375366
0.5695638656616211
0.5209289789199829
0.3613660931587219
0.44104355573654175
0.8559420704841614
0.5031059384346008
0.4676559567451477
1.2093946933746338
0.4402189254760742
0.8643690943717957
0.7389349937438965
0.6802812814712524
0.4743883013725281
0.5889686346054077
0.30557695031166077
0.6112732291221619
0.6925654411315918
0.7208936214447021
0.6813176870346069
0.4039759635925293
0.39205488562583923
0.8422006368637085
0.4407378137111664
0.40881967544555664
0.5385404229164124
0.7038724422454834
0.41390299797058105
0.4384545385837555
0.48486050963401794
0.5713196992874146
0.9453113675117493
0.42338404059410095
0.8544376492500305
0.4239211678504944
0.45897093415260315
0.6426292061805725
1.0280835628509521
0.23516294360160828
0.3269804120063782
0.2482038289308548
0.6201583743095398
0.6371873617172241
0.6919889450073242
0.3407171368598938
0.5502997636795044
0.6201766729354858
0.4514474868774414
0.34975677728652954
0.7791787385940552
0.19948551058769226
0.5718238949775696
0.4267127513885498
0.4730307161808014
0.8031886219978333
0.6717432141304016
0.7077221870422363
1.0653337240219116
0.32264572381973267
0.6320592761039734
0.6983720660209656
0.6058303713798523
0.6811278462409973
0.5818524360656738
0.6143099069595337
0.27185332775115967
0.4744846224784851
1.1908751726150513
0.5752531886100769
0.6069602966308594
0.5021759271621704
0.31015825271606445
0.5881134867668152
0.9028806686401367
1.091009497642517
0.4571917653083801
1.2812227010726929
1.0573934316635132
0.8285267949104309
0.6124587655067444
0.3433583676815033
0.4891321063041687
0.45822057127952576
0.8333600759506226
0.4794328212738037
0.3597109913825989
1.066756010055542
0.4628167748451233
0.5747682452201843
0.40645161271095276
0.5526542663574219
0.5821090936660767
1.0014034509658813
0.5102431178092957
0.4126654267311096
0.6238098740577698
0.6906487345695496
0.7367547750473022
0.9495891332626343
0.21624287962913513
0.5633896589279175
0.21580353379249573
0.28920120000839233
0.43389812111854553
0.2622378170490265
0.3829368054866791
0.41905611753463745
0.46153324842453003
0.6389684081077576
0.5319831967353821
0.3945504128932953
0.7087365984916687
0.37704363465309143
0.7325766682624817
0.1804983913898468
0.5897995233535767
0.48644861578941345
1.0338791608810425
0.9276720285415649
0.5612841844558716
0.885171115398407
0.4340713918209076
0.5206112861633301
0.42185288667678833
0.9327566027641296
0.7295119762420654
0.36023637652397156
0.3318505585193634
0.6323717832565308
0.6210417747497559
0.6712093353271484
0.4308333396911621
0.3271948993206024
0.9897260665893555
1.4342305660247803
0.44676923751831055
0.4966123104095459
0.27957597374916077
0.670021653175354
0.696306586265564
0.3629137873649597
0.4790549874305725
0.5296720266342163
1.1108884811401367
0.4378244876861572
0.46275901794433594
0.3071696162223816
0.3898216187953949
0.5935429930686951
0.5709367394447327
0.3573635220527649
0.3875064253807068
0.6300947070121765
0.3474099040031433
0.503947377204895
0.8049750328063965
0.320282518863678
0.5475854277610779
0.48469218611717224
0.6369165182113647
0.7551047205924988
0.6936470866203308
0.4945766031742096
0.41160470247268677
0.9332314729690552
0.34322232007980347
0.529195249080658
0.2923576831817627
0.9630404710769653
0.4267365336418152
0.2900415062904358
0.7330403327941895
0.5200892686843872
0.3777443468570709
0.593302845954895
0.48950037360191345
