0.8174893260002136
0.6436713337898254
0.6718723177909851
0.268623024225235
0.46006661653518677
0.42140817642211914
0.6653726100921631
0.3122883439064026
0.5858811140060425
0.728307843208313
0.46545833349227905
0.44037294387817383
0.7960432171821594
0.2709708511829376
0.30180200934410095
0.21027621626853943
0.5811084508895874
1.036329984664917
0.9457950592041016
0.8539834022521973
0.8861690759658813
0.6987174153327942
0.3948192298412323
0.2652835249900818
0.7078688740730286
0.508324146270752
0.23057429492473602
0.45048102736473083
0.263205349445343
0.5466872453689575
0.6778236627578735
0.27394288778305054
0.5135231018066406
0.7368255853652954
0.6258359551429749
0.6237607002258301
0.5910431146621704
0.7241750359535217
0.34705764055252075
0.4745940566062927
0.9412088394165039
0.5203719139099121
0.3783004581928253
0.3274376392364502
0.45647746324539185
0.45955052971839905
0.5952770113945007
0.4392734169960022
0.6916646957397461
0.612088680267334
0.4938909411430359
0.727286159992218
0.20517858862876892
0.3830264210700989
0.5997384786605835
0.3054465353488922
0.5238757729530334
1.399597406387329
0.5816109776496887
0.6398199796676636
1.0721447467803955
0.8573214411735535
1.0905168056488037
0.5783905386924744
0.48493099212646484
0.5677393078804016
0.22284917533397675
0.6149040460586548
0.6267510056495667
0.6313286423683167
0.3195972144603729
0.3937661051750183
0.32371366024017334
0.2637215256690979
0.6864819526672363
0.5315788388252258
0.738376796245575
0.5554089546203613
1.0153595209121704
0.3370605409145355
0.44805797934532166
0.3740082383155823
0.8952081799507141
0.4261053204536438
0.540353536605835
0.7673614621162415
0.7792850732803345
0.6670633554458618
0.34961822628974915
0.4211360812187195
0.2465871125459671
0.37615692615509033
0.8362887501716614
0.5189603567123413
0.3707074224948883
0.41491541266441345
0.7921343445777893
0.18504591286182404
0.5611042976379395
0.660561740398407
0.5339211225509644
0.5308946967124939
0.36192625761032104
0.29279667139053345
0.5759729743003845
0.572619616985321
0.4900801181793213
0.6895862221717834
0.5859882235527039
0.6874476671218872
0.5912693738937378
0.5158967971801758
0.565658450126648
0.7543709874153137
0.30330222845077515
0.8170576095581055
0.5480978488922119
0.2898741662502289
0.5152834057807922
0.5233587026596069
0.3624311685562134
1.5728453397750854
0.5926344394683838
0.39455437660217285
0.1128765344619751
0.6839197874069214
0.3968212902545929
0.6217883825302124
0.6883054375648499
0.601641058921814
0.7285016179084778
0.7653630971908569
0.47224941849708557
0.6002004146575928
0.42251285910606384
0.5625725984573364
0.2781301438808441
0.9143038988113403
0.5347668528556824
0.517098605632782
1.2505539655685425
0.9693669080734253
0.38817256689071655
0.46791625022888184
1.1425741910934448
0.3809078633785248
0.5495795607566833
1.10129714012146
0.26645156741142273
0.4962819218635559
0.9924246072769165
0.45608043670654297
0.7503268122673035
0.6022630929946899
0.4948490560054779
0.4497169852256775
0.24119658768177032
0.5651922225952148
1.5639023780822754
0.2959875464439392
0.6531016826629639
0.7526007294654846
0.4162328839302063
0.24995699524879456
0.5244744420051575
0.41574639081954956
1.185317039489746
0.23907490074634552
0.5343352556228638
0.5652270317077637
0.5968620181083679
1.2566068172454834
0.6529490351676941
0.5261583924293518
0.5544986724853516
0.3195347487926483
0.2143319547176361
0.348359078168869
0.5203746557235718
0.792669415473938
0.4357428550720215
0.4573647081851959
0.5482033491134644
0.6707957983016968
0.3995302617549896
0.5352801084518433
0.5205049514770508
0.7591938972473145
0.8402339816093445
0.47624072432518005
0.34236225485801697
0.45177093148231506
0.7009378671646118
0.5771008133888245
0.618450403213501
0.40190672874450684
0.37105488777160645
0.36028793454170227
0.7145546674728394
0.3182874023914337
0.3137190639972687
0.8139074444770813
0.7544225454330444
0.48053836822509766
0.6730758547782898
0.7427126169204712
0.5185672640800476
0.47392624616622925
0.5088080763816833
0.914270281791687
0.9839297533035278
0.7942285537719727
0.6765679121017456
0.9929620027542114
0.33904701471328735
0.4909025728702545
0.6903795003890991
0.29576605558395386
1.0440311431884766
0.5188342332839966
0.5263223648071289
0.5411593317985535
0.4472322463989258
0.6151777505874634
0.6921994686126709
0.5086496472358704
0.9536218643188477
0.5745681524276733
0.4614451825618744
0.8812669515609741
0.6784104108810425
0.7632437944412231
0.8529044985771179
0.3421456515789032
0.3842586278915405
0.8930061459541321
0.26451727747917175
0.20103871822357178
0.37595993280410767
0.25711241364479065
0.6585545539855957
1.2767136096954346
0.4414943754673004
0.3762427568435669
0.3967815935611725
0.566452145576477
0.3158499300479889
0.5006006956100464
0.486805260181427
0.9418643116950989
0.43111497163772583
0.5105277299880981
1.1480062007904053
0.6242607235908508
0.44947782158851624
0.4715193808078766
0.6489312648773193
0.2901768982410431
0.7296525239944458
0.5049346685409546
0.5470625162124634
0.3998332619667053
0.8225412368774414
0.5613263249397278
0.4857378602027893
0.4343253970146179
1.1097042560577393
0.38585272431373596
0.4213365614414215
0.48661890625953674
0.36371687054634094
0.9226692318916321
0.3033137321472168
0.6587190628051758
0.4748116433620453
0.411369264125824
0.5351129174232483
0.4736880362033844
0.5216602683067322
0.4452701508998871
0.4950436055660248
0.8912709951400757
0.35860055685043335
0.8127912282943726
0.9623693227767944
0.5636640787124634
0.3293532133102417
0.8188924789428711
0.41318225860595703
0.5995963215827942
1.13055419921875
0.563879668712616
1.2308924198150635
0.47591161727905273
0.9564415812492371
0.5181501507759094
0.35638684034347534
0.44556933641433716
0.8900943994522095
0.3818057179450989
0.7620353698730469
0.5119699835777283
0.34446635842323303
0.751569926738739
0.4068435728549957
0.40110188722610474
0.5896507501602173
0.435009241104126
0.9078822135925293
0.6918553113937378
0.22508272528648376
0.790145754814148
0.4505433142185211
0.4196682870388031
0.619263768196106
0.4633088707923889
0.5323390960693359
0.5277594923973083
0.7435234785079956
0.8098112344741821
0.41178902983665466
1.1800811290740967
0.31368428468704224
0.4603440761566162
0.35055628418922424
0.35852864384651184
0.4365893006324768
0.357843279838562
0.49903497099876404
0.44519537687301636
0.7183312177658081
0.4913533627986908
0.9647625088691711
1.3178341388702393
0.8348217010498047
0.3496905565261841
0.5617185831069946
0.6309240460395813
