0.3506277799606323
0.6392911076545715
0.7275528907775879
0.4286216199398041
0.3919445872306824
0.5678970813751221
0.8722808957099915
0.5763504505157471
0.2399064004421234
0.45342785120010376
0.66902756690979
0.4561018943786621
0.49543389678001404
0.7139600515365601
0.6609894633293152
0.9116226434707642
0.870618462562561
0.39325055480003357
0.8413087725639343
0.32273727655410767
0.38821956515312195
0.6182190775871277
0.6772342920303345
0.8153610229492188
0.679628849029541
0.23573347926139832
0.5762441754341125
0.579334557056427
0.7480049133300781
0.32403436303138733
0.2536675035953522
0.3473716378211975
0.6873915791511536
0.3573318421840668
0.7995579242706299
0.2807222306728363
0.393352210521698
0.539178729057312
0.6485698819160461
0.5176852345466614
0.24977941811084747
0.32783907651901245
0.4961828291416168
0.569205641746521
0.5363359451293945
0.5845282673835754
0.5976088643074036
0.6484391093254089
0.7524293661117554
0.29880058765411377
0.6430788040161133
0.36158159375190735
0.4398336410522461
0.3920321464538574
0.49380698800086975
0.37640705704689026
0.5890000462532043
0.8758487701416016
0.4802321493625641
1.200127124786377
0.2812894284725189
0.49392253160476685
0.41485804319381714
0.8022487759590149
0.5050522089004517
0.4052521288394928
0.28889450430870056
0.33578595519065857
0.37051671743392944
0.4608984589576721
0.7079197764396667
0.2337043732404709
0.33358320593833923
0.37476909160614014
0.39051246643066406
0.8539789319038391
0.8123767971992493
0.624132513999939
0.47199535369873047
0.6142479181289673
0.35979223251342773
0.9595627784729004
0.7851045727729797
0.34476661682128906
0.2951918840408325
0.6644572019577026
0.6035060882568359
1.1224312782287598
0.2590758204460144
0.7168145179748535
0.5591726303100586
0.7444913387298584
0.5517574548721313
0.7907341718673706
0.6125749349594116
0.6752469539642334
0.3999329209327698
0.9749615788459778
0.5199081301689148
0.5474547743797302
0.9067257642745972
0.4695255160331726
0.3836631774902344
0.42972293496131897
0.32584652304649353
0.38201433420181274
0.5152001976966858
0.4031422734260559
0.4416128993034363
0.48152199387550354
0.5178220868110657
0.6446648240089417
0.5123814940452576
0.7990460395812988
0.3505021929740906
0.29317909479141235
0.47629013657569885
0.4886054992675781
0.47456493973731995
0.7261102795600891
0.23720324039459229
0.4337141513824463
0.54533451795578
0.5303237438201904
0.33991676568984985
0.8188203573226929
0.3202875256538391
0.7002698183059692
0.9528231620788574
0.48671483993530273
0.32716962695121765
0.4259014129638672
1.107178807258606
0.7858968377113342
0.4445629119873047
0.46069401502609253
0.7097604274749756
0.9278236627578735
0.31029778718948364
0.5997291803359985
0.4756716191768646
0.4748481810092926
0.6097327470779419
0.44429150223731995
0.774979829788208
0.6491265296936035
0.48250341415405273
0.41269102692604065
0.5397293567657471
0.8146028518676758
0.5152021646499634
0.6086772680282593
0.33353689312934875
0.5567494034767151
0.3154343366622925
0.5987730026245117
0.7076053023338318
0.7887729406356812
0.3173743486404419
0.4345583915710449
0.4196415841579437
0.28073328733444214
0.25696468353271484
1.236851453781128
0.44989848136901855
0.5681252479553223
0.7180688381195068
0.7906495332717896
0.6944010853767395
0.3064973056316376
0.7380379438400269
1.0570127964019775
0.36087387800216675
0.5664385557174683
0.32769590616226196
0.28582730889320374
0.5181686282157898
0.38420572876930237
0.6333763599395752
0.4096071124076843
0.3367077708244324
0.34864917397499084
0.32028675079345703
0.9561485052108765
0.2936672568321228
1.0527995824813843
0.35560646653175354
0.40599149465560913
0.8333550691604614
0.23964151740074158
0.6411916613578796
0.6329490542411804
0.7130610346794128
0.3383678197860718
0.4545132517814636
0.6476663947105408
0.3763824999332428
0.5987699031829834
0.9067594408988953
0.5308381915092468
0.4635849595069885
0.6817079782485962
1.3952745199203491
0.8720009922981262
0.7866597175598145
0.32852888107299805
0.7049397230148315
0.43228015303611755
0.2035410851240158
0.8953505754470825
0.26044991612434387
0.31021222472190857
1.0050512552261353
0.518842875957489
0.5687614679336548
0.48334527015686035
0.5611826777458191
0.5906752943992615
0.7975077033042908
0.7066656351089478
0.8924506306648254
0.2448050081729889
0.32235804200172424
0.538113534450531
0.43759411573410034
0.6140655279159546
0.5543308258056641
0.361782044172287
0.5123138427734375
0.31135106086730957
0.6536409258842468
0.34406986832618713
0.431302547454834
0.5952326059341431
0.2672629952430725
0.4613056182861328
0.6343555450439453
0.3858207166194916
0.38415107131004333
0.5623566508293152
0.4184509217739105
0.20211689174175262
0.812231183052063
0.5239101648330688
0.5985385179519653
0.46216899156570435
0.33841314911842346
0.5261905789375305
0.5593751072883606
0.572309136390686
0.7399255633354187
0.7600225210189819
0.4708428978919983
0.41635066270828247
0.6935509443283081
0.5500038862228394
0.3916873335838318
0.5796546339988708
0.2951520085334778
0.27106744050979614
0.3693215847015381
0.4278784394264221
0.5636680126190186
1.1828711032867432
0.42311573028564453
0.5238293409347534
0.7098315954208374
0.4413382112979889
0.5354825258255005
0.3817763924598694
0.5230268239974976
0.7485536336898804
0.859946072101593
0.7197614312171936
0.45826348662376404
0.6015195250511169
0.4611731469631195
0.8453654050827026
0.420427143573761
1.2125214338302612
0.5073944926261902
0.44798898696899414
1.0547398328781128
0.6703599095344543
0.44826793670654297
0.44472017884254456
0.7534983158111572
0.7603880167007446
0.3255772292613983
0.8011828660964966
0.7863219976425171
0.4782601296901703
0.9747344255447388
0.41933923959732056
0.6197961568832397
0.3894452750682831
0.5680692791938782
0.36847299337387085
0.5407814979553223
0.44822511076927185
0.48545926809310913
0.3391047716140747
0.3116867244243622
0.7148705720901489
0.8946298360824585
0.6496800184249878
0.42456236481666565
0.5612290501594543
0.2155391424894333
0.27693819999694824
0.3877792954444885
0.7624009847640991
0.6462071537971497
0.30114102363586426
0.44309109449386597
0.5231434106826782
0.7808158993721008
0.8161985278129578
0.870222270488739
0.9506736993789673
0.5869606137275696
0.3871317505836487
0.2786809504032135
0.5864553451538086
0.5950048565864563
0.8456119298934937
0.527743935585022
0.30012089014053345
0.5321159362792969
0.6398392915725708
0.3324534296989441
0.9880997538566589
0.6211680173873901
0.6454148888587952
0.27171266078948975
0.476249635219574
0.6204389333724976
1.0456784963607788
