0.9545525312423706
0.6198989152908325
0.7873179316520691
0.4626697599887848
0.4048522412776947
0.5281435251235962
0.26979440450668335
0.6153697371482849
1.1735178232192993
0.7036890983581543
0.4839348793029785
0.36699002981185913
1.0903809070587158
0.2866091728210449
0.8721879720687866
0.3888930678367615
0.7778451442718506
0.5888522267341614
0.4280528128147125
0.3707321286201477
0.33443665504455566
0.44083887338638306
1.099543571472168
0.349025160074234
0.6832150220870972
0.35558998584747314
0.6386677026748657
0.6995630264282227
0.4576355814933777
0.25934797525405884
0.6333461999893188
0.26182740926742554
0.509369969367981
0.7375509142875671
0.28332391381263733
0.38267946243286133
0.3151884078979492
0.6097284555435181
0.7242749929428101
0.4047852158546448
0.4450295865535736
0.5303824543952942
0.4513491988182068
0.2959228456020355
0.9521068334579468
0.38739213347435
1.239931583404541
0.38298487663269043
0.22727537155151367
0.46371498703956604
0.5573678016662598
0.5845049619674683
0.9241874814033508
0.2595275044441223
0.7512174248695374
0.24932608008384705
0.3970029950141907
0.513759434223175
0.7668238282203674
0.3127502202987671
0.41628462076187134
0.501055121421814
0.6426786184310913
0.701836109161377
0.6425926685333252
0.25954312086105347
0.40399378538131714
0.7082511186599731
0.55996173620224
0.4140795171260834
0.5429145693778992
0.4504561424255371
0.5194361805915833
0.6467070579528809
0.6650523543357849
0.6343032717704773
0.22801777720451355
0.4685770869255066
0.6852027177810669
0.34386199712753296
0.4534042477607727
0.4364156723022461
0.46902236342430115
0.3965790867805481
0.40226468443870544
0.4275940954685211
0.5764446258544922
0.5557390451431274
0.5992794036865234
0.30811241269111633
0.4458885192871094
0.497196763753891
0.3651939034461975
0.3715848922729492
0.286435604095459
0.4595295786857605
0.665421187877655
0.3761724829673767
0.553775429725647
0.5788562297821045
0.9618034362792969
0.8392221331596375
0.21927955746650696
0.5286740064620972
0.7457382678985596
0.6970621943473816
0.6206619739532471
0.2786812484264374
0.623733401298523
0.7957241535186768
0.6426337957382202
0.5673754811286926
0.5304456949234009
0.36460351943969727
0.33981260657310486
0.6316985487937927
0.6817020177841187
0.5060169100761414
0.5697647333145142
0.6776449084281921
0.6387987732887268
0.3005257546901703
1.2392714023590088
0.531636118888855
0.3641139268875122
0.7420049905776978
0.3441314101219177
0.7130934000015259
0.738879919052124
0.4400746822357178
0.30017995834350586
0.3875987231731415
0.3059538006782532
0.3064407706260681
0.45763903856277466
0.45633068680763245
0.394503653049469
0.5214115381240845
0.36700543761253357
0.46171408891677856
0.4945371747016907
0.5029193162918091
0.6567097902297974
0.8333050012588501
0.5651335716247559
0.7829271554946899
0.638593316078186
0.3473886549472809
0.6417380571365356
0.4010588228702545
0.39564934372901917
0.5198326110839844
0.359688937664032
0.3804261088371277
0.9255679249763489
0.29792582988739014
0.7120717763900757
0.8563157916069031
0.45594319701194763
0.42715519666671753
0.32808396220207214
0.3790854513645172
0.3312428891658783
0.9096852540969849
0.2879144549369812
0.24431112408638
0.617021918296814
0.49644964933395386
0.3569045960903168
0.5888417959213257
0.4562242031097412
0.40281161665916443
0.9934401512145996
0.8522695302963257
0.8014168739318848
0.6646268367767334
0.5037374496459961
0.580470860004425
0.5848709940910339
0.5747755765914917
0.47209101915359497
0.24863958358764648
0.5708447098731995
0.5670880079269409
0.5766468644142151
0.31225523352622986
0.9009796380996704
0.9748958349227905
0.28165680170059204
0.33359774947166443
0.25322601199150085
0.7499319314956665
0.5061327815055847
0.401237428188324
0.6725848913192749
0.6177171468734741
0.9233969449996948
0.5074328780174255
0.5533653497695923
0.5314642786979675
0.7740690112113953
0.2911001145839691
0.6082785129547119
0.4673999845981598
0.9055898785591125
0.40669623017311096
0.3584960997104645
0.40983933210372925
0.6086525917053223
0.5649017691612244
0.5988596677780151
0.45492029190063477
1.1269283294677734
0.3880075514316559
0.8933375477790833
0.728144109249115
0.7425635457038879
0.354128897190094
0.5598255395889282
0.3600136339664459
0.33973950147628784
0.35530781745910645
0.5675729513168335
0.2864735722541809
0.36074310541152954
0.7193052172660828
0.5310009717941284
0.7266822457313538
0.40658053755760193
1.3461939096450806
0.29772287607192993
0.38469409942626953
0.505000114440918
0.3417225778102875
0.6210118532180786
0.32535943388938904
1.084812879562378
0.5547297596931458
0.6903337836265564
0.613294243812561
0.3548736274242401
0.6260712742805481
0.6076560616493225
0.6082572937011719
0.4626461863517761
0.48862820863723755
0.806884765625
0.3875781297683716
0.2754184305667877
0.48575907945632935
0.3927019536495209
0.5130800008773804
0.6311487555503845
0.47211724519729614
0.3451840281486511
0.3673306107521057
0.7814767956733704
0.4449273943901062
0.29563456773757935
0.5072604417800903
0.4080964922904968
0.8829633593559265
0.4532662034034729
0.5019863247871399
0.41386014223098755
1.1025482416152954
0.31809157133102417
0.8531634211540222
0.4030049443244934
0.5848859548568726
0.2732617259025574
0.503627359867096
0.3315363824367523
0.9477513432502747
0.5558668971061707
0.26241520047187805
0.8177672624588013
0.9304815530776978
0.5828186869621277
0.5667842626571655
0.584496796131134
0.5809469819068909
0.9585846066474915
0.9544330835342407
0.493563711643219
0.38825809955596924
0.2249828577041626
0.698399007320404
0.8948070406913757
0.4759560227394104
0.8476192355155945
0.5682198405265808
0.34684914350509644
0.7432802319526672
0.3532494902610779
0.812669575214386
0.7983964681625366
0.607724666595459
0.3077048361301422
0.32028722763061523
0.570205807685852
0.5984383821487427
0.43457311391830444
0.7775005102157593
0.5352269411087036
0.5145884156227112
0.3946142792701721
0.9343006014823914
0.4905674457550049
0.252977192401886
0.6178847551345825
0.4059116840362549
1.0402464866638184
0.821151852607727
0.8260666131973267
0.4198153614997864
0.9038066864013672
0.22433607280254364
0.4433145523071289
0.3653709292411804
1.273770809173584
0.578483521938324
0.48606204986572266
0.307041198015213
0.6209969520568848
0.5871633291244507
0.6122105717658997
0.9477348327636719
1.1485681533813477
0.6776638031005859
0.547156810760498
1.1198551654815674
0.6455276608467102
1.0438923835754395
0.796822190284729
0.47267046570777893
0.33498167991638184
0.9911322593688965
