0.4405733048915863
0.8467756509780884
0.6551292538642883
1.185782551765442
1.0026341676712036
0.9289190173149109
0.7693700790405273
0.5067185163497925
0.28671467304229736
0.9480139017105103
0.56787109375
0.30014777183532715
0.7458311915397644
0.44607028365135193
0.2961028516292572
0.22882576286792755
0.7025703191757202
0.24826832115650177
0.8898791074752808
0.41723328828811646
0.4087699055671692
0.4486364424228668
0.7257715463638306
1.0757462978363037
0.4847237467765808
0.4261677861213684
1.0020616054534912
0.5873793363571167
0.7418824434280396
0.27470242977142334
0.5704271793365479
0.6534175872802734
0.6836304664611816
0.8027702569961548
0.36693429946899414
0.5861049294471741
0.6606577634811401
0.893517017364502
0.6875284314155579
0.8308828473091125
0.7670050263404846
0.5244384407997131
0.5006840229034424
0.316772997379303
0.3272942304611206
0.5218944549560547
0.49022379517555237
0.4313599467277527
0.7329806089401245
0.8056329488754272
0.6262975931167603
0.37610194087028503
0.778127908706665
0.482720285654068
0.39319950342178345
0.7883334159851074
0.4505191445350647
0.527129054069519
0.4185601770877838
0.6375216841697693
0.34672993421554565
0.4638163447380066
0.40991196036338806
0.6112447381019592
0.3838900923728943
0.7447503805160522
0.7461739182472229
0.7455587983131409
0.6314499378204346
0.33844444155693054
0.7919979095458984
0.41027554869651794
0.39276859164237976
0.4274211525917053
0.4642477035522461
0.48323410749435425
0.7775045037269592
0.7403053045272827
0.8076514005661011
0.6087910532951355
0.44187355041503906
0.3369941711425781
0.5212939977645874
0.8571387529373169
0.5994347333908081
0.5876123905181885
0.688965916633606
0.5584395527839661
0.41892528533935547
0.6967333555221558
0.33836930990219116
0.743269145488739
0.25827911496162415
0.559909999370575
0.49616092443466187
0.6119858026504517
0.2860898971557617
0.3147979974746704
0.5659467577934265
0.47824734449386597
0.37798890471458435
0.2018929421901703
0.626955509185791
0.8401999473571777
0.4447453022003174
0.4645124077796936
0.7710078954696655
0.5732470154762268
0.411346971988678
0.6469970941543579
0.5985144376754761
0.2261342704296112
0.6328781843185425
0.274463415145874
0.501640260219574
0.9998828768730164
0.7869968414306641
0.31649041175842285
0.6535763144493103
0.5233899354934692
0.493696928024292
0.4346733093261719
0.8710182905197144
0.6461418867111206
0.30539703369140625
0.2402995079755783
0.7043340802192688
0.36808496713638306
0.6947184801101685
0.4291955530643463
0.7245845794677734
0.34450066089630127
0.4353671073913574
0.5931329727172852
0.6651485562324524
0.4796005189418793
0.4431641697883606
0.4160972237586975
0.644890308380127
0.33427175879478455
0.9639310836791992
0.6356403231620789
1.0399694442749023
0.39438632130622864
0.8296343088150024
0.8145907521247864
0.5284615755081177
0.6529859304428101
0.5049046874046326
0.507161021232605
0.9054797291755676
0.5127490758895874
1.2220605611801147
0.9879514575004578
0.5254267454147339
0.677436113357544
0.501015305519104
0.3656767010688782
0.985201358795166
0.7420212030410767
0.6216107606887817
0.9196745753288269
0.29154449701309204
0.33883729577064514
0.811246395111084
0.680429995059967
0.791841447353363
0.7314376831054688
0.349618136882782
0.40395838022232056
0.7998062372207642
0.26675939559936523
0.5077348351478577
0.2004411220550537
0.25607824325561523
0.9448962211608887
0.37456050515174866
0.6882951855659485
0.43078088760375977
0.6314250230789185
0.3661688268184662
0.7159560918807983
0.3693641126155853
0.4164349436759949
0.6919628381729126
0.639076828956604
0.6943824887275696
0.37826043367385864
0.5936168432235718
0.4417828917503357
0.6575782299041748
0.3397417366504669
0.6848145127296448
0.7304229736328125
0.49466657638549805
0.22227735817432404
0.48859772086143494
0.4074513018131256
0.6988816261291504
1.4816687107086182
0.4913884997367859
0.48730307817459106
0.2821398377418518
0.2454206496477127
0.690562903881073
0.561326801776886
0.28934574127197266
0.3986263871192932
0.6774250864982605
0.5575512051582336
0.43864670395851135
0.4055663049221039
0.3579091727733612
0.49140453338623047
0.5190929174423218
0.6397902369499207
0.7400976419448853
0.6995476484298706
0.41083869338035583
0.3422541320323944
0.32099658250808716
0.514825165271759
0.6183368563652039
0.34696558117866516
0.49383869767189026
0.3879699110984802
0.2535169720649719
0.6573235392570496
0.4052487313747406
0.5367046594619751
0.5272902250289917
1.0540974140167236
0.6567157506942749
0.22891858220100403
0.732515811920166
0.6030136346817017
0.5655195116996765
0.7485421895980835
0.4638913571834564
0.6361187100410461
0.24326784908771515
0.5341816544532776
0.7856742739677429
0.4654683470726013
0.8690534830093384
0.5063210725784302
0.568223774433136
0.47775667905807495
0.740911602973938
0.44839367270469666
0.9304565191268921
0.414355605840683
0.6422492861747742
0.31020522117614746
0.4344708323478699
0.5541380047798157
0.22134938836097717
0.5746257901191711
0.5456483960151672
0.23333053290843964
0.7343848943710327
0.6568023562431335
0.475635826587677
0.4056541323661804
0.49784430861473083
0.4980717599391937
0.27153998613357544
0.6860829591751099
0.2929545044898987
0.3041117191314697
0.8042956590652466
1.0467665195465088
0.703857958316803
0.41988492012023926
0.645456850528717
0.36857742071151733
0.5852913856506348
0.5225002765655518
0.7024333477020264
0.3320327401161194
0.36777132749557495
0.3474036753177643
0.8279501795768738
0.6056233644485474
0.33445319533348083
0.6191031336784363
0.3753908574581146
0.3534061312675476
0.4113827347755432
0.7067270874977112
0.5978649258613586
0.5426931381225586
0.6447843313217163
0.7399160265922546
0.32586032152175903
0.2934660315513611
0.7093372344970703
0.570975661277771
0.3902053236961365
0.5875500440597534
0.43459463119506836
0.5094431638717651
0.5971742868423462
0.4824755787849426
0.7070637345314026
0.49641433358192444
0.4744111895561218
0.7050853967666626
0.28619319200515747
0.3937337398529053
0.3590046763420105
0.19206058979034424
0.28929057717323303
1.452623963356018
0.5173751711845398
0.35224995017051697
0.5344535708427429
0.7759069800376892
0.47253483533859253
0.3186081051826477
0.21983270347118378
0.4749235510826111
0.4307524263858795
0.6392232179641724
0.5960079431533813
0.3664693832397461
0.36047428846359253
0.40811505913734436
0.4060315191745758
0.3615078330039978
0.4065106511116028
0.606155276298523
0.4874819815158844
0.959592342376709
0.3904094099998474
0.42264223098754883
0.3988904356956482
0.5436387658119202
