0.6173561215400696
0.4914472997188568
0.4536963403224945
0.6020954251289368
0.8521718978881836
0.3123745024204254
1.4916250705718994
0.21446780860424042
0.6990476846694946
0.49348029494285583
0.3943021595478058
0.4472180902957916
0.886959433555603
0.3101097345352173
0.9860213398933411
1.1145904064178467
0.49093618988990784
0.6860591769218445
0.625827431678772
0.42410144209861755
0.1725732535123825
0.3772105872631073
0.4354209005832672
0.6395732164382935
0.4443754553794861
0.4500858783721924
0.8069227933883667
0.595610499382019
0.4232817590236664
0.3426142632961273
0.7095242738723755
0.7662158608436584
0.36144953966140747
0.5125036239624023
0.4922327995300293
0.9776757955551147
0.8895206451416016
0.36406809091567993
0.3514437675476074
0.3948418200016022
0.42643100023269653
0.45811861753463745
0.7073954343795776
0.2965283989906311
0.5501320958137512
0.5782589912414551
0.3240255117416382
0.29457494616508484
0.4818204343318939
0.4166467785835266
0.9269291162490845
0.7837730646133423
0.22484083473682404
0.7659383416175842
0.492185115814209
0.7770370841026306
0.707621693611145
0.43128976225852966
0.4502093195915222
0.5268924832344055
0.9355243444442749
0.6422407627105713
0.40423718094825745
0.5033543109893799
0.5452303290367126
0.5241142511367798
0.26767998933792114
0.7519367933273315
0.715218186378479
0.4970974028110504
0.8286280632019043
0.6113396883010864
0.44422808289527893
0.47817906737327576
0.6446579098701477
1.0170785188674927
0.8592389225959778
0.6204186677932739
0.6123918294906616
0.5630105137825012
0.48592257499694824
0.6123981475830078
0.7165420055389404
0.5561674237251282
0.5425176620483398
0.35683488845825195
0.6032289266586304
0.5547293424606323
0.38361218571662903
0.4450913071632385
0.3858638405799866
0.4079689383506775
1.0273823738098145
0.6627048254013062
0.4492948055267334
0.4188675880432129
0.3866068720817566
0.706469714641571
0.6360729932785034
1.2713714838027954
0.5501594543457031
0.5311651229858398
1.0817118883132935
0.3119376301765442
0.5185515284538269
1.0433599948883057
0.29387375712394714
0.8036382794380188
0.3868371844291687
0.7784808278083801
1.121828556060791
0.6421735882759094
0.6192939877510071
0.7328780293464661
0.5214521884918213
0.2490241527557373
0.6019362807273865
0.5141279697418213
0.48422226309776306
0.1993948072195053
0.289194792509079
0.6702939867973328
0.48519235849380493
0.4462164044380188
0.4140915870666504
0.4112253189086914
0.4033210873603821
0.3839114010334015
0.6524738073348999
0.42639365792274475
0.8543425798416138
0.8263298869132996
0.6908200979232788
1.305580496788025
0.41419029235839844
0.9684317708015442
0.5207549929618835
1.0199096202850342
0.3779980540275574
0.3680296540260315
0.771828293800354
0.5227270126342773
0.5566083788871765
0.855061411857605
0.7370510697364807
0.3178596496582031
0.5118345022201538
0.8487714529037476
0.37069225311279297
0.3239075839519501
0.2271103858947754
0.4112294316291809
0.8977934718132019
0.2343466579914093
1.0264151096343994
0.5095107555389404
0.7947242259979248
0.7520695328712463
0.47995829582214355
0.7740002870559692
0.47984305024147034
0.4146246910095215
0.5203728675842285
0.43746986985206604
0.5605016946792603
0.5638037919998169
0.578044056892395
0.3372539281845093
0.8324809074401855
0.3396835923194885
0.3526921272277832
0.20147772133350372
0.3758660554885864
0.2627464234828949
0.4733852446079254
0.33202606439590454
0.6946150660514832
0.4130600094795227
0.5718792676925659
0.2971333861351013
0.5017696619033813
0.6135849356651306
0.617180347442627
0.2105710804462433
0.7966341972351074
0.3858667314052582
0.9069141149520874
0.36742305755615234
0.5315669775009155
0.3331855237483978
0.5481041669845581
0.8323659896850586
0.5611739158630371
0.8026227951049805
0.42535239458084106
0.5657922625541687
0.48633232712745667
0.2581908106803894
0.3352048993110657
0.7514723539352417
0.39700496196746826
0.3266424238681793
0.5675472021102905
0.5840771794319153
0.5100760459899902
0.6396694183349609
0.6092764735221863
0.3044542670249939
0.7405339479446411
0.41798239946365356
0.4698801040649414
0.49160194396972656
0.5916284918785095
0.25695133209228516
0.19526717066764832
1.2778359651565552
1.066358208656311
0.6914262175559998
0.492777019739151
0.5242295265197754
0.5618870854377747
0.8143318891525269
0.5452955365180969
0.4370124936103821
0.4167194366455078
0.3209500312805176
0.5497013330459595
0.5620530843734741
0.457552045583725
0.5259629487991333
0.35299259424209595
0.4274316728115082
0.5162630081176758
0.459402471780777
0.3760314881801605
0.66216641664505
0.6495758891105652
0.7151874303817749
0.7403889298439026
0.7798143029212952
0.6918002963066101
0.46453791856765747
0.6557213068008423
0.3405122458934784
0.6070209741592407
1.7102667093276978
0.5705029964447021
0.9524100422859192
0.7698129415512085
0.8625445365905762
0.8135437965393066
0.6807239055633545
0.36222511529922485
0.4987967908382416
0.6263406872749329
0.4042849540710449
0.7745064496994019
0.625777542591095
0.44431257247924805
0.5776098966598511
0.43890175223350525
0.9026715159416199
0.8438743352890015
0.696928858757019
1.0532289743423462
0.9045205116271973
0.9181798100471497
0.655351459980011
0.3882191479206085
0.3876103460788727
0.4471171498298645
0.8075404167175293
0.667059600353241
0.5123488903045654
0.3643963932991028
0.4198842942714691
0.876757025718689
0.3513679802417755
0.2315765917301178
0.2564902603626251
0.2625575661659241
0.8859421014785767
0.5630481839179993
0.31093430519104004
0.7660815119743347
0.5373333692550659
0.9148164987564087
0.6633110642433167
0.6134063005447388
0.5074137449264526
1.0055397748947144
0.5680437088012695
0.9253618121147156
0.4658035635948181
0.9293667078018188
0.30193278193473816
0.4413982927799225
0.5050839185714722
0.4358503818511963
0.3464004099369049
0.6323145031929016
0.5527521371841431
0.3987399935722351
0.26769784092903137
0.6344076991081238
1.2818794250488281
0.5457775592803955
0.34264323115348816
0.5145450830459595
0.5072949528694153
0.6543921232223511
0.43647971749305725
0.6392424702644348
0.8356384038925171
0.45179206132888794
0.5596429705619812
0.3750132620334625
0.5350114107131958
0.3744623363018036
0.7782943248748779
0.4404483437538147
0.5784170627593994
0.8959290385246277
0.3099132180213928
0.42171043157577515
0.9533599615097046
0.6581538319587708
0.5883355736732483
0.4761579632759094
0.6535074710845947
0.2572665810585022
0.6545087099075317
0.4425557553768158
0.9246684312820435
0.5467160940170288
0.49928221106529236
0.21618981659412384
0.6434482932090759
