0.563113808631897
0.7030102014541626
0.3706018030643463
0.9491478204727173
0.8110678791999817
0.20108771324157715
0.7444170117378235
1.0150482654571533
0.4055067002773285
0.6500214338302612
0.8161301612854004
0.6227989196777344
0.641858696937561
1.0403741598129272
1.0610244274139404
0.6462085843086243
1.1175588369369507
0.46398401260375977
0.32276037335395813
1.0457264184951782
0.29396945238113403
0.483924001455307
0.33204516768455505
0.4339343011379242
0.7398695349693298
0.39944058656692505
0.7323967218399048
0.4571627676486969
0.8145767450332642
0.7770282030105591
1.0366847515106201
0.5006853938102722
0.48564308881759644
0.7931820154190063
0.4620668292045593
0.8248897790908813
0.5583512783050537
0.8977311253547668
0.6011074781417847
0.6946849822998047
0.581138014793396
0.21090885996818542
0.5066870450973511
0.46905237436294556
0.47431516647338867
0.47277364134788513
0.7253758311271667
0.2772064805030823
0.42005330324172974
0.42762622237205505
0.3520636558532715
0.5399968028068542
0.4398115277290344
1.0896942615509033
0.49636372923851013
0.4510924816131592
0.8710371851921082
0.8756011724472046
0.6459506154060364
0.5171907544136047
1.0156368017196655
0.9329392313957214
0.7638679146766663
0.6175280809402466
0.4125491976737976
0.3734228312969208
0.4521923065185547
0.549114465713501
0.32817453145980835
0.36391493678092957
0.4316379129886627
0.7080446481704712
0.30556613206863403
0.6166298389434814
0.7688561677932739
0.5144199728965759
0.35764604806900024
0.7236722707748413
0.4602406620979309
0.46755489706993103
0.5099142789840698
0.4924428462982178
0.4748702645301819
0.577912449836731
0.32347339391708374
0.5431773066520691
0.1810951679944992
0.5679394602775574
0.5018625259399414
0.709803581237793
0.4885750710964203
0.6893711090087891
0.5847868323326111
0.6880276203155518
0.20990410447120667
0.606361985206604
0.507084846496582
0.3949429988861084
0.5693146586418152
0.3180033564567566
1.1375420093536377
0.39584532380104065
0.6185271143913269
0.6198529005050659
0.6058704257011414
0.8401258587837219
0.8380947113037109
1.0473538637161255
0.6880849599838257
0.8035030364990234
0.7219735383987427
0.7462170124053955
0.38711318373680115
0.7361787557601929
0.3208603262901306
0.22223763167858124
0.28100141882896423
1.0916478633880615
0.73841392993927
0.527451753616333
0.4646809995174408
0.840589702129364
0.49586477875709534
0.3326655924320221
0.5038982033729553
0.755088210105896
0.8731973767280579
0.6068038940429688
0.6273549199104309
0.5278002023696899
0.850124716758728
0.8130990862846375
0.9170786142349243
0.3117152750492096
0.7277037501335144
0.3434374928474426
1.0429999828338623
0.7077997922897339
0.46725377440452576
0.2996278405189514
0.3591095805168152
0.5779250860214233
0.7551263570785522
0.6311668157577515
0.3193482756614685
0.3189277648925781
0.576402485370636
0.6431198120117188
0.6397687792778015
0.451546847820282
0.7103627920150757
0.456573486328125
0.37832143902778625
0.4591830372810364
0.49798688292503357
0.6113876104354858
0.4011553227901459
0.6292610764503479
0.6611484289169312
0.4497067332267761
0.5137341618537903
0.3736405372619629
0.8095691800117493
0.9160734415054321
0.6777914762496948
1.2615642547607422
0.4751589894294739
0.6565844416618347
0.37289702892303467
0.4572896361351013
0.3027133047580719
0.4023512899875641
1.1433498859405518
0.6328986883163452
0.33810320496559143
0.8895092010498047
0.6337739825248718
0.5220510959625244
0.5378538966178894
0.5873834490776062
0.7935000658035278
0.7453304529190063
0.5110892057418823
0.5276378393173218
0.48754748702049255
0.3879985809326172
0.5467438697814941
0.553797721862793
0.4721483290195465
0.4123280644416809
0.5466614961624146
0.6970753073692322
0.8539257049560547
0.6446554064750671
0.4163237512111664
0.4212721884250641
0.5071703195571899
0.6453277468681335
0.6076920628547668
0.48300352692604065
0.493410587310791
0.4888787269592285
0.5426791906356812
0.36951687932014465
0.9988482594490051
0.5795695781707764
0.5025925636291504
0.761616587638855
0.5153511762619019
0.45316752791404724
0.5539140105247498
0.2702515721321106
0.8691095113754272
1.3252408504486084
0.46307411789894104
0.3444051146507263
0.48719754815101624
0.3413691520690918
0.2997940480709076
0.5051976442337036
0.49969640374183655
0.3415418267250061
0.6749531626701355
0.3504622280597687
0.3630760610103607
0.3480822443962097
0.6196197271347046
0.5008200407028198
0.469310998916626
0.4167823791503906
0.5469859838485718
0.5379758477210999
1.0797992944717407
0.23278161883354187
0.679409384727478
0.8711696863174438
0.675688624382019
0.7672262191772461
0.5703660845756531
0.6220626831054688
1.0758533477783203
0.7135926485061646
0.22328300774097443
0.5329879522323608
0.8647068738937378
0.5850619077682495
0.4284965395927429
0.35255324840545654
0.6792925000190735
0.5709846019744873
0.3691112995147705
0.30002114176750183
0.3597208559513092
0.9546954035758972
0.5236331224441528
0.32507166266441345
0.36954566836357117
0.49633708596229553
0.1969597339630127
1.0542093515396118
1.111498236656189
0.8942925333976746
0.6420882940292358
0.46974238753318787
0.33744674921035767
0.46194544434547424
0.7940691709518433
0.3572033941745758
0.7103952765464783
0.273193895816803
0.35325852036476135
1.3121188879013062
0.8305248022079468
0.3275568187236786
1.0008150339126587
0.5801953077316284
0.5046241283416748
0.692079484462738
0.3292202353477478
0.3236563801765442
0.42557018995285034
0.7273203134536743
0.756258487701416
0.8499611616134644
0.4668568968772888
0.30806607007980347
0.6613617539405823
0.6532191634178162
0.6828045845031738
0.2766267955303192
0.3300296664237976
0.2230759561061859
0.31763631105422974
1.1481072902679443
0.7452086210250854
0.6185745000839233
0.634507417678833
0.3609301447868347
0.22179479897022247
0.5535781383514404
0.3893272578716278
0.3193519711494446
0.36592450737953186
0.5210052728652954
0.4894649386405945
0.9985909461975098
0.47180432081222534
0.6008007526397705
0.3003532588481903
0.47941574454307556
0.6419615745544434
0.43375882506370544
0.5420445203781128
0.5514575242996216
0.7529489398002625
0.5677770376205444
0.4239557683467865
0.392179936170578
0.2961769998073578
0.47424831986427307
0.9800281524658203
0.41530299186706543
1.0713660717010498
0.388945609331131
0.6082481145858765
0.5978875160217285
0.7396620512008667
0.763279378414154
0.49395880103111267
0.8846620321273804
0.2690768241882324
0.15798518061637878
0.6452879309654236
0.6881371140480042
0.46147578954696655
0.9436100721359253
0.5073832273483276
1.6747932434082031
