0.28824859857559204
0.3875068426132202
0.5715150237083435
0.4062960743904114
0.2605012059211731
0.46006399393081665
0.5547563433647156
0.19867168366909027
0.5650278329849243
0.5121938586235046
0.24686355888843536
0.36584150791168213
0.45309051871299744
0.4586959779262543
0.5831392407417297
0.45763882994651794
0.7809669971466064
0.2855295240879059
0.2335607260465622
0.5574142932891846
0.8775719404220581
0.4757925868034363
0.26640784740448
0.634104311466217
0.47388893365859985
0.8908069729804993
0.355867475271225
0.8117591738700867
0.5762338638305664
0.6872113943099976
0.674545168876648
0.2755805552005768
0.37891727685928345
0.2545645534992218
0.8622822761535645
0.24417710304260254
0.2646253705024719
0.26503676176071167
0.3833176791667938
0.4307454228401184
0.7140204906463623
0.4582124352455139
0.37532395124435425
0.5308238863945007
0.4359051585197449
0.8902097940444946
0.3836463987827301
0.32993173599243164
0.8320505023002625
0.6743324995040894
0.6932161450386047
0.29331567883491516
0.4467809200286865
0.539621889591217
0.4954783320426941
0.5008648633956909
0.5828433632850647
0.7595021724700928
0.6006497740745544
0.6359914541244507
0.33748847246170044
0.4994674623012543
0.43744969367980957
0.466715008020401
0.6538518071174622
0.5206349492073059
0.520633339881897
0.4696940779685974
0.8586990237236023
0.6093948483467102
0.31719970703125
1.1634528636932373
0.5074009895324707
0.23564228415489197
0.32898253202438354
0.351645290851593
0.8379865884780884
0.8390643000602722
0.8560088872909546
0.45911645889282227
0.40722665190696716
0.9380702972412109
0.8083568811416626
0.6720511317253113
0.9980289340019226
0.5780127644538879
0.3817346394062042
0.6433588862419128
0.5918983221054077
0.6158407330513
0.30813345313072205
0.46036234498023987
0.23472484946250916
0.5643606185913086
0.3049589991569519
0.37858840823173523
0.5494925379753113
0.8221260905265808
0.34444528818130493
0.5895894765853882
0.6114718317985535
0.38541680574417114
0.6255900263786316
0.6693187952041626
1.1744354963302612
0.3849382996559143
0.5503634214401245
0.23192381858825684
0.37452104687690735
0.7977250814437866
0.14981791377067566
0.44934168457984924
0.5642310380935669
0.548715353012085
0.32465437054634094
0.41545724868774414
0.6061393022537231
0.6865665316581726
0.31792259216308594
0.23450538516044617
0.4981781542301178
0.5448836088180542
0.4870465397834778
0.6581576466560364
0.5112261772155762
0.4365910589694977
0.5358524322509766
0.7517721652984619
0.5155049562454224
0.5202459096908569
0.4124433398246765
0.8965442776679993
0.3674961030483246
0.8522246479988098
1.4911718368530273
0.4500548243522644
0.5769990682601929
0.8853987455368042
0.9650751948356628
0.60049968957901
1.0974195003509521
1.450050950050354
0.7624326348304749
0.6022356152534485
0.43997883796691895
0.48935621976852417
0.6642196774482727
0.6355642080307007
0.3731940984725952
0.4682827591896057
0.41815394163131714
0.46563854813575745
0.39846333861351013
0.5985401272773743
0.5208368897438049
0.28579944372177124
0.4747864603996277
0.9592731595039368
0.46990853548049927
0.4414365887641907
0.3390483856201172
0.6390150785446167
0.7490696907043457
0.7183855772018433
0.723088264465332
0.42158156633377075
0.27368927001953125
0.8681195974349976
0.8541926145553589
0.44760599732398987
0.4907861351966858
0.6575958132743835
0.7628187537193298
0.4726022779941559
0.5907825231552124
0.4555174708366394
0.959793210029602
1.0431419610977173
0.4300643801689148
0.6042328476905823
0.35141387581825256
0.6701412200927734
0.41008180379867554
0.42240580916404724
0.7092382311820984
0.6081838607788086
0.804701030254364
0.7755314111709595
0.4317054748535156
0.6760441064834595
0.2557910978794098
0.6500503420829773
0.7474018335342407
0.8319417834281921
0.6571159362792969
0.6997266411781311
0.8416684865951538
0.30394163727760315
0.27060189843177795
0.3667951226234436
0.4394301474094391
0.34710395336151123
0.8185610771179199
0.5668417811393738
0.5490869283676147
0.49140381813049316
0.4494008421897888
0.34423917531967163
0.6287871599197388
1.1924123764038086
0.3838132917881012
0.3638484477996826
0.48123541474342346
0.37906521558761597
0.6597619652748108
0.3708518445491791
1.0137059688568115
0.6257229447364807
0.2388322800397873
0.3058755397796631
0.32253143191337585
0.4072914719581604
0.5335413217544556
0.6578943133354187
0.3405289947986603
0.7524034380912781
0.8721890449523926
0.5657546520233154
0.40993934869766235
0.9759076237678528
0.49919596314430237
1.0632965564727783
0.7361983060836792
0.611344575881958
0.4274144768714905
0.583642840385437
0.6697539687156677
0.47911787033081055
0.578612208366394
0.5017415285110474
0.6195502281188965
0.43975600600242615
0.4277086853981018
0.3875218331813812
0.44933977723121643
0.6544381380081177
1.0076452493667603
0.7088013887405396
0.4933982491493225
0.7321408987045288
0.42821741104125977
0.46634426712989807
0.5918967127799988
0.2016897201538086
0.7440762519836426
0.3737773299217224
0.7002203464508057
0.5705190896987915
0.42465028166770935
0.6208983659744263
0.24547719955444336
0.594423770904541
0.7837101817131042
0.4314398169517517
0.2697693407535553
0.8983768224716187
0.7111854553222656
0.5690434575080872
0.4541915953159332
0.5870574712753296
0.7966356873512268
0.36025890707969666
0.5453397035598755
0.6896138191223145
0.6051173210144043
0.45613932609558105
1.0661085844039917
0.6783040165901184
0.571387529373169
0.6130062937736511
0.3640696406364441
0.7459715008735657
0.8702753782272339
0.40066757798194885
0.5602606534957886
0.351675420999527
0.44775643944740295
0.2550613582134247
0.4214359223842621
0.7108799815177917
0.5213197469711304
0.5226908922195435
0.42462030053138733
1.1557796001434326
0.8513942956924438
0.5413946509361267
0.3704501688480377
0.29316699504852295
0.4369564950466156
0.7339310646057129
0.38139674067497253
0.2277279794216156
0.23493905365467072
0.6517965793609619
0.9020251035690308
0.7045882940292358
0.4220229983329773
0.3186185956001282
0.6102727055549622
0.5146206021308899
0.34121599793434143
1.3106023073196411
0.592149555683136
0.6672465205192566
0.7623138427734375
0.485578715801239
0.9662908315658569
0.9423430562019348
0.4690079689025879
0.30822792649269104
0.2634616792201996
0.4781365394592285
0.741388201713562
0.5507596731185913
0.6100608110427856
0.27585485577583313
0.5662771463394165
0.22748017311096191
0.4548113942146301
0.6202439069747925
0.36810773611068726
0.603537917137146
0.4890696406364441
0.5839877128601074
0.37466058135032654
0.46459364891052246
0.8582568168640137
0.5451063513755798
