0.8833430409431458
0.3981400430202484
0.40390363335609436
0.2622661590576172
0.7725928425788879
0.4755728244781494
0.3196193277835846
0.7185620069503784
0.8906601667404175
0.2721354365348816
0.8704856038093567
0.5646730661392212
0.702867865562439
0.27500849962234497
0.2953709661960602
0.20343539118766785
0.32188841700553894
0.5534093976020813
0.6899045705795288
0.40754809975624084
0.38880249857902527
0.8872805833816528
0.33837610483169556
0.5424720048904419
0.15453886985778809
0.44313177466392517
1.4363882541656494
0.4151945114135742
0.3174595236778259
0.34651729464530945
0.7167362570762634
0.43928951025009155
0.582316517829895
0.49271026253700256
0.22255739569664001
0.5635078549385071
0.6000614166259766
1.3027102947235107
0.6054879426956177
0.4236382842063904
0.3441789746284485
0.6741641759872437
0.7092046737670898
1.0055625438690186
0.9838431477546692
0.6449958086013794
0.4241664409637451
0.4387815594673157
0.5651370882987976
0.5841598510742188
0.3486731946468353
0.2745002508163452
0.4818325638771057
0.4700043201446533
0.7394917607307434
0.39574652910232544
0.4478767514228821
0.47866731882095337
0.35383495688438416
0.5395928621292114
0.45568475127220154
0.8239744305610657
0.3766824007034302
0.6551785469055176
0.8000629544258118
0.383041113615036
0.5852756500244141
0.5842400789260864
0.3633216619491577
0.6711426973342896
0.4253295063972473
0.4009309709072113
0.6013787388801575
0.7332253456115723
0.6158546209335327
0.6749799251556396
1.3967705965042114
0.423255056142807
0.1202373281121254
0.7269477844238281
0.41602015495300293
1.0597281455993652
0.3823826014995575
0.6095688939094543
0.5213710069656372
0.20511579513549805
0.44341975450515747
0.9451301693916321
0.617562472820282
0.6661021709442139
0.21952112019062042
0.2765318751335144
0.5061970353126526
0.519024670124054
0.2679126560688019
0.8462279438972473
0.2698504328727722
0.37366166710853577
0.4160032868385315
0.7382319569587708
0.4395058751106262
0.3491624593734741
0.6439098119735718
0.34078091382980347
0.5394503474235535
0.7680296897888184
1.0818965435028076
0.788643479347229
0.32972243428230286
0.7122859954833984
0.2932735085487366
0.856014609336853
0.3272829055786133
0.42330941557884216
0.3610219359397888
0.3699291944503784
0.21217894554138184
0.39729321002960205
0.47369784116744995
0.5155189633369446
0.8538933992385864
0.44380316138267517
0.43936413526535034
0.8208483457565308
0.5120260119438171
0.6443287134170532
0.6078744530677795
0.6366380453109741
1.2130099534988403
0.3124443590641022
0.27746373414993286
0.5595534443855286
0.4805373251438141
0.6409552693367004
0.6941497325897217
0.36858659982681274
0.9633529782295227
1.5254930257797241
0.5791736841201782
0.6422842144966125
0.839974582195282
0.8057990074157715
0.5562559366226196
0.6259607672691345
0.706320583820343
0.7327187657356262
0.5061432719230652
0.5968998670578003
0.6878095269203186
0.3991185426712036
0.5683037042617798
0.27805987000465393
0.9339639544487
0.25826773047447205
0.4666174054145813
0.6246626377105713
0.23622433841228485
0.5285307168960571
0.6672570109367371
1.3372406959533691
0.36570534110069275
0.9230377078056335
0.5784382224082947
1.059455156326294
0.5331038236618042
0.5089305639266968
0.6561988592147827
0.8013513684272766
1.009046196937561
0.8524072766304016
0.6594966650009155
0.23388329148292542
0.3154274821281433
0.4918813705444336
0.22224612534046173
0.6816208958625793
0.3546321988105774
0.5147548913955688
0.2653578817844391
0.3761225640773773
0.2716607451438904
0.43470191955566406
1.016811728477478
0.3946984112262726
0.23329229652881622
0.3707745671272278
0.5894078016281128
0.6675812602043152
0.24798083305358887
0.5981744527816772
0.7128598690032959
0.47970065474510193
0.4132314622402191
0.43962010741233826
0.5515347719192505
0.7502543330192566
0.5211149454116821
0.37106162309646606
0.4955769181251526
0.3195611834526062
0.7579978704452515
0.5672879219055176
0.5245969295501709
0.8528363108634949
0.7273462414741516
0.572364091873169
0.3834461569786072
0.8821533918380737
0.22068962454795837
0.8467890024185181
0.3478936553001404
0.3032033443450928
0.40974941849708557
0.3442074954509735
0.44532299041748047
0.898419976234436
1.0171489715576172
0.4065597653388977
0.5970321893692017
0.5516064763069153
0.27210354804992676
0.6353670358657837
0.8449186086654663
1.2739503383636475
0.45529574155807495
0.9588239789009094
0.6262556314468384
0.4858011305332184
0.3942511975765228
0.5151685476303101
0.6886575818061829
0.21972627937793732
0.5177778005599976
0.6756600737571716
0.308904230594635
0.7916275262832642
0.5894873738288879
0.6083441972732544
0.4691561162471771
0.5994548797607422
0.35101941227912903
0.8145772218704224
0.5821088552474976
0.23108768463134766
0.32576996088027954
0.5033884048461914
0.40669122338294983
0.46399563550949097
0.6397156715393066
0.28829166293144226
0.5475610494613647
0.6161541938781738
0.5441339015960693
0.6689402461051941
0.8017824292182922
0.5860755443572998
0.45579758286476135
0.7113819718360901
0.4631919860839844
0.7077783346176147
0.22991344332695007
0.3948639929294586
0.8178145289421082
0.25957992672920227
0.32355746626853943
0.5776211619377136
0.520421028137207
0.4904351234436035
0.4841090142726898
0.25244516134262085
1.0771465301513672
0.3132595419883728
0.3612552583217621
0.891861617565155
0.391956627368927
0.4821353554725647
1.0143342018127441
1.0686657428741455
0.36548981070518494
0.2832830548286438
0.2963384687900543
0.3675512671470642
0.3859460949897766
0.49500617384910583
0.4322269856929779
0.28950175642967224
0.7648960947990417
0.41664639115333557
0.34652331471443176
0.2934804856777191
0.49026140570640564
0.5157212018966675
0.5886348485946655
0.5351616144180298
0.9689255952835083
0.7012254595756531
0.6782287359237671
0.891781210899353
0.6451044678688049
0.6924084424972534
0.1827842742204666
0.3919791281223297
0.35098475217819214
0.6830798387527466
0.3036510646343231
0.4103833734989166
0.3017374873161316
0.8173614740371704
1.0628130435943604
0.9571908116340637
0.5921603441238403
0.33046087622642517
0.34029847383499146
0.9044637680053711
0.5582906007766724
0.252071738243103
0.4705013334751129
0.2963200509548187
0.2889614999294281
0.48830604553222656
0.5134776830673218
0.4342992305755615
0.5105613470077515
1.088884711265564
0.9331541061401367
0.2512473464012146
0.623720109462738
0.6427664160728455
0.4342440664768219
0.2967180609703064
0.6059008836746216
0.5945878028869629
0.46426087617874146
0.34969398379325867
0.6140645742416382
0.39987218379974365
0.68773353099823
0.6873567700386047
