0.3369096517562866
0.5259740352630615
0.7985439300537109
0.8431729078292847
0.5166002511978149
0.3380433917045593
0.39118799567222595
0.35796043276786804
0.4153133034706116
0.7499009370803833
0.4310843050479889
0.4348268508911133
0.47324609756469727
0.578518271446228
0.5496578812599182
0.6772245764732361
0.34532231092453003
0.5628796815872192
0.5991235971450806
0.2779763638973236
0.8165752291679382
0.9775427579879761
0.3594430088996887
0.5757075548171997
0.6243932247161865
0.17249859869480133
0.3130500912666321
0.6285598278045654
0.7278399467468262
0.5298849940299988
0.6798533797264099
0.4637812674045563
0.3363776206970215
0.8685711026191711
0.7809792160987854
0.6280583143234253
0.4294064939022064
0.44581031799316406
0.20828263461589813
0.46461573243141174
1.0342164039611816
0.8589650988578796
0.47873687744140625
0.6778188943862915
0.4628588557243347
0.42633265256881714
0.5299872159957886
0.4936215281486511
0.526833176612854
0.6938886642456055
0.5020568370819092
0.3967333734035492
0.21041817963123322
1.1209397315979004
0.6954270601272583
0.44013985991477966
0.7457249760627747
0.618958592414856
0.40577155351638794
0.5655916929244995
0.3829771876335144
0.6187021136283875
0.4976118206977844
0.6965509653091431
0.3251670300960541
0.7545038461685181
1.0460718870162964
0.6067496538162231
0.5968716740608215
0.5697038173675537
0.4985884726047516
0.2878156304359436
0.1860668659210205
0.2946449816226959
0.5391193628311157
0.2634584903717041
0.814051628112793
0.3253890573978424
0.6621027588844299
0.5611306428909302
1.0005395412445068
0.5444053411483765
0.3304499089717865
0.5905798077583313
0.46176815032958984
0.541906476020813
0.24109753966331482
0.6630939245223999
0.5072575807571411
0.4760851263999939
0.8263864517211914
0.2865539491176605
0.5824949145317078
0.38067030906677246
0.7617624402046204
0.43829721212387085
0.4144870638847351
0.3848037123680115
0.4271799623966217
0.5637472867965698
0.4942134916782379
0.39141783118247986
1.103196144104004
0.5209623575210571
0.8115549087524414
0.5992176532745361
0.22081804275512695
0.5955444574356079
0.3148028254508972
0.6117534041404724
0.6361444592475891
0.8632543683052063
0.869982123374939
0.35767287015914917
0.6788167953491211
0.9201690554618835
0.4269030690193176
0.6698609590530396
0.5475779175758362
0.5387030243873596
0.47675150632858276
0.35620054602622986
0.3896770477294922
0.3021370768547058
0.23552128672599792
0.36031919717788696
0.3811749815940857
0.4968236982822418
0.6245646476745605
0.4845616817474365
0.4416114389896393
0.22569921612739563
0.5379454493522644
0.5897225141525269
0.6549359560012817
0.3310627341270447
0.6784213781356812
0.38595300912857056
0.6559081673622131
0.6149197816848755
0.2624325454235077
1.2994019985198975
0.933568000793457
0.5422025918960571
0.5905157923698425
0.6441927552223206
0.2950515151023865
0.6338192224502563
0.4061729311943054
0.4166809022426605
0.8315033912658691
0.28189733624458313
0.6654613614082336
0.3663942515850067
0.5987629890441895
0.5854469537734985
0.24414007365703583
0.5837284922599792
0.6900421380996704
0.49927228689193726
0.42653346061706543
0.4850776791572571
0.36584657430648804
0.5080510377883911
0.33006376028060913
0.42857199907302856
0.8348976969718933
0.606197714805603
0.6822811961174011
0.3966924846172333
0.6390981674194336
0.5323256254196167
0.551433265209198
0.8575348854064941
0.5046052932739258
0.3951038718223572
0.25761720538139343
0.9230822324752808
0.4936051368713379
0.23952293395996094
0.711155116558075
0.31707870960235596
0.43353432416915894
0.42011362314224243
0.9237673878669739
0.3465433120727539
0.3059818148612976
0.5894404649734497
0.533439576625824
0.8937575221061707
0.7294408082962036
0.4672054648399353
0.31632840633392334
0.6399931907653809
0.7030518054962158
0.3997740149497986
0.8009815216064453
0.7012995481491089
0.5285272002220154
0.35896238684654236
0.4686304032802582
0.6389060616493225
0.6688295006752014
0.4331485629081726
0.569821834564209
0.27410009503364563
0.5947775840759277
0.42590609192848206
0.6578408479690552
0.321494996547699
0.28338366746902466
0.9327374696731567
0.4855549931526184
0.4432539939880371
0.41352835297584534
0.22661717236042023
0.8596451878547668
0.3940185606479645
0.24190756678581238
0.47963085770606995
0.22961492836475372
0.43157505989074707
0.6821606755256653
0.3526783883571625
0.7091986536979675
0.6111987829208374
0.612805187702179
0.7749024033546448
0.7479604482650757
0.6982967853546143
0.4185051918029785
0.18128082156181335
0.58655846118927
1.7748661041259766
0.7884908318519592
0.6737634539604187
0.17542527616024017
0.4883289337158203
0.15578243136405945
0.4373439848423004
0.26525479555130005
0.6524330377578735
0.47704997658729553
0.6088564991950989
0.5252928137779236
0.9155546426773071
0.6988288760185242
0.3872370421886444
0.3791050314903259
0.3642834424972534
0.7708773612976074
0.4263056814670563
0.4789087772369385
0.29595836997032166
0.3140321671962738
0.7356234788894653
0.4494357705116272
0.616906464099884
0.4475537836551666
0.6441819071769714
1.118019700050354
0.5048701167106628
0.41157063841819763
0.5922444462776184
0.6291257739067078
0.4137275815010071
0.3085159659385681
0.48068076372146606
0.8984607458114624
0.8736118078231812
0.4024408459663391
0.5278556942939758
0.34847933053970337
0.1442224234342575
0.46613866090774536
0.42743992805480957
0.5720144510269165
0.6182047128677368
0.3127278685569763
0.2786095142364502
0.657494843006134
0.37911373376846313
0.4499661326408386
0.4438300132751465
0.40665656328201294
0.572734534740448
1.306309461593628
0.7510751485824585
0.8987711071968079
0.4087052345275879
0.4527279734611511
0.39255425333976746
0.3175986409187317
0.7446779012680054
1.0819132328033447
0.3243500590324402
0.36098188161849976
0.953513503074646
0.6195637583732605
0.2657908797264099
0.3738594055175781
0.6766568422317505
0.23445776104927063
0.43990182876586914
0.5013002157211304
0.43866023421287537
0.44246286153793335
0.40568485856056213
0.29093828797340393
0.26525264978408813
0.650626003742218
0.5269783735275269
0.38116568326950073
0.7723290324211121
0.5625795125961304
0.4028145670890808
0.43275147676467896
0.7783819437026978
0.7584697008132935
0.472858190536499
0.5189980864524841
1.206925392150879
0.6627100110054016
0.3845297694206238
0.5668269395828247
0.5668947696685791
0.3067339062690735
0.37280505895614624
0.38666343688964844
0.5813019275665283
0.8849062919616699
0.7421658635139465
0.8060687184333801
0.5761352777481079
1.0152854919433594
0.819018542766571
1.0072208642959595
0.7368199229240417
