0.655179500579834
0.33448952436447144
0.5357596278190613
0.4384945333003998
0.6041585803031921
0.8438776731491089
0.6460214257240295
0.8811930418014526
0.3609519302845001
0.7981084585189819
0.6182129979133606
0.24416394531726837
0.3995877206325531
0.3616235554218292
0.4627489447593689
0.43098410964012146
0.8500840067863464
0.30381447076797485
0.4660123288631439
0.29017719626426697
0.31472012400627136
0.40182048082351685
0.4917367994785309
0.4736829698085785
0.4197714924812317
0.46538305282592773
0.9548320770263672
1.137608528137207
0.8630622625350952
0.32021647691726685
0.4173436164855957
0.24679255485534668
0.9694989919662476
0.6302798390388489
0.5322490334510803
0.2262028157711029
0.35741111636161804
0.4276251792907715
0.7319139242172241
0.22882576286792755
0.5420727133750916
0.2508975863456726
0.958940327167511
0.41901740431785583
0.4408571720123291
0.5905388593673706
0.4805302619934082
0.41585588455200195
0.4966276288032532
0.4175565838813782
0.6305190920829773
0.37227919697761536
0.3753322958946228
0.7439509630203247
0.3351629674434662
0.5975973606109619
0.4762043356895447
0.8248271942138672
0.5197964906692505
0.40059202909469604
0.4528682827949524
0.8280962109565735
0.38801974058151245
0.5903213620185852
0.6684907674789429
0.831689178943634
0.5141240358352661
0.39972081780433655
0.7589731216430664
0.8381684422492981
0.524027943611145
0.35416436195373535
0.9065049290657043
0.4947061538696289
0.49524927139282227
0.744893491268158
0.377647340297699
0.6794229745864868
0.8729046583175659
0.5530940294265747
0.2292712926864624
0.7350814342498779
0.5651842951774597
0.31640249490737915
0.5653663873672485
0.2308136522769928
0.2199404537677765
0.45216456055641174
0.10674748569726944
0.6022941470146179
0.3747856616973877
0.4848908483982086
0.8379433751106262
0.5073354840278625
0.4313428997993469
0.5016444325447083
0.4859102666378021
0.49977540969848633
1.1311957836151123
0.48078760504722595
0.42985716462135315
0.3344137668609619
0.40090927481651306
0.6748863458633423
0.29710668325424194
0.6944559216499329
0.8132721781730652
0.41926687955856323
0.9865581393241882
0.40390539169311523
0.8018579483032227
0.26929065585136414
0.2898547649383545
0.3671935200691223
0.3425775170326233
0.31284257769584656
0.4885890483856201
0.2483147382736206
0.4041627049446106
0.1647796332836151
0.6004678010940552
0.47535085678100586
0.40903598070144653
0.7525755167007446
0.7584007978439331
0.6073845624923706
0.6487631797790527
0.41624459624290466
0.38812658190727234
0.32736480236053467
0.4063487946987152
0.3359457850456238
0.271501362323761
0.5339342951774597
0.4968649446964264
0.561017632484436
0.8806198835372925
0.4228782653808594
0.45404720306396484
0.4188632071018219
0.5088528394699097
0.4918898940086365
0.6307038068771362
0.6364646553993225
0.2977820038795471
0.5266298651695251
0.7551335096359253
0.6772794723510742
0.8904493451118469
0.4645264148712158
0.5426092743873596
0.6341127157211304
0.6744905710220337
0.2649250030517578
0.671768307685852
0.5131919384002686
0.14555999636650085
0.23050037026405334
0.35199853777885437
0.35649481415748596
0.6974877119064331
0.42342686653137207
0.4102431833744049
0.35993972420692444
0.7004410624504089
0.45272642374038696
0.5414970517158508
0.46959248185157776
0.44598835706710815
0.5708047747612
0.4285828173160553
0.5043055415153503
0.9469455480575562
0.5711314082145691
0.24716615676879883
0.8018403053283691
0.18768613040447235
1.5515154600143433
0.77629554271698
0.5297856330871582
0.6892509460449219
0.871819794178009
0.46478909254074097
0.6555596590042114
0.3040449023246765
0.6256527900695801
0.5119831562042236
0.36917534470558167
0.3482160270214081
0.6562578082084656
0.3732045888900757
0.34327760338783264
0.8362643122673035
0.3287813067436218
0.6581785082817078
0.6912482976913452
0.4817935824394226
0.34602662920951843
0.9905072450637817
0.36751800775527954
0.38648900389671326
0.9873226881027222
0.6891881823539734
0.6702631115913391
0.4373599886894226
0.45574235916137695
0.3731212913990021
0.29899951815605164
0.5508502721786499
1.0678551197052002
0.6462165117263794
0.39079031348228455
0.6593937277793884
0.5466465950012207
0.9086435437202454
0.2318749725818634
0.5403599143028259
0.5268064737319946
0.4434886872768402
0.37053143978118896
0.36380907893180847
0.2444414645433426
0.39720019698143005
0.9445255398750305
0.7635446786880493
1.336058497428894
0.5689979195594788
0.3187895715236664
1.1924159526824951
0.67731773853302
0.37404975295066833
0.5379136204719543
0.5997006297111511
0.6926895380020142
0.884374737739563
0.6228925585746765
0.5359790325164795
0.35957446694374084
0.21643686294555664
0.2576249837875366
0.32474058866500854
0.46791142225265503
0.959434986114502
0.5738815069198608
0.7754313349723816
0.5795398950576782
0.5645532608032227
1.0901873111724854
0.3652311861515045
0.483738511800766
0.42550164461135864
0.4011768400669098
0.623991072177887
0.682944655418396
0.6255685687065125
0.7902580499649048
0.4726838171482086
1.2398921251296997
0.7150067090988159
0.49111539125442505
0.3491409420967102
0.6676265597343445
0.37903928756713867
0.8596135973930359
0.46731701493263245
0.3876223862171173
0.5905015468597412
0.5818711519241333
0.7592400312423706
0.41655364632606506
0.5930503606796265
0.21967510879039764
0.659503161907196
0.6162612438201904
0.7836986780166626
0.9393245577812195
0.9124992489814758
0.46534180641174316
0.4571378231048584
0.5388875007629395
0.5910013318061829
0.5247170329093933
1.0686354637145996
0.612051784992218
0.35807204246520996
0.7679837942123413
0.5343692898750305
0.7462502717971802
0.506345272064209
0.5946211814880371
0.6989186406135559
0.4385865330696106
0.5822241902351379
0.2725234031677246
0.6503996849060059
0.7611985206604004
0.6547533869743347
0.7686642408370972
0.7904568910598755
0.3956121504306793
0.5086222887039185
0.7545029520988464
0.5166999101638794
0.8773854970932007
0.5547482967376709
0.45786967873573303
0.43056097626686096
0.49044838547706604
0.6112948656082153
0.5192476511001587
0.4671729505062103
0.5265914797782898
0.5524211525917053
0.7130668759346008
0.3677382171154022
0.19527344405651093
0.21560485661029816
0.4634590148925781
0.5607943534851074
0.5739449262619019
0.27917540073394775
0.6779556274414062
0.4558596611022949
0.5945121049880981
0.5599347949028015
0.7631844282150269
0.5184377431869507
0.8976501226425171
0.22409017384052277
0.2252231389284134
0.5300991535186768
0.44024449586868286
0.2879224419593811
0.6672103404998779
0.4670466482639313
0.5040000081062317
0.9360396265983582
0.5418066382408142
