0.28955310583114624
0.5373245477676392
0.42754465341567993
0.4443790316581726
0.3385128378868103
0.3321085572242737
0.7171489000320435
0.36768463253974915
0.568412184715271
0.29310500621795654
0.5488292574882507
0.5509946942329407
0.2368282824754715
0.25613781809806824
0.7702621221542358
0.385785311460495
0.45507821440696716
0.4193975329399109
0.3914795517921448
0.8606683611869812
0.516914963722229
0.44672322273254395
0.2402057647705078
0.2542992830276489
1.2292190790176392
0.2435566484928131
0.6534822583198547
0.18199904263019562
0.4662606716156006
0.9653131365776062
0.49398335814476013
0.7430621385574341
0.6411653757095337
0.6123836636543274
0.48214974999427795
0.7032781839370728
0.8154021501541138
0.6997466087341309
0.5014432072639465
0.9616614580154419
0.24689118564128876
0.45722371339797974
0.7116943597793579
0.27437716722488403
0.4206934869289398
0.4822324216365814
0.4205220341682434
0.22961139678955078
0.4501323699951172
0.29281675815582275
0.4936193823814392
0.3275320827960968
0.15730904042720795
0.5418771505355835
0.7901583909988403
0.5084303617477417
0.3536188006401062
0.3247292935848236
0.20819362998008728
0.4253421425819397
0.6686993837356567
0.7340555191040039
0.5194499492645264
0.3119879364967346
0.5637727975845337
0.31405988335609436
0.937602162361145
0.3014492690563202
0.860924243927002
0.537499189376831
0.530150294303894
0.593305230140686
0.572769284248352
0.8872028589248657
0.2924984097480774
0.5404750108718872
0.3830483555793762
0.5011235475540161
0.640975296497345
0.6544908881187439
0.4483763575553894
0.6632524728775024
0.49861249327659607
0.35841479897499084
0.28654301166534424
0.4385817050933838
0.29201120138168335
0.4105737805366516
1.463111162185669
0.47669896483421326
0.6383377909660339
0.9624968767166138
0.24198433756828308
0.41314300894737244
0.6546313166618347
0.35894128680229187
0.5767498016357422
0.7145959138870239
0.23576858639717102
0.5553925633430481
0.34962040185928345
0.38595637679100037
1.3480134010314941
0.4391879141330719
0.7065373659133911
0.37271133065223694
0.8270111083984375
0.32710000872612
0.4879489839076996
0.8316507339477539
0.44641152024269104
0.26765069365501404
0.5525803565979004
0.3322441577911377
0.38881126046180725
0.6328811049461365
0.5013073086738586
0.40305647253990173
0.6286591291427612
0.7322183847427368
0.36874333024024963
0.5604261159896851
0.6992830634117126
0.39829301834106445
0.6136466264724731
0.5636337995529175
0.378818541765213
0.1893831491470337
0.4442892074584961
0.3201395273208618
0.5367071628570557
0.5497139692306519
0.4342964291572571
0.5368596315383911
0.932404637336731
0.7576793432235718
0.31956934928894043
0.6722012758255005
0.36993151903152466
0.6787442564964294
1.0189764499664307
0.285510778427124
0.9937660098075867
0.6390485167503357
0.3217194080352783
0.551510214805603
0.27777090668678284
0.6556192636489868
0.3981986939907074
0.579866349697113
0.5344624519348145
0.3263415992259979
0.22410006821155548
0.7330686450004578
0.2835296094417572
0.6609406471252441
0.47081321477890015
0.41484957933425903
0.36900195479393005
0.6699684262275696
0.33409008383750916
0.4821808934211731
0.7162288427352905
0.6408113241195679
0.7891483306884766
0.5151959657669067
0.47941598296165466
0.5502833724021912
0.2899349629878998
0.4008837342262268
0.934699535369873
0.6627160310745239
0.3920056223869324
0.23093727231025696
0.30327796936035156
0.6091877818107605
1.22675359249115
0.9158319234848022
0.5925411581993103
0.9442214965820312
0.3023463487625122
0.7589563131332397
0.9550450444221497
0.8257969617843628
0.2350592315196991
0.6741515398025513
0.473837286233902
0.6080487966537476
0.46614179015159607
0.6733753085136414
1.1371266841888428
0.38969364762306213
0.3305831551551819
0.33953237533569336
0.3869176506996155
0.7632046937942505
0.2627450227737427
0.7458431720733643
0.4871388077735901
0.7286755442619324
0.6301432847976685
0.5947607159614563
0.5965911149978638
0.2887372672557831
0.43366631865501404
0.32294192910194397
0.545159637928009
0.39730626344680786
0.27874723076820374
0.6395789384841919
0.6064290404319763
0.3163370192050934
0.22020785510540009
0.368531197309494
0.36757978796958923
0.32329246401786804
0.7413325309753418
0.5899869203567505
0.9283944964408875
0.306397408246994
0.2597031593322754
0.3534414768218994
0.38918811082839966
0.3256492614746094
0.6793898344039917
0.6965420246124268
0.4903274178504944
0.6546200513839722
0.8102742433547974
0.31804516911506653
0.41830024123191833
0.23836712539196014
0.2593955993652344
0.31920379400253296
0.676856517791748
0.3076803684234619
0.6916838884353638
0.6373233199119568
1.0410213470458984
0.5737083554267883
0.4747634530067444
0.4770219326019287
1.0679371356964111
0.3533608913421631
0.6858288049697876
0.3515056371688843
0.553949236869812
0.31492680311203003
0.34941986203193665
0.27780041098594666
0.27693676948547363
0.27823522686958313
0.7525189518928528
0.3829825520515442
0.6364871263504028
0.5748726725578308
1.3421396017074585
0.43113192915916443
0.535683810710907
0.6560290455818176
0.6319618821144104
0.513565182685852
0.47403597831726074
0.5131293535232544
0.6902838945388794
0.5481451749801636
0.38205093145370483
0.4850892126560211
0.48215049505233765
0.8344460725784302
0.4354166090488434
0.8321231603622437
0.8162217140197754
0.591377854347229
0.4269441068172455
0.3690081834793091
0.3022918403148651
0.6065834164619446
0.6215587854385376
0.7106159329414368
0.5575411915779114
0.9236047863960266
0.6358482241630554
0.5905826687812805
0.5317380428314209
0.7104595899581909
0.6951810121536255
0.7443451285362244
0.6216548681259155
0.6928143501281738
0.5627118945121765
0.4701915383338928
0.437406450510025
0.47320184111595154
0.5358218550682068
0.4167976975440979
0.8500844836235046
0.6087560653686523
0.20550636947155
0.18908527493476868
1.2925344705581665
0.4992150366306305
0.46940556168556213
0.3619639277458191
0.5143051147460938
0.6010100841522217
0.2865157723426819
0.4882422983646393
0.7358694672584534
0.7958596348762512
0.78334641456604
0.6905195116996765
0.794465184211731
0.6718341112136841
0.415097713470459
0.7184033989906311
0.4626930356025696
0.330279678106308
0.29251807928085327
1.060253620147705
0.4827262759208679
0.32764580845832825
0.5922840237617493
0.42262810468673706
0.7889553308486938
0.7833536267280579
0.4530180096626282
0.2606270909309387
0.3737035393714905
0.36003655195236206
0.5042818784713745
0.7491381764411926
0.8386489152908325
0.49429139494895935
0.33745408058166504
0.29059767723083496
0.2914157807826996
0.1411411017179489
