0.4179864823818207
0.13465502858161926
0.2502916157245636
0.8450583219528198
0.5673581957817078
0.6836674809455872
0.7198490500450134
0.5925105810165405
0.7102378010749817
0.554969072341919
0.41327935457229614
0.71503084897995
1.3635892868041992
0.3092130124568939
0.4218983054161072
0.17319044470787048
0.4433269500732422
0.42705926299095154
0.5739297866821289
0.9541357755661011
0.5317952632904053
0.4471486210823059
0.2658989429473877
0.6171145439147949
0.18640954792499542
0.5369836091995239
0.9772583246231079
0.3965015411376953
0.31530290842056274
0.2417551726102829
0.48677271604537964
0.7764147520065308
0.5798717737197876
0.5969473719596863
0.4075019359588623
0.8435503244400024
0.6967618465423584
0.37900835275650024
0.778110146522522
0.7873662710189819
0.3593890368938446
0.471348375082016
0.2305573970079422
0.21204598248004913
0.5330173373222351
0.5304911136627197
0.63233482837677
0.47691473364830017
0.6380650401115417
0.3254282474517822
0.6558635830879211
0.3692702651023865
0.5814456939697266
0.8686431050300598
0.27136754989624023
0.3191286325454712
0.2874731421470642
0.27671608328819275
0.579291582107544
0.5649760961532593
0.550586998462677
0.2512056827545166
0.6158799529075623
0.25493279099464417
0.8343740701675415
0.3307499885559082
0.3893941640853882
0.4464021325111389
0.3482827842235565
0.371002733707428
0.6712495684623718
0.32444268465042114
0.448636919260025
0.37162521481513977
0.4677397310733795
0.503865122795105
0.5525681376457214
0.44842106103897095
0.42092132568359375
0.4964824616909027
0.3726775646209717
1.0821865797042847
0.5731946229934692
0.35892224311828613
0.8328653573989868
0.727925181388855
0.9822460412979126
0.6376565098762512
0.692383885383606
0.4162331521511078
0.39877790212631226
0.6098195314407349
0.554601788520813
0.26650214195251465
0.5771751403808594
0.7736881971359253
0.6237739324569702
0.8336532711982727
0.2962493300437927
0.5011026263237
0.5677397847175598
0.3809649646282196
0.8906625509262085
0.5477211475372314
0.4334067702293396
0.233127623796463
0.5604434013366699
0.5135146379470825
0.25666409730911255
0.9242623448371887
0.2663412094116211
0.7953386306762695
0.7259424328804016
1.2353706359863281
0.3608477711677551
1.714383840560913
0.6428466439247131
0.4195578098297119
0.4885241389274597
0.7601958513259888
0.5880304574966431
0.58493971824646
0.3647117018699646
0.33982938528060913
0.4017888009548187
0.23085813224315643
0.7030879259109497
0.5067239999771118
0.31708991527557373
0.8762556910514832
0.31896084547042847
0.530775249004364
0.835612416267395
0.8706480264663696
0.36081641912460327
0.4280818998813629
1.263770341873169
0.9894412159919739
0.3623618483543396
0.21562707424163818
0.5332411527633667
0.5986698865890503
0.32398682832717896
0.5890796780586243
0.35462290048599243
0.30970504879951477
0.32703208923339844
0.24256643652915955
0.569499671459198
0.34518152475357056
0.8957840204238892
0.48653149604797363
0.28822118043899536
0.6178346872329712
1.041144609451294
0.20054087042808533
0.46403178572654724
0.2782559394836426
0.6226467490196228
0.8352654576301575
0.353341281414032
0.4952681064605713
0.3596023917198181
0.30592256784439087
0.6863977313041687
0.4215629994869232
0.31365901231765747
0.3220650553703308
0.6070131063461304
0.34842097759246826
0.5497999787330627
0.598740816116333
0.7202522158622742
0.3940524458885193
1.1055762767791748
0.5006049275398254
0.5688796639442444
0.7377737760543823
0.4051925539970398
0.35023233294487
0.578718364238739
0.4196510314941406
0.3576664626598358
0.579624354839325
0.2992079257965088
0.6277884244918823
0.8539430499076843
0.7314532995223999
0.6015476584434509
0.7133505940437317
0.7171303033828735
0.34156787395477295
0.6638042330741882
0.45762261748313904
0.6751996278762817
0.7218594551086426
0.6421563029289246
0.7279539108276367
0.4658818244934082
0.3965851664543152
0.65716952085495
0.6801150441169739
0.6724344491958618
0.2986691892147064
0.8626788854598999
0.4506238102912903
0.5527042746543884
0.5108756422996521
0.4633869230747223
0.3932248651981354
0.6146456003189087
0.30302339792251587
1.0745964050292969
0.5441144704818726
0.6296688318252563
0.5668819546699524
0.8828743696212769
0.7468606233596802
0.69150710105896
1.0576292276382446
0.6132453083992004
0.4811006188392639
0.2993469536304474
0.24561086297035217
0.4975268244743347
0.5333977937698364
0.6703896522521973
0.6744154691696167
0.6205856204032898
1.2700945138931274
0.4087597727775574
0.641697347164154
0.3308867812156677
0.44533371925354004
0.9244461059570312
0.6950343251228333
0.5989905595779419
0.39320850372314453
0.3643081486225128
0.3423522114753723
0.6025902032852173
0.3967902660369873
0.47372427582740784
0.478526771068573
0.4095005989074707
0.5900214314460754
0.4424152374267578
0.3566206991672516
0.6729720830917358
0.8912739753723145
0.3416158854961395
0.1482454538345337
0.29727160930633545
0.38786396384239197
0.27529963850975037
0.4113546311855316
0.4896721839904785
0.8334543108940125
0.23491688072681427
0.6252045035362244
0.5822694897651672
0.3691493570804596
0.7851290702819824
1.2325814962387085
0.5944542288780212
0.47176051139831543
0.17512530088424683
0.550129771232605
0.570778489112854
0.6307132840156555
0.30047667026519775
0.7231930494308472
0.6912533044815063
0.44302886724472046
0.5214742422103882
0.5598543286323547
0.41759222745895386
0.9971626400947571
0.4153144359588623
0.3165889084339142
0.584585428237915
0.4868532121181488
0.5987094640731812
0.38790398836135864
0.34425365924835205
0.6810961365699768
1.0727157592773438
0.6618719696998596
0.40259942412376404
0.4445703625679016
0.24027280509471893
0.5896519422531128
0.7373611927032471
1.019953966140747
0.5439339876174927
0.7521808743476868
0.3598250150680542
0.7713678479194641
0.5956516861915588
0.8228036761283875
0.4118955731391907
0.36626526713371277
0.3057332932949066
0.5265097618103027
0.5510388612747192
0.2041073739528656
0.43378132581710815
0.31458911299705505
0.61351078748703
0.8600258827209473
0.4107208251953125
0.9966142773628235
0.369031697511673
0.6028035879135132
0.6527386903762817
0.3334917426109314
0.5884715914726257
0.5727697014808655
0.6615695357322693
0.7997645139694214
0.2903596758842468
0.36013564467430115
0.2657577395439148
0.48347607254981995
0.5268025994300842
0.6639462113380432
0.2177753448486328
0.8804246783256531
0.5054486393928528
0.516785204410553
0.5997241139411926
0.745389461517334
0.8248100280761719
0.4789493680000305
0.2376982420682907
1.0890066623687744
0.9881114959716797
0.5828126072883606
