0.47187942266464233
0.44248729944229126
0.5698273777961731
0.9215660095214844
0.48358163237571716
0.7487248182296753
0.8367174863815308
0.7543559074401855
0.6430976390838623
0.25141143798828125
0.4808503985404968
1.6889435052871704
0.4188094139099121
0.7848882675170898
0.6688981056213379
0.9772076606750488
0.27536362409591675
0.7291491627693176
0.9741501808166504
0.41811901330947876
0.5138518214225769
0.9869424700737
0.33632737398147583
0.456655353307724
0.34889620542526245
0.30398792028427124
0.9098017811775208
0.43796172738075256
0.36961451172828674
0.951155960559845
0.7946950197219849
0.7071641683578491
0.7385916709899902
0.5273405909538269
0.3520882725715637
0.7398746609687805
0.9164301156997681
0.16678836941719055
0.6701149344444275
0.2097538411617279
0.2477644383907318
0.5826112627983093
0.6659728288650513
0.7133055925369263
0.7930254340171814
0.37607279419898987
0.7968947291374207
0.34677425026893616
0.4181228578090668
0.6769682765007019
0.3924655318260193
0.7002782225608826
0.6082603335380554
0.48230642080307007
0.5257009267807007
0.6659460067749023
0.5447505712509155
0.4707764685153961
0.27509263157844543
0.57574862241745
0.47346457839012146
0.497063010931015
0.1868647187948227
0.30756229162216187
0.7780952453613281
0.9458532333374023
0.35499337315559387
0.8452612161636353
0.22142045199871063
0.5734458565711975
0.47383204102516174
0.35179251432418823
1.296748161315918
0.5533531904220581
0.5494123697280884
0.9258562326431274
0.44721388816833496
0.35184791684150696
0.5772101879119873
0.6429259181022644
0.4656084477901459
0.5304971933364868
1.09311842918396
0.2535441219806671
0.46464642882347107
0.7545765042304993
0.614134669303894
0.42911267280578613
0.5037654638290405
0.5302301645278931
0.5442818403244019
0.9211827516555786
0.3743632435798645
0.6900697350502014
0.7719534635543823
0.40380144119262695
0.3748694658279419
0.7928742170333862
0.5309156179428101
0.39850664138793945
0.4068184792995453
0.2660229802131653
0.482053279876709
0.56401526927948
0.6244193315505981
1.0940535068511963
0.35760146379470825
0.4494490623474121
0.6474580764770508
0.2063651978969574
0.4201180338859558
0.58000648021698
0.7308899760246277
0.8504681587219238
0.5226972699165344
0.8921504020690918
0.3342442214488983
0.5241204500198364
0.7033002972602844
0.44217434525489807
0.7296233177185059
0.8226683735847473
0.2577064633369446
0.5885183811187744
0.506189227104187
0.3851076364517212
0.22289641201496124
0.5361920595169067
0.7477294206619263
0.9617427587509155
0.44043248891830444
0.8611825704574585
0.8114563822746277
0.3916090726852417
0.28830820322036743
0.28302767872810364
0.3758287727832794
0.7042511105537415
0.6255289316177368
1.0838749408721924
0.30377480387687683
0.6385992765426636
0.3770761489868164
0.5255210399627686
0.49688777327537537
0.4146675169467926
0.31798800826072693
0.6158304214477539
0.34044748544692993
0.6188308000564575
0.45112234354019165
0.4289219379425049
0.6662709712982178
0.47942495346069336
0.47372013330459595
0.35736924409866333
0.3089400827884674
0.6029540300369263
0.6402136087417603
0.6755343079566956
0.8097562789916992
0.629984974861145
0.5545064806938171
0.25952666997909546
0.4750517010688782
0.8953633308410645
0.7268946170806885
0.37069422006607056
0.6254035234451294
0.48864856362342834
0.37216490507125854
0.7569389343261719
0.5427571535110474
0.3859585225582123
0.6262980699539185
0.37278127670288086
0.3841676115989685
0.7800630331039429
0.34949973225593567
0.5024130940437317
0.5072519183158875
0.5565026998519897
0.699549674987793
0.46245425939559937
0.257971853017807
0.40579432249069214
0.801723301410675
0.2912544906139374
0.42816194891929626
0.6382552981376648
0.4693330228328705
0.8935084342956543
0.28869950771331787
0.2706947922706604
0.46426230669021606
0.8202759027481079
0.23254930973052979
0.9596878290176392
0.4697655737400055
0.3368009924888611
0.44115886092185974
0.5867888331413269
0.38715988397598267
0.6158041954040527
0.54987633228302
0.35010766983032227
0.6005226373672485
0.5556847453117371
0.2318718433380127
0.8010147213935852
0.9706978797912598
0.3911803066730499
0.38915500044822693
1.0596171617507935
0.48732486367225647
0.34727126359939575
0.3398820161819458
0.33798736333847046
0.39915698766708374
0.6706467866897583
0.4013778269290924
0.5116350650787354
0.7633348107337952
0.6094809770584106
0.46818357706069946
0.43012475967407227
0.7054675817489624
0.7403015494346619
0.3214888572692871
0.5388506054878235
1.2744089365005493
0.8436132669448853
0.5590037107467651
1.0417674779891968
0.32851096987724304
0.20563259720802307
0.4387228488922119
0.704025149345398
0.4403861463069916
0.8385124206542969
0.41893261671066284
0.5644975900650024
0.37019747495651245
0.46254682540893555
0.6382188200950623
1.300740361213684
0.44248563051223755
0.5251516103744507
0.36183443665504456
0.7130170464515686
0.5676552057266235
0.4614480137825012
0.9171061515808105
0.6342151165008545
0.49498170614242554
0.5288644433021545
0.4488106667995453
0.3439708650112152
0.47098127007484436
0.5184603929519653
0.34292101860046387
0.3158164322376251
0.1961565464735031
0.29856473207473755
1.3478634357452393
0.3681502044200897
0.6446753144264221
0.6917468309402466
0.559709370136261
0.681957483291626
0.36837249994277954
1.192418098449707
0.40254634618759155
0.4210886061191559
0.2888273596763611
0.47008734941482544
0.9864670634269714
0.988250732421875
0.4526369571685791
0.8174368739128113
1.0471231937408447
0.4630589485168457
0.5401536226272583
0.7241393327713013
0.7229505777359009
0.5092992782592773
0.3480667471885681
0.6350442171096802
0.4902270436286926
0.5850269794464111
0.4127017855644226
0.5825673341751099
0.27588486671447754
0.38463449478149414
0.5614898800849915
0.6598509550094604
0.4894881844520569
0.2788410782814026
0.333723247051239
0.29167795181274414
0.31416597962379456
0.7702537178993225
0.8055093884468079
0.4224509298801422
0.31052470207214355
0.8251364827156067
0.7574403285980225
0.6291176080703735
0.3703495264053345
0.4601344168186188
0.3083363175392151
0.4780465066432953
0.16488640010356903
0.4853087067604065
0.7109034657478333
0.32479017972946167
0.2535538673400879
0.8389270901679993
0.7088869214057922
0.4438835680484772
0.4178485870361328
0.37224438786506653
0.4797840714454651
0.6939371228218079
0.22817906737327576
0.8305333256721497
0.20019197463989258
0.2968604564666748
0.29218047857284546
0.4291830062866211
0.23882663249969482
0.4024568498134613
0.4350730776786804
0.5868546366691589
0.9518898129463196
0.6919280290603638
0.5258094072341919
0.471053808927536
