0.32253140211105347
0.4499947130680084
0.5100902915000916
0.4695069193840027
1.268227219581604
0.4399580955505371
0.973437488079071
0.6924471855163574
0.37794142961502075
0.6828250885009766
0.5126694440841675
0.41869640350341797
0.5677186250686646
0.29658329486846924
0.2561962902545929
0.308708518743515
0.16028116643428802
0.2676624357700348
0.707733154296875
0.5274064540863037
0.328450471162796
0.34159496426582336
0.5426143407821655
0.2453719675540924
1.0228450298309326
0.5214464664459229
0.5383222699165344
1.1086328029632568
0.4033358693122864
0.5111562013626099
0.40911751985549927
0.38982367515563965
0.25605452060699463
0.7655481100082397
0.5909396409988403
0.6258551478385925
1.2150341272354126
0.3584301471710205
0.41615039110183716
0.6968794465065002
0.8225371241569519
0.8252559900283813
0.6872421503067017
0.4666755795478821
1.3214200735092163
0.42617422342300415
0.6645835638046265
0.3076239228248596
0.32971125841140747
0.6266208291053772
0.7441211938858032
0.4830264151096344
0.7480059862136841
0.7422124743461609
0.35440993309020996
0.27957865595817566
1.0464526414871216
0.6999039053916931
0.803114116191864
0.36093786358833313
0.7936272621154785
0.42794615030288696
0.3897596299648285
0.48305225372314453
0.22204235196113586
0.557409405708313
0.724860668182373
0.3571454584598541
0.4797479212284088
0.49367785453796387
0.6776267290115356
0.48918694257736206
0.42590174078941345
0.6935275793075562
0.31212180852890015
0.5385370254516602
0.31358951330184937
0.26208382844924927
0.381797194480896
0.9781705737113953
0.5135195255279541
0.9022092819213867
0.3468894958496094
0.5043882131576538
0.5192943811416626
0.7157509922981262
0.42119359970092773
0.4158266484737396
0.5347697734832764
0.3324667513370514
0.6881881952285767
0.5587801933288574
0.6526843309402466
0.255892813205719
0.4721371531486511
0.22533850371837616
0.664521336555481
0.4604548513889313
0.16753308475017548
0.30757078528404236
0.6507387757301331
0.4240197539329529
0.3850845694541931
0.1684141457080841
0.9718414545059204
1.1571563482284546
0.3505682945251465
0.5438248515129089
0.48296767473220825
0.40039604902267456
0.383401095867157
1.0896910429000854
0.21292540431022644
0.6046430468559265
0.598901629447937
0.4524726867675781
0.977817177772522
0.3381660580635071
1.0211743116378784
0.4445815086364746
0.6457449197769165
0.6430634260177612
0.45627444982528687
0.18901792168617249
0.26680201292037964
0.6091950535774231
0.5680062770843506
0.4011680483818054
0.4260999262332916
0.549636721611023
0.420099675655365
0.20742268860340118
1.230332374572754
0.751874566078186
0.8603075742721558
0.3416196405887604
1.0247464179992676
0.8442829251289368
0.7261686325073242
0.4712933599948883
0.43530672788619995
0.5253172516822815
0.3314640522003174
0.4879710078239441
0.7526568174362183
0.5035821795463562
1.0396709442138672
0.3870278000831604
0.7412572503089905
0.2177095115184784
0.41854938864707947
0.842432975769043
0.5179262757301331
0.7052786946296692
0.557287335395813
0.8948957324028015
0.34249261021614075
0.5095559358596802
0.8224420547485352
0.842121958732605
0.26952046155929565
0.2839844822883606
0.496619313955307
0.23853817582130432
0.3949272036552429
0.6969892382621765
0.5129485130310059
0.6361862421035767
0.6844900250434875
0.6916630268096924
0.3668352961540222
0.5933608412742615
0.3868720531463623
0.6617647409439087
0.711036741733551
0.6143102049827576
0.5145772695541382
0.4027279019355774
0.6766669750213623
0.6518417000770569
0.6355836391448975
0.9847686886787415
0.47761645913124084
1.112831473350525
0.5059595108032227
0.5399242639541626
0.3342925012111664
0.5252586603164673
0.3944344222545624
0.4260636270046234
0.7244848608970642
0.4343210756778717
0.8134578466415405
0.27763301134109497
0.4929076135158539
0.4088927209377289
0.19175679981708527
0.524411678314209
0.46470731496810913
0.5704509615898132
0.5591164827346802
0.6233626008033752
0.3884938657283783
0.5080892443656921
1.102056860923767
0.6717650294303894
0.9029728174209595
0.6931405663490295
1.1214863061904907
0.42582377791404724
0.6846407651901245
0.3939751088619232
0.5079706907272339
0.3821187913417816
0.47846633195877075
0.6807182431221008
0.918380856513977
0.620707631111145
0.8184528350830078
0.40960201621055603
0.8252569437026978
0.23608236014842987
0.49924635887145996
0.5166990160942078
0.45207223296165466
0.41264528036117554
0.42384785413742065
0.7446252703666687
0.5992251634597778
0.7908174395561218
0.5682665109634399
0.5193779468536377
0.6692508459091187
0.2627878785133362
0.49910926818847656
0.4033627510070801
0.5291116833686829
0.41008496284484863
0.6826658248901367
0.5560383796691895
0.36461538076400757
0.43415117263793945
0.3404668867588043
0.6525923013687134
0.4218880236148834
1.3791157007217407
0.6945203542709351
0.8279392123222351
0.41325443983078003
0.6190593838691711
0.7173556685447693
0.39993125200271606
0.7669411897659302
0.6614880561828613
0.31426292657852173
0.3709700107574463
0.6661829352378845
0.5960845947265625
0.3397470712661743
0.6298418045043945
0.6149266958236694
1.3310075998306274
0.22664305567741394
0.7486848831176758
0.44381141662597656
0.6724939346313477
0.8775594830513
0.4170854687690735
0.22412236034870148
0.6017581820487976
0.41086244583129883
0.8311172723770142
0.32345688343048096
1.2891157865524292
0.31282031536102295
0.40187424421310425
0.6099282503128052
0.6437618732452393
0.8535579442977905
0.3475712239742279
0.7296220660209656
0.45341888070106506
1.4242918491363525
0.6880687475204468
0.46381229162216187
0.6316566467285156
0.3310067653656006
0.44559964537620544
0.7264593243598938
0.433726966381073
0.3224640488624573
0.5611732006072998
0.7806230783462524
0.4480968415737152
0.31374120712280273
0.42033782601356506
0.27087637782096863
0.49407798051834106
0.3435601592063904
0.5627068877220154
0.2945449650287628
0.64882892370224
0.4176301062107086
0.5268014669418335
0.23987331986427307
0.5380851626396179
0.37649935483932495
0.8495584726333618
0.5152965784072876
0.824363112449646
0.4291295111179352
0.27840980887413025
0.873149037361145
0.5329166054725647
1.3225383758544922
1.0941106081008911
0.5065373182296753
0.7636306881904602
0.321538507938385
0.6592815518379211
0.4949215054512024
0.48025503754615784
0.6814792156219482
0.8886613845825195
0.7508525848388672
0.42451000213623047
0.4980297088623047
0.8333051800727844
0.41288861632347107
0.4546523988246918
0.7460511326789856
0.5693068504333496
0.6937543153762817
0.37410634756088257
0.6166650056838989
0.16726818680763245
0.2868700921535492
0.3046194911003113
