0.8176479339599609
0.599878191947937
0.9814987182617188
0.728333592414856
0.3456840217113495
0.4790476858615875
0.5997945070266724
0.6456042528152466
0.425025999546051
0.5990505218505859
0.3944118618965149
0.5512596368789673
0.45246273279190063
0.3948528468608856
0.6857785582542419
0.5958036780357361
0.6346079707145691
0.47825804352760315
0.38600847125053406
0.6308555603027344
0.3748762607574463
0.7350873351097107
0.3724338412284851
0.7853227853775024
0.8934022784233093
0.4335244596004486
0.40548795461654663
0.530017614364624
1.5125200748443604
0.38515686988830566
0.38272395730018616
0.3617514967918396
0.5776299238204956
0.41605430841445923
0.6427358388900757
0.361735999584198
0.4560498595237732
0.376465380191803
0.4703122675418854
0.3529614508152008
0.3182434141635895
0.7999639511108398
0.4687573313713074
0.44093409180641174
0.7107280492782593
0.16492070257663727
0.8823063969612122
0.7295742630958557
0.33979931473731995
0.3382008969783783
0.5861626863479614
0.539756715297699
0.6799097061157227
0.4175732135772705
0.7790364623069763
0.7886050939559937
0.7975597977638245
0.6307175755500793
1.359534740447998
0.6409920454025269
0.535008430480957
0.39269882440567017
0.6397132277488708
0.7584371566772461
0.4463769793510437
0.7132889032363892
0.3717762529850006
0.21188554167747498
0.4265291094779968
0.4079630374908447
0.3498157858848572
0.4363827705383301
0.8472455739974976
0.518670916557312
0.701663613319397
0.31298917531967163
0.29459139704704285
0.29341888427734375
1.0573124885559082
0.8327687978744507
0.3680511713027954
0.8318832516670227
0.6776443123817444
0.9420617818832397
0.6601063013076782
0.17241217195987701
0.3944460451602936
0.3738454282283783
0.31106072664260864
0.9125077128410339
0.3298989534378052
0.4591323435306549
0.2987186908721924
0.25734633207321167
0.32444408535957336
0.4168488085269928
0.41860684752464294
0.4669013023376465
0.5013951063156128
0.2887568771839142
0.2671927809715271
1.1132786273956299
0.4592968821525574
0.3491113483905792
0.4347309172153473
0.5068182945251465
0.5883190035820007
0.7200186848640442
0.2875915765762329
1.1822633743286133
0.4445328116416931
0.27259835600852966
0.23897859454154968
0.6983166933059692
0.27539926767349243
0.935202956199646
0.46674251556396484
0.362199068069458
0.786286473274231
0.9475650787353516
0.22462555766105652
0.4612060487270355
0.699647068977356
0.4267459809780121
0.4550918638706207
1.0138309001922607
0.49637371301651
0.4664844870567322
0.7540400624275208
0.6555324792861938
0.62041836977005
0.4524911940097809
0.33448195457458496
0.6967698931694031
0.6967005729675293
1.3546202182769775
0.33667266368865967
0.8216190338134766
0.43629512190818787
0.6779136657714844
0.7648254036903381
0.4237790107727051
0.43860578536987305
0.5192875266075134
1.3133667707443237
0.3825598657131195
0.36045533418655396
0.3073270916938782
0.6154488325119019
0.3105437159538269
0.5474745631217957
0.4475313723087311
0.5133119821548462
0.45315104722976685
0.6707439422607422
0.43576616048812866
0.5429991483688354
0.5532607436180115
0.3933715224266052
0.8515974283218384
0.46010079979896545
0.4326747953891754
0.8271220326423645
0.6786307692527771
0.30549877882003784
0.5684896111488342
0.6962782740592957
0.46719416975975037
0.29717424511909485
0.436288446187973
0.5326324105262756
0.5615230798721313
0.4007582664489746
0.6906570196151733
0.38891106843948364
0.7554967999458313
0.5951836705207825
0.7215268015861511
0.7520045638084412
0.8182950019836426
0.6652043461799622
1.0180836915969849
0.46493273973464966
0.5699367523193359
0.21941468119621277
0.8171615600585938
0.4130067825317383
0.46185174584388733
0.5565333366394043
0.421562522649765
0.3551807999610901
0.5858832597732544
0.2238401174545288
0.6591860055923462
0.6670507192611694
0.47373294830322266
0.21720930933952332
0.5845236778259277
0.6204982995986938
0.32950958609580994
0.2671169340610504
0.5176159739494324
0.8103035092353821
0.4355708956718445
0.4356865882873535
0.3992425501346588
0.46744513511657715
0.3552880883216858
1.0719835758209229
1.0069751739501953
0.19727107882499695
0.5634850263595581
0.4286642074584961
0.5968918800354004
0.9810948371887207
0.43775948882102966
0.9097400903701782
0.9516733288764954
0.8780815005302429
0.5414249897003174
0.5038870573043823
0.6517863273620605
0.7400060296058655
1.0620263814926147
0.6673761606216431
0.8346884846687317
0.7477830648422241
1.1517140865325928
0.3768850266933441
0.41272878646850586
0.4767816662788391
0.7495678663253784
0.3667988181114197
0.34964707493782043
0.560822606086731
0.2731209993362427
0.7024569511413574
0.5227031111717224
0.5868152379989624
0.2969679534435272
0.4424552023410797
0.43197470903396606
0.47873440384864807
0.30942100286483765
0.8460676074028015
0.2983279228210449
0.18459825217723846
0.5375210642814636
0.7687946557998657
0.7971173524856567
0.5519154071807861
0.7259254455566406
0.5200392603874207
0.6351079940795898
0.49191656708717346
0.386408269405365
0.2823886275291443
0.5678780674934387
1.0283820629119873
0.30086567997932434
0.3118749260902405
0.4796644151210785
0.5056717991828918
0.4392583966255188
0.5415140390396118
0.9176473617553711
0.6476380825042725
0.7213867902755737
0.48966845870018005
0.5440297722816467
0.537104606628418
0.3584710955619812
0.3709263205528259
0.3006648123264313
0.7820551991462708
0.373028039932251
0.31228771805763245
0.7878716588020325
0.5123170614242554
0.37146517634391785
0.5346959829330444
0.8113685846328735
0.41541051864624023
0.20342275500297546
0.3515549600124359
0.6838222742080688
0.5116394758224487
0.372448205947876
0.6473037004470825
0.4464789927005768
0.5457199811935425
0.9814479947090149
0.40295761823654175
0.44663089513778687
0.8821904063224792
1.0402454137802124
0.2677324414253235
0.27472060918807983
0.5036217570304871
0.6078405380249023
0.3387111723423004
0.37713855504989624
0.6629306077957153
0.4660035967826843
0.7136439085006714
0.43912258744239807
0.32271987199783325
0.26329392194747925
0.43411096930503845
0.5480305552482605
0.3081236779689789
0.5224696397781372
0.555253803730011
0.4974058270454407
0.43836158514022827
0.6224899888038635
0.2625974118709564
0.46411627531051636
0.9587831497192383
0.3520544171333313
0.6558257341384888
0.45582419633865356
0.40548181533813477
0.4611424505710602
0.7788277864456177
0.7299242615699768
0.46626901626586914
0.265506774187088
0.2509894371032715
0.6736841201782227
1.0651462078094482
0.5115715265274048
0.959943950176239
0.2495162934064865
0.5419425964355469
0.3950785994529724
0.3703516125679016
0.6250170469284058
