0.7048595547676086
0.8419280052185059
0.7826317548751831
0.5684627294540405
0.8482357859611511
1.6079469919204712
1.0343780517578125
1.4058356285095215
0.5878247022628784
0.9313872456550598
0.9200620651245117
0.8406658172607422
0.8267868161201477
1.1601396799087524
0.5228447318077087
1.2238746881484985
0.58280348777771
0.8335927724838257
0.7157486081123352
0.6931865215301514
0.6250609755516052
0.5958917737007141
0.7219187021255493
1.0210720300674438
0.9466626048088074
1.0489548444747925
0.6848154664039612
1.2556087970733643
0.5694547891616821
0.7209690809249878
0.7685748338699341
0.9846996068954468
0.7245218753814697
1.0032755136489868
0.7756088972091675
0.7619778513908386
0.8373568654060364
0.616490364074707
0.6632996797561646
0.5828479528427124
0.6119464039802551
0.8003104329109192
0.7182961106300354
0.7347777485847473
0.7704586982727051
0.5793282985687256
0.7813310623168945
0.5033377408981323
0.5673326253890991
0.5790553689002991
0.9759048223495483
0.7342935800552368
0.9771661758422852
0.6800996661186218
1.0838673114776611
0.7172603607177734
0.9964596033096313
0.4549162983894348
0.7196642756462097
0.6617608666419983
0.7030772566795349
0.9500375986099243
0.5824443101882935
1.140123724937439
1.3596428632736206
0.42913684248924255
0.812046229839325
0.898659884929657
1.0939704179763794
0.753171980381012
0.9705673456192017
0.9656749963760376
0.7634292840957642
0.6200517416000366
1.205481767654419
0.8086917996406555
0.815666675567627
0.738398015499115
0.7725431323051453
0.5052458047866821
0.6880680918693542
1.0773792266845703
0.6985965371131897
0.6393439173698425
0.4950162470340729
0.7067052125930786
0.5479684472084045
0.6862602829933167
0.5355507731437683
0.6913636326789856
1.3821568489074707
0.8401897549629211
0.4310576915740967
0.8563824892044067
1.0494487285614014
0.9446298480033875
0.7336570620536804
0.6672059297561646
1.0549453496932983
0.7172255516052246
0.9539631009101868
0.547818660736084
0.59925776720047
0.8275287747383118
0.5284923315048218
0.5660064816474915
0.6878156065940857
0.8902953863143921
1.0114986896514893
1.0192056894302368
0.7775587439537048
0.6588788032531738
0.5554874539375305
0.6469253301620483
0.7259846925735474
0.5016961097717285
0.8087736368179321
0.577154278755188
0.683276891708374
0.906154990196228
0.5178239345550537
0.7053887248039246
0.6355019211769104
0.6310524940490723
1.113019347190857
1.2439407110214233
0.645423412322998
0.6571866273880005
0.974767804145813
0.5794857740402222
0.9707282185554504
1.0558558702468872
0.8532489538192749
0.43184909224510193
0.8662406802177429
0.9051797986030579
0.7101532816886902
1.1908953189849854
0.47025546431541443
0.8817631602287292
0.509057343006134
0.5985764861106873
1.4287829399108887
0.838771641254425
0.6739668250083923
0.9569318890571594
1.1764721870422363
0.600590169429779
0.7221668362617493
1.0055534839630127
1.047253131866455
0.5527040362358093
0.9587827920913696
0.6214433312416077
0.9310652017593384
0.9004236459732056
0.95100337266922
1.0097661018371582
0.6366928815841675
0.6404104828834534
0.9505022168159485
0.5924434661865234
0.7723530530929565
0.6261510252952576
0.48469799757003784
0.5129057168960571
0.7865163087844849
1.1565775871276855
0.7021114826202393
0.7350151538848877
0.6773541569709778
0.7427123785018921
0.5838593244552612
0.6016064882278442
0.8939887285232544
0.662087619304657
1.051954984664917
0.7158452272415161
1.1150791645050049
1.5055149793624878
1.1471545696258545
0.84295654296875
0.7459493279457092
0.7372066378593445
0.6887237429618835
0.574498176574707
0.8493745923042297
0.570239245891571
0.6433085799217224
1.0981415510177612
0.6819222569465637
1.3978259563446045
0.5280970335006714
0.9630107879638672
0.7571024298667908
0.8494018316268921
0.6687583923339844
0.49587926268577576
0.6921698451042175
1.0476263761520386
0.5638501048088074
0.8049784898757935
0.9310787916183472
0.5267782807350159
0.60783451795578
1.0356758832931519
0.680065929889679
0.7339228391647339
0.8263384103775024
1.4121400117874146
0.8024202585220337
0.9497706294059753
1.1327946186065674
0.8555973768234253
0.7237427830696106
0.6941658854484558
0.783599853515625
0.5331066250801086
0.6957319974899292
0.5879557728767395
0.6498599052429199
1.0945186614990234
0.7622340321540833
0.6635502576828003
0.901985764503479
1.3992401361465454
0.9660673141479492
1.140597939491272
0.7005836963653564
0.9558723568916321
0.5299568772315979
0.7458921670913696
1.0161314010620117
0.7297428250312805
1.2525074481964111
1.1511894464492798
1.0327684879302979
0.8526561856269836
0.5471911430358887
0.9188294410705566
0.8849554061889648
0.8148815035820007
0.7755526900291443
0.8378227949142456
1.0791423320770264
0.7685325145721436
0.66127610206604
0.7190278768539429
0.7861169576644897
0.8627815246582031
1.2241803407669067
0.7973254919052124
1.4139430522918701
0.5040900111198425
0.6487331390380859
0.825380802154541
0.6067101955413818
0.7996200323104858
0.7808383703231812
0.7791377902030945
1.0150424242019653
1.204301118850708
0.9476448893547058
0.7109677195549011
1.1151901483535767
0.9230630993843079
0.7136940956115723
1.4426921606063843
0.9009658694267273
0.7651472091674805
0.7796185612678528
1.1785681247711182
0.685905396938324
0.7185565829277039
0.9878742098808289
0.7132444381713867
1.3440680503845215
0.8751270174980164
0.6204811930656433
0.9005662202835083
0.8268035054206848
0.7085108160972595
0.7531276941299438
1.2899768352508545
0.8161647915840149
0.5969550013542175
0.9345005750656128
0.6298879384994507
0.8931848406791687
0.8768904805183411
0.6441068649291992
0.7555080056190491
0.6104180216789246
0.988533616065979
0.797860324382782
0.7193078994750977
0.9582387804985046
0.8468562960624695
0.6697806119918823
0.7310585379600525
1.098084568977356
0.5714702606201172
0.7043009400367737
1.2651171684265137
0.7595525979995728
0.6856852769851685
0.9111838340759277
0.8072131872177124
0.7960835695266724
0.7126995325088501
0.5222159028053284
0.6929197907447815
0.5525485873222351
0.7586542367935181
0.9707247614860535
0.768085777759552
1.0819321870803833
0.8516258001327515
0.7150946855545044
0.7727001905441284
1.0870195627212524
0.7167856097221375
0.7775858044624329
0.9869478940963745
0.7714911699295044
0.9330888986587524
0.8964834213256836
0.7426256537437439
0.7522408366203308
0.42785805463790894
0.7134841084480286
0.5721023678779602
0.7195777893066406
1.1434524059295654
0.7727288603782654
1.1159441471099854
0.6808613538742065
0.33091458678245544
