0.5744534730911255
0.26139765977859497
0.6797378659248352
0.5774130821228027
0.6672542095184326
0.46739450097084045
0.6336575746536255
0.3297973573207855
0.563116729259491
0.38930490612983704
0.6287280321121216
0.5268993973731995
0.8482767343521118
0.649640679359436
0.546827495098114
0.6498004794120789
0.6517378687858582
0.48545271158218384
0.3868196904659271
0.11588816344738007
0.46886786818504333
0.48786139488220215
0.32202091813087463
0.5194899439811707
0.23327870666980743
0.46451979875564575
0.4952993392944336
0.30449944734573364
0.18976572155952454
0.3934754431247711
0.3463820517063141
0.368211567401886
0.4306560456752777
0.3603087067604065
0.4244128167629242
0.5628101825714111
0.5391280651092529
0.4818955063819885
0.6126671433448792
0.280667781829834
0.591791033744812
0.3547945022583008
1.0965007543563843
0.34354057908058167
0.3823309540748596
0.6852849721908569
0.6433514356613159
0.474729061126709
0.5288756489753723
0.6037004590034485
0.44019031524658203
0.511446475982666
0.9199484586715698
0.8936487436294556
0.9513206481933594
0.24630513787269592
0.6898529529571533
0.23089417815208435
0.48699647188186646
0.6145749688148499
0.4353465139865875
0.4218253195285797
0.2582130432128906
0.7739232778549194
0.5787719488143921
0.44655075669288635
0.5432706475257874
0.5105618238449097
0.3230803608894348
0.5977835655212402
0.47948580980300903
0.40755683183670044
0.6696428060531616
0.5010162591934204
0.5531548857688904
0.3974791169166565
0.8083413243293762
1.0152256488800049
0.376956045627594
0.7255089282989502
0.3210112452507019
0.41421622037887573
0.5614517331123352
0.6748970746994019
0.3192676901817322
0.2788252532482147
0.532032310962677
0.5566250681877136
0.28697481751441956
0.38601154088974
0.5815785527229309
0.4632379114627838
0.7329992055892944
0.6146563291549683
0.6696422696113586
0.3253166079521179
0.6073549389839172
0.2823224365711212
0.31185513734817505
0.6192042231559753
0.2439437359571457
0.6855665445327759
0.3640473783016205
0.5477603673934937
0.7618968486785889
0.8724688291549683
0.3535725176334381
0.6481207609176636
0.5203097462654114
0.7704386711120605
0.41014012694358826
0.7455142736434937
0.33495861291885376
0.4823874533176422
0.32422924041748047
0.679779589176178
0.5589994788169861
0.42829594016075134
0.3268839418888092
1.1274030208587646
0.38774269819259644
0.288540780544281
0.790316641330719
0.46744146943092346
0.540570080280304
0.6139940023422241
0.2917315363883972
0.4517156183719635
0.7160409688949585
0.8516151309013367
0.5306618809700012
0.5653191804885864
0.424369752407074
0.47636088728904724
0.6026118993759155
0.2452429085969925
0.39836567640304565
1.0673810243606567
0.3371887505054474
0.45424729585647583
0.3320437967777252
0.8279026746749878
0.4000566601753235
0.5932387113571167
0.4544094502925873
0.4890640676021576
0.6505151391029358
0.4108399450778961
0.33895328640937805
0.3474821150302887
0.45658349990844727
0.5211096405982971
0.3173348307609558
1.1490986347198486
0.6621509790420532
0.8933035731315613
0.4653913378715515
0.4201834797859192
0.6278920769691467
0.7319251298904419
0.6074343919754028
0.5939451456069946
0.4255802035331726
0.3747323155403137
0.6871467232704163
0.6800934076309204
0.5418645739555359
0.8694170713424683
0.2972331643104553
0.2185673713684082
0.6828396916389465
0.5320218205451965
0.42169779539108276
0.4752044677734375
0.6437855958938599
0.3307739496231079
0.32675060629844666
0.5727997422218323
0.4641469419002533
1.0483911037445068
0.5188086628913879
0.39437299966812134
0.6489078402519226
0.7127021551132202
0.45360738039016724
0.41379299759864807
0.328942209482193
0.6509836316108704
1.563823938369751
0.45225459337234497
0.24597139656543732
0.25371411442756653
0.8974442481994629
0.6896528005599976
0.2882985472679138
0.7664498090744019
0.9939757585525513
0.8159536123275757
0.6440678834915161
1.3529260158538818
0.8092418909072876
0.5158123970031738
0.4845969080924988
0.24602766335010529
0.4365500807762146
0.2628994286060333
0.4405762553215027
0.2474966049194336
1.1074048280715942
0.7832222580909729
0.4453302323818207
0.658848762512207
0.7971993684768677
0.9809376001358032
0.5230265259742737
0.1774456948041916
0.7272472977638245
0.5562571287155151
0.5749359130859375
0.23081521689891815
0.3245650827884674
0.4094795286655426
0.6895924210548401
0.5953491926193237
0.542503833770752
0.5701173543930054
0.42054978013038635
1.1696288585662842
0.6906482577323914
0.5889123678207397
0.4473337233066559
0.3743050992488861
0.4463459849357605
0.3446722626686096
0.4227609634399414
0.832838237285614
0.4024012088775635
0.8237758874893188
0.819115936756134
0.42563289403915405
0.3286152184009552
0.6734156608581543
0.5025782585144043
0.5354087948799133
0.29613280296325684
0.24556192755699158
0.8110067248344421
0.43732666969299316
0.6324918270111084
0.6092394590377808
0.3348920941352844
0.19877643883228302
0.8639990091323853
0.5435094833374023
0.5931416749954224
0.6796494722366333
0.8120733499526978
0.6202775835990906
0.4910392761230469
0.3740541338920593
0.46151024103164673
0.5329200625419617
0.48638543486595154
0.4502437710762024
0.37633776664733887
0.656065821647644
0.7505277395248413
0.3510187268257141
0.501904308795929
0.46509653329849243
0.4722106456756592
0.43869543075561523
0.2810869812965393
0.7306396961212158
0.6981248259544373
0.31970661878585815
1.2964922189712524
0.18454715609550476
0.3556465208530426
0.6115552186965942
0.5846912264823914
0.4416082501411438
0.4085545539855957
0.44081801176071167
0.6136778593063354
0.08504066616296768
0.4379223883152008
0.47464504837989807
0.35215872526168823
0.43268680572509766
0.7506949305534363
0.6895582675933838
0.28677240014076233
0.09266112744808197
0.5899412035942078
0.7725568413734436
0.5356817841529846
0.23703840374946594
0.8566869497299194
0.427966445684433
0.3540564477443695
1.0200974941253662
0.9144304990768433
0.23475833237171173
0.7519210577011108
1.3236258029937744
0.7192668914794922
0.8098381757736206
0.2692565619945526
0.35603204369544983
0.6459510326385498
0.4149973392486572
0.5351242423057556
0.41762906312942505
0.6015099287033081
1.1802394390106201
0.3609119951725006
1.0218000411987305
0.7621122002601624
0.5806514024734497
0.34710344672203064
0.2589421272277832
0.8846954107284546
0.35813838243484497
1.3573006391525269
0.3840196132659912
0.5174738764762878
1.3817722797393799
0.14140592515468597
0.2855624854564667
0.5543293356895447
0.9887408018112183
0.22952981293201447
0.5642098188400269
0.46347561478614807
0.4388904571533203
0.25496530532836914
0.3288617730140686
