1.0015836954116821
0.43744319677352905
0.5505959391593933
1.082261085510254
0.30446821451187134
0.18928535282611847
0.5639697909355164
0.24628663063049316
0.38262465596199036
0.5977915525436401
0.7985283136367798
0.7200379371643066
0.2834239900112152
0.7161429524421692
0.8391034007072449
0.49615678191185
0.37162697315216064
0.38751786947250366
0.6594887375831604
0.8642082214355469
0.4452412724494934
0.5775216817855835
0.7669475674629211
0.2559988498687744
0.25293880701065063
0.785836398601532
0.3406251072883606
0.48646488785743713
0.27053913474082947
0.6009578704833984
0.3731624484062195
0.5006657838821411
0.31827452778816223
0.5260331630706787
0.4564030170440674
0.3021339774131775
0.7905222177505493
0.7995859980583191
0.5395510196685791
0.9232656359672546
0.9774214029312134
0.4372769296169281
0.6647056341171265
0.7639734148979187
0.5059829950332642
0.6111650466918945
0.6549263000488281
1.049569845199585
0.2928853929042816
0.4488827586174011
0.6512877345085144
0.7463586926460266
0.806336522102356
0.35551393032073975
0.36988121271133423
0.35622501373291016
0.469349205493927
0.2728235125541687
0.42401760816574097
0.6276596188545227
0.27835115790367126
0.37791165709495544
0.7674781084060669
0.42560234665870667
0.45353078842163086
0.3646717071533203
0.5486389398574829
0.8467555046081543
0.16531093418598175
0.9537379145622253
0.44522780179977417
0.6486043930053711
0.6123619675636292
0.5707376003265381
0.2911109924316406
0.4919026494026184
0.6329140067100525
0.6048381924629211
0.5631996989250183
0.3861241936683655
0.6047744154930115
0.7406121492385864
0.2611197531223297
0.6858152747154236
0.7045067548751831
0.8148864507675171
0.4545350968837738
0.4736035466194153
0.47444242238998413
0.8420182466506958
0.5861722230911255
0.6346719264984131
0.4069792628288269
0.5751820206642151
0.40743207931518555
0.47065168619155884
0.8828959465026855
0.28199273347854614
0.8725555539131165
0.5785229802131653
0.6516814231872559
0.504773736000061
0.3890830874443054
0.4032190442085266
0.3938882350921631
0.3984924852848053
0.43961185216903687
1.0691726207733154
0.5512458682060242
0.4031732678413391
0.487459272146225
0.5166226625442505
0.37139204144477844
0.44876065850257874
0.46891409158706665
0.5224895477294922
0.41724053025245667
0.9087961316108704
0.3614707291126251
0.5014590620994568
0.24897262454032898
0.4740965962409973
0.8034108877182007
0.3135221600532532
0.43515628576278687
0.6255058646202087
0.6575477719306946
0.3338892459869385
0.9953790903091431
0.6315547823905945
0.44687095284461975
0.41034358739852905
0.19591860473155975
0.7043700218200684
0.5167063474655151
0.6100451946258545
0.5410548448562622
0.4206632971763611
0.3988812267780304
0.7563446164131165
0.6123594641685486
0.731863260269165
0.46148785948753357
0.6625499129295349
0.34911829233169556
0.8927545547485352
0.2945156693458557
0.6302554607391357
0.5274861454963684
0.3499844968318939
0.4085248112678528
0.4954490065574646
0.6926890015602112
0.3824225664138794
0.6269334554672241
0.6478725671768188
0.5588138699531555
0.537988007068634
0.613003671169281
0.7877040505409241
0.8205348253250122
0.30322811007499695
0.5974522829055786
0.7967485785484314
0.4345698356628418
0.6187238693237305
0.32277122139930725
0.6273670792579651
0.6940079927444458
0.32334157824516296
0.8175382614135742
0.537270724773407
1.2660847902297974
0.5357789993286133
0.6017059087753296
0.4986228942871094
0.911892294883728
0.9350975155830383
1.3829421997070312
0.5971956253051758
0.5221231579780579
0.5559395551681519
0.4208022952079773
0.758557915687561
0.42390042543411255
0.9896141886711121
0.5718064308166504
0.8481961488723755
0.9301788210868835
0.30989253520965576
0.44665437936782837
0.22008582949638367
0.33441510796546936
0.7352530360221863
0.29293861985206604
0.6124491691589355
0.6526120901107788
0.7185345888137817
0.32228922843933105
0.4116207957267761
0.22163622081279755
0.6934464573860168
1.1065337657928467
1.1425317525863647
0.4372462332248688
0.9843125343322754
0.8741024732589722
0.47526025772094727
0.5741604566574097
0.5476697683334351
0.4832082688808441
0.3678184449672699
0.5089157819747925
0.9118854403495789
0.3602943420410156
0.33537834882736206
0.316117525100708
0.3971245586872101
1.289555311203003
0.39229220151901245
0.46121588349342346
0.5650470852851868
0.40103188157081604
0.5642825365066528
0.7642773389816284
0.6706861257553101
0.4241669774055481
0.16920964419841766
0.7213283777236938
1.1547590494155884
0.267360121011734
0.5184604525566101
0.4185240864753723
0.2507247030735016
0.5595418214797974
0.6144149899482727
0.47172847390174866
0.5252159237861633
0.4254628121852875
0.40432208776474
0.6467908620834351
0.8475078344345093
0.41307321190834045
0.5223875641822815
0.38919597864151
0.518303394317627
0.3808879554271698
0.3615557551383972
0.46411675214767456
0.2829420268535614
0.36769622564315796
0.6056464910507202
0.5226069092750549
0.6286360025405884
0.4919615685939789
0.5097551345825195
0.7195664644241333
0.8380017280578613
0.6968805193901062
0.432152658700943
0.8936252593994141
0.8545589447021484
0.32554322481155396
1.1054046154022217
0.45038503408432007
0.6100031137466431
0.8388948440551758
0.4734882414340973
0.374817818403244
0.37479326128959656
0.6280159950256348
0.861182689666748
0.4898923933506012
0.2428499013185501
0.44926220178604126
0.4495204985141754
0.7413231730461121
0.5199516415596008
0.4801197648048401
0.5196574926376343
0.3660530149936676
0.242174431681633
0.6058282852172852
0.24716250598430634
0.4500845968723297
0.8857172727584839
0.5858522653579712
0.3488519787788391
0.46907562017440796
0.6501085758209229
0.22878405451774597
0.48253631591796875
0.7759907841682434
0.8972443342208862
0.3658962547779083
0.3892229199409485
0.22944340109825134
0.28406834602355957
0.542951226234436
0.6299136281013489
0.4369024336338043
0.24298985302448273
0.8015791773796082
0.4656876027584076
0.5025441646575928
0.24219074845314026
0.27698636054992676
0.5530375838279724
0.6558787822723389
0.2581629455089569
0.5678815841674805
0.44907790422439575
0.5269080400466919
0.7583895921707153
0.37909436225891113
0.540608286857605
0.7506847381591797
0.6413196921348572
0.42077842354774475
0.766506016254425
0.898541271686554
0.4646557867527008
0.5977298021316528
0.8713138699531555
0.5262411236763
0.3177070617675781
0.6422713994979858
0.2818075716495514
0.40134018659591675
0.3624459207057953
0.39031198620796204
0.31913623213768005
0.631024181842804
0.6969629526138306
0.48473483324050903
0.1829548329114914
0.5421464443206787
0.8033588528633118
