0.5754983425140381
0.8864679336547852
0.5025681257247925
0.40550366044044495
0.8791301846504211
0.2126069962978363
0.5312332510948181
0.6828728318214417
0.42652377486228943
0.6353628039360046
0.39073747396469116
0.36446094512939453
0.4612516760826111
0.6005122065544128
0.5961831212043762
0.35968685150146484
0.495792955160141
0.3256199061870575
0.2613658607006073
1.6475083827972412
0.2208527773618698
0.43289393186569214
0.5358577966690063
0.6242562532424927
0.5201107263565063
0.4051358103752136
0.8277215957641602
0.6281283497810364
0.24839219450950623
0.7478131055831909
0.42640724778175354
0.6892428398132324
0.30029767751693726
0.7765602469444275
0.49415796995162964
0.6043714880943298
0.41455382108688354
0.4938299059867859
0.25601139664649963
1.1981735229492188
0.2898746132850647
0.575984001159668
1.123612403869629
0.5317748785018921
0.47510719299316406
0.545202374458313
0.46554675698280334
0.3786036968231201
0.4527862071990967
0.6731787323951721
0.33277764916419983
0.3713042140007019
0.4707021713256836
0.363966166973114
0.27362242341041565
0.7334539294242859
0.3198128640651703
0.41037052869796753
0.296338826417923
0.3402935564517975
0.4258210062980652
0.9374946355819702
0.4064355790615082
0.7368790507316589
0.37505847215652466
0.8036164045333862
0.3699265122413635
0.4895939826965332
0.532180666923523
0.385062575340271
0.3424191474914551
0.27785757184028625
0.5820889472961426
0.8328124284744263
0.4485507905483246
0.2271987944841385
0.4070725440979004
0.38648322224617004
0.515672504901886
0.33834758400917053
0.5924186110496521
0.6746664047241211
0.4086807668209076
0.4548052251338959
0.3714786171913147
0.6345130205154419
0.4736817479133606
0.3252941071987152
0.9342638254165649
0.7019811868667603
0.6078500151634216
0.7133712768554688
0.24194243550300598
0.20523032546043396
0.8347406387329102
0.43192726373672485
0.5573829412460327
0.8926722407341003
0.323062926530838
0.5963112115859985
0.8104451894760132
0.3278628885746002
0.4117129445075989
0.6047645807266235
0.4620579779148102
0.7429348230361938
0.4026254713535309
1.3834491968154907
0.34963834285736084
0.9994984865188599
0.3207373023033142
0.49124136567115784
0.2953186631202698
0.6966130137443542
0.4882349967956543
0.5412219166755676
0.39412346482276917
0.4694809019565582
0.7361012101173401
0.48450642824172974
0.45327845215797424
0.5446239113807678
0.9411835670471191
0.7068719863891602
0.2585480809211731
0.9293044805526733
0.5801438093185425
0.5956284999847412
0.876442551612854
0.44901958107948303
0.4279661774635315
0.46958208084106445
0.3757171034812927
0.38944903016090393
1.0488406419754028
0.23201222717761993
0.39327487349510193
0.5106798410415649
0.4611908793449402
0.4991113543510437
0.6955389976501465
0.2836945056915283
0.24870559573173523
0.5646988749504089
0.3766002058982849
0.2686607241630554
0.6933255195617676
0.8479539155960083
0.25174641609191895
0.34720638394355774
0.423875629901886
0.2343888282775879
1.0021672248840332
1.019565224647522
0.3831261396408081
0.3203640580177307
0.3840426206588745
0.32372522354125977
0.9180322885513306
0.11994562298059464
0.4092468321323395
0.44804638624191284
0.6431575417518616
0.5648640394210815
0.6530297994613647
1.2616329193115234
0.3629208505153656
0.867609977722168
1.0547752380371094
0.3677755892276764
0.3407546877861023
1.304561972618103
0.5131848454475403
0.7833263874053955
0.7875850200653076
0.5273000597953796
0.652470588684082
0.46305903792381287
0.15372438728809357
0.3759932816028595
0.2358938455581665
0.8196336627006531
0.32378286123275757
0.7870924472808838
0.5130965113639832
0.4723348617553711
0.5961116552352905
0.6078654527664185
0.37542039155960083
0.47353681921958923
0.26009848713874817
1.2280974388122559
0.2978256344795227
0.4857885241508484
0.55121248960495
0.5718056559562683
0.40972137451171875
0.542262852191925
0.4872737526893616
0.186960831284523
0.5570967793464661
0.6781160235404968
0.5516949892044067
0.8106862306594849
0.39053815603256226
0.6467289328575134
0.24783682823181152
0.5339521765708923
0.4311542510986328
0.6570940613746643
0.6992861032485962
0.552905261516571
0.43347683548927307
0.4103952944278717
0.14070481061935425
1.0596849918365479
0.6393547058105469
0.459904283285141
0.3084431290626526
0.9027112126350403
0.7562359571456909
0.2853702902793884
0.8468597531318665
0.7766121029853821
1.047363042831421
0.4891282916069031
0.4308567941188812
0.5153497457504272
0.4171631336212158
0.6005964279174805
0.5821831822395325
0.24793508648872375
0.7078623175621033
0.24643400311470032
0.39198294281959534
0.3139670491218567
0.39452093839645386
0.5976607203483582
0.3488295376300812
0.641444206237793
0.3284783363342285
0.5065883994102478
0.46656814217567444
0.6388848423957825
0.6102949380874634
0.5404609441757202
0.36136099696159363
0.3518088459968567
0.7024168968200684
0.4159005284309387
0.4984615445137024
0.4157128930091858
0.38486552238464355
0.36865663528442383
0.7971254587173462
0.37977051734924316
0.42988094687461853
0.5437089800834656
0.4596900939941406
0.9405708312988281
0.48635950684547424
0.3345070481300354
0.23647871613502502
0.8904820680618286
0.5251886248588562
0.9555332064628601
0.9773346781730652
0.6399254202842712
1.0666639804840088
0.22559034824371338
0.6362391114234924
0.43397587537765503
0.4977479875087738
0.6155542135238647
0.6024433970451355
0.3531326353549957
0.20264029502868652
0.34323859214782715
0.48638448119163513
0.49612849950790405
0.5753449201583862
1.017217993736267
0.2779037356376648
0.6847678422927856
0.47900789976119995
0.2636531889438629
0.5085421204566956
0.49731025099754333
0.5303937792778015
0.32686156034469604
0.7829840779304504
0.9054911732673645
0.9893224835395813
0.7030314207077026
0.447857528924942
0.8930360674858093
0.5519511103630066
0.42219728231430054
1.1069529056549072
0.8943726420402527
0.3602748513221741
0.2181932032108307
0.30579322576522827
0.611280620098114
0.27348223328590393
0.5473066568374634
0.4329768121242523
0.4334027171134949
0.47463351488113403
0.3919904828071594
0.5202853083610535
0.3520266115665436
0.5695894956588745
0.601326584815979
0.3759006857872009
0.267260879278183
0.4322652816772461
0.9013779759407043
0.6638239622116089
0.5154067873954773
0.41515645384788513
0.5667098164558411
0.5114930868148804
0.6088904142379761
0.356479287147522
0.7308183312416077
1.3144426345825195
0.7463235259056091
1.290911316871643
0.6931161880493164
0.5113571882247925
0.6248708367347717
0.5937101244926453
0.6132695078849792
0.6966487169265747
0.7701486349105835
0.7620702981948853
0.267960786819458
