0.47142869234085083
0.6290187835693359
0.4007214903831482
0.2901970446109772
0.4939034581184387
0.4267413020133972
0.594637393951416
0.4514831602573395
0.40157580375671387
0.8443320393562317
0.37403300404548645
0.3947903513908386
0.5323829650878906
0.90983647108078
0.6831458210945129
0.8207256197929382
0.4360257089138031
1.01308274269104
0.7690033912658691
0.4429040849208832
0.4533241391181946
0.5510877966880798
0.43128085136413574
0.7746116518974304
0.36067265272140503
0.9655920267105103
0.43036189675331116
0.9223035573959351
0.394815593957901
0.43672966957092285
0.42615237832069397
0.6303033828735352
0.5199378728866577
0.46094784140586853
0.467801034450531
0.9594959020614624
0.4779118597507477
0.32610076665878296
0.14847981929779053
0.8113540410995483
0.44718271493911743
0.3529115319252014
0.7768216133117676
0.47862452268600464
0.48098644614219666
0.6682801246643066
0.5423367023468018
0.3991554081439972
0.3910101056098938
0.8700811266899109
0.30151110887527466
0.5938260555267334
0.6402739882469177
0.1552731692790985
0.5416594743728638
0.7416593432426453
0.5682622194290161
0.49703073501586914
0.3941574692726135
0.4748634397983551
0.5708826780319214
0.45605015754699707
0.8296014666557312
0.5383793115615845
0.537712574005127
0.6448954343795776
0.3724108338356018
0.8353525996208191
0.804953396320343
0.5118996500968933
0.4508800506591797
0.5802305936813354
0.7276962995529175
0.6488580703735352
0.3180895447731018
0.2406272143125534
0.27943965792655945
0.28341585397720337
0.6354501843452454
0.4066430926322937
0.35024499893188477
0.5908333659172058
0.5465538501739502
0.3099142909049988
0.3428815007209778
0.4725833833217621
0.5238034725189209
0.5338724851608276
0.4382776618003845
0.684158205986023
0.33834531903266907
0.5411993265151978
0.17306208610534668
0.6055216789245605
0.6421319246292114
0.47007685899734497
0.6722354888916016
0.3987165689468384
0.47312498092651367
0.9643955230712891
1.079796552658081
0.4764717221260071
0.23409858345985413
0.4195895195007324
0.302386611700058
0.4305303990840912
0.48012787103652954
0.2457411289215088
0.5626141428947449
0.8383795022964478
0.2644213140010834
0.3491678237915039
0.514531135559082
0.6974121928215027
0.4686002731323242
0.4366229176521301
0.7469567060470581
0.49501171708106995
0.9444252848625183
0.548494279384613
0.35390010476112366
0.505839467048645
0.34886008501052856
0.7547131776809692
0.42398786544799805
0.8197916150093079
0.3029784858226776
0.616274356842041
0.5032702684402466
0.3552144169807434
0.6764825582504272
0.5906059145927429
0.4548227787017822
0.619430422782898
0.20314517617225647
0.7442828416824341
0.6237775683403015
0.8818868398666382
0.4155055582523346
0.5097295045852661
0.4732157289981842
0.4274578094482422
0.8731065988540649
0.600249171257019
0.433957576751709
0.532732367515564
0.7199627757072449
0.3111959397792816
0.3549116253852844
0.5169709920883179
0.7158466577529907
0.630558431148529
0.12198251485824585
0.32841944694519043
0.22976455092430115
0.3509288430213928
0.29556384682655334
0.3783511519432068
0.8592339754104614
0.32062259316444397
0.5677993893623352
0.6415377855300903
0.5725499987602234
0.2690163850784302
0.7575073838233948
0.5139757394790649
0.1954296976327896
1.1635353565216064
0.5509745478630066
0.6862136125564575
0.5879459977149963
0.32915401458740234
0.45149117708206177
0.6273019313812256
0.9484390020370483
0.5336891412734985
0.6132906675338745
0.8402397036552429
0.8784923553466797
0.3047408163547516
0.5854009985923767
0.35400256514549255
0.7031528949737549
0.22638657689094543
0.7623913884162903
0.4556196630001068
0.12876521050930023
0.2896817624568939
0.6445876359939575
0.3606778085231781
0.4879853129386902
0.8171154260635376
0.5792032480239868
1.1509616374969482
0.7859902381896973
0.6712605357170105
0.7241030335426331
0.4908953607082367
0.3847309648990631
0.397456556558609
0.6917474269866943
0.8122895359992981
0.34861308336257935
1.0051276683807373
0.49688443541526794
0.5658743977546692
0.8228952288627625
0.6758503317832947
0.8399553298950195
0.8821905255317688
0.4889194071292877
0.5134709477424622
0.40191659331321716
0.36070770025253296
0.6177843809127808
0.5149556398391724
0.26850414276123047
0.563625693321228
0.8751869201660156
1.164414644241333
0.24906745553016663
0.37113019824028015
0.6622015833854675
0.5044947862625122
0.31958985328674316
1.1201250553131104
0.5018869042396545
0.4393858313560486
0.24223122000694275
0.4291827082633972
0.5752736926078796
0.38074496388435364
0.21577003598213196
0.41337862610816956
0.36914390325546265
0.6326875686645508
0.6566470265388489
0.8734591603279114
0.7180119752883911
0.3854171633720398
0.16459068655967712
0.729650616645813
0.5929032564163208
0.5810303688049316
0.2735382318496704
0.7509881258010864
0.4471350610256195
0.569830596446991
0.5238838791847229
0.6833263635635376
1.5014773607254028
0.39183273911476135
0.937704861164093
0.3187587559223175
0.6279388070106506
0.6059324145317078
0.46486058831214905
0.46976059675216675
0.3413920998573303
0.2702702283859253
0.632538378238678
0.33197230100631714
0.9156855344772339
0.3094322383403778
0.7491466403007507
0.6676054000854492
0.4984711706638336
0.7543163299560547
0.889726459980011
0.4981188178062439
0.6405181884765625
0.5154641270637512
0.38623055815696716
0.709859311580658
0.962511420249939
0.7195379137992859
0.4769427180290222
0.7595612406730652
0.692679762840271
0.29863548278808594
0.825275719165802
0.8845463991165161
0.35058364272117615
0.6037163734436035
0.7041000127792358
0.7292268872261047
0.36101970076560974
0.9620269536972046
0.7183237075805664
0.42160922288894653
0.6648570895195007
0.5761132836341858
0.847484290599823
0.6752468943595886
0.4121258854866028
0.562960147857666
0.6586621999740601
0.7128726840019226
0.43664199113845825
0.6532685160636902
1.5236860513687134
0.8896044492721558
0.5945690870285034
0.5035072565078735
0.480150043964386
0.4102868139743805
0.6550995707511902
0.42991209030151367
0.39770516753196716
0.7376336455345154
0.5051567554473877
0.483649343252182
0.4063493609428406
0.7895122766494751
0.5918408632278442
0.42869916558265686
0.37525802850723267
0.5047705769538879
0.2952019274234772
0.24442049860954285
0.6018840670585632
0.22251267731189728
0.5528537034988403
0.6615241765975952
0.6247569918632507
0.35586848855018616
0.2723979353904724
0.37456631660461426
0.8207874298095703
0.748021125793457
0.5109938383102417
0.23349514603614807
0.3225184977054596
0.16376298666000366
0.7796839475631714
0.5568758249282837
0.6762049198150635
0.5166625380516052
