0.4698712229728699
0.783455491065979
0.36772435903549194
0.5795093178749084
0.7000360488891602
0.8147581815719604
0.9168864488601685
0.35937201976776123
0.37368661165237427
0.245862677693367
0.6455169320106506
0.2778052091598511
0.5075217485427856
0.4733002781867981
0.468061625957489
0.3412152826786041
1.053973913192749
0.765119194984436
0.636803925037384
0.9225342869758606
0.4952964782714844
0.18513667583465576
0.663823664188385
0.48455333709716797
0.29318633675575256
0.8626080751419067
0.4371930956840515
1.1633597612380981
0.7957831621170044
0.39688438177108765
0.3744402825832367
0.4309864938259125
0.8073413968086243
0.37581419944763184
0.935590922832489
0.5970759987831116
0.6123141050338745
0.6484662890434265
0.3299449384212494
0.6832438707351685
0.7527778744697571
0.6229378581047058
0.3919314444065094
0.8160726428031921
0.6257915496826172
0.4602282643318176
0.23940341174602509
0.7455939054489136
0.47466620802879333
0.5772691965103149
0.7203344106674194
1.0131876468658447
0.4732953906059265
0.4231768548488617
0.5434336066246033
0.3252500593662262
0.4468347430229187
0.43288034200668335
0.5548146367073059
0.31690913438796997
0.2823133170604706
0.4734423756599426
0.8853892087936401
0.2542518973350525
1.0916205644607544
0.3835240602493286
0.45680609345436096
0.46246466040611267
0.5939851403236389
0.3742818534374237
0.3457636833190918
0.5690983533859253
0.3284624516963959
0.21390095353126526
0.2588805854320526
0.8164051175117493
0.4086906909942627
0.9260218739509583
0.6681591272354126
0.30356496572494507
0.40658092498779297
0.6764712333679199
0.5005946159362793
0.3228919506072998
0.36590102314949036
0.4134327471256256
0.5271536111831665
0.5356720089912415
0.3181716799736023
0.5438677072525024
0.4807056486606598
0.637404203414917
0.5910090804100037
0.25317367911338806
0.5889163613319397
0.8000693321228027
1.0259745121002197
0.5720056295394897
0.6993433833122253
0.46017736196517944
0.6536297798156738
0.651077151298523
0.42457422614097595
0.34615033864974976
0.27369338274002075
0.5437189936637878
0.3234919011592865
0.7818683981895447
0.6209601163864136
0.46540871262550354
0.34025460481643677
0.863185703754425
0.5539882779121399
0.4042590260505676
0.6719380617141724
0.4234718680381775
0.40133386850357056
0.7489684820175171
0.351412832736969
0.5449957251548767
0.5572611093521118
0.48247042298316956
0.647374153137207
0.4085208773612976
0.6815110445022583
0.37423229217529297
1.0114190578460693
0.982630729675293
0.4716903567314148
0.36242198944091797
0.6486303210258484
0.5490520596504211
0.5626356601715088
0.5381290316581726
0.771195650100708
0.4260079264640808
0.9237804412841797
0.5010615587234497
1.4446991682052612
0.4097999632358551
0.42783546447753906
0.3298351764678955
0.9196069836616516
0.652816653251648
0.6473386883735657
0.484133243560791
0.7246111631393433
0.5120387077331543
0.6536574959754944
1.0499956607818604
0.8764293789863586
0.6391364336013794
0.341572642326355
0.4579387605190277
0.23008088767528534
0.3300320506095886
0.37191665172576904
0.8549138903617859
0.5283900499343872
0.673331081867218
0.4819463789463043
0.6863491535186768
0.8941303491592407
0.8479956388473511
0.5331052541732788
0.5471572875976562
0.7216947078704834
0.5800366997718811
1.1045722961425781
0.5761923789978027
0.24992141127586365
0.6852486729621887
0.4362407624721527
0.2295384705066681
0.5416768789291382
0.26224103569984436
0.2888331413269043
1.022849440574646
0.6294585466384888
0.920045018196106
0.35849156975746155
0.7867010235786438
0.12770222127437592
0.5926283597946167
0.2116202861070633
0.8364374041557312
0.40629950165748596
0.5549896955490112
0.3826054334640503
0.3244050443172455
0.44493478536605835
0.44292885065078735
0.6388420462608337
0.3960539400577545
0.3977753520011902
0.26329246163368225
0.663766086101532
0.6844992637634277
0.616766631603241
0.4342985153198242
0.492587149143219
0.6015015840530396
0.49668121337890625
0.2893431782722473
0.431527704000473
0.4411171078681946
0.9281548261642456
0.21891382336616516
0.4677521288394928
0.6393442749977112
0.37577390670776367
0.3716690242290497
0.8194626569747925
0.3830242156982422
0.6563776731491089
0.25346237421035767
0.4728860855102539
0.3765214681625366
0.3583539128303528
0.5398740768432617
0.2148629128932953
0.28865867853164673
0.2314651757478714
0.40462249517440796
0.4308963716030121
0.4248430132865906
0.4166329801082611
1.1121995449066162
0.47139233350753784
0.5139951705932617
1.4892034530639648
0.8873826861381531
0.5390986204147339
0.5811597108840942
0.22993269562721252
0.49994078278541565
0.311585396528244
0.280659943819046
0.24568894505500793
0.4041905403137207
0.36108002066612244
0.41823798418045044
0.5476480722427368
0.663795530796051
0.7200072407722473
0.544697105884552
0.5375632047653198
0.35207903385162354
0.5926210284233093
0.9190303683280945
0.5801575779914856
0.7328807711601257
0.36635977029800415
0.7783384919166565
0.5820525884628296
0.1691794991493225
1.0644547939300537
0.8647438287734985
0.5355502963066101
0.31746891140937805
0.8168520927429199
0.5610525012016296
0.5653015375137329
0.4189538061618805
0.38549309968948364
0.900185763835907
0.690143883228302
0.4459763467311859
0.291445791721344
0.6202083230018616
0.232717365026474
0.9345022439956665
0.4693440794944763
0.43748489022254944
0.6595929265022278
0.6837595105171204
0.5716381669044495
0.72879558801651
0.6320792436599731
0.7135245203971863
0.1847696602344513
0.5943049788475037
0.5593208074569702
0.5248288512229919
0.4353254437446594
0.22645564377307892
0.7400864362716675
0.459168016910553
1.1754460334777832
0.4591854512691498
0.500367283821106
0.3312973976135254
0.6045531034469604
0.5585517883300781
0.33491596579551697
0.46954718232154846
0.7283935546875
0.7563399076461792
0.2981193959712982
0.24262209236621857
0.4820396900177002
0.7660670876502991
0.7308028340339661
0.4433063566684723
1.0328834056854248
0.47855815291404724
0.3701923191547394
0.6690973043441772
0.4655948579311371
0.8053220510482788
0.4899342656135559
0.25341999530792236
0.6259198188781738
0.3698580265045166
0.5969976186752319
0.6469512581825256
0.7516027092933655
0.5028985142707825
0.7650195956230164
0.4693470895290375
0.2548360228538513
0.3644569516181946
0.48304566740989685
0.501645565032959
0.32712215185165405
0.7277645468711853
0.13938967883586884
0.4025952219963074
0.3694317638874054
0.5621243715286255
0.6097794771194458
0.20242519676685333
0.5983571410179138
0.7068319320678711
0.46822673082351685
0.42196720838546753
0.6359099745750427
0.3307361602783203
