0.8899852633476257
0.6128684878349304
1.0312256813049316
0.53333979845047
0.896689236164093
0.835699200630188
0.30542391538619995
0.2903212606906891
0.30974748730659485
0.3470926880836487
0.45257702469825745
0.6681743264198303
0.35107332468032837
0.5522828102111816
0.6536793112754822
0.5418658256530762
0.3554612994194031
0.4974879324436188
0.9968667030334473
0.38698434829711914
0.5282412767410278
0.9235418438911438
0.45296913385391235
0.859657883644104
1.0396244525909424
0.882256031036377
0.8717544674873352
0.3715549409389496
0.9569929242134094
0.4283332824707031
0.663594126701355
0.4528444707393646
0.4506685733795166
0.8496254682540894
0.6128937005996704
0.777960479259491
0.6361015439033508
0.6362143754959106
0.5292717814445496
1.293530821800232
0.6897457242012024
0.5397523641586304
0.9463807940483093
0.6139950752258301
0.15100733935832977
0.4382149577140808
0.51523756980896
0.39593902230262756
0.2456318587064743
0.452536404132843
0.5359524488449097
0.7289184927940369
0.28696244955062866
0.8283208012580872
0.20625224709510803
0.4497736394405365
1.1750949621200562
0.5960777997970581
0.12845590710639954
0.5196437239646912
0.782964825630188
0.6178878545761108
0.5779287815093994
0.9953255653381348
0.6386772394180298
0.6552947759628296
0.5687873959541321
0.6967213153839111
0.21115601062774658
0.21560172736644745
0.4458082616329193
0.5919508934020996
0.44903889298439026
1.0203008651733398
0.8212926983833313
0.8594911694526672
0.20110753178596497
0.4822230339050293
1.3366700410842896
0.19400843977928162
0.6077210903167725
0.5827016830444336
0.27761110663414
0.3177646994590759
0.7388187050819397
0.8498646020889282
0.6341296434402466
0.37562161684036255
0.27060604095458984
0.3182872533798218
0.6599376797676086
0.6763345003128052
0.3915747404098511
0.6013554334640503
0.3499293625354767
0.9208442568778992
0.6190556287765503
0.2694510519504547
0.7195871472358704
0.2639651894569397
0.5994583368301392
0.3324281573295593
0.45105522871017456
0.7332723140716553
0.7142505645751953
0.3213808834552765
0.2608500123023987
0.6748009920120239
0.3366624116897583
0.5428290367126465
0.5946816205978394
1.5569788217544556
0.4498882293701172
0.44518357515335083
0.5864409804344177
0.9616116285324097
0.33350932598114014
0.3782626688480377
0.25450271368026733
0.5873891115188599
0.43003207445144653
0.43119555711746216
0.6506088376045227
0.5033957958221436
0.47921642661094666
0.5469471216201782
0.5560808777809143
0.6061525344848633
0.4781795144081116
0.9379962682723999
0.3816465437412262
0.504562258720398
0.6171355247497559
0.6117422580718994
0.6404036283493042
0.6192959547042847
0.3758803606033325
0.7081411480903625
0.5911068320274353
0.31173399090766907
0.3834041953086853
0.3950861990451813
0.8032916188240051
0.2412882298231125
0.46598654985427856
0.5870640277862549
1.2467689514160156
0.4266287386417389
0.8787798881530762
0.5064688920974731
0.5959997773170471
0.23923926055431366
1.2776250839233398
0.7895005345344543
0.3856578767299652
0.6751623153686523
0.44918936491012573
0.6094362139701843
0.484104722738266
0.6755841970443726
0.3560563921928406
0.5733981132507324
0.2554745078086853
0.4960292875766754
0.919821560382843
0.5209097862243652
0.6222844123840332
0.2778579592704773
0.2854328453540802
0.4588654935359955
0.5765206217765808
0.36488333344459534
0.5019314885139465
0.3444444239139557
0.5784929394721985
0.617720901966095
0.4358574450016022
0.5340161919593811
0.4023112654685974
0.8941172361373901
0.7538531422615051
0.452286958694458
0.7041062116622925
1.0344417095184326
0.5482897758483887
0.3924959599971771
0.5661742091178894
0.5990528464317322
0.47992968559265137
0.5643622875213623
0.3530976176261902
1.211601972579956
0.6227330565452576
0.5621978044509888
0.5226317644119263
0.5092248916625977
0.3231338858604431
0.4238355755805969
0.4835678040981293
0.9977508783340454
0.6123884320259094
0.3477579951286316
0.22295956313610077
0.6055573225021362
0.8454435467720032
0.6692624092102051
0.41683429479599
0.3262629508972168
0.3397887647151947
0.49037790298461914
0.4331285059452057
0.3880346715450287
0.5586802363395691
0.4402516484260559
0.7003331184387207
0.4955012798309326
0.5957101583480835
0.4960111081600189
0.5414706468582153
0.45492640137672424
0.5778608322143555
0.6076840162277222
0.4131714701652527
1.4955661296844482
0.6854420900344849
0.7427867650985718
0.8569623231887817
0.4775795042514801
1.0096080303192139
0.32043713331222534
0.9673059582710266
0.5455113649368286
0.2303873747587204
0.5580121278762817
0.6612178087234497
0.6566152572631836
0.5517088174819946
0.3262408375740051
0.43251317739486694
0.5142481923103333
0.4029335081577301
0.3767348527908325
0.20602092146873474
0.7790766358375549
0.3585094213485718
0.23755721747875214
0.44502073526382446
0.49992117285728455
0.1963258683681488
0.2896002531051636
0.8379226922988892
1.2101430892944336
0.6394365429878235
0.3558483123779297
0.3768730163574219
0.7063682079315186
0.6801225543022156
0.3604910373687744
0.5305460095405579
0.4541873037815094
0.4112032949924469
0.3262863755226135
0.9586678743362427
0.35608723759651184
0.8232656717300415
0.41515296697616577
0.5194225907325745
0.36602911353111267
0.3345932066440582
0.7840579748153687
0.5227800011634827
0.5000120997428894
0.7134052515029907
0.7544842958450317
0.31214579939842224
0.4887424409389496
0.8146101236343384
0.8028543591499329
0.5455684661865234
0.5672712326049805
0.16836625337600708
0.28767088055610657
0.3733159601688385
0.4576072692871094
0.4014506936073303
0.20333489775657654
0.20784711837768555
0.253255158662796
0.6281756162643433
0.4826888144016266
0.2632578909397125
0.2695973217487335
0.24820737540721893
0.6325197219848633
0.5250248908996582
0.5047162175178528
0.4164663851261139
0.6793476343154907
0.42860570549964905
0.6716352105140686
0.3043782114982605
0.42948246002197266
0.5790272951126099
0.6127200126647949
0.5294813513755798
0.4235822558403015
0.721173882484436
0.4101126790046692
0.24321767687797546
0.5451867580413818
0.4904579222202301
0.9768293499946594
0.21653661131858826
0.5631020665168762
0.5184060335159302
0.6419883370399475
0.28381386399269104
0.453268438577652
0.27766114473342896
0.38855522871017456
0.35953402519226074
0.3376961946487427
0.4474164843559265
1.1144174337387085
0.4063447415828705
0.7392973303794861
0.4757212996482849
0.28311687707901
0.4976416528224945
0.4647758901119232
0.2897975742816925
0.36759716272354126
0.2161085158586502
0.4678433835506439
0.45506030321121216
0.45535358786582947
0.47263580560684204
1.6158596277236938
