0.7668504118919373
0.45439743995666504
0.9250977635383606
0.5966811180114746
0.32615143060684204
0.4311095178127289
0.6297528147697449
0.49954503774642944
0.7676335573196411
0.32233673334121704
0.7172496914863586
0.5359413027763367
0.7698795199394226
0.44453907012939453
0.32559749484062195
0.6078733205795288
0.8636511564254761
0.7757346034049988
0.3329300880432129
0.7445696592330933
0.4823094308376312
0.4120211601257324
0.8871644735336304
0.39779797196388245
0.6410621404647827
0.32201245427131653
0.5347930192947388
0.24322597682476044
0.613722562789917
0.8710668683052063
0.6805036664009094
0.6686563491821289
0.3948126435279846
0.291780948638916
0.4694805145263672
0.5661472082138062
0.3149069547653198
0.28992608189582825
0.950969398021698
0.36850476264953613
0.6222676634788513
0.44279950857162476
1.333309531211853
0.43868762254714966
0.4617825448513031
0.5088275671005249
0.4706471860408783
0.5942242741584778
0.4646684527397156
0.5413192510604858
0.4942508339881897
0.3594096004962921
0.25774890184402466
0.4347385764122009
0.30459076166152954
0.2668941915035248
0.6498340368270874
0.9783229827880859
0.5519102811813354
0.20480188727378845
0.32304662466049194
0.9192028045654297
0.5279179811477661
0.48402220010757446
0.40265989303588867
0.3015047013759613
0.19996115565299988
0.29132145643234253
0.4655143618583679
0.28751492500305176
0.3072124123573303
0.6352386474609375
0.284218966960907
0.5555264353752136
0.536449134349823
0.28359800577163696
0.4646148681640625
0.6227337121963501
0.905046820640564
0.986065685749054
0.23388485610485077
0.7222451567649841
0.5324092507362366
0.5402988195419312
0.5423451662063599
0.5973499417304993
0.5312134623527527
0.5531754493713379
0.2116502821445465
0.4783514440059662
0.4760516583919525
0.4445168972015381
0.6922129392623901
0.449591726064682
0.3929775655269623
0.2870369553565979
0.39660489559173584
0.41955679655075073
0.3078800439834595
0.4440440535545349
0.2634134590625763
0.8663021326065063
0.6446729898452759
0.577699601650238
0.5767501592636108
1.668900728225708
0.8144739866256714
0.6904470324516296
1.402658224105835
0.6159852147102356
1.6151885986328125
0.9258279800415039
0.5468042492866516
0.9388467669487
0.799930214881897
1.0223861932754517
0.2271265983581543
0.6302109360694885
0.3545408248901367
0.9373190999031067
0.37735024094581604
0.6624190807342529
0.39192068576812744
0.5268120765686035
0.6426069140434265
0.32978326082229614
0.48132219910621643
0.36878377199172974
0.7673085927963257
0.5106235146522522
0.49007099866867065
0.549800455570221
0.8228299021720886
0.948324978351593
0.7684736847877502
0.688748836517334
0.39042702317237854
0.873582661151886
0.22786474227905273
0.7012469172477722
0.825222373008728
0.587422251701355
0.6234488487243652
0.9378787279129028
0.3894922733306885
0.41197866201400757
0.5270386338233948
0.3971216380596161
0.5108386278152466
0.36431020498275757
0.5173861980438232
0.37598952651023865
0.4264593720436096
0.3466521203517914
1.2222622632980347
0.7540550231933594
0.7816773653030396
0.3624440133571625
0.7032650709152222
0.3027525842189789
0.4024640917778015
0.6051281690597534
0.49606865644454956
0.20232410728931427
0.3639968931674957
0.625927209854126
0.21082524955272675
0.6593842506408691
0.2950337529182434
0.5387576818466187
0.8331928253173828
1.3799381256103516
0.7035809755325317
0.6668262481689453
0.2707865834236145
0.6628656387329102
0.7501299381256104
0.4652974009513855
0.22853021323680878
0.3297326862812042
0.4504799246788025
0.308600515127182
0.45995354652404785
0.3036821484565735
0.6024239659309387
0.5311959981918335
0.4671013355255127
0.29206761717796326
0.3529403805732727
0.32748809456825256
0.4985946714878082
0.567273736000061
0.5178086161613464
0.4686111509799957
0.8442375063896179
0.8327884674072266
0.673933207988739
0.27914947271347046
0.5086673498153687
0.5081828832626343
0.6656221151351929
0.6260722279548645
0.6277486085891724
0.5773729085922241
0.4020363688468933
0.35133790969848633
0.6213348507881165
0.3584304749965668
0.22410650551319122
0.7756890058517456
0.2836717963218689
0.512671947479248
1.0978548526763916
0.6156729459762573
0.667338490486145
0.5439170598983765
0.3059518337249756
0.49731478095054626
0.6821843981742859
0.4597034454345703
0.3906225562095642
1.0521714687347412
0.6026685833930969
0.3878762125968933
0.6114128828048706
1.1342064142227173
0.703930675983429
0.6362197399139404
0.5294357538223267
0.5039708614349365
0.38519957661628723
0.6988534927368164
0.2017006129026413
0.6980583071708679
0.5424636602401733
0.2620003819465637
0.47445687651634216
0.4556860029697418
0.5780521631240845
0.7428855299949646
0.3429569602012634
1.0192573070526123
0.8081342577934265
0.4417886734008789
0.5971177220344543
0.6473269462585449
0.4905416965484619
0.6001423001289368
0.6083995699882507
0.5222325921058655
0.47713369131088257
1.1560927629470825
0.5405063033103943
0.46193426847457886
0.7306429743766785
1.759756088256836
0.5216272473335266
0.3616214394569397
0.2795862853527069
0.558862030506134
0.36352670192718506
0.7850887179374695
0.8890304565429688
0.38166385889053345
0.4619882106781006
0.4313811659812927
0.4696480631828308
0.4412824511528015
0.6520917415618896
0.22684934735298157
0.21378803253173828
0.5459612607955933
0.6272344589233398
0.9553073644638062
0.5725674629211426
0.2521704435348511
0.7143527269363403
1.288191556930542
0.8863039016723633
0.6720551252365112
0.3513116240501404
0.3004707992076874
0.4528955817222595
0.5606191754341125
0.3123515248298645
0.5726054310798645
0.7612917423248291
1.1566616296768188
0.38096991181373596
0.718415379524231
0.616521954536438
0.6586446762084961
0.2830248475074768
0.5734776258468628
0.5844234228134155
0.3840160667896271
0.36371538043022156
0.5582681894302368
0.4870508313179016
0.3791469931602478
0.6666854619979858
0.5136705636978149
0.7085908055305481
0.44896745681762695
0.3253917098045349
0.33364683389663696
0.28737673163414
0.45745253562927246
0.3019465506076813
0.6807182431221008
0.4702242910861969
0.5159083008766174
0.47483769059181213
0.5909520387649536
0.7523314356803894
0.6146195530891418
0.4338602125644684
0.6679946184158325
0.6213671565055847
0.6089845895767212
0.6566945314407349
0.5282162427902222
0.266818106174469
0.5648282170295715
0.999618411064148
0.4419943690299988
0.5682514309883118
0.42179161310195923
0.42711740732192993
0.1944442093372345
0.6646646857261658
0.3055606484413147
0.5843774080276489
0.5353801250457764
0.8242624402046204
0.5956159830093384
0.11254002898931503
0.24308599531650543
