0.5499869585037231
0.46861809492111206
0.5747722387313843
0.5852939486503601
0.7732111215591431
1.1023778915405273
0.3951655626296997
1.0759179592132568
0.44872474670410156
0.3909672498703003
0.2954479455947876
0.9936992526054382
0.619621992111206
0.6593493223190308
0.6164821982383728
0.43463221192359924
0.5753613710403442
0.6718252897262573
1.0463157892227173
0.18384619057178497
0.5960262417793274
0.2663096785545349
0.4847896099090576
0.49991607666015625
0.29819217324256897
0.594943642616272
1.5322235822677612
0.4012826979160309
0.5116012096405029
0.4203640818595886
0.5996001958847046
0.3155827820301056
0.9442743062973022
0.7390554547309875
0.5951226353645325
0.5535459518432617
0.8082607388496399
0.2686602771282196
0.737862765789032
0.7387416362762451
0.47736597061157227
0.463123083114624
0.5207189321517944
0.33820897340774536
0.5023007988929749
0.6988115310668945
0.3439722955226898
0.44045916199684143
0.41711491346359253
0.6078037023544312
0.35334983468055725
0.527854323387146
0.7787761688232422
0.528103232383728
0.5710066556930542
0.9139928817749023
0.40414246916770935
0.6458388566970825
0.5784333348274231
0.7207797765731812
0.6281359791755676
0.39556941390037537
0.6162468194961548
0.30157357454299927
0.30970075726509094
0.6433836221694946
0.6845548748970032
0.981222927570343
0.3591582775115967
0.7898538708686829
0.666688084602356
0.28629469871520996
0.6219366788864136
0.7972332835197449
0.38022834062576294
0.2668127119541168
0.9280487895011902
0.3189846873283386
0.2693813443183899
0.5072493553161621
0.4184083938598633
0.35660165548324585
0.7657149434089661
0.5049839615821838
0.320254385471344
0.7010638117790222
0.5105423331260681
0.6711742281913757
0.5290972590446472
0.42998838424682617
0.24338066577911377
0.49910321831703186
0.5442532300949097
0.4322702884674072
0.3203577399253845
0.46510982513427734
0.31935909390449524
0.8307510614395142
0.9920889139175415
0.3468640446662903
0.5308328866958618
0.3672306537628174
0.2835415005683899
0.5248362421989441
0.47307905554771423
0.37063807249069214
0.5863994359970093
0.9651192426681519
0.697705864906311
0.4573897421360016
1.069922685623169
0.8879884481430054
0.46355491876602173
0.21672864258289337
0.957048773765564
0.7953784465789795
0.38784974813461304
0.45979243516921997
0.6435450315475464
0.27968066930770874
0.5552635192871094
0.5686101317405701
0.24456720054149628
0.3358583450317383
1.1726672649383545
0.3533785939216614
0.2805391848087311
1.14260995388031
0.34200596809387207
0.7904635667800903
0.33209699392318726
0.694147527217865
0.3841143250465393
0.5694324374198914
0.7823362946510315
0.5575112104415894
0.6799312829971313
0.4333737790584564
1.0956757068634033
0.6579394936561584
0.3093968331813812
0.5772096514701843
0.4230955243110657
0.741309642791748
0.2626553177833557
0.4101256728172302
0.45943060517311096
0.24603085219860077
0.40045270323753357
0.4376613199710846
0.49802446365356445
0.643346905708313
0.21442732214927673
0.8061663508415222
0.5769335627555847
1.1067311763763428
0.40869617462158203
0.2552388310432434
0.7492258548736572
0.8230305910110474
0.7541722059249878
0.5981296300888062
0.3427978754043579
0.23428073525428772
0.617202877998352
0.4475191533565521
0.5337709188461304
1.0036814212799072
0.33977097272872925
0.2147539108991623
0.3377934694290161
0.5565794110298157
0.6974540948867798
0.4242667257785797
0.7420841455459595
0.7556242346763611
0.5159273147583008
0.2959432005882263
0.5758618116378784
0.5982721447944641
0.8175932168960571
0.8455570340156555
0.6737072467803955
0.2737046778202057
0.29487186670303345
0.25660115480422974
0.34500569105148315
0.5583955645561218
0.6202261447906494
0.678207516670227
0.4391058087348938
0.6730644702911377
0.36723223328590393
0.5906279683113098
1.188462495803833
0.847511887550354
0.5084289312362671
0.500590980052948
0.4387100636959076
0.46373605728149414
0.13089850544929504
0.7528931498527527
0.5450619459152222
0.6661390662193298
0.3961196839809418
0.4582356810569763
0.6583966612815857
0.37685465812683105
0.22079762816429138
0.5629791021347046
0.764222264289856
0.461723655462265
0.42982038855552673
0.6584248542785645
0.2704332172870636
0.5902153849601746
0.530040442943573
0.44097375869750977
0.5929967761039734
0.4448510706424713
1.5051006078720093
0.472537100315094
0.6045526266098022
0.49551868438720703
0.561280369758606
0.5225180387496948
0.4340852200984955
0.5847392082214355
0.5532028675079346
0.483515202999115
1.3092180490493774
0.5367266535758972
0.5790958404541016
0.4619799256324768
0.8246297836303711
0.2177441418170929
0.30313748121261597
0.7575644850730896
0.531199038028717
0.3757951855659485
0.5002785921096802
0.19706937670707703
0.5684026479721069
0.7536899447441101
0.6259108781814575
0.4081639349460602
0.6670383810997009
0.5510264039039612
0.4646438956260681
0.5979145169258118
0.6332393288612366
0.4271964132785797
0.30321842432022095
0.6557426452636719
0.9328052401542664
0.629382848739624
0.25461992621421814
0.5853174924850464
0.6775810122489929
0.5954112410545349
0.2854343354701996
0.6221532821655273
0.26890283823013306
0.52006596326828
0.4954912066459656
0.6410667896270752
0.45391520857810974
0.6720913052558899
0.7523586750030518
0.5128641128540039
0.5037156343460083
0.452897846698761
0.45791640877723694
0.3415381610393524
0.7508007884025574
0.6774219274520874
0.576093852519989
0.3611043095588684
0.33901864290237427
0.9056383967399597
0.5098576545715332
0.5101407766342163
0.33486491441726685
0.8901078104972839
0.19115006923675537
0.42785072326660156
0.25189322233200073
1.1250969171524048
0.7367224097251892
0.477898508310318
0.5317435264587402
0.3373372554779053
0.7043391466140747
0.4036543369293213
0.3180471360683441
0.27896660566329956
0.4722651541233063
0.44582948088645935
0.8219559788703918
0.331926167011261
0.4740218222141266
0.6082231402397156
0.2354196012020111
0.36326736211776733
0.6751528978347778
0.5375481843948364
0.6333386301994324
0.7820355296134949
0.6123217344284058
0.5411653518676758
0.657805860042572
0.5638970136642456
0.46812424063682556
0.8265913128852844
0.32093554735183716
0.5154339075088501
0.6694635152816772
0.5862584114074707
0.3734486997127533
0.4229114055633545
0.7812327146530151
0.3482067584991455
0.5946904420852661
0.5422793626785278
0.9040766954421997
0.6053978800773621
0.3877809941768646
0.5592588782310486
0.5092008709907532
0.3390862047672272
0.5528910756111145
0.693348228931427
0.7736539244651794
0.9431169629096985
0.3277609646320343
0.859101414680481
0.5716835856437683
0.755841076374054
