0.7767248749732971
1.0957053899765015
0.4566251337528229
0.8471519351005554
0.6310367584228516
0.45469552278518677
0.956937313079834
0.8688521385192871
0.9769695401191711
0.7898684144020081
0.9061253666877747
0.9030634164810181
0.9548051953315735
0.8372003436088562
0.6518044471740723
1.128183364868164
0.6128431558609009
0.45379894971847534
0.947178840637207
0.7281559705734253
0.5773873329162598
0.991960883140564
0.8911042213439941
0.9739330410957336
1.3858174085617065
0.6732970476150513
1.1356213092803955
1.1568186283111572
0.871698260307312
0.6614855527877808
0.6257110834121704
0.5743024349212646
0.619819164276123
0.8819894790649414
0.5009530186653137
0.9833482503890991
0.9070038795471191
1.2164688110351562
0.7457987666130066
0.6517423391342163
1.1831884384155273
0.9062082171440125
0.7330045700073242
0.7815905809402466
0.9306629300117493
0.942528247833252
0.7025409936904907
0.5454963445663452
0.8174894452095032
0.48394322395324707
0.9234994053840637
0.9053753614425659
0.7504714131355286
0.90265953540802
0.9980953335762024
0.581419825553894
0.5345576405525208
1.4598941802978516
0.922846794128418
0.8765758275985718
0.544636607170105
0.8846393823623657
0.7679628133773804
0.6630866527557373
1.0001107454299927
0.7479932904243469
0.9788450002670288
0.8245950937271118
1.005998134613037
1.1421316862106323
0.7080985903739929
0.6444045305252075
0.6879479885101318
0.7327954173088074
0.8241196870803833
0.8188991546630859
1.1057817935943604
0.6382619738578796
0.6390454769134521
0.9365649223327637
0.9445003271102905
0.7749060392379761
0.8402754068374634
0.6585350036621094
0.5854897499084473
0.6694655418395996
0.8964687585830688
0.7051111459732056
0.8134525418281555
0.733762800693512
1.1152760982513428
0.5753540992736816
0.7421393990516663
0.8580373525619507
0.9182947278022766
0.4705929756164551
0.7586654424667358
0.5643292665481567
1.1010349988937378
0.667687177658081
0.9197667837142944
0.8133748173713684
0.35975438356399536
1.219038724899292
0.48824214935302734
0.7183152437210083
0.8610935211181641
0.7408612370491028
0.8001241683959961
0.5659785866737366
0.5257756114006042
0.632969319820404
1.4838491678237915
0.7875779867172241
0.6415802240371704
1.1898605823516846
0.7357147932052612
1.0905039310455322
0.8406673669815063
0.8556138277053833
0.9806364178657532
0.6974145770072937
0.7636798620223999
0.7310417890548706
0.7653034329414368
0.5690077543258667
1.187940001487732
0.6901518702507019
0.9733498692512512
0.9970117807388306
0.9089294672012329
0.6368224024772644
0.6082165241241455
0.7654376029968262
0.6669145822525024
0.8710980415344238
0.8837835192680359
0.6414018869400024
0.6371142268180847
0.5706225633621216
0.9640294313430786
0.5579549074172974
0.8306514620780945
0.8642135858535767
0.9868386387825012
1.4936684370040894
0.5836564898490906
0.8267399072647095
0.4747813642024994
0.7664221525192261
0.7483839392662048
1.2588249444961548
0.769507646560669
0.520349383354187
0.8252660036087036
1.2058690786361694
0.6470426321029663
0.7166639566421509
0.8069316744804382
0.7116724252700806
0.729171633720398
0.667488694190979
0.9039319157600403
0.8557711839675903
0.9692681431770325
1.2408952713012695
0.6097947359085083
0.6662803292274475
0.6542211771011353
0.5504093766212463
1.554492712020874
0.4035962224006653
0.56243497133255
0.7246875762939453
0.6131662726402283
0.7987350225448608
0.8304839134216309
0.9265214204788208
0.7144938707351685
0.8192432522773743
1.0022404193878174
1.2688977718353271
0.9475229382514954
0.7167713046073914
1.1112048625946045
0.8198580741882324
0.7790253162384033
0.499114990234375
0.9435951113700867
0.7211955785751343
0.7677189111709595
0.9149019122123718
1.0879831314086914
0.7928668260574341
0.8193987607955933
0.7181868553161621
0.7334873080253601
0.6140497326850891
0.6794997453689575
0.7642685174942017
0.6890461444854736
0.8123165369033813
0.752943217754364
0.8756895065307617
0.9611648321151733
0.7098232507705688
1.077101469039917
0.7927201390266418
0.6560583710670471
0.9424605369567871
1.0423409938812256
0.8146486282348633
0.7633675336837769
1.137677788734436
0.6857348680496216
0.5943391919136047
0.5611429214477539
0.5618654489517212
0.5729635953903198
0.7442688941955566
0.5294458270072937
0.9009214639663696
0.7783113718032837
1.0748367309570312
1.1637789011001587
0.8497298955917358
1.2858593463897705
1.039739966392517
0.6465449929237366
0.6616286635398865
0.7410422563552856
0.9966136813163757
0.5399152636528015
1.199098825454712
0.5966812372207642
1.1214648485183716
0.6094207763671875
0.762381911277771
0.998420238494873
0.6132775545120239
1.0665037631988525
0.6161470413208008
1.0365597009658813
1.0541276931762695
0.4322942793369293
1.2066185474395752
0.974082350730896
0.7324699759483337
1.143279790878296
0.8639957308769226
0.7158558964729309
1.1329352855682373
0.9827219247817993
0.8451379537582397
0.9586435556411743
1.0213488340377808
0.7522256970405579
0.8375023007392883
0.7621613144874573
0.8169893026351929
0.5577386021614075
0.5378605127334595
0.6187928318977356
0.8895710110664368
0.8564976453781128
0.8797518014907837
0.9161435961723328
0.8567028045654297
0.7126156091690063
0.6182278990745544
0.9449658393859863
0.8947396278381348
1.0417463779449463
0.9481460452079773
0.6205000877380371
0.8512458801269531
0.7381656169891357
0.796318531036377
0.8197752833366394
0.821485161781311
0.7667004466056824
0.7973337769508362
0.88807612657547
0.8585950136184692
0.4951167702674866
0.7465073466300964
0.6892616748809814
0.7406697869300842
0.639416515827179
0.7872918844223022
0.594734787940979
0.8862255811691284
1.1137549877166748
1.1692851781845093
1.0045135021209717
0.6268683671951294
0.7131455540657043
0.7300717234611511
1.1511247158050537
0.5277574062347412
0.8664558529853821
1.0117595195770264
0.5855935215950012
0.7675248384475708
0.8484237790107727
0.7420592904090881
1.075317144393921
0.5321801900863647
0.861487865447998
0.5384597182273865
0.7067386507987976
0.8638580441474915
0.6011970043182373
1.4451818466186523
0.49949830770492554
0.7376859784126282
0.9738160967826843
0.7555650472640991
0.7220731377601624
0.6626280546188354
0.7360450625419617
0.5276923179626465
0.8784435391426086
0.6914848685264587
0.6796080470085144
0.9172957539558411
0.962496280670166
1.3476545810699463
1.1810373067855835
0.7518050074577332
0.5308603048324585
0.98430335521698
0.7134822607040405
0.7290951013565063
0.6215735077857971
0.5717489123344421
0.9576276540756226
1.1717010736465454
