0.41998767852783203
0.4839218556880951
0.29662081599235535
0.3472711443901062
0.528377890586853
0.6834452748298645
0.3324236571788788
0.7470597624778748
0.2728702127933502
0.2022593468427658
0.7418369650840759
0.6328185796737671
0.4529348909854889
0.4414811134338379
0.6117839217185974
0.6370114088058472
0.3620159327983856
0.6888716220855713
0.3251180946826935
0.8387559056282043
0.30419689416885376
0.5676641464233398
1.181929111480713
0.34269091486930847
0.5678811073303223
0.2242383509874344
0.8828907012939453
0.6559292674064636
0.35150226950645447
0.48161521553993225
0.43843239545822144
0.6166390180587769
0.46903544664382935
0.76683509349823
0.16606192290782928
0.5966206789016724
0.4712623059749603
0.5028931498527527
0.8951446413993835
0.3395404517650604
0.3311152458190918
0.17091622948646545
0.2832440435886383
0.7668421864509583
0.982222855091095
0.8681306838989258
0.4284852147102356
0.8482223749160767
0.7124239802360535
0.3005240559577942
0.2838343679904938
0.22204425930976868
0.5261343121528625
1.0440218448638916
0.43899044394493103
0.15305079519748688
0.44156432151794434
0.47056588530540466
0.270554780960083
0.27163901925086975
0.4905414581298828
0.7292286157608032
0.4067121148109436
0.36329421401023865
0.5955256223678589
0.5252791047096252
0.4224066734313965
0.5899642109870911
0.7403037548065186
0.5259246826171875
0.7603076696395874
0.852319061756134
0.4536357820034027
0.9707962870597839
0.3760763108730316
0.8553524017333984
0.165479376912117
0.4086562991142273
1.3544282913208008
0.19243140518665314
0.38368263840675354
0.6362110376358032
1.0945371389389038
0.38184648752212524
1.1470263004302979
0.6531656384468079
0.2434425801038742
0.4669313430786133
0.39904478192329407
0.5701848268508911
0.8218008875846863
0.8827104568481445
0.6416319012641907
1.1023225784301758
0.6937617063522339
0.35596758127212524
1.1058896780014038
0.34057238698005676
0.2434113472700119
0.2599777281284332
1.1148207187652588
0.6604698896408081
0.573175311088562
0.59212327003479
0.8018804788589478
0.8436500430107117
0.47439098358154297
0.6647537350654602
0.6905747652053833
0.2773352861404419
0.4982670843601227
0.5043779611587524
0.5712076425552368
0.38095998764038086
0.5794130563735962
0.9667562246322632
0.6943124532699585
0.8890527486801147
0.6190229058265686
0.7208215594291687
1.124474048614502
0.5676013231277466
0.22980985045433044
0.8366107940673828
1.209607481956482
0.37720710039138794
0.8120926022529602
0.3168802261352539
0.5715169906616211
0.9741735458374023
0.39522746205329895
0.5969494581222534
0.47268885374069214
0.28564924001693726
0.2600880563259125
1.1149189472198486
0.5519944429397583
0.5679438710212708
0.3262048065662384
0.4789617657661438
0.2393212616443634
0.9523723721504211
0.3088478744029999
0.545258104801178
0.6490994691848755
0.3393416106700897
0.4500822126865387
0.7247812151908875
0.49192649126052856
0.9775294065475464
0.50799161195755
0.44389477372169495
0.8039148449897766
0.18303954601287842
0.603110671043396
0.7575268745422363
0.7103786468505859
0.1952574998140335
0.17920991778373718
0.7492445707321167
0.30176979303359985
0.8426211476325989
0.3333055377006531
0.3053660988807678
0.4557194709777832
0.1874401867389679
0.23838643729686737
0.5542155504226685
0.570787250995636
0.34896430373191833
0.29027441143989563
0.5505110025405884
0.42236328125
0.3439813256263733
0.7129849195480347
0.3419714570045471
0.17303025722503662
0.4873029589653015
0.4353119730949402
0.4358533024787903
0.5979461669921875
0.28470849990844727
0.5187978744506836
0.6428720951080322
0.40447720885276794
0.2606331706047058
0.35013943910598755
0.47109928727149963
0.5479229092597961
0.39196309447288513
0.6372547149658203
0.3232998847961426
0.3422479033470154
0.32140985131263733
0.6219865083694458
0.6683779358863831
0.7234926223754883
1.023941993713379
0.289370596408844
0.7443040013313293
0.7616243958473206
0.5907824635505676
0.43439435958862305
1.2022805213928223
0.7525058388710022
0.3596755564212799
0.4942479729652405
0.6053227782249451
0.34475213289260864
0.6928358674049377
0.3089379668235779
0.5171456336975098
0.29910391569137573
0.9925416111946106
0.34540706872940063
0.260226309299469
0.3626473546028137
0.6427203416824341
0.5499371886253357
0.7110050916671753
0.4035109877586365
0.3348202109336853
0.8976327180862427
0.45960378646850586
0.5293838381767273
0.4004056453704834
0.9867789149284363
0.5779579877853394
0.3952881097793579
0.8964530229568481
0.8051899075508118
0.5536076426506042
1.0474741458892822
0.4300715923309326
0.4835066795349121
0.6698030233383179
0.4421786367893219
1.375645399093628
0.5381566882133484
1.054251790046692
0.5030516386032104
0.6459990739822388
0.5255256295204163
0.58717280626297
0.37237754464149475
0.7004021406173706
0.3991577625274658
0.31772011518478394
1.2351500988006592
0.8709033131599426
0.3667425513267517
0.4541272521018982
0.5119272470474243
0.34863582253456116
0.5995875000953674
0.6444641351699829
1.0062698125839233
0.2329726666212082
0.29654058814048767
0.1916295737028122
0.6633961796760559
0.5257448554039001
0.5814601182937622
0.5305007696151733
0.540397584438324
0.42145127058029175
0.8103855848312378
0.64555823802948
0.35653847455978394
0.5563989281654358
0.8591321706771851
0.9708508253097534
1.1110893487930298
0.46756115555763245
0.472683846950531
0.4875490069389343
0.4674772620201111
0.5813829302787781
0.19913876056671143
0.4125141203403473
0.756333589553833
0.754934549331665
0.4569500982761383
0.718528151512146
0.5235421061515808
0.4701968729496002
0.3414326608181
0.35888808965682983
0.4900141656398773
0.24743907153606415
0.33021610975265503
0.8173840641975403
0.37583354115486145
0.6274136304855347
0.40716537833213806
0.34639763832092285
0.6694172620773315
0.6032746434211731
0.3577561676502228
0.6966140866279602
0.5207115411758423
0.34153062105178833
0.33249521255493164
0.4018060564994812
0.495805025100708
0.42595386505126953
0.4098680019378662
0.5090230107307434
0.45788413286209106
0.5045856237411499
0.7276100516319275
0.5925906896591187
0.39113566279411316
0.30440855026245117
0.4579935073852539
0.2248135507106781
0.5969024896621704
0.41219502687454224
0.965408444404602
0.6519118547439575
0.43686145544052124
0.7500945329666138
1.5741004943847656
0.6522558331489563
0.9613310098648071
0.7870746850967407
0.8655894994735718
0.7107522487640381
0.909284234046936
0.5146978497505188
0.3920046091079712
0.364616334438324
0.4384017586708069
0.6546137928962708
0.42584028840065
0.6321122050285339
0.46728259325027466
1.3057111501693726
