0.4109000265598297
0.28327077627182007
0.3800815939903259
0.2909550070762634
0.5869898796081543
0.8915921449661255
0.38419196009635925
0.3106217384338379
1.0859886407852173
0.4449752867221832
0.2599482536315918
0.31445273756980896
0.4719109535217285
0.4454151690006256
1.6174240112304688
0.5602536797523499
0.26282602548599243
0.5863561630249023
0.41655802726745605
0.23416295647621155
0.8622411489486694
0.728549063205719
0.5220208168029785
0.6345197558403015
0.3117751479148865
0.20327500998973846
0.3711891770362854
0.9230571985244751
0.640231728553772
0.472806841135025
0.47693461179733276
0.5150587558746338
0.7373654246330261
1.1598080396652222
0.6423088312149048
0.38223996758461
0.31446945667266846
0.5792606472969055
0.8248098492622375
0.3353435695171356
0.5964099168777466
0.3106021583080292
0.28796133399009705
0.22717109322547913
0.6551392078399658
0.5843507647514343
0.38844984769821167
0.2686249613761902
0.8104280233383179
0.3869597911834717
0.803342342376709
0.4122813642024994
0.2987987995147705
0.4566616117954254
0.34398654103279114
0.8925417065620422
0.4200722575187683
0.14518506824970245
0.6720004081726074
0.3124070167541504
0.3117678761482239
0.6091192960739136
1.083387017250061
0.5791969299316406
0.33165493607521057
0.29682669043540955
0.5162141919136047
0.24962404370307922
0.35673463344573975
0.5059179663658142
0.3579864203929901
0.4796743392944336
0.42397770285606384
0.7394503355026245
0.5348220467567444
0.7902886271476746
0.6241880655288696
0.6820806264877319
0.5877571105957031
0.3736899495124817
0.5056330561637878
0.2688360810279846
0.7666439414024353
0.3833324611186981
0.598157525062561
0.613157331943512
0.4962615966796875
0.3382002115249634
0.8813055753707886
0.347665011882782
0.316140353679657
0.7349527478218079
0.3104040026664734
0.34001150727272034
0.6493828892707825
0.2809504270553589
0.42757564783096313
0.6991273760795593
0.26725777983665466
0.37996363639831543
0.37675029039382935
0.6827447414398193
0.4920777380466461
0.49528583884239197
0.5861384868621826
0.3462604284286499
0.5626624226570129
0.5906234979629517
0.48963993787765503
0.6537167429924011
0.33117562532424927
0.41113004088401794
0.3995448648929596
0.3911149799823761
0.5735133290290833
0.583804726600647
0.8683358430862427
0.818071722984314
0.37624818086624146
0.1582564115524292
0.5674720406532288
0.45880526304244995
0.5534857511520386
0.6597942113876343
0.6074278354644775
1.1190317869186401
0.6794648170471191
1.1288808584213257
0.5152495503425598
0.3794823884963989
0.6639870405197144
0.458782434463501
0.36025696992874146
0.6958445310592651
0.4703008532524109
0.4051477909088135
0.6004199385643005
0.5567471385002136
0.4432167112827301
0.48973870277404785
0.6837035417556763
0.9448933601379395
0.3375571370124817
0.5668290257453918
0.7464114427566528
0.6593729257583618
0.7492529153823853
0.5545307397842407
0.5673154592514038
0.5444069504737854
0.6946651935577393
0.44749918580055237
0.46974068880081177
0.2980356514453888
0.506563663482666
0.4435352683067322
0.4175904393196106
0.5584991574287415
0.6996418237686157
0.4124426245689392
0.6157218813896179
0.6229393482208252
0.736524224281311
0.32469242811203003
0.18925371766090393
0.28857043385505676
0.5205402374267578
0.3779343068599701
0.2884983420372009
0.2070630043745041
0.4646623134613037
0.6834090352058411
0.7160429954528809
0.4449697434902191
0.40294456481933594
0.42836838960647583
0.33474886417388916
0.39628171920776367
0.6928955912590027
0.36718881130218506
0.1997646987438202
0.30199721455574036
0.8649552464485168
0.898997962474823
0.49603205919265747
0.34847351908683777
0.26756054162979126
0.832445502281189
0.7660175561904907
1.0338828563690186
0.5853459239006042
0.9661813974380493
0.39612072706222534
0.9996576309204102
0.47568875551223755
0.6965046525001526
0.7549559473991394
0.38932666182518005
0.4596347212791443
0.2977956235408783
0.6428455114364624
0.4117952287197113
0.314310222864151
0.25759178400039673
0.7559744715690613
0.3979964852333069
0.4459405839443207
1.0727251768112183
0.5292333364486694
0.8296424150466919
0.47094792127609253
0.26053518056869507
0.37444043159484863
0.7448251247406006
0.6609424352645874
0.3355412483215332
0.4745829701423645
0.45827215909957886
1.0251328945159912
0.7649933695793152
0.3130034804344177
0.4750937819480896
0.48229479789733887
0.5172809362411499
0.43616700172424316
1.0300242900848389
0.5044158101081848
0.3877394199371338
0.46785059571266174
0.29795122146606445
0.640773355960846
0.6134198307991028
0.6606153845787048
0.645412266254425
0.34668415784835815
0.6073978543281555
0.19599954783916473
0.718480110168457
0.4096492826938629
0.8928478956222534
0.3492438495159149
0.5048103332519531
0.6016765832901001
0.33798515796661377
0.6313084363937378
0.5692890882492065
0.8446033596992493
0.6720181703567505
0.7065237760543823
0.3633362054824829
0.35595962405204773
0.22236044704914093
1.1385921239852905
0.48457518219947815
0.2769389748573303
0.3040672540664673
0.6031759977340698
0.2498970478773117
0.808174729347229
1.1770797967910767
0.46924734115600586
0.5916833877563477
0.8147009015083313
0.3365495800971985
0.49921292066574097
0.37917596101760864
0.7535448670387268
0.9436063766479492
0.369037389755249
0.5449496507644653
0.5552313923835754
1.9318290948867798
0.8800451159477234
0.9698041677474976
1.2375831604003906
0.5236991047859192
0.6841424107551575
0.49617093801498413
0.5858926773071289
0.5947189331054688
0.264827162027359
0.38591688871383667
0.35874590277671814
0.24614563584327698
0.9026737213134766
0.20746417343616486
0.5249208211898804
0.624299943447113
0.539282500743866
0.6190723180770874
0.4600141644477844
0.948879599571228
0.2614975869655609
0.4752037525177002
0.608362078666687
0.4210207462310791
0.7003992199897766
0.46287184953689575
0.14824247360229492
0.5049699544906616
0.8546648025512695
0.3623203635215759
0.3991699814796448
0.542452335357666
0.5134543180465698
0.4183564782142639
0.5456379055976868
0.23153015971183777
0.3117177486419678
0.24204130470752716
0.675356924533844
0.10752810537815094
0.6520763039588928
0.37537142634391785
0.5564666986465454
0.6134727597236633
0.772447407245636
0.2737731337547302
1.2098419666290283
0.6321941614151001
0.5182779431343079
0.564169704914093
0.4507931172847748
0.3851551115512848
0.7431162595748901
0.22809132933616638
0.43837109208106995
0.6919354200363159
0.38832229375839233
0.5338469743728638
0.49572545289993286
0.8983397483825684
0.40055006742477417
0.5652477145195007
0.8087396621704102
0.6107743382453918
0.500247597694397
0.7030129432678223
