0.5659455060958862
0.5694466233253479
0.3624287247657776
0.37363582849502563
0.44729867577552795
0.7638710737228394
0.3837757706642151
0.449572890996933
0.38608911633491516
0.5259783864021301
0.42538079619407654
0.43044549226760864
0.6322454810142517
0.2651151418685913
0.5867990255355835
0.8758395910263062
0.619957685470581
0.8371308445930481
0.5032709240913391
1.3886901140213013
0.4648536741733551
0.38752442598342896
0.4176620543003082
0.354788601398468
0.6652423143386841
0.30247873067855835
0.6610562205314636
0.5909025073051453
0.9459492564201355
0.5384812951087952
0.49310630559921265
0.29784828424453735
0.654403567314148
0.4300606846809387
0.5368046164512634
0.36938849091529846
0.4688907563686371
1.0224015712738037
0.4012015461921692
0.330353319644928
1.186095952987671
0.2180783450603485
0.8683859705924988
0.7934449911117554
0.4347935616970062
0.4017217755317688
0.4398128390312195
0.4862403869628906
0.36073023080825806
0.2887221574783325
0.8114237785339355
0.6020344495773315
0.49878326058387756
0.6164769530296326
0.3176235258579254
0.301440566778183
0.604465663433075
0.5492827892303467
0.45489683747291565
0.40228909254074097
0.511994481086731
0.3431546688079834
0.8340975642204285
0.42220982909202576
0.22237002849578857
0.2915393114089966
0.44770947098731995
0.7810013890266418
0.4831961691379547
0.6422958374023438
0.4846944808959961
0.5449146032333374
1.689596176147461
0.38507080078125
0.6067906618118286
0.5510842204093933
0.24743230640888214
0.1586395651102066
0.48302707076072693
0.7457353472709656
0.9191173315048218
0.7955924272537231
0.40565985441207886
1.1044795513153076
0.5985597372055054
0.4133455753326416
0.4091016352176666
0.5846234560012817
0.4674970507621765
1.0115987062454224
0.35510462522506714
0.5628150701522827
0.3586544692516327
0.43432751297950745
0.32305166125297546
0.7549580335617065
0.7161508798599243
0.37406495213508606
0.28517812490463257
0.628903329372406
0.6423512101173401
0.6381622552871704
0.46262326836586
0.6593143343925476
0.4644845128059387
0.4277260899543762
0.4843510687351227
0.7887023687362671
0.2089451551437378
0.3851334750652313
0.22221335768699646
0.5361519455909729
0.5420311093330383
0.7814301252365112
0.24386700987815857
0.35669583082199097
0.43326568603515625
0.12081041187047958
0.5129423141479492
0.32850509881973267
0.293138325214386
0.7182726860046387
0.7549358606338501
0.4255058765411377
0.6347306370735168
0.208064004778862
1.2623966932296753
0.4138825535774231
0.2642395794391632
0.5394835472106934
0.6348003149032593
0.5729009509086609
0.5093380212783813
0.40540170669555664
0.21838632225990295
0.3951718211174011
0.9723812341690063
0.6689431071281433
0.38879311084747314
0.337649405002594
0.6252442598342896
1.0487148761749268
0.8845760226249695
0.4970150887966156
0.8349417448043823
0.31446030735969543
0.3223932385444641
0.7561661005020142
0.3716762363910675
0.5042396783828735
0.444321870803833
0.6411647796630859
0.7671418190002441
0.518013060092926
0.5804290175437927
0.2289733588695526
0.4314599931240082
0.706443190574646
0.6503236889839172
0.1821746528148651
0.25447168946266174
0.38140392303466797
1.2268352508544922
0.592878520488739
0.9639673233032227
0.5004101395606995
0.9139469861984253
0.5412089824676514
0.47520947456359863
0.481041818857193
0.1848413497209549
0.513790488243103
0.7780696153640747
0.5037004351615906
0.9510723352432251
1.1973611116409302
0.431138813495636
1.265709638595581
0.20647184550762177
0.41285714507102966
0.5058926343917847
0.6226388216018677
0.791480541229248
1.3445014953613281
0.6867871284484863
0.6206793785095215
0.27139100432395935
0.5149009227752686
0.9319750070571899
0.27977827191352844
0.30011922121047974
0.3470747172832489
0.27056679129600525
0.2539033889770508
0.26676931977272034
0.7205132246017456
0.7066847085952759
0.6340371370315552
0.41157644987106323
0.6484811305999756
0.6789869070053101
0.3401035666465759
0.461773157119751
1.0626217126846313
0.9784743189811707
0.6902269124984741
0.5765917897224426
0.8075715899467468
0.6266216039657593
0.6814337968826294
1.1127278804779053
0.2286044806241989
0.3389432430267334
0.4996386468410492
0.599479615688324
0.4373815655708313
0.4463217258453369
0.15075869858264923
0.4664187431335449
0.40989431738853455
0.34877514839172363
0.4369339048862457
0.4492080807685852
0.9816060066223145
0.6824910640716553
0.4241787791252136
0.7327197194099426
0.7212838530540466
0.759682834148407
0.3194386661052704
0.5174663662910461
0.36582323908805847
0.20403626561164856
0.14308974146842957
0.3193737268447876
0.24209389090538025
0.6281863451004028
0.637401282787323
0.5731534957885742
0.41047725081443787
0.5551332831382751
0.36246398091316223
1.4640591144561768
0.5386965274810791
0.7600135803222656
0.2847890257835388
0.3700154423713684
0.5793286561965942
0.7445542216300964
0.8781994581222534
0.36273351311683655
0.6182451844215393
0.8337918519973755
0.6826448440551758
0.5291957855224609
0.4819067120552063
0.4087257385253906
0.5961087346076965
0.479936420917511
0.35286909341812134
0.5948423147201538
0.30832386016845703
0.3255678117275238
0.36489591002464294
0.5357664823532104
0.5077847242355347
0.6787311434745789
0.4107503890991211
0.5622113943099976
0.7839212417602539
0.3558824360370636
0.4066435694694519
0.6621062755584717
0.5226510167121887
0.419116348028183
0.5061262845993042
0.3030650019645691
0.5265547037124634
0.46255892515182495
0.27119460701942444
0.5356903672218323
0.3070015609264374
0.7885358929634094
0.4341927468776703
0.5123530626296997
0.9051448106765747
0.5585302114486694
0.4929529130458832
0.634041965007782
0.44136476516723633
0.29953545331954956
0.3659275770187378
0.9983526468276978
0.7851132154464722
0.7576532363891602
0.7588603496551514
0.2797885537147522
0.5236049890518188
0.6091757416725159
0.584248423576355
0.9013835191726685
0.48606282472610474
0.7349909543991089
0.7282713055610657
0.3845151364803314
0.5311098694801331
0.6446765661239624
0.7641876935958862
0.868198037147522
0.7772473096847534
0.386624813079834
0.4072166383266449
0.8777265548706055
0.8728424310684204
0.4427374005317688
0.6428147554397583
0.7378506660461426
0.5738750100135803
0.4983072280883789
0.49736255407333374
0.3983476161956787
0.22097830474376678
0.21608683466911316
0.5204639434814453
0.5482608675956726
0.4012855887413025
0.45285114645957947
0.43356338143348694
0.32259973883628845
0.6482924818992615
0.4233514666557312
0.7028734087944031
0.6157609224319458
0.9369596242904663
0.33142104744911194
0.4036482870578766
0.8976944088935852
0.5439961552619934
