0.8846181631088257
0.5400400757789612
0.49516135454177856
0.5481463670730591
0.8437660932540894
0.2893056273460388
0.16388127207756042
0.5874477624893188
0.7971928715705872
1.2178007364273071
0.735572338104248
0.760217547416687
0.5222766399383545
0.4879313111305237
0.6455240845680237
0.6044505834579468
0.5333855748176575
0.42629021406173706
0.6954522132873535
0.34758514165878296
0.7600703239440918
0.31460267305374146
0.27961477637290955
0.3281199634075165
0.21117126941680908
0.625031054019928
0.34658679366111755
0.9580262303352356
1.107717752456665
0.30215877294540405
0.6544889211654663
0.2115103304386139
0.4487757682800293
0.3131120800971985
0.4020706117153168
0.47903138399124146
0.28479528427124023
0.4688704013824463
0.7892277836799622
0.29457026720046997
0.6224089860916138
0.5956419706344604
0.46623867750167847
0.3464689254760742
0.5890587568283081
0.8700510859489441
0.4503849148750305
0.7543448209762573
0.6100594401359558
0.5781552195549011
0.34470614790916443
0.36753225326538086
1.030888557434082
0.387201726436615
0.37944045662879944
0.4872400164604187
0.2832106649875641
0.9708151817321777
0.42393213510513306
0.2865239381790161
0.4505345821380615
0.6457003355026245
0.3495645523071289
0.6208128929138184
0.42666512727737427
0.2644752264022827
0.30795031785964966
0.8016813397407532
0.2582545280456543
0.33933523297309875
0.6951502561569214
0.5536050796508789
0.3503546118736267
0.351127952337265
0.9139330983161926
0.6369296908378601
0.1557299643754959
0.8201829195022583
0.36799535155296326
0.7743221521377563
0.4055134654045105
0.9496420621871948
0.35928580164909363
0.36331069469451904
0.517371654510498
0.29672151803970337
0.7592719793319702
0.4742307662963867
0.5101979970932007
0.13121150434017181
0.5252504348754883
0.6150776147842407
0.4172857403755188
0.2653134763240814
0.6544543504714966
0.6784932017326355
0.35856544971466064
0.6046872735023499
0.22432518005371094
0.8650056719779968
0.7872626781463623
0.20499901473522186
0.3481144905090332
0.3504484295845032
0.3601340055465698
0.3683027923107147
0.48110780119895935
0.2721271812915802
0.5930922031402588
0.6169746518135071
0.3867979645729065
0.26685595512390137
0.7520250678062439
0.22558613121509552
0.41947275400161743
0.5311031937599182
0.35083961486816406
0.3786275088787079
0.4931723475456238
0.7480441927909851
0.32424330711364746
0.20719560980796814
0.487750381231308
0.6489177942276001
0.4626130163669586
0.36434102058410645
0.29745256900787354
0.3372346758842468
0.7396990656852722
0.3698766827583313
0.27599191665649414
0.7781406044960022
0.614945113658905
0.8064548373222351
0.6570206880569458
0.6446821093559265
0.6997264623641968
0.18982431292533875
0.39825597405433655
0.532225489616394
0.3361925482749939
0.3551331162452698
0.7446582913398743
0.7799257636070251
0.3854394257068634
0.6649973392486572
0.7849583625793457
0.9461541175842285
0.6781611442565918
0.3646215498447418
0.5648401975631714
0.8269461393356323
0.43528565764427185
0.5115116834640503
0.5154527425765991
1.1684787273406982
0.4718800187110901
0.47751933336257935
0.4753255844116211
0.5465158224105835
0.26850050687789917
0.27978676557540894
0.3252035975456238
0.3395562171936035
0.6377754211425781
0.633979320526123
0.5815291404724121
0.5431906580924988
0.5251315832138062
0.7173911929130554
0.5123306512832642
1.045793890953064
0.7567065358161926
0.6615418791770935
0.9332199096679688
0.6211810111999512
0.4898298382759094
0.2508314251899719
0.3676254153251648
0.8081163167953491
0.6252351999282837
0.3943904638290405
0.6335916519165039
0.23243829607963562
0.2490377426147461
0.19027549028396606
0.5722311735153198
0.4638151228427887
0.4478612542152405
0.29852432012557983
0.4695645868778229
0.5570462346076965
0.8332112431526184
0.4640810489654541
0.7573588490486145
0.5647106170654297
0.6858578324317932
0.3671804368495941
0.7418079376220703
0.28321680426597595
0.5282727479934692
0.39392992854118347
0.53369140625
0.27007389068603516
0.9750024080276489
0.5690348148345947
0.34185880422592163
0.7498708963394165
0.32374677062034607
0.8564575910568237
0.3414585292339325
0.23869414627552032
0.48182886838912964
0.4725223481655121
0.2770199477672577
1.3338468074798584
0.5560563802719116
0.4274858832359314
0.539793848991394
0.3343106508255005
0.5246290564537048
0.5030220746994019
0.3445153832435608
0.5287477374076843
0.20407676696777344
0.37269771099090576
0.3333391845226288
1.3402940034866333
0.44330185651779175
0.48005276918411255
0.18608152866363525
0.38440054655075073
0.5975618958473206
0.29369959235191345
0.9112361669540405
0.8090894818305969
0.41021037101745605
0.609677791595459
0.5129792094230652
0.5586627721786499
0.7552106976509094
0.8517144918441772
0.26490476727485657
0.7110138535499573
0.5371006727218628
0.5105627179145813
0.6243560910224915
0.29011180996894836
0.8110675811767578
0.4559601843357086
0.5183509588241577
0.338697612285614
0.6710416674613953
0.5047387480735779
0.24625074863433838
0.3926796317100525
0.39319664239883423
0.440652996301651
0.45180124044418335
0.36303630471229553
0.21280355751514435
0.1992361843585968
0.397203654050827
0.5466452836990356
0.4451189935207367
0.5219791531562805
0.40708598494529724
0.7683669328689575
0.37450650334358215
0.960594654083252
0.5858641862869263
0.5334469079971313
0.36246299743652344
0.5579376816749573
0.34759020805358887
0.8121191263198853
0.4962274432182312
1.142234444618225
0.47942671179771423
0.8235645294189453
0.5730644464492798
0.9393142461776733
0.46774858236312866
0.4476655125617981
0.21254320442676544
0.9041373133659363
0.34540292620658875
0.38052454590797424
0.6115973591804504
0.5185028910636902
0.5687235593795776
0.28469038009643555
0.19941052794456482
0.3026694357395172
0.9462366104125977
0.3548561930656433
0.706835925579071
0.35057953000068665
0.5402305722236633
0.6665962338447571
0.3180515766143799
0.38720136880874634
0.6280233860015869
0.5539601445198059
0.41461381316185
0.2629247307777405
0.669669508934021
0.6764202117919922
0.5027846097946167
0.8628193736076355
0.44093552231788635
0.5046759843826294
0.5099015831947327
0.257544606924057
0.41183242201805115
0.4971868097782135
0.4480225443840027
0.5697376728057861
0.21431699395179749
0.640415370464325
0.7339683771133423
0.15760688483715057
0.5886495113372803
0.6634784936904907
0.6123903393745422
0.3677578568458557
0.4141155183315277
0.43248921632766724
0.39282941818237305
0.5429650545120239
0.990684986114502
0.7056968808174133
0.3843463659286499
0.7043754458427429
0.7052533626556396
0.6747317910194397
0.472342312335968
1.1606305837631226
