0.19683541357517242
0.4825967252254486
0.48543253540992737
0.36899757385253906
1.5208511352539062
0.6875823140144348
0.5279658436775208
0.4531481862068176
0.19476017355918884
0.36987125873565674
0.4455489218235016
0.606895923614502
0.347632497549057
0.18944604694843292
0.6443606615066528
0.5331817865371704
0.8414088487625122
0.6753033399581909
0.38805124163627625
0.49463948607444763
0.6155202388763428
0.5622574687004089
0.711347222328186
0.20586319267749786
0.23813417553901672
0.6562093496322632
0.43585118651390076
0.7107024192810059
0.2775095999240875
0.5152735710144043
1.0570056438446045
0.33785879611968994
0.4917337894439697
0.2978731393814087
0.4286096692085266
0.2403724640607834
0.5856510400772095
0.3940829634666443
0.5670346021652222
0.6444509029388428
0.3634093701839447
0.420813649892807
0.4087008535861969
0.3958548307418823
0.3169018626213074
0.4427304267883301
0.3521614074707031
0.6636242866516113
1.003042221069336
0.7008641958236694
0.24772223830223083
0.4199804365634918
0.18541133403778076
0.5681166052818298
0.35482531785964966
0.575747013092041
0.29088807106018066
0.2494102418422699
0.7056049108505249
0.4393366277217865
0.2388639897108078
0.6259647607803345
0.2252325713634491
0.3847498893737793
0.44412946701049805
0.8522361516952515
1.164358139038086
0.45593518018722534
0.5982111692428589
0.5062081217765808
0.3843022882938385
0.3421176075935364
0.22414684295654297
0.4284195005893707
0.7386854887008667
0.5341980457305908
0.3809489607810974
0.9415421485900879
1.1516658067703247
0.7015252113342285
0.6132338643074036
0.48070254921913147
0.2975411117076874
0.6668292284011841
0.33997422456741333
0.5347756743431091
0.9514845013618469
0.22931937873363495
0.5735752582550049
0.23078493773937225
0.6620743870735168
0.2927170693874359
0.3915092349052429
0.5464456081390381
0.41557472944259644
0.47719430923461914
0.5788270831108093
0.23454007506370544
0.34937024116516113
0.7351509928703308
0.42936450242996216
0.3295634090900421
0.4527280926704407
0.9085570573806763
0.6155979037284851
0.5435172915458679
0.7453837394714355
0.8187242746353149
0.6826339960098267
0.36892983317375183
0.5446979403495789
0.4854799211025238
0.5824493169784546
0.4539758265018463
0.674233078956604
0.26570403575897217
0.5777025818824768
0.9329166412353516
0.4216749668121338
0.27719324827194214
0.5940121412277222
0.4399127960205078
0.8078786730766296
0.38392192125320435
1.0993661880493164
0.3832634389400482
0.4738972783088684
0.25733062624931335
0.6812210083007812
0.22206011414527893
0.7527891397476196
0.5237396359443665
0.37551409006118774
1.0961979627609253
0.8827005624771118
0.9450753331184387
0.5129998922348022
0.3426170349121094
0.5694926977157593
0.2632311284542084
0.3254839777946472
0.4404739439487457
0.38346242904663086
0.4340530335903168
0.6180362701416016
0.7924140095710754
0.45728158950805664
0.523252546787262
0.40995708107948303
0.5949437022209167
0.5343364477157593
0.4825137257575989
0.20138397812843323
0.6775773763656616
0.5712981224060059
0.5027286410331726
0.38089853525161743
0.48787036538124084
0.7919286489486694
0.630444347858429
0.45108097791671753
0.35864946246147156
0.7182425260543823
0.6824198961257935
0.5498723983764648
0.555045485496521
0.4449005126953125
0.2405809462070465
0.7018607258796692
0.5806837677955627
0.3093588650226593
0.40829676389694214
0.4010297358036041
0.854333758354187
0.6413360834121704
0.5846952199935913
0.5076619982719421
0.6963492035865784
0.49794039130210876
0.5282608270645142
0.5546447038650513
0.555445671081543
0.5682639479637146
0.7577751874923706
0.42551231384277344
0.3243643343448639
0.8515748977661133
0.3277224004268646
0.11305387318134308
0.6587958335876465
0.45847025513648987
0.37738853693008423
0.6192020177841187
0.5089372396469116
0.9593890309333801
0.7438071966171265
0.2034282386302948
0.5577510595321655
0.6677905321121216
0.3509237766265869
0.7073662877082825
0.5075449347496033
0.6109784841537476
0.645901083946228
0.3939564824104309
0.5272191166877747
0.38657116889953613
0.3338373303413391
0.34995460510253906
0.4102941155433655
0.6053252220153809
0.8557341694831848
0.5303605198860168
0.9020292162895203
0.36567604541778564
0.4015541970729828
0.3488568961620331
0.43942755460739136
1.174682855606079
0.461789608001709
0.33455440402030945
0.6972808241844177
0.5464248061180115
0.4757372736930847
0.6582233309745789
0.6225374937057495
0.3088490068912506
0.8889986872673035
0.6924378871917725
0.611382007598877
0.9389896392822266
0.42063936591148376
0.651172399520874
0.5113136172294617
0.37481755018234253
0.4542416036128998
0.2948155701160431
0.35349923372268677
0.4426862597465515
0.2752808928489685
0.49836820363998413
0.5097751021385193
0.5439218282699585
0.48156896233558655
0.9805501699447632
0.28945571184158325
1.0361708402633667
0.4699109196662903
0.5106666088104248
0.2935909628868103
0.6529043912887573
0.9298574328422546
0.21893855929374695
0.6626735925674438
0.56446373462677
0.46892136335372925
0.4830307066440582
0.6272314786911011
0.6541919708251953
0.6731573939323425
0.5288902521133423
0.5917699337005615
0.4632238447666168
0.24363772571086884
0.3653695285320282
0.45105236768722534
0.31229907274246216
0.8973580598831177
0.4835154414176941
0.5519512295722961
0.9305728673934937
0.8988597989082336
0.760871410369873
0.5274718403816223
0.7384974360466003
0.6910715103149414
0.8007747530937195
0.8387285470962524
0.2745722830295563
0.4493805766105652
0.756527304649353
0.4448515772819519
0.7627697587013245
0.7343382239341736
0.49894633889198303
0.3814504146575928
0.3738323748111725
0.5358328819274902
0.9838056564331055
0.7722663879394531
0.6373008489608765
0.46754559874534607
0.39427292346954346
0.32342034578323364
0.4515763223171234
0.32520171999931335
1.3473256826400757
0.6113608479499817
0.321022093296051
0.40512925386428833
0.5233937501907349
0.300346314907074
0.7278531789779663
0.5910537242889404
0.16856223344802856
0.5245159864425659
0.3322548270225525
0.7428770065307617
0.36232441663742065
0.24377310276031494
0.8482767343521118
0.24550208449363708
0.5184844732284546
0.5999742746353149
0.7097288966178894
0.7098029851913452
0.4315362870693207
0.26684871315956116
0.3683493137359619
0.5710877180099487
0.9306011199951172
0.38097959756851196
0.1870928257703781
0.6300771832466125
0.8020195960998535
0.4404146671295166
0.6357631683349609
0.7139794230461121
0.356981486082077
0.4197017550468445
0.45869988203048706
0.6669377088546753
0.44909530878067017
1.1207172870635986
0.44878798723220825
1.0167795419692993
0.47462016344070435
0.13557052612304688
