0.3768676221370697
0.5694374442100525
0.6639726161956787
0.5452600717544556
0.41024214029312134
0.7865270376205444
0.9407337307929993
0.9910167455673218
0.3502134382724762
0.5177271366119385
0.5184924006462097
0.3635566234588623
0.4208943247795105
0.3079829216003418
0.37706923484802246
0.40981417894363403
0.42122966051101685
0.4587177336215973
0.5244086980819702
0.8496271371841431
0.35711461305618286
0.8113271594047546
0.5868180990219116
0.3464232385158539
0.2283126562833786
0.7896767258644104
0.9121261835098267
0.906053364276886
0.4374086856842041
0.5516947507858276
0.6750205755233765
0.593920111656189
0.21294382214546204
0.4523196220397949
0.37497687339782715
0.6523699760437012
0.6894382834434509
0.47427845001220703
1.1605682373046875
0.4561963975429535
0.48758965730667114
0.5821000337600708
0.73370760679245
0.7550485730171204
0.47523975372314453
0.27244460582733154
0.5398637056350708
0.2808104455471039
0.6656008958816528
0.5742584466934204
0.7845261693000793
0.868689239025116
0.9896429777145386
0.5542803406715393
0.6756216883659363
0.44484052062034607
0.6342118382453918
0.6588536500930786
0.5845363736152649
0.8785513639450073
0.19708675146102905
0.5681602358818054
0.2653981149196625
0.5580621957778931
0.4345303177833557
0.7439690232276917
0.7184740900993347
0.9562813639640808
0.5109935998916626
0.9115384221076965
0.4984525740146637
0.5346158146858215
0.9446141123771667
0.43761157989501953
0.4745447039604187
0.4586944580078125
0.2912018895149231
0.9269829988479614
0.7530773878097534
0.4149492681026459
0.7150298357009888
0.2006523162126541
0.8855185508728027
0.47612255811691284
0.917885959148407
0.4695297181606293
0.31640976667404175
0.5254680514335632
0.96368408203125
0.917214572429657
1.0198591947555542
0.6243367195129395
0.5481643676757812
1.0651025772094727
0.39532604813575745
0.5379573702812195
0.6204215288162231
0.4713365435600281
0.2749330699443817
0.682677149772644
0.5432504415512085
0.3107141852378845
0.6351156234741211
0.8547135591506958
0.22812823951244354
0.6845863461494446
0.682968020439148
0.1712566465139389
0.5065642595291138
0.6572330594062805
0.6233509182929993
0.36590811610221863
0.661889910697937
0.5881796479225159
0.7378624677658081
0.26407819986343384
0.7154303789138794
0.5316610932350159
0.2655910849571228
0.5651069283485413
0.5611938238143921
0.48381614685058594
0.6737275123596191
0.6780833005905151
0.6211064457893372
0.20292723178863525
0.6069766283035278
0.578893780708313
0.4958511292934418
0.2325311005115509
0.7267351150512695
0.77294921875
0.38924935460090637
0.9411395192146301
0.43966779112815857
0.3970490097999573
0.30637112259864807
0.7471586465835571
0.42150577902793884
0.30959179997444153
0.36912208795547485
0.8325077295303345
0.8451574444770813
0.5635353922843933
0.4165806174278259
0.37082916498184204
0.618627667427063
0.7507355809211731
0.1711113601922989
1.3880633115768433
0.46470409631729126
0.46168893575668335
0.46843472123146057
0.511553168296814
0.43138518929481506
0.5047692060470581
0.8331027030944824
0.6638760566711426
0.35876044631004333
0.33975616097450256
0.4706125855445862
0.28351861238479614
0.9182643890380859
0.6424688100814819
0.7193524241447449
0.30890461802482605
0.5035878419876099
0.5729321241378784
0.410876989364624
0.439410924911499
0.3056945204734802
0.3775324523448944
0.5531942844390869
0.3898504674434662
0.4945867657661438
0.2768729329109192
0.4870481491088867
0.4725872874259949
0.5254889726638794
0.1550842821598053
0.5229260325431824
0.4655241072177887
0.2585607171058655
0.6062177419662476
0.40061092376708984
0.6889728307723999
0.21108317375183105
0.6335533261299133
0.5148669481277466
0.3300633430480957
0.5954201817512512
0.464108943939209
0.39266470074653625
0.42320147156715393
1.0227770805358887
0.26301315426826477
0.3850322365760803
0.3889330327510834
0.8971313238143921
0.1852644383907318
0.3629905581474304
0.6601017713546753
0.28690263628959656
0.45650702714920044
0.38275688886642456
0.31064003705978394
0.7251376509666443
0.9850956201553345
0.4957643449306488
0.6505200862884521
0.3294157385826111
0.7165254354476929
0.4152330458164215
0.3183785378932953
0.4058312773704529
0.7354062795639038
0.7869642972946167
0.6794105768203735
0.2599774897098541
0.628829300403595
0.9905946850776672
0.42683130502700806
0.3910866379737854
0.2867552638053894
0.6886823177337646
0.8549004793167114
0.3452644348144531
0.49249887466430664
0.792472779750824
0.41061216592788696
0.551550030708313
0.21213948726654053
0.8573525547981262
0.5945004224777222
0.4679703116416931
0.5914754271507263
0.29194048047065735
0.3641235828399658
0.296646386384964
0.7116111516952515
0.2944546341896057
1.0754646062850952
1.0403119325637817
0.3641720712184906
0.19469600915908813
0.720880389213562
0.44828224182128906
0.5406204462051392
0.4706340730190277
0.6244072914123535
0.17062659561634064
0.5423393249511719
0.28576552867889404
0.48500150442123413
0.8194673657417297
1.0924328565597534
0.6563175320625305
0.5080862641334534
0.6842164993286133
1.009823203086853
0.4792788624763489
0.5853546261787415
0.4122031331062317
0.6153548359870911
0.32360774278640747
0.2929087281227112
0.4922986924648285
0.6731609106063843
0.5028549432754517
0.3590835630893707
0.37364378571510315
0.38074028491973877
0.34012508392333984
0.6090301275253296
0.38291826844215393
0.5048157572746277
1.0008567571640015
0.5328243970870972
0.3415948450565338
0.4051600992679596
0.9466264843940735
0.4559643268585205
0.6349676847457886
0.22944507002830505
0.8958042860031128
0.322276771068573
0.28323012590408325
1.218837022781372
0.5528314113616943
0.30333536863327026
0.720892071723938
0.4239516854286194
0.2946169972419739
0.28829285502433777
0.31630319356918335
0.39848294854164124
0.2855294644832611
0.4650571346282959
0.9651588201522827
0.48285961151123047
0.7296662330627441
0.49869003891944885
0.656583845615387
0.5523409843444824
0.2970712184906006
0.36781707406044006
1.2711715698242188
0.469216912984848
0.5224616527557373
0.7691448330879211
0.3010110855102539
0.458230197429657
0.6479522585868835
1.3507059812545776
0.4993942677974701
0.3821832537651062
0.5994687080383301
0.6874135136604309
0.2985221743583679
0.681574821472168
0.6636784672737122
0.3389212489128113
0.7113656401634216
0.5079271197319031
0.16038182377815247
0.45127829909324646
0.5586547255516052
0.6004075407981873
0.5465195775032043
0.5069950819015503
0.31622475385665894
0.44706717133522034
0.5646032691001892
0.3712906837463379
0.8552603721618652
0.41663822531700134
0.367433100938797
1.5148931741714478
