0.7889657020568848
0.3164142668247223
0.5483459830284119
0.814893901348114
0.4607830047607422
0.37402477860450745
0.28617405891418457
0.2780036926269531
0.5463511347770691
0.759560227394104
0.19851556420326233
0.5011013746261597
0.9986435174942017
0.4220072627067566
0.27380847930908203
0.4392649233341217
0.4404147267341614
0.6855310201644897
0.35574471950531006
0.26725098490715027
0.33309119939804077
0.26608604192733765
0.45544615387916565
0.5383618474006653
0.7947643995285034
0.3301279544830322
0.3787667155265808
0.3152942657470703
0.5038557052612305
0.7174001932144165
0.3673926293849945
0.2865021228790283
1.3303072452545166
0.25982770323753357
0.6478672623634338
0.2126162052154541
0.2687373459339142
0.5427826642990112
0.8230684995651245
0.5034855604171753
0.4215225577354431
0.21032020449638367
0.3913043439388275
0.4551716446876526
0.3927772045135498
0.7934516668319702
0.7512389421463013
0.5713100433349609
0.4403151869773865
0.6749306321144104
0.5185002088546753
0.7422140836715698
0.6794785857200623
0.6670082807540894
0.1648503839969635
0.3374934792518616
0.7803083658218384
0.7298005223274231
0.6513901948928833
1.0397716760635376
0.6637004613876343
0.28717130422592163
0.6333325505256653
0.8860207796096802
0.31438058614730835
0.33572521805763245
0.49103230237960815
0.3825450837612152
0.3139399588108063
0.4091360569000244
0.35468393564224243
0.5537975430488586
0.5682088136672974
0.5448655486106873
0.24878863990306854
0.5081335306167603
0.1839747428894043
0.7968441247940063
0.8606374859809875
0.6441090703010559
0.333926260471344
0.6986907124519348
0.29410213232040405
0.4679778516292572
0.6018471121788025
0.5304285883903503
0.4132760167121887
0.624169647693634
0.6187291145324707
0.32320502400398254
0.6938960552215576
0.5580383539199829
1.1617532968521118
0.5775043368339539
0.7919584512710571
0.6520527601242065
0.5906767249107361
0.30110931396484375
0.522883951663971
0.6782089471817017
0.2306532859802246
0.6723181009292603
0.6353642344474792
0.3907007575035095
0.44264665246009827
0.7439119219779968
0.5212798118591309
0.5716468691825867
0.4819958806037903
0.4029768407344818
0.6111849546432495
0.6623313426971436
0.6895590424537659
0.441796213388443
0.7731817364692688
0.35502296686172485
0.9070132970809937
0.3722812831401825
0.5529097318649292
0.18356317281723022
0.6290794610977173
0.6827946901321411
0.42027121782302856
0.9875642657279968
0.7318874597549438
0.6610844731330872
0.24741005897521973
0.4636017680168152
0.37425723671913147
0.6958311200141907
0.4126948416233063
0.5811777710914612
0.5347423553466797
0.625374972820282
0.592862606048584
0.7338389158248901
0.5495237112045288
0.3118705749511719
0.3436557948589325
0.2641441226005554
0.4120541512966156
0.43951743841171265
1.0545952320098877
0.528847873210907
0.634753406047821
0.3627825975418091
0.39020365476608276
0.48696404695510864
0.6612818837165833
0.5283280611038208
0.6133319735527039
0.6640387773513794
0.9153453707695007
0.9144515991210938
0.7618428468704224
0.7224501371383667
1.2254583835601807
0.6447727084159851
0.25355738401412964
0.33561426401138306
0.2376364767551422
0.49483078718185425
1.0748918056488037
0.7555674910545349
0.6363363862037659
0.5277491807937622
0.4618782103061676
1.0363903045654297
0.3272962272167206
0.8753281831741333
0.6479836702346802
0.4156967103481293
0.5297814607620239
0.7203092575073242
0.4070030748844147
1.032080888748169
0.460489422082901
0.3885725438594818
0.2104511708021164
0.5097323060035706
0.23573429882526398
0.40246281027793884
0.8475063443183899
0.7369186878204346
0.6348123550415039
0.6042934656143188
1.1094766855239868
0.8137285113334656
0.7245096564292908
0.8555589914321899
0.9886499643325806
0.7029885053634644
0.6615416407585144
0.5552629232406616
0.7886907458305359
0.7134914398193359
0.7275093793869019
0.4050824046134949
0.2560345232486725
1.1300114393234253
0.387878954410553
0.7464780807495117
0.6367015242576599
0.8363234400749207
0.35968565940856934
0.2895301878452301
0.3881741464138031
0.4879821240901947
0.6761171221733093
0.4672609865665436
0.6828989386558533
0.8344818353652954
0.23707053065299988
0.8114949464797974
0.46761709451675415
0.45328253507614136
0.8316689729690552
0.8258640170097351
0.4860302805900574
0.758050262928009
0.45665836334228516
0.32105785608291626
0.40941065549850464
0.7124981880187988
0.3509301543235779
0.6565974354743958
0.5094407796859741
1.6283576488494873
1.032070517539978
0.5619982481002808
0.377571702003479
0.49758559465408325
0.6089591979980469
0.47011375427246094
0.8077910542488098
0.3025882840156555
0.3274134695529938
0.42186713218688965
0.30499184131622314
0.5051409006118774
0.416850745677948
0.4872959554195404
0.9281564950942993
0.24973949790000916
0.2934417426586151
0.6006578207015991
0.5540871024131775
0.34968000650405884
0.1841532289981842
0.40540361404418945
0.9545868039131165
0.545784592628479
0.3933122754096985
0.30342113971710205
1.082442045211792
0.3101157248020172
0.5683285593986511
0.8186162114143372
0.3199666142463684
0.4102542996406555
0.37315982580184937
0.45059865713119507
0.40934062004089355
0.4978136122226715
0.6136651039123535
0.4287392497062683
0.40217143297195435
0.7847604155540466
0.8802482485771179
0.3985177278518677
0.4222182631492615
0.4769689440727234
0.45906391739845276
0.511561393737793
0.5485307574272156
0.2393196076154709
1.4089863300323486
0.38075023889541626
0.44331231713294983
0.34036722779273987
0.2234993726015091
0.978206992149353
0.5714551210403442
0.4763018488883972
0.6351262331008911
0.37137076258659363
0.3896257281303406
0.359284907579422
0.4581824243068695
0.40827012062072754
0.582240104675293
0.8832141160964966
0.4136848449707031
0.46876877546310425
0.5114034414291382
1.341471552848816
0.5968572497367859
0.4898442327976227
0.294362336397171
1.2194217443466187
0.46173110604286194
0.5230871438980103
0.3248284161090851
0.45360368490219116
0.2859031558036804
0.6686183214187622
0.6384022831916809
0.28158241510391235
0.30708208680152893
1.0260947942733765
0.3697656989097595
0.25512832403182983
0.8899506330490112
1.5424902439117432
0.4428892731666565
0.5580862164497375
0.5080261826515198
0.3584056794643402
0.2657044231891632
0.19973497092723846
0.439383327960968
0.6417173147201538
0.41183486580848694
0.7134285569190979
0.5941342115402222
0.4921797811985016
0.2570607662200928
0.31577977538108826
0.256747305393219
0.7283427715301514
0.3295043408870697
0.6527155637741089
0.25918447971343994
0.24754491448402405
0.4353359639644623
0.2315167635679245
0.4641045928001404
0.3800077438354492
