0.5182666778564453
0.8914582133293152
0.28218722343444824
0.29890111088752747
0.4906468391418457
0.23541812598705292
0.40876492857933044
0.6041758060455322
0.3596004247665405
0.46044260263442993
0.43677884340286255
0.6192117929458618
0.5603619813919067
0.41724544763565063
0.35427024960517883
0.4711671769618988
0.5468952059745789
0.7402520775794983
0.41655534505844116
0.4792804718017578
0.6186364889144897
0.9070485830307007
0.9851380586624146
0.3010321259498596
0.548458456993103
0.3212828040122986
0.8302499055862427
0.7216330766677856
0.8018687963485718
0.22273235023021698
0.28252190351486206
0.9034368395805359
0.6100691556930542
0.900471031665802
0.6986387968063354
0.6217314600944519
0.9220603704452515
0.45799604058265686
0.4044184684753418
0.7651659250259399
0.46915698051452637
0.7810776829719543
0.3094173073768616
0.42955607175827026
0.849351704120636
0.43495577573776245
0.3591786026954651
0.7124549150466919
0.5215189456939697
0.7571880221366882
0.6719803214073181
0.9345586895942688
0.8118005990982056
0.40686696767807007
0.30254942178726196
1.1747677326202393
0.5336465835571289
0.6130948066711426
0.8767414093017578
0.2533522844314575
0.5835902690887451
0.2387053221464157
0.21123990416526794
0.4520619809627533
0.8165243268013
0.3505380153656006
0.8989784121513367
0.4160688519477844
0.6959913969039917
0.7504528164863586
0.39756542444229126
0.9546884298324585
0.5102483034133911
0.5422293543815613
0.4701331555843353
0.3090154528617859
0.3546367287635803
0.2494288980960846
0.6668938398361206
0.644240140914917
0.7550278902053833
0.4877193868160248
0.61578768491745
0.32424837350845337
0.5576506853103638
0.4078846871852875
0.21481485664844513
0.6661383509635925
1.1461622714996338
0.5580053925514221
1.107100486755371
0.5428076982498169
0.6150926351547241
0.3220045566558838
0.9819396138191223
0.8869482278823853
0.7985497713088989
0.5628619194030762
0.5519405603408813
0.5368577837944031
0.41297268867492676
0.4370207190513611
0.6031122207641602
0.5729497671127319
0.45095545053482056
0.757407009601593
0.8866161108016968
0.4837264120578766
0.49757423996925354
0.7087457180023193
0.417369544506073
0.36547985672950745
0.463198721408844
0.4573436677455902
0.5281400084495544
0.5120859742164612
0.4280370771884918
1.026487112045288
0.7712482213973999
0.5691760778427124
0.3521968126296997
0.7986180186271667
0.5638576745986938
0.7444900274276733
0.3686787486076355
0.5077189803123474
0.6989759206771851
0.36592763662338257
0.98951655626297
0.5041342973709106
1.09208083152771
0.49443426728248596
0.4524351954460144
0.9585899114608765
0.7590581178665161
0.3211783766746521
0.8589922785758972
0.3779121935367584
0.6151984333992004
0.807167649269104
0.49027594923973083
0.25497955083847046
0.5925598740577698
0.5874634385108948
0.9462806582450867
0.8437477946281433
0.370702862739563
0.2962522506713867
0.4565795063972473
0.40838822722435
0.29294508695602417
0.2681024968624115
0.44829392433166504
0.722399115562439
0.607144832611084
0.36647918820381165
0.9377363324165344
0.8793905377388
0.5483744740486145
0.4935317039489746
0.9721781015396118
0.8260164260864258
1.296952724456787
0.4067917764186859
0.5332361459732056
0.5076271295547485
0.6217571496963501
0.34148696064949036
0.7255429625511169
0.3735486567020416
1.2833553552627563
0.5673845410346985
0.5788289308547974
0.458068311214447
0.402418315410614
0.46418246626853943
0.6436649560928345
0.49174395203590393
0.5344569087028503
0.7707918882369995
0.5184987187385559
0.5487862229347229
0.4746699929237366
0.4708978533744812
0.3726500868797302
0.6799198389053345
0.4214361608028412
0.9010332226753235
0.5403088331222534
0.39208537340164185
0.17793908715248108
0.5888279676437378
0.5098782777786255
0.32142359018325806
0.4547462463378906
0.6444260478019714
1.003492832183838
0.5224035382270813
0.6860755681991577
0.5469366312026978
0.47744545340538025
0.3394908010959625
0.41328468918800354
0.48931989073753357
0.49945658445358276
0.2546849250793457
0.3857070207595825
0.6445940732955933
0.43146419525146484
0.8496359586715698
0.41909560561180115
0.37458184361457825
0.5393433570861816
1.073897123336792
0.48117178678512573
0.5529980659484863
0.45161351561546326
0.4503568708896637
0.36144548654556274
0.5645838975906372
0.8074687719345093
0.21776680648326874
0.36774107813835144
0.4218202531337738
0.5904641151428223
0.6594527959823608
0.38556942343711853
0.701813817024231
0.6481238603591919
0.440037339925766
0.4611998498439789
0.8109626770019531
0.25838643312454224
0.9064606428146362
0.7588467597961426
0.4034159779548645
0.544442355632782
0.2865097224712372
0.32444649934768677
0.29256436228752136
0.4769724905490875
0.4278968870639801
0.2949766516685486
0.5657046437263489
0.8453995585441589
0.9999292492866516
0.7473678588867188
0.9810732007026672
0.23288755118846893
0.2805089056491852
0.5848640203475952
0.6256343126296997
0.794981837272644
0.6684194803237915
0.36299407482147217
0.6400251984596252
0.33242449164390564
0.5258430242538452
0.38588178157806396
0.6252413988113403
0.560304582118988
0.2388819009065628
0.6707102060317993
0.4095390737056732
0.8260599374771118
0.5705920457839966
0.3619912266731262
0.16700133681297302
0.33113422989845276
0.27016058564186096
0.6786227226257324
0.6331666707992554
0.8220264315605164
0.6151039600372314
0.8094856142997742
0.5041855573654175
0.7379150986671448
0.6437130570411682
0.308563232421875
0.44465285539627075
0.5121133923530579
0.45421189069747925
0.418612003326416
0.6349211931228638
0.29210948944091797
0.7701749801635742
0.38555678725242615
0.6047687530517578
0.6263315081596375
0.24778465926647186
0.9322126507759094
0.5367498993873596
0.50643390417099
0.6886562705039978
0.8161367177963257
0.5507106781005859
0.9924119114875793
0.36194488406181335
0.2832072377204895
0.5031045079231262
1.259303092956543
0.7484304308891296
1.0124446153640747
0.9633914828300476
0.8757114410400391
0.24335746467113495
0.8864938616752625
0.42525845766067505
0.2854617238044739
0.5853520035743713
0.3872438073158264
0.5562180280685425
0.2940599322319031
0.4093077778816223
0.7564264535903931
0.465981662273407
0.7203346490859985
0.8846502304077148
0.5565305948257446
0.5952985882759094
0.5442417860031128
0.2858266830444336
0.6023407578468323
0.4774661958217621
0.30313029885292053
0.6241357922554016
0.31923922896385193
0.5165362358093262
0.3178265690803528
0.472750723361969
0.4031639099121094
0.36592164635658264
0.5604857206344604
0.4013797640800476
0.584356427192688
0.305558443069458
0.7152873873710632
1.4235185384750366
