0.35578182339668274
0.8620354533195496
0.24554109573364258
0.8069019317626953
0.7326831221580505
0.27703654766082764
0.7484069466590881
0.6249109506607056
0.5475056171417236
0.5175719857215881
0.6262030601501465
0.46718573570251465
0.5076667070388794
0.4551848769187927
0.16856196522712708
0.39458802342414856
0.5462592840194702
0.6399601697921753
0.7755504846572876
0.2218693196773529
0.936477541923523
0.355852335691452
0.347313791513443
0.5366838574409485
1.1871373653411865
0.42041999101638794
0.5507349967956543
0.18576104938983917
0.3703334927558899
0.13287214934825897
0.16533949971199036
0.7363517880439758
0.5736356973648071
0.4653027653694153
1.1910512447357178
0.2066464126110077
0.6912492513656616
0.6901351809501648
0.4312732219696045
0.3751499056816101
0.6785477995872498
0.5707193613052368
0.5878915190696716
0.2675883173942566
0.6113837957382202
0.4132677912712097
0.6293743252754211
0.22135388851165771
0.4990621507167816
0.5834824442863464
0.632952094078064
0.5926051139831543
0.9757466316223145
0.5097702145576477
0.1813652664422989
0.5707621574401855
0.5393141508102417
0.4353049397468567
0.31158336997032166
0.5554072260856628
0.5394954085350037
1.1848938465118408
0.5927789211273193
0.7763436436653137
0.34242337942123413
0.5799727439880371
0.3954789638519287
0.2701376974582672
0.4661104083061218
0.49372443556785583
0.2655290961265564
0.20263102650642395
0.3609682619571686
0.7314836382865906
0.8406580090522766
0.4099639356136322
0.2845833897590637
0.4963546693325043
0.37013083696365356
0.5569092035293579
0.5818239450454712
0.6063478589057922
0.42406710982322693
0.4816628098487854
0.3139412999153137
0.6201646327972412
0.685005784034729
0.33106836676597595
0.9866340756416321
0.23169450461864471
1.6829906702041626
0.5698433518409729
0.44987431168556213
0.4674209952354431
0.32115691900253296
0.7163631916046143
0.5551110506057739
0.6540023684501648
0.5509045720100403
0.3660847842693329
0.26626795530319214
0.6362724304199219
0.465834379196167
0.39407414197921753
0.459567129611969
0.8928853869438171
0.4267999529838562
0.3825454115867615
0.5479214787483215
0.668336033821106
1.064075231552124
0.29888883233070374
0.19295431673526764
0.48987191915512085
0.7135381698608398
0.3090909719467163
0.36108192801475525
0.42020463943481445
0.44783878326416016
0.7418307065963745
0.5019551515579224
0.7501699328422546
0.24704523384571075
0.6574049592018127
0.33692988753318787
0.5438635945320129
0.7322956323623657
0.6261554956436157
0.6828886866569519
0.6047981381416321
0.6120113134384155
0.9724017381668091
0.4990100860595703
0.6047312617301941
0.36651864647865295
0.6628405451774597
0.599069356918335
0.3467657268047333
0.8835800290107727
0.76119065284729
0.24736228585243225
0.33735647797584534
0.6740205883979797
0.5980497598648071
1.1042377948760986
0.8394169807434082
0.6486855745315552
0.2459939420223236
0.43427175283432007
0.8823257684707642
0.6405400037765503
1.171365737915039
0.20364145934581757
0.3967614471912384
0.3179543614387512
0.8918100595474243
0.3343111574649811
0.5416842699050903
0.7246214747428894
0.4705250859260559
0.49699488282203674
0.4391648769378662
0.6039392948150635
0.7584909796714783
0.39052292704582214
0.6816986799240112
0.25468114018440247
0.6503056287765503
1.0073190927505493
0.39514195919036865
0.8900405764579773
0.4573238492012024
0.6523590087890625
0.30124741792678833
1.17867910861969
0.6440812349319458
0.5031458139419556
0.30509066581726074
0.3365793228149414
1.1655571460723877
0.4279855787754059
0.7021744847297668
0.3663879632949829
0.4306057095527649
0.3954293429851532
0.4122183918952942
0.6239344477653503
0.6415550112724304
0.30246302485466003
0.20013532042503357
0.34007909893989563
0.5292448997497559
0.8687990307807922
0.41760435700416565
0.2493998259305954
0.6697070002555847
0.3463391363620758
0.6767447590827942
0.9312740564346313
0.6400829553604126
0.5714671611785889
0.6958848237991333
0.45912712812423706
0.6729094386100769
0.6172310709953308
0.5806278586387634
0.5918089151382446
0.1696796715259552
0.878614068031311
0.5904364585876465
0.43056267499923706
0.3602673411369324
0.7196673154830933
0.5970215201377869
0.606319785118103
0.5796834230422974
0.43989306688308716
0.2221219539642334
0.29672926664352417
0.5612083077430725
0.4725627303123474
0.9914454221725464
0.3630906343460083
0.6434233784675598
0.4150252342224121
0.644250750541687
1.0229358673095703
0.5714306831359863
0.5844014883041382
0.2857450842857361
0.6038506627082825
0.5852219462394714
0.4414617419242859
0.4213140606880188
0.5371505618095398
0.22591105103492737
0.7688754796981812
0.6004308462142944
0.6115116477012634
0.48189106583595276
0.36452749371528625
0.3346361517906189
0.6107323169708252
0.6309922933578491
0.5096474885940552
0.7218338847160339
0.7236817479133606
0.6119102239608765
0.36699843406677246
0.5684741735458374
0.2287675142288208
0.8524015545845032
0.5409702658653259
0.5180178284645081
0.7640308141708374
0.19738757610321045
0.5018417239189148
0.42228490114212036
0.7888136506080627
0.5845109820365906
0.8511677980422974
0.3245406150817871
0.24924059212207794
0.15937981009483337
0.5081756711006165
0.28882014751434326
0.5965263843536377
0.8220887184143066
0.8126052618026733
0.8132567405700684
0.20776879787445068
0.5812985897064209
0.4768127501010895
0.603035569190979
0.5111147165298462
0.6610240936279297
0.756563127040863
0.35195547342300415
0.602988064289093
0.4429543912410736
0.3632890582084656
0.6321641802787781
0.4357789158821106
0.3337273597717285
0.973249077796936
0.5462000966072083
0.357865571975708
0.7917308211326599
0.4675159454345703
0.46415871381759644
1.1653060913085938
0.40052253007888794
0.5024673342704773
0.5372596979141235
1.1749427318572998
0.6156119704246521
0.4700707495212555
0.46339234709739685
0.7371452450752258
0.36828500032424927
0.5635473132133484
0.5781009197235107
0.6902680397033691
0.5018174052238464
0.8781185150146484
0.37331435084342957
1.1341392993927002
0.5656167268753052
0.3058726191520691
0.467133104801178
0.6884235143661499
0.6441189050674438
0.7583118081092834
0.551076352596283
1.011284589767456
0.29534912109375
0.6514163613319397
0.5634387731552124
0.2864842712879181
1.3579416275024414
0.3540511131286621
0.4235752522945404
0.40572911500930786
0.31939005851745605
0.4547937512397766
0.6266090869903564
0.46498632431030273
0.4266727864742279
0.5255833268165588
0.2267330139875412
0.4257906973361969
0.5118608474731445
0.9921358823776245
0.5467581152915955
0.5186001658439636
0.3334340453147888
0.6606703400611877
2.0049726963043213
