0.5329471230506897
0.8257659673690796
0.7158833742141724
0.5735806226730347
0.7148325443267822
0.6915959119796753
0.769206166267395
0.5719688534736633
0.8138371706008911
0.7566461563110352
1.0911859273910522
0.6540623307228088
1.2629789113998413
0.9595451354980469
0.6388886570930481
1.0917656421661377
0.8603628277778625
0.7639419436454773
0.6103099584579468
0.8988168835639954
1.380962610244751
0.9249711036682129
0.7380847930908203
0.48528337478637695
0.9962301254272461
1.0012571811676025
0.6141141057014465
1.3570340871810913
0.7642182111740112
0.6253830194473267
0.5330237150192261
1.0669139623641968
0.9008505940437317
0.6070599555969238
0.6262050271034241
0.964067816734314
0.9550579190254211
1.51439368724823
0.6916614174842834
0.8627087473869324
0.6688928008079529
0.8156681060791016
1.3504029512405396
0.766987144947052
0.596903383731842
0.8418949246406555
0.44906193017959595
0.7835057973861694
0.9304356575012207
1.005002737045288
0.7402963638305664
0.8060430288314819
0.8408156633377075
0.849463939666748
0.7207213640213013
1.2595453262329102
1.4885755777359009
0.5106649398803711
0.8298671841621399
1.0430991649627686
0.8552218675613403
0.8423100709915161
0.5217381715774536
0.6784980893135071
1.2306632995605469
0.7122815251350403
0.7346781492233276
0.7546001672744751
0.9990636110305786
0.8564755320549011
0.8765567541122437
0.7935647964477539
1.0467954874038696
0.8349944949150085
0.7341171503067017
1.0847344398498535
0.632698655128479
0.7138009071350098
0.786159098148346
0.7585723400115967
0.908374011516571
0.8495203256607056
0.6732649207115173
1.024568796157837
0.718591570854187
0.8565251231193542
1.1509582996368408
0.962502658367157
0.5490396618843079
0.8676387667655945
0.39580973982810974
0.8693456649780273
0.8905078172683716
1.7310107946395874
0.7244759202003479
0.7788025140762329
0.6362782120704651
0.7414962649345398
0.6666423082351685
0.8553978800773621
1.0214875936508179
0.6770130395889282
1.0027968883514404
0.7131108045578003
0.7520023584365845
0.8191148042678833
0.7979692816734314
0.856439471244812
0.7242052555084229
0.6347661018371582
0.8714836239814758
0.9222732782363892
0.9707056283950806
0.4680113196372986
0.5754419565200806
0.6374987363815308
0.4975898861885071
0.9084331393241882
0.6111194491386414
0.7755812406539917
0.817524790763855
0.7142031788825989
1.0534398555755615
0.7576151490211487
0.5446962118148804
0.6671262383460999
1.017340898513794
0.5712004899978638
0.7588223218917847
0.6585533022880554
0.6454851627349854
0.7112644910812378
0.9365005493164062
0.6363326907157898
0.8360303044319153
0.7663660049438477
0.5632491111755371
0.745386004447937
0.49044618010520935
0.6329953074455261
0.5440433621406555
0.6040938496589661
0.7237207889556885
0.6208152770996094
0.5843280553817749
0.8225835561752319
0.5589219331741333
0.5621610879898071
0.7393913269042969
1.011763334274292
0.4827401041984558
1.013054609298706
0.8652777671813965
0.8292747735977173
0.7953986525535583
1.3637646436691284
0.8525079488754272
0.8063472509384155
0.8746256828308105
0.6518844366073608
0.5020789504051208
0.9424247741699219
0.7480952143669128
1.0607370138168335
1.1793252229690552
1.1283231973648071
0.6041536331176758
0.7120051383972168
0.7822455167770386
0.7783660292625427
0.6161317825317383
0.5650789141654968
0.7512931823730469
0.46297067403793335
0.7760334014892578
0.6138043999671936
0.9229051470756531
0.9364463686943054
0.6088910102844238
0.9246492385864258
0.3954432010650635
1.0570716857910156
0.8958671689033508
0.7306603789329529
1.7192167043685913
0.702105700969696
0.7687980532646179
0.7518838047981262
0.9737723469734192
0.5400032997131348
1.2563848495483398
0.7155593633651733
1.1794474124908447
0.5034492611885071
0.354057252407074
0.7544341087341309
0.6418703198432922
0.8471736907958984
0.760070264339447
0.7987161874771118
0.628045380115509
0.6938624382019043
0.6098358035087585
0.9498092532157898
1.083552598953247
0.7933080792427063
0.7574726343154907
1.0766574144363403
0.7548690438270569
0.5029889941215515
0.6964694857597351
1.0654990673065186
1.298230767250061
0.8208649754524231
0.9015782475471497
0.8012502789497375
1.0126216411590576
0.6796730160713196
0.7838058471679688
1.0691673755645752
0.7303048372268677
0.6405865550041199
0.6343454718589783
0.6767253279685974
0.8627378344535828
0.7339515686035156
1.131901502609253
0.5971651077270508
0.8509156107902527
0.9368383288383484
0.8282003402709961
0.7872003316879272
0.7891863584518433
1.1637095212936401
0.7938190698623657
0.6012231707572937
1.034145474433899
0.9146049618721008
0.5120209455490112
1.0179011821746826
0.7808219790458679
0.9920899271965027
0.9487974047660828
0.8115294575691223
0.9426902532577515
0.6385491490364075
0.8198236227035522
0.8136039972305298
0.5882601737976074
0.7534484267234802
0.8227813839912415
0.7914201021194458
0.9165644645690918
0.8736778497695923
0.8648517727851868
0.5784429311752319
0.9302347302436829
1.0847837924957275
0.7618101835250854
0.755187451839447
0.5442436933517456
0.5610321164131165
0.9188467860221863
0.6459453701972961
0.8269740343093872
0.5089165568351746
0.9377647638320923
0.6903239488601685
0.5052239298820496
0.7805069088935852
0.8482602834701538
0.6657146215438843
1.0097877979278564
0.6197585463523865
0.7879801392555237
0.9084610939025879
0.7425845861434937
0.9993055462837219
0.5985821485519409
0.5825090408325195
0.8842090368270874
1.0349833965301514
0.7171518206596375
0.9062458276748657
1.1653389930725098
0.6374439001083374
0.8184264898300171
0.965968132019043
0.8796736598014832
0.5487504005432129
0.7616390585899353
1.0355050563812256
0.552586555480957
0.7706868648529053
0.6075121164321899
0.6442725658416748
0.572441041469574
0.7517080903053284
0.7449995279312134
0.6667522192001343
0.8999046087265015
0.6888185739517212
0.9111616015434265
0.641901969909668
0.8717125058174133
0.5709415674209595
1.2693372964859009
0.6075974106788635
0.8227132558822632
0.6046866178512573
1.3065297603607178
0.6535484790802002
1.5545045137405396
0.5592964887619019
0.7283800840377808
0.6882895827293396
0.9141427278518677
0.9379750490188599
1.016391634941101
0.6601805090904236
0.5497961044311523
0.7016024589538574
0.6591886281967163
1.125555157661438
0.5377768278121948
0.8419364094734192
0.9155104756355286
0.7667387127876282
0.53990638256073
0.6899992227554321
1.1313560009002686
0.5875120162963867
0.9512521028518677
0.6465161442756653
1.0689646005630493
0.5866084098815918
0.5428425669670105
1.2655010223388672
