0.9063031077384949
0.5395785570144653
0.5765592455863953
0.7723615169525146
0.3808424472808838
0.35662516951560974
1.1417584419250488
0.6554333567619324
1.1860841512680054
0.42144685983657837
0.2847040891647339
0.6226116418838501
0.2744472324848175
0.45540204644203186
0.628907322883606
0.5687859654426575
0.47201424837112427
0.42285221815109253
0.6403647065162659
0.2637801468372345
0.6645553708076477
1.110793113708496
0.7493009567260742
0.979783833026886
0.4133385717868805
0.7315224409103394
0.5063232183456421
0.4469260573387146
0.26869696378707886
0.7954837083816528
0.25710737705230713
0.3775210976600647
0.5946618914604187
0.1801803559064865
0.39491137862205505
0.3410758972167969
0.7184079885482788
0.6555842161178589
0.41990479826927185
0.6270237565040588
0.23077574372291565
0.7116155028343201
0.4246751368045807
0.731144905090332
0.3584305942058563
0.683957576751709
0.26632562279701233
0.712921142578125
0.9986890554428101
0.5235815644264221
0.5429217219352722
0.3133530616760254
0.6262708902359009
0.46332818269729614
0.39826855063438416
0.7071390748023987
0.6526933908462524
0.2580423355102539
0.6117197275161743
0.40734750032424927
0.6204293966293335
0.7120305299758911
0.433979332447052
0.5269328951835632
0.5799788236618042
0.6892101168632507
0.4803771376609802
1.0604755878448486
0.33914443850517273
0.7719926238059998
0.4854569435119629
0.5624385476112366
0.17887957394123077
0.6474579572677612
0.3236238360404968
0.3209730386734009
0.6866072416305542
0.5794790387153625
0.4748750329017639
0.2994813919067383
0.5175121426582336
0.4906102120876312
0.29379644989967346
0.2877514362335205
0.6901355981826782
0.6045411229133606
0.406369149684906
0.3905150294303894
0.47065234184265137
1.071583867073059
0.4780244827270508
0.4922940135002136
0.5032334327697754
0.779762864112854
0.632952094078064
0.3854849338531494
0.4012829661369324
0.3893439471721649
0.6826093792915344
0.35828155279159546
0.3955206274986267
0.16765931248664856
0.713982105255127
0.6213712096214294
0.5966428518295288
0.285116583108902
0.2170470505952835
0.7695709466934204
0.32199013233184814
0.29412391781806946
0.4454038739204407
0.6314283609390259
0.4357322156429291
0.213286355137825
0.8149563074111938
0.1905050128698349
0.38118571043014526
0.8534333109855652
0.49437642097473145
0.5881525874137878
0.33731895685195923
0.531621515750885
0.5488032102584839
0.3238460421562195
0.39795631170272827
0.3123258948326111
0.3756181597709656
0.7130187749862671
1.1200907230377197
0.5246507525444031
0.4915452003479004
0.4500204026699066
0.6606279611587524
0.2976573705673218
0.5800746083259583
0.5135997533798218
0.5038207769393921
0.40914130210876465
0.41244229674339294
0.9804185032844543
1.2166740894317627
0.3828250467777252
0.5797393918037415
0.4459375739097595
0.3639792799949646
0.4200761914253235
0.2645609974861145
0.4828560948371887
0.5107871890068054
0.5697582960128784
0.23742441833019257
0.46767568588256836
0.6816228628158569
0.5248233079910278
0.6736641526222229
1.1206096410751343
0.37202829122543335
0.540405809879303
0.3753250539302826
0.5309990644454956
0.9323043823242188
0.4351753294467926
0.5233938097953796
0.6142467260360718
0.26530569791793823
0.6081384420394897
0.5779411196708679
0.6043558120727539
0.6302151679992676
0.8033076524734497
0.5899121165275574
0.4480133056640625
0.730737566947937
0.7457762360572815
0.680518388748169
0.25419944524765015
0.44816407561302185
0.16863694787025452
0.43603211641311646
0.5826085805892944
0.7350049614906311
0.37701207399368286
0.4615330696105957
0.3201616704463959
0.3723992109298706
0.4560956060886383
0.3523541986942291
0.6880237460136414
0.47282734513282776
0.6097574830055237
0.4471430778503418
0.6488184928894043
0.3687494397163391
0.30076369643211365
0.5605238080024719
0.49365121126174927
0.8875468969345093
0.625025749206543
0.5669419169425964
0.4496620297431946
0.4475127160549164
0.9426602125167847
0.505684494972229
0.7960441708564758
0.5358723402023315
0.8204172253608704
0.578209400177002
0.903194785118103
0.4381205141544342
0.5411427021026611
0.6448259949684143
0.17172548174858093
0.5110682249069214
0.4121822416782379
0.3090061843395233
0.7841906547546387
0.7930314540863037
0.46986573934555054
0.24643757939338684
0.33961886167526245
1.339495062828064
0.8633320927619934
0.47743624448776245
0.3850027918815613
0.67803555727005
0.5125068426132202
0.6107805371284485
0.8282924890518188
0.45915961265563965
0.20075884461402893
0.310904324054718
0.3307430148124695
0.9813772439956665
0.337170273065567
0.9051107168197632
0.6002593040466309
0.4533778131008148
0.38730502128601074
0.5003854036331177
0.5071937441825867
0.43102580308914185
1.1371474266052246
0.4022260308265686
1.0070455074310303
0.4269942343235016
0.5898154973983765
0.5156978964805603
0.5577324628829956
0.4323784410953522
0.7037373185157776
0.39715123176574707
0.5836597084999084
0.7797614932060242
0.3698299825191498
0.5114802718162537
1.023951530456543
0.534209132194519
0.31628668308258057
0.21761631965637207
0.31854283809661865
1.0052465200424194
0.3889453113079071
0.7885913848876953
0.6453316807746887
0.5214687585830688
0.44560059905052185
0.4418361186981201
0.7402603030204773
1.3561058044433594
0.5297566652297974
0.2544882893562317
0.2378963977098465
0.21490085124969482
0.470034122467041
0.5143945813179016
0.4066905975341797
0.3826110064983368
0.2772131562232971
0.35285210609436035
0.8785420656204224
0.42470210790634155
0.48416805267333984
0.6325715780258179
0.3054732382297516
0.687703013420105
0.4495835304260254
0.5654797554016113
0.3088819086551666
0.31171709299087524
0.791571855545044
0.5391720533370972
0.4464043974876404
0.3111017346382141
0.3970950245857239
0.5758014917373657
0.8595308065414429
1.025414228439331
0.2238815575838089
0.29608863592147827
0.42756471037864685
0.4450521469116211
0.6963668465614319
1.0367772579193115
0.3940679132938385
0.6987673044204712
0.3447754383087158
0.4584589898586273
0.8047016859054565
0.5044540166854858
0.6464152336120605
0.2826390862464905
0.6087964773178101
0.1635700762271881
0.46188098192214966
0.562555193901062
0.6438499689102173
0.7608976364135742
0.7681239247322083
0.5002771615982056
1.075871467590332
0.33653315901756287
0.3762640357017517
0.5598220825195312
0.2732364237308502
0.8422454595565796
0.44323739409446716
0.3695361316204071
0.47530898451805115
0.5850900411605835
0.6484363079071045
0.8561379313468933
0.27244165539741516
0.6970006227493286
0.6591986417770386
0.3640531897544861
1.266636610031128
0.5840948820114136
0.9345185160636902
