0.6117731928825378
0.39325547218322754
0.6715148687362671
0.32108113169670105
0.22396688163280487
0.5050848722457886
0.6027659177780151
0.38974910974502563
0.7026729583740234
0.7664744257926941
0.5474225282669067
0.6786649823188782
1.2690871953964233
0.9365605115890503
0.555076003074646
0.5574495196342468
0.4338672161102295
0.3904677927494049
0.34829825162887573
0.7806501388549805
0.30088120698928833
0.35442686080932617
0.4730737805366516
0.6295870542526245
0.1806894838809967
0.4138239920139313
0.6883112192153931
0.5390685796737671
0.5089110136032104
0.6062324643135071
0.5773218870162964
0.20138081908226013
0.5622320771217346
0.9529305696487427
0.8438957333564758
1.0346759557724
0.44356784224510193
0.331759512424469
0.5168763399124146
0.293559730052948
0.6079559326171875
0.3066866993904114
0.791231095790863
0.42676863074302673
0.2393253743648529
0.3757850229740143
0.9138998985290527
0.29402828216552734
0.3187576234340668
0.2652105689048767
0.4520774781703949
0.5653193593025208
0.26001110672950745
0.46587562561035156
0.3552834391593933
0.7856137752532959
0.3751467168331146
0.516816258430481
0.27478471398353577
0.7742527723312378
0.3080243766307831
0.2898527979850769
0.4924747347831726
0.5009918212890625
0.92643803358078
0.5735150575637817
0.7582402229309082
0.5228073000907898
0.5890887975692749
0.4045516848564148
0.3002839684486389
0.21605761349201202
0.32177653908729553
1.1614755392074585
0.5007295608520508
0.23396094143390656
0.3086928725242615
0.46393269300460815
0.34546902775764465
0.7239663600921631
0.5270600318908691
0.5147894024848938
0.45888978242874146
0.44742345809936523
0.43631258606910706
0.37056106328964233
0.533880352973938
0.643391489982605
0.5190798044204712
0.4007265567779541
0.39830729365348816
0.3862130343914032
0.7619848251342773
0.614311695098877
1.0764034986495972
0.5717881321907043
0.49940556287765503
0.35400858521461487
0.6030375957489014
0.35464364290237427
0.5315598249435425
0.537634015083313
0.6883295774459839
0.6514779925346375
0.31050410866737366
0.8858981132507324
0.427340030670166
0.5708180069923401
0.4927816390991211
0.5636095404624939
0.44310322403907776
0.42191123962402344
1.0087178945541382
0.721305251121521
0.5387533903121948
0.46211370825767517
0.7333927154541016
0.6646204590797424
0.6939588189125061
0.8007639050483704
0.29606446623802185
0.9011588096618652
0.9606568217277527
0.6835261583328247
0.4182893633842468
0.21065466105937958
0.6649220585823059
0.7320431470870972
0.9091399312019348
0.6110444664955139
0.397739052772522
1.0245635509490967
0.6215208172798157
0.6125609278678894
0.34544920921325684
0.5239982604980469
0.47811394929885864
0.587207555770874
0.6941207051277161
0.8158026933670044
0.3023684620857239
0.4079456329345703
0.4142518937587738
0.3438037037849426
0.28363287448883057
0.2643462121486664
0.36527302861213684
0.49572786688804626
0.3710779547691345
0.461080938577652
0.3869487941265106
0.44273996353149414
0.33503156900405884
1.219494104385376
0.6778839826583862
0.6994135975837708
0.3722151815891266
0.5745973587036133
0.1798037439584732
0.4771968424320221
0.5887843370437622
1.2193543910980225
1.00742769241333
1.284314751625061
0.3863506615161896
0.5570771098136902
0.4385276734828949
0.3489556312561035
0.5909857153892517
0.7625158429145813
0.3660532832145691
0.3921661078929901
0.5213298797607422
0.2614949345588684
0.6758483052253723
0.89556884765625
0.8709006309509277
0.495664119720459
0.9725770950317383
0.33666595816612244
0.7686570882797241
0.6460235118865967
0.966314971446991
0.35500091314315796
0.8422086834907532
0.16131673753261566
0.3282150626182556
0.7208019495010376
0.8061995506286621
0.45460376143455505
0.15576483309268951
0.34318774938583374
0.30896902084350586
1.0762579441070557
0.9080928564071655
0.8690511584281921
0.5620367527008057
0.5669101476669312
0.3953738808631897
0.38775306940078735
0.243022158741951
0.7302108407020569
0.3831886351108551
0.23330731689929962
0.3279380202293396
0.5569909811019897
0.7084944844245911
0.29591310024261475
0.539555549621582
0.6520330309867859
0.7606375813484192
0.3346653878688812
0.7342509627342224
1.0161436796188354
0.7667205333709717
0.3602665364742279
0.5953616499900818
1.501928687095642
0.9789997935295105
0.3768227994441986
0.4160691201686859
0.25283461809158325
0.5753730535507202
0.38332897424697876
0.8861196637153625
0.2781316339969635
0.45540904998779297
0.325754314661026
0.4472143054008484
0.31651878356933594
0.8507893681526184
0.606657862663269
0.3354082703590393
0.3644793629646301
0.424534410238266
0.4889029562473297
0.5813137292861938
0.5115904211997986
0.3477132022380829
0.3372577726840973
0.323994517326355
0.9023769497871399
0.43577003479003906
0.8159288167953491
0.6261407136917114
0.6157630681991577
0.6213500499725342
0.5415648221969604
0.44485655426979065
0.34039026498794556
0.4261642098426819
0.6820510625839233
0.42569512128829956
0.7079529762268066
0.4036000370979309
0.7310739755630493
0.34395137429237366
0.586119532585144
0.40434613823890686
0.23103566467761993
0.5177674293518066
0.4874131679534912
0.8666297793388367
0.6232649087905884
0.4630861282348633
0.5239908695220947
0.6105295419692993
1.4366440773010254
0.4659072756767273
0.763477087020874
0.47056064009666443
0.33095234632492065
0.4335300326347351
0.6858975291252136
0.34130868315696716
0.5008675456047058
0.6240313649177551
1.09738028049469
0.8798476457595825
0.3418435752391815
0.5242955684661865
0.3939225673675537
0.6489642858505249
1.155287265777588
0.6515243649482727
0.8153861165046692
0.7897100448608398
0.5344468355178833
0.3668646514415741
0.6738283038139343
0.41480809450149536
0.49302229285240173
0.38020628690719604
0.6972529888153076
0.8313668370246887
0.2561931014060974
0.34794121980667114
0.7741717100143433
0.5800182223320007
0.379580020904541
0.29425352811813354
0.31247061491012573
0.8100899457931519
0.4656282365322113
0.33605313301086426
0.8325880169868469
0.38429057598114014
0.9307745695114136
0.4482908248901367
0.4980587959289551
0.5051525831222534
0.3676231801509857
0.8162170648574829
0.7553480863571167
0.5235210657119751
0.5660511255264282
0.5579237341880798
0.6024565696716309
0.38993316888809204
0.6060003042221069
0.4791637361049652
0.8274894952774048
0.3215153217315674
1.0158827304840088
0.6748571395874023
0.23182865977287292
1.0403039455413818
0.7610112428665161
0.4752345085144043
0.8307798504829407
0.36188220977783203
0.5732820630073547
0.40792006254196167
0.452857106924057
0.6777517199516296
0.6106516122817993
1.1371057033538818
0.8208884596824646
