0.3915119767189026
0.8350094556808472
0.28067880868911743
0.6841727495193481
0.6678497195243835
0.5041009187698364
0.5054855346679688
0.7320288419723511
0.8168720006942749
0.465688556432724
0.4019191861152649
0.46032485365867615
0.49928855895996094
0.3076701760292053
0.4782566428184509
0.42368441820144653
0.3580496907234192
1.2417093515396118
0.7084640264511108
0.3485766053199768
0.40106314420700073
0.28836479783058167
0.1950683295726776
0.5784248113632202
0.48544636368751526
0.4813709259033203
0.8376671075820923
0.6845017075538635
0.28355446457862854
0.4597703516483307
0.6294752359390259
0.3009836673736572
0.855742335319519
0.4818916320800781
0.4676300883293152
0.2571229934692383
0.6313145756721497
0.4851861596107483
0.8880078196525574
0.6821393966674805
0.3378826379776001
0.5845510363578796
0.3290066123008728
0.6557132601737976
0.8887955546379089
0.40632525086402893
0.8667081594467163
0.5964899659156799
0.42818790674209595
0.35897043347358704
0.3155360519886017
0.7600027322769165
0.16599053144454956
0.33565372228622437
0.5901126265525818
0.562419056892395
0.7183727622032166
0.3775727152824402
0.6859413385391235
0.1983531266450882
0.5379624366760254
0.4098784029483795
0.41499656438827515
0.397504985332489
0.2841957211494446
0.3528001308441162
0.9950371980667114
0.43353399634361267
1.4710900783538818
0.4893271028995514
0.23622369766235352
0.6491317749023438
0.6614571809768677
0.553164005279541
0.37808758020401
0.38529008626937866
0.3162687420845032
0.30989792943000793
0.6649101972579956
0.5415412783622742
0.5624391436576843
0.46715205907821655
1.2418086528778076
0.5139288306236267
0.6002941131591797
0.9604441523551941
0.2774691581726074
1.140604853630066
0.6578872203826904
0.3504272699356079
0.42291125655174255
0.5103262066841125
0.5666415095329285
0.273355096578598
0.5293304324150085
0.6818148493766785
0.4891420900821686
0.33287376165390015
1.0827951431274414
0.7318631410598755
0.4003485143184662
0.500110924243927
0.7703239321708679
0.5276582837104797
0.7815285325050354
1.1255110502243042
0.36910051107406616
0.7293865084648132
0.6045025587081909
0.6160075068473816
0.34426432847976685
0.15772852301597595
0.5464739799499512
0.2739323079586029
0.6450890302658081
0.4448390007019043
0.5715433359146118
0.481295645236969
0.5170673727989197
0.5676130056381226
0.4651855528354645
0.4370346963405609
0.4591808319091797
0.3870106339454651
0.5801553726196289
0.35653233528137207
0.18115754425525665
0.324747771024704
0.5594562888145447
0.38536912202835083
0.8358052372932434
0.5514819025993347
0.4960152506828308
0.173690527677536
0.5699244737625122
0.3359471261501312
0.6289626359939575
0.7549441456794739
0.34575527906417847
0.38282057642936707
0.3490258455276489
0.42828553915023804
0.9918783903121948
0.882780909538269
0.8762816190719604
0.7238443493843079
0.4464069902896881
0.16735607385635376
0.8879182934761047
0.7305517196655273
0.5467055439949036
0.37596291303634644
0.39717811346054077
0.7479528188705444
0.6304948329925537
0.43320661783218384
0.42170706391334534
0.4043734669685364
0.5383932590484619
0.6977164149284363
0.477699339389801
0.5097593069076538
0.39077433943748474
0.4736771583557129
0.6123734712600708
0.4582917094230652
0.5114434957504272
0.5540359616279602
0.3569587469100952
0.31589969992637634
0.5028812289237976
0.44129467010498047
0.46275535225868225
0.19217348098754883
0.6356896162033081
0.7221389412879944
0.3134976029396057
0.38855165243148804
0.6104549169540405
0.5666416883468628
0.5707160830497742
0.2016257345676422
0.5903016328811646
0.4208706021308899
0.6339635252952576
1.2035785913467407
0.5995030999183655
0.5882425308227539
0.6279172897338867
0.37518659234046936
0.5276327133178711
0.319596529006958
0.5787820816040039
0.3365546762943268
0.8045076131820679
0.4122474789619446
0.522121787071228
0.6750779151916504
0.5566150546073914
0.3779261112213135
0.7136934399604797
0.8242704272270203
0.20184925198554993
0.4175277650356293
0.7672785520553589
0.4120202958583832
0.4695793092250824
0.6600087881088257
0.6103687882423401
0.6982066035270691
0.3025203347206116
0.44578641653060913
0.4260401129722595
0.523912250995636
0.4311090409755707
0.6124646067619324
0.4694961607456207
0.8999349474906921
0.3698839843273163
1.3890657424926758
0.4713152050971985
0.5670555233955383
0.6092480421066284
1.0046827793121338
0.4551144540309906
0.2728458344936371
0.46890324354171753
0.5306642651557922
0.1370343267917633
0.3623161315917969
0.3697706162929535
0.5223997831344604
0.35064905881881714
0.5557354688644409
1.2234700918197632
0.3443758487701416
0.3797154426574707
0.5950548052787781
0.3994566798210144
0.6526172757148743
0.43888360261917114
0.5927246809005737
0.4080466330051422
0.5659543871879578
0.40882229804992676
1.2965816259384155
0.4692496359348297
1.3893623352050781
0.47698670625686646
0.35733357071876526
0.792296290397644
0.6078627705574036
0.43574824929237366
0.25076091289520264
0.4751133322715759
0.7267566919326782
0.3619270622730255
0.31576159596443176
0.5026375651359558
0.21776394546031952
0.5162614583969116
0.5574798583984375
0.2707810699939728
0.13495317101478577
0.7102135419845581
0.5988749265670776
0.46947938203811646
0.6802855134010315
0.3668883442878723
0.25562262535095215
0.237563818693161
0.4880959391593933
0.4536713659763336
0.5075231790542603
0.35650402307510376
0.2137746810913086
0.5829652547836304
0.5136767029762268
0.3155553936958313
0.31185778975486755
0.2952774167060852
0.4330011010169983
0.8164035081863403
0.5087377429008484
0.36254018545150757
0.9177315831184387
1.2887734174728394
0.9772847294807434
0.2654135525226593
0.2910389304161072
0.2930643558502197
0.5456949472427368
0.5091215968132019
0.5273745059967041
0.43458643555641174
0.7596457600593567
0.20290374755859375
0.5856895446777344
0.29586929082870483
0.6201327443122864
0.6350784301757812
0.40585121512413025
0.4519398808479309
0.37269699573516846
0.6125112771987915
0.6232083439826965
0.5001439452171326
0.2767447829246521
0.6691055297851562
0.4186926782131195
0.2676839232444763
0.47118884325027466
0.5105230212211609
0.20672646164894104
0.6609031558036804
0.46157678961753845
0.55272376537323
0.4405273497104645
0.5432859659194946
0.7969878315925598
0.5064334273338318
0.3108765482902527
0.38972386717796326
0.6035529971122742
0.4194491505622864
0.6416494846343994
0.4611731469631195
0.6375067830085754
0.6009761095046997
0.4570430815219879
0.4051938056945801
0.6301934719085693
0.2723059058189392
0.16219505667686462
0.597277820110321
0.44216251373291016
0.2982255518436432
0.582468569278717
