0.8153427839279175
0.6062582731246948
0.5964450836181641
0.3476541042327881
0.683883011341095
0.7038676142692566
0.2146592140197754
0.583412766456604
0.45455464720726013
0.5800269842147827
0.5084520578384399
0.6889901757240295
0.3259584903717041
0.7646281123161316
0.5853126049041748
0.47542381286621094
0.7552533149719238
0.41268807649612427
0.4368740916252136
0.35698410868644714
0.6994826197624207
0.9133329391479492
0.34924811124801636
0.7866382598876953
0.5900476574897766
0.28065815567970276
1.0355150699615479
0.4169120192527771
0.3683468997478485
0.412813276052475
0.42212408781051636
0.35794597864151
0.5824101567268372
0.3563777208328247
0.511387288570404
0.7436878085136414
0.6083376407623291
0.6131687164306641
0.5727468729019165
0.9142812490463257
0.5527521967887878
0.6417707204818726
0.39855751395225525
0.48457422852516174
0.28276100754737854
1.2607332468032837
0.6084445714950562
0.5200256109237671
0.5122100114822388
0.5008943676948547
0.6467112302780151
0.4263373017311096
0.5956221222877502
0.261124849319458
0.5125068426132202
0.7420271039009094
0.6927496194839478
0.3462551236152649
0.8480011224746704
0.9908763766288757
0.5247476696968079
0.2593309283256531
0.3772147595882416
0.7033494710922241
0.6468959450721741
0.6843370199203491
0.34936779737472534
0.25226640701293945
0.35816070437431335
0.3604702651500702
0.2829847037792206
0.9054950475692749
0.3436462879180908
0.47601738572120667
1.1233859062194824
0.47472381591796875
0.4355873465538025
0.6796401143074036
0.34761348366737366
0.6973398327827454
0.25513118505477905
0.4258290231227875
0.5066961646080017
0.41071072220802307
0.311748743057251
0.34185025095939636
0.2561240792274475
1.2214359045028687
0.5797742605209351
0.6186213493347168
0.572249174118042
0.30837568640708923
0.4379979074001312
0.716656506061554
0.5035817623138428
0.6169949173927307
0.3370789885520935
0.5659397840499878
0.19638794660568237
0.8378936648368835
0.5996783971786499
0.7769767642021179
0.7456539869308472
0.27973267436027527
0.43639326095581055
0.8123155832290649
0.4516998827457428
0.6689785122871399
0.41316431760787964
0.36065033078193665
0.6714493036270142
0.5108548998832703
0.17718873918056488
0.4892211854457855
0.48422178626060486
1.1126295328140259
0.381671279668808
0.2838659882545471
0.41238492727279663
0.6579707860946655
0.8012827038764954
0.2956203818321228
0.24109485745429993
0.5425838232040405
0.7884517908096313
0.6436994671821594
0.5380523204803467
0.8414703607559204
0.34889087080955505
0.9385329484939575
0.7757658958435059
0.48069795966148376
0.32471027970314026
0.4552287459373474
0.34895509481430054
0.7133530974388123
0.6646615266799927
0.5765653252601624
0.6657102704048157
0.2069654017686844
0.600051760673523
0.9042649269104004
0.5273290872573853
0.43029528856277466
0.4288927912712097
0.6498838663101196
0.45557862520217896
0.38616612553596497
0.4583856165409088
0.6384686231613159
0.6945167779922485
0.3170437812805176
0.4043042063713074
0.4672110676765442
0.3458762764930725
0.47639209032058716
0.6881283521652222
0.5310150980949402
0.5644494295120239
0.36428698897361755
0.49998077750205994
0.7687473893165588
0.6471754908561707
0.7546942830085754
0.3865703046321869
0.7219613790512085
1.1075249910354614
0.46172767877578735
0.36248424649238586
0.46231013536453247
0.42829790711402893
0.8285077214241028
1.0288169384002686
0.3053893446922302
0.9505451917648315
0.5483161211013794
0.5130842328071594
0.5191099047660828
0.46222296357154846
0.669623076915741
0.6292334794998169
0.5804809331893921
0.4866446852684021
0.41620707511901855
0.547099769115448
0.565787136554718
1.3415700197219849
0.4058707654476166
0.17276115715503693
0.386666476726532
0.25664228200912476
0.2778690457344055
1.010286569595337
0.8786464929580688
0.361432820558548
1.4399194717407227
0.3433169722557068
0.5180856585502625
0.48814353346824646
0.49119359254837036
0.26764771342277527
0.4566742777824402
0.47176671028137207
0.552803635597229
0.3673347234725952
0.40287208557128906
0.771586000919342
0.5175191760063171
0.8206963539123535
0.4392935633659363
0.5646159648895264
0.6325317621231079
0.6602030992507935
0.5970990657806396
0.7929993271827698
0.41427746415138245
0.3797793984413147
0.445014089345932
0.6654170155525208
0.6532157063484192
0.9074993133544922
0.5371341109275818
0.19381238520145416
0.31770676374435425
0.31745752692222595
1.0251166820526123
0.3460676372051239
0.561419665813446
0.6076909303665161
0.40060433745384216
0.33436816930770874
0.6870489120483398
0.7169330716133118
0.35877421498298645
0.3045687973499298
0.3321041464805603
0.5632922649383545
0.5748517513275146
0.5791093707084656
0.2737380862236023
0.6055129766464233
0.4744411110877991
0.16409465670585632
0.7809170484542847
0.7541264295578003
0.7850432395935059
0.42461976408958435
0.5857755541801453
0.38837581872940063
1.116398811340332
0.49582037329673767
0.5673301815986633
1.5166938304901123
0.32463428378105164
0.7796459794044495
0.3336593508720398
0.3395000398159027
0.5343800187110901
0.3991296887397766
0.5998939275741577
0.5279433727264404
0.20357783138751984
0.5445648431777954
0.552199125289917
0.4542255997657776
0.45613518357276917
0.5491375923156738
0.9738510847091675
1.0115118026733398
0.45560628175735474
0.5327571630477905
0.4754045903682709
0.27489176392555237
0.4442351460456848
0.36588460206985474
0.5488988161087036
0.6280417442321777
0.5607426762580872
0.7514963746070862
0.3437325954437256
0.4223445951938629
0.6613095998764038
0.5907679796218872
0.2798130214214325
0.5950683355331421
0.4664316177368164
1.2065879106521606
0.332256555557251
0.42529743909835815
0.41549602150917053
0.5032927989959717
0.8946722745895386
0.21765999495983124
0.5993086099624634
0.6619158387184143
0.6350411772727966
0.5614579916000366
0.3178442120552063
0.45122241973876953
0.5439640283584595
0.6456843614578247
0.3170697093009949
0.3956244885921478
0.5566849112510681
0.8168288469314575
0.3520269989967346
0.7100122570991516
0.40294378995895386
0.8710278272628784
1.2127119302749634
0.5190373063087463
0.635855495929718
0.34822964668273926
0.3080154061317444
0.5508273243904114
0.5589207410812378
0.21983523666858673
0.28553307056427
0.3443962335586548
1.1670923233032227
1.0796806812286377
0.5725098848342896
0.3860935568809509
0.4449951648712158
0.5473150610923767
0.6021824479103088
0.6526905298233032
0.5697040557861328
0.49622613191604614
0.47891736030578613
0.3840906620025635
0.4469106197357178
0.6146570444107056
0.3856858015060425
0.8012694120407104
1.0395629405975342
0.3984608054161072
1.7946215867996216
