0.5302808880805969
0.30545955896377563
0.641548216342926
0.3830013871192932
0.6155468225479126
0.764065146446228
0.4424757957458496
0.38601741194725037
0.6666200757026672
0.48074787855148315
0.9314608573913574
0.8206167221069336
0.4529957175254822
0.5522859692573547
0.5017038583755493
0.3353607654571533
0.34925857186317444
0.4371110796928406
0.7201203107833862
0.916861355304718
0.8895903825759888
0.7671016454696655
0.5769109129905701
0.5061322450637817
0.45345520973205566
1.3835041522979736
0.44185739755630493
0.5450865030288696
0.5053006410598755
0.5906919240951538
0.6975997686386108
0.2656227648258209
0.5525848269462585
0.9970455169677734
0.6119514107704163
0.8126336932182312
0.5780032277107239
0.8060050010681152
0.3758128881454468
0.6896811723709106
0.7887905240058899
0.19456429779529572
0.5908327102661133
1.1487712860107422
0.7378178834915161
0.6587702035903931
0.6967716813087463
0.3990768790245056
0.6759337782859802
0.678998589515686
0.29067128896713257
0.9565623998641968
0.4259656071662903
0.3075026869773865
0.8180011510848999
0.5751904249191284
0.37021249532699585
0.3989485800266266
0.6352976560592651
0.5271614193916321
0.6044578552246094
0.2705484926700592
0.4130064845085144
0.23235353827476501
0.48433271050453186
0.3865429162979126
0.5070552825927734
0.4738110899925232
1.0373823642730713
0.24104610085487366
0.3132583796977997
0.410472571849823
0.4722464978694916
0.5739368200302124
0.7128188610076904
0.47944554686546326
0.6694281697273254
0.30914077162742615
0.5798197984695435
0.47560182213783264
0.4759688973426819
0.2919696867465973
0.3032868504524231
0.6573132276535034
0.8639136552810669
0.647297739982605
0.7090362310409546
0.7162389755249023
0.8564507365226746
0.6576115489006042
0.39630866050720215
0.4174094796180725
0.6031785011291504
0.5876865386962891
0.35628730058670044
0.7235992550849915
0.2973524034023285
0.39332547783851624
0.23585548996925354
0.47918444871902466
0.8275823593139648
0.3138958811759949
0.42539066076278687
0.36977919936180115
0.2190815955400467
0.6103516817092896
0.7490680813789368
0.30275553464889526
0.30381259322166443
0.6117708086967468
0.33363255858421326
0.8995305895805359
0.2592284381389618
0.5573451519012451
0.7025288343429565
0.5500041842460632
0.8948793411254883
0.5931447744369507
0.5603083372116089
0.24119539558887482
0.45295897126197815
0.629529595375061
0.7069870829582214
0.6919869184494019
0.5617225170135498
0.36339545249938965
0.5023077726364136
0.36953991651535034
0.37447309494018555
0.7695342302322388
0.3064963221549988
0.2785104513168335
0.7715176343917847
0.6114088892936707
0.39103519916534424
0.532065749168396
0.5544626712799072
1.207492709159851
0.7241008877754211
0.343174546957016
0.5890475511550903
0.47738203406333923
0.8183467984199524
0.42145031690597534
0.598678469657898
0.42683711647987366
0.3420000672340393
0.6739029884338379
0.8195739984512329
0.4470447599887848
0.8336063623428345
0.6144693493843079
0.4636831283569336
0.3935542702674866
0.6351898908615112
1.1335945129394531
0.4583192765712738
0.44210273027420044
0.4972979426383972
0.3302003741264343
0.5854514837265015
0.7905367612838745
0.4195805490016937
0.26156187057495117
0.20801348984241486
0.4924807548522949
0.43445539474487305
0.4404267370700836
0.9093365669250488
0.5832432508468628
0.4100716710090637
0.7231789231300354
0.6243513822555542
0.4359196722507477
0.638129472732544
0.6258628964424133
1.032273292541504
0.4418303072452545
0.677763819694519
0.650532066822052
0.2889837324619293
0.5897305607795715
0.5185920000076294
0.3423084020614624
0.520250678062439
0.7743539810180664
0.4356834292411804
0.4550313949584961
0.7170895934104919
0.8910589218139648
0.44139719009399414
0.5676235556602478
0.47144025564193726
0.6286820769309998
1.0314000844955444
0.3792586326599121
0.40889954566955566
0.19155316054821014
0.4262726902961731
0.36438730359077454
0.5208045840263367
0.4251004755496979
0.6372216939926147
0.6320415139198303
0.46855583786964417
0.4504219889640808
0.2931590974330902
1.4089733362197876
0.14530588686466217
1.027788758277893
0.6480669975280762
0.5843764543533325
0.3677939176559448
0.5199687480926514
0.8425703048706055
0.5292097330093384
0.4797860085964203
0.5879868268966675
0.30152133107185364
0.30601128935813904
0.3977220058441162
0.6537407636642456
0.6036783456802368
0.34501785039901733
0.5129773020744324
0.9892318844795227
0.43864163756370544
0.3045978546142578
0.6458054780960083
0.7190396189689636
0.39897188544273376
0.34663406014442444
0.3775447607040405
0.3053494989871979
0.3197937607765198
0.5218344330787659
0.2582436203956604
0.7279163599014282
0.45170289278030396
0.6466010808944702
0.3376111388206482
0.4669693112373352
0.8025301098823547
0.5773221850395203
0.2557433247566223
0.39353063702583313
0.8516938090324402
0.7768200635910034
0.6565957069396973
0.4734676778316498
0.5017305612564087
0.7645531892776489
0.40510424971580505
0.7095009684562683
0.4855816960334778
0.5351235270500183
0.3546091318130493
0.43943077325820923
0.5726009607315063
0.7649504542350769
0.6412144899368286
0.37292638421058655
0.4197676181793213
0.2380061149597168
0.556892454624176
0.4372740685939789
0.7307292222976685
1.066112756729126
0.671492874622345
0.4303714334964752
0.49190378189086914
0.24359437823295593
0.5662282705307007
0.6449087262153625
0.6476305723190308
0.8862997889518738
0.7816330790519714
0.6589252352714539
0.6204599142074585
0.6491128206253052
0.43556714057922363
0.8221286535263062
0.4955255389213562
0.3391523063182831
0.5216647386550903
0.3245350420475006
0.8300310373306274
0.8187263607978821
0.7027539014816284
0.7863024473190308
0.35956576466560364
0.38430267572402954
0.606639564037323
0.31496235728263855
0.48723721504211426
0.6644614934921265
0.7503558397293091
0.5306396484375
0.35183683037757874
0.6981110572814941
0.5611727833747864
0.34867507219314575
0.3683156371116638
0.21518811583518982
0.6184093356132507
0.396639347076416
0.6458801031112671
0.31320106983184814
0.3414328694343567
0.6199864149093628
0.255397230386734
0.8934987783432007
0.4484482705593109
0.5440289974212646
0.5270503163337708
0.5731449723243713
0.3418363034725189
0.6689159274101257
0.659096896648407
0.41298189759254456
0.49058857560157776
0.46229857206344604
0.2167946845293045
0.3409135937690735
0.5749696493148804
0.3686273992061615
0.48156386613845825
0.2823970317840576
0.330900102853775
0.9829408526420593
0.3705250322818756
0.5856434106826782
0.5230151414871216
0.32803279161453247
0.8819881677627563
0.41137751936912537
0.7334690093994141
1.669990062713623
