0.4160650372505188
0.5729772448539734
0.6086623072624207
0.4480655789375305
0.34174948930740356
0.5463573336601257
0.3973107933998108
0.5879572033882141
0.5990999341011047
0.5430647730827332
0.3565864562988281
0.48053064942359924
0.5139771699905396
0.35033100843429565
0.4029355049133301
0.49215683341026306
0.7283633947372437
0.48218512535095215
0.6038408279418945
0.773316502571106
0.3557380139827728
0.8356863260269165
0.6827024221420288
0.44804757833480835
0.3533760607242584
0.5891497731208801
0.365821897983551
0.5653085708618164
0.15376511216163635
0.33409029245376587
0.2656877040863037
1.2359035015106201
0.5129658579826355
0.3455328345298767
0.5280596017837524
0.4143005907535553
0.40432262420654297
0.9121121168136597
1.2415961027145386
0.5036138296127319
0.607678234577179
0.8945226669311523
0.2869490385055542
0.869804859161377
0.7292981147766113
0.6526750326156616
0.368734747171402
0.4417630732059479
0.49015873670578003
1.0592780113220215
0.5772306323051453
0.6353974938392639
0.2976677417755127
0.865611732006073
0.6187918782234192
1.185524821281433
1.02277410030365
0.3319076895713806
0.7206674814224243
0.29329460859298706
0.4577682912349701
0.5834041833877563
0.26735538244247437
0.943470299243927
0.3039865493774414
0.39270225167274475
0.73256516456604
0.6098039746284485
0.39522653818130493
0.5739076733589172
0.3050064146518707
0.4401865005493164
0.3271248936653137
0.4088907241821289
0.5082955360412598
0.6003668904304504
0.3376239240169525
0.545924961566925
0.9892818331718445
0.23136112093925476
0.43958330154418945
0.8950031995773315
0.5350584983825684
0.5006014704704285
0.3202137351036072
0.4141691327095032
0.5031245350837708
0.3402785658836365
0.24882611632347107
0.34200936555862427
0.3010941445827484
0.6958181858062744
0.42132240533828735
0.49966564774513245
0.6191410422325134
0.6796677708625793
0.5315394997596741
0.5191994309425354
0.3827427327632904
1.029997706413269
0.6375172734260559
0.5577368140220642
0.4309996962547302
0.275643914937973
0.5437391996383667
0.43395042419433594
0.5448840856552124
0.3261926770210266
0.3113972842693329
0.6923043131828308
0.5918678045272827
0.8785228729248047
0.38249799609184265
0.3126301169395447
0.3146034777164459
0.9361872673034668
0.4598786234855652
0.4770887494087219
0.7921759486198425
0.5678809881210327
0.4631268382072449
0.590170681476593
0.8112030029296875
0.8096317052841187
0.5952476859092712
0.4273187518119812
0.9952348470687866
0.31134647130966187
0.24971076846122742
0.5754621028900146
0.4166851043701172
0.1235288754105568
0.9054329991340637
0.48864564299583435
0.3845948278903961
0.38799232244491577
0.29781562089920044
0.41314181685447693
0.38671568036079407
0.7341665029525757
0.6972964406013489
0.40015649795532227
0.4114990234375
0.4967762529850006
0.6736451387405396
0.43659883737564087
0.3878953754901886
0.4376283288002014
0.8586940765380859
0.5720982551574707
0.23913314938545227
0.4910077452659607
0.18599765002727509
0.7087256908416748
0.9923036694526672
0.6121114492416382
0.57686448097229
0.38154441118240356
0.35205334424972534
0.3696303069591522
0.4401817321777344
0.26749342679977417
0.48531001806259155
0.47237521409988403
0.6150188446044922
0.41078242659568787
0.9850900769233704
0.741862416267395
0.6685913801193237
0.649969756603241
0.2561342120170593
0.503571629524231
0.3369899392127991
0.32309290766716003
0.5900945663452148
0.5059792399406433
0.4007793366909027
0.14246705174446106
0.31312716007232666
0.5516968965530396
0.18655216693878174
0.33589157462120056
0.4638819098472595
0.5221343040466309
0.819612979888916
0.28578323125839233
0.6794993281364441
0.35354456305503845
0.47851961851119995
0.38061946630477905
0.37986794114112854
0.5711164474487305
0.18480117619037628
0.8068324327468872
0.6618730425834656
0.7067276835441589
0.5142492651939392
0.8094760775566101
0.24195042252540588
0.5972728729248047
1.2081100940704346
0.8180238008499146
0.5026208162307739
0.3742772042751312
0.4499801993370056
0.3422267436981201
0.5553147196769714
1.4626611471176147
0.5840776562690735
0.3950718343257904
0.40245088934898376
0.7299689054489136
0.3825146555900574
0.5464221239089966
0.28981393575668335
0.23309998214244843
0.7992366552352905
0.8853552937507629
0.7871650457382202
0.8963630795478821
0.5804082155227661
0.5142666101455688
0.5629769563674927
0.7183047533035278
0.4750763475894928
0.6134520769119263
0.4379616379737854
0.3129068613052368
1.0072388648986816
0.4979528486728668
0.9070562124252319
0.7312126159667969
0.5067141056060791
0.8739156723022461
0.8876947164535522
0.6791578531265259
0.6495991349220276
0.6752187013626099
0.42448654770851135
0.3662542700767517
0.39484524726867676
0.6640192866325378
0.5022456049919128
0.7918155789375305
0.904711127281189
0.36658090353012085
0.7851778268814087
0.8822954297065735
0.8080400228500366
0.7540410757064819
0.6871770620346069
0.6698899269104004
0.3540695905685425
0.4418756067752838
0.8039894104003906
0.6481984257698059
0.37253445386886597
0.413944810628891
0.6618163585662842
0.6006253957748413
0.620773196220398
0.491293728351593
0.4365772306919098
0.4490426182746887
0.34335947036743164
0.6629831790924072
0.3993849456310272
0.5683395862579346
0.965925395488739
0.5398141145706177
0.5101794004440308
0.321388304233551
0.19554439187049866
0.4315158724784851
1.010519027709961
0.968675434589386
0.5358303785324097
0.3659714162349701
0.3504379391670227
0.6022830605506897
0.628747820854187
0.9292710423469543
0.25284236669540405
0.6033920049667358
1.0266507863998413
0.7937549352645874
1.1341232061386108
0.48333948850631714
0.7372266054153442
0.5595282316207886
0.7291203737258911
0.4030378460884094
0.4496985375881195
0.7934668064117432
0.2899280786514282
0.6848798394203186
0.5558037757873535
0.2915270924568176
0.7450005412101746
0.8326997756958008
0.4951532483100891
0.5968896150588989
1.0770001411437988
0.4994473457336426
0.6441315412521362
0.5433307886123657
0.6313996315002441
0.8700069189071655
0.28535526990890503
0.34213927388191223
0.43066176772117615
0.3065858483314514
0.30717599391937256
0.6972530484199524
0.5830236673355103
0.4666648805141449
0.4005446434020996
0.4461309313774109
1.0309243202209473
0.39600884914398193
0.6062835454940796
0.6089078187942505
0.7028952836990356
0.43881407380104065
0.6388465166091919
0.2594129145145416
0.4745768904685974
0.6846388578414917
0.7312242984771729
0.4157887399196625
0.6550282835960388
0.3112337291240692
0.37539806962013245
0.6144018173217773
0.19875095784664154
0.2631668448448181
0.3403833508491516
0.92010897397995
