0.4357790946960449
0.2623506784439087
0.7058466076850891
0.41530099511146545
0.7898361086845398
0.25861573219299316
0.29559293389320374
0.4247404932975769
0.6598299741744995
0.7330479621887207
0.4816757142543793
0.8372703790664673
0.5089666247367859
0.458200603723526
0.6642200946807861
0.22369614243507385
0.4311026930809021
0.3896805942058563
0.25420600175857544
0.3691263794898987
0.3563707768917084
0.3763097822666168
0.47538894414901733
0.17031779885292053
0.5315532684326172
0.12293650954961777
0.3720858693122864
0.5201800465583801
0.4179774224758148
0.5623427629470825
0.6543205380439758
0.7859034538269043
0.45772629976272583
0.6482504606246948
0.25867170095443726
0.7265557050704956
0.7721327543258667
0.586250364780426
0.2198249101638794
0.6439176797866821
0.5239371061325073
0.7236865758895874
0.47257980704307556
0.22430133819580078
0.5419709086418152
0.7734987139701843
0.31912118196487427
0.4469854235649109
0.2868109941482544
1.0637481212615967
0.38100582361221313
0.797732949256897
0.42326459288597107
0.4529368281364441
0.5113217830657959
0.5220154523849487
1.0961576700210571
0.36480095982551575
0.9041944742202759
0.5535882711410522
0.34180817008018494
0.6162089109420776
0.7123236656188965
0.9472980499267578
1.0481395721435547
0.37531834840774536
0.42175763845443726
0.600706934928894
0.5348935127258301
0.4967247545719147
0.534497082233429
0.5752555131912231
0.5855589509010315
0.7487298250198364
0.49589401483535767
0.2544630169868469
0.5833012461662292
0.5488735437393188
0.8014507293701172
0.6984899044036865
0.5865806341171265
0.49684280157089233
0.32081934809684753
0.6933940649032593
0.37926632165908813
1.3714044094085693
0.43895119428634644
0.4730512201786041
0.5069264769554138
1.0821514129638672
0.9606425166130066
0.49522465467453003
0.9734298586845398
0.4548571705818176
0.16219118237495422
0.5938162207603455
0.4441715180873871
0.47713175415992737
0.3971215784549713
0.37117400765419006
0.32546114921569824
0.37235453724861145
0.5950787663459778
0.9647361040115356
0.3807278573513031
0.9217680096626282
0.7387508153915405
0.8094662427902222
0.8757724761962891
0.8087885975837708
0.7487878203392029
0.6406553983688354
0.6751208901405334
0.1621365249156952
0.39671632647514343
0.3620719313621521
0.1278131902217865
0.903839111328125
0.13170424103736877
0.3490726351737976
1.013096570968628
0.37315770983695984
0.3576400876045227
0.6668381690979004
0.30675196647644043
0.41814103722572327
0.30994948744773865
0.45386162400245667
0.5722578167915344
0.6522828340530396
0.48864299058914185
0.40255817770957947
0.6154053211212158
1.142662763595581
0.7837316393852234
0.42289113998413086
0.0999724492430687
0.41572561860084534
0.29899758100509644
1.1637165546417236
0.595536470413208
0.5707491040229797
0.6446337103843689
0.5191696882247925
0.6502310037612915
1.0258848667144775
0.29736417531967163
0.9473198652267456
0.8018695712089539
0.2599644958972931
0.6008747816085815
0.6582528948783875
0.1916981041431427
0.4082120954990387
0.6802088022232056
0.6089020371437073
0.822673499584198
0.47094112634658813
0.4171944558620453
0.48817357420921326
0.1738130748271942
1.0377024412155151
0.9280558824539185
0.42985838651657104
0.6014275550842285
0.47283393144607544
0.7511304616928101
0.6088382601737976
0.5784958600997925
0.530713677406311
0.8204209208488464
0.2629900276660919
0.6589136123657227
0.94624263048172
0.32516998052597046
0.43977364897727966
0.4130798876285553
0.4119117856025696
0.40061330795288086
0.29385191202163696
0.600795328617096
0.27345767617225647
0.38319265842437744
0.4581066071987152
0.8473560214042664
0.5301676988601685
0.7232519388198853
0.37876781821250916
0.32457104325294495
0.4504261910915375
0.5748113393783569
0.5521512031555176
0.38587698340415955
0.3700333833694458
0.7213349938392639
0.2564876973628998
1.1063015460968018
0.522930920124054
0.5686326026916504
0.4164390563964844
0.36667296290397644
0.2330826222896576
0.3934534192085266
0.13927796483039856
0.6223832368850708
0.5282571911811829
0.8445970416069031
0.4133640229701996
0.2457524538040161
0.5722940564155579
0.35185056924819946
0.6974390745162964
0.4894089698791504
0.8586665391921997
0.49770402908325195
0.5152980089187622
0.35685303807258606
0.7760028839111328
0.8027607798576355
0.382290780544281
0.679293155670166
0.3029751777648926
0.7376171946525574
0.217047780752182
0.2787080407142639
0.42670583724975586
0.84178626537323
0.47215208411216736
0.7174306511878967
0.7822672128677368
0.4698152542114258
0.20603498816490173
0.27105194330215454
0.6511918902397156
0.7153247594833374
0.40244778990745544
0.4515537619590759
0.2655091881752014
0.4369617998600006
0.5838346481323242
0.4211295545101166
0.7948113679885864
0.6325904130935669
0.9336150884628296
0.6384029388427734
0.7075725793838501
0.4051515460014343
0.7249010801315308
0.670378565788269
0.3657190203666687
0.2872467041015625
0.5770207643508911
0.4131808280944824
1.0296622514724731
0.3205265402793884
0.28652721643447876
0.4652370512485504
0.3698176443576813
1.277209997177124
0.541972815990448
0.4185728430747986
0.42261701822280884
1.0369848012924194
0.7364253997802734
1.1518402099609375
0.5336683988571167
0.8620707392692566
0.6333421468734741
0.655823290348053
0.9168742895126343
0.29649585485458374
0.4258244037628174
0.52701735496521
0.23110905289649963
0.50798499584198
0.6413925886154175
0.38511011004447937
0.713883638381958
0.8645936846733093
0.19090604782104492
0.5056775808334351
0.5951834917068481
0.6797985434532166
0.2836804986000061
0.5895798206329346
0.5409037470817566
0.3121188282966614
0.5577377080917358
0.5040451884269714
0.7645249962806702
0.6038925647735596
0.48846954107284546
0.6924459934234619
0.7137072682380676
0.2865825295448303
0.3725499212741852
0.48898640275001526
1.0636982917785645
0.4853195250034332
0.3892142176628113
1.009529709815979
0.4838884472846985
0.5470393300056458
0.7228003740310669
0.5161454081535339
0.4538094103336334
0.6426610350608826
0.3861638903617859
0.9794350862503052
0.3437960147857666
0.7955001592636108
0.36497563123703003
0.6394709348678589
0.5611918568611145
0.22519147396087646
0.2692968249320984
0.12517158687114716
0.6894415616989136
0.27021002769470215
0.4940599799156189
0.5166114568710327
0.7453216314315796
0.694381058216095
0.6414691209793091
0.49960407614707947
0.36525794863700867
0.8255360722541809
0.2865632474422455
0.846863865852356
1.4462616443634033
0.36994385719299316
0.5530053973197937
0.3819177746772766
0.8625396490097046
0.5051336288452148
0.6144626140594482
0.21662525832653046
0.31663885712623596
