0.499337762594223
0.5201982259750366
0.37404412031173706
0.3721657395362854
0.49128037691116333
0.3467184901237488
0.9086597561836243
0.49109023809432983
0.4867936968803406
0.8645230531692505
0.6065899133682251
0.4788316786289215
0.5989717245101929
0.8191629648208618
0.6015676856040955
0.9790441393852234
0.776351809501648
0.3800077438354492
0.9622766375541687
0.5804795026779175
0.8280475735664368
0.5700211524963379
0.2826767563819885
0.3576834201812744
0.5297963619232178
0.7022207975387573
0.20093247294425964
0.34801048040390015
0.5522508025169373
0.8100286722183228
0.9311532974243164
0.8170551061630249
0.40581098198890686
0.4274412989616394
0.5945676565170288
0.725577175617218
0.20057053864002228
0.377750039100647
0.4431561529636383
0.6757723689079285
0.4258505403995514
0.6995096802711487
0.5998045206069946
0.37122589349746704
0.5247970819473267
0.3430366516113281
0.47251254320144653
0.43705034255981445
0.743664026260376
0.2073543518781662
0.7466658353805542
0.7301990985870361
0.3792228102684021
0.8428155183792114
0.8885114789009094
0.5617156028747559
0.5037320256233215
0.5664054751396179
0.5053414106369019
0.6563314199447632
0.23695571720600128
0.4721772074699402
0.32522907853126526
0.3959517776966095
1.1073156595230103
1.3783159255981445
0.4263489246368408
1.0431134700775146
0.5234298706054688
0.30407068133354187
0.5743259191513062
0.446282297372818
0.5159416794776917
0.48240524530410767
0.6439832448959351
0.49466365575790405
0.447459876537323
0.48580604791641235
0.4619998335838318
0.5039520263671875
0.3942785859107971
0.46427592635154724
0.49876847863197327
0.4832637906074524
0.24625849723815918
0.541167140007019
0.5626768469810486
1.287574052810669
0.45749741792678833
0.5162886381149292
0.24087285995483398
0.47824645042419434
0.536188006401062
0.4071856439113617
0.4696079194545746
0.794581413269043
0.20654936134815216
0.19751879572868347
0.8052877187728882
1.190692663192749
0.6713607907295227
0.34857502579689026
0.7558790445327759
0.20331032574176788
0.2030963897705078
1.1643717288970947
0.6473461985588074
0.45521289110183716
0.472536563873291
0.2763816714286804
0.9863886833190918
0.7675731182098389
0.4908934235572815
1.0045201778411865
0.5825148820877075
0.6548537015914917
0.6606441736221313
0.8812912702560425
0.3880363404750824
0.5425818562507629
0.7246642112731934
0.6645169258117676
0.421171098947525
0.9138911366462708
0.49712103605270386
0.5172386169433594
0.6238580942153931
0.44195786118507385
0.6464885473251343
0.4335368573665619
0.5620291829109192
0.3753372132778168
0.3216667175292969
0.4098331034183502
0.40204113721847534
0.3463214635848999
0.7346305847167969
0.45180433988571167
0.6645294427871704
0.6031290292739868
0.37910544872283936
0.8433197140693665
0.8444510698318481
0.45337623357772827
0.5208107233047485
0.4722665250301361
0.667747974395752
0.3348361551761627
0.614814281463623
0.4581913352012634
0.2868598699569702
0.39074796438217163
0.24988475441932678
0.3365653455257416
0.43674707412719727
0.631001353263855
0.45806413888931274
0.6065431237220764
0.5722237229347229
0.302207887172699
0.32275229692459106
0.23125700652599335
0.3118093013763428
0.6847425699234009
0.4029948115348816
0.81596440076828
1.1073219776153564
0.6399840712547302
0.3248681128025055
0.2114630937576294
0.5833672285079956
0.63166743516922
0.3290098011493683
0.47600069642066956
0.7146267890930176
0.35883527994155884
0.4358660578727722
0.6795743107795715
0.6095733642578125
0.8246104121208191
0.38126039505004883
0.6168860197067261
0.7158099412918091
0.364401251077652
1.3236656188964844
0.2653931677341461
0.3645274043083191
0.44051727652549744
0.2879617512226105
0.23626625537872314
0.5871148109436035
0.4068235754966736
0.8202045559883118
0.3169929087162018
0.8040482401847839
1.1124683618545532
0.7491547465324402
0.643873393535614
0.31334829330444336
0.33756962418556213
0.8974946737289429
0.42914003133773804
0.6760879755020142
0.4726705551147461
0.23566408455371857
0.5762966871261597
0.2438693791627884
0.4154277443885803
0.4974243640899658
1.1039798259735107
0.4978256821632385
0.3160362243652344
0.5857321619987488
1.3164989948272705
0.6246122121810913
0.6041955351829529
0.6626479029655457
0.4566926956176758
0.47170567512512207
0.4907938539981842
0.7242418527603149
0.519696831703186
0.5095499753952026
0.3962913751602173
0.24419927597045898
0.5780193209648132
1.0041608810424805
0.4918902516365051
0.6222237348556519
0.26310649514198303
0.5163275599479675
0.5612037777900696
0.72768634557724
0.31788957118988037
0.6226000785827637
0.7346178293228149
0.3831854462623596
0.60541170835495
0.351446270942688
0.7131495475769043
0.39057600498199463
0.41057834029197693
0.46469205617904663
0.44280728697776794
1.0733678340911865
0.47267693281173706
0.17744967341423035
0.5819371342658997
1.3045530319213867
0.49532270431518555
0.4253876805305481
0.6007726788520813
0.39379268884658813
0.3659702241420746
0.6052268147468567
0.492607057094574
0.7975329160690308
0.5550181865692139
0.3286535143852234
0.23687390983104706
0.7435016632080078
0.21592435240745544
1.8281679153442383
0.1445586383342743
0.27830737829208374
0.2794470191001892
0.5142315030097961
0.35244426131248474
0.7693229913711548
0.8171648979187012
0.7751210927963257
0.35049372911453247
0.35449182987213135
0.5585898160934448
0.4980429708957672
0.6096426844596863
0.5427029728889465
1.3204041719436646
0.5370643138885498
0.866304874420166
0.6427628993988037
0.2695542871952057
0.649305522441864
0.13999758660793304
0.8058925867080688
0.9877093434333801
0.3305441737174988
0.616905152797699
0.5072517395019531
0.6872230768203735
0.3254380226135254
0.4420822262763977
0.4986906051635742
0.518435537815094
0.527842104434967
0.15578444302082062
0.5795630216598511
0.6131651401519775
0.5197759866714478
0.3421768248081207
0.25984495878219604
0.8007701635360718
0.508621096611023
0.4088188111782074
0.7862204313278198
0.5202530026435852
0.3438529372215271
0.4702131152153015
0.47190308570861816
0.48486852645874023
0.33540934324264526
0.35029375553131104
0.5029281377792358
0.24847039580345154
0.7701772451400757
0.645990788936615
1.0923399925231934
0.9174944162368774
0.7785850167274475
0.8686981201171875
0.31569918990135193
0.5727289319038391
0.4449583888053894
0.6644409894943237
0.5584390163421631
0.5411196947097778
0.4988888204097748
0.38193708658218384
0.4058535695075989
0.7648991346359253
0.26815539598464966
0.4694001078605652
0.41527479887008667
0.751843273639679
0.8895663022994995
0.6037927269935608
0.4354662001132965
1.9659218788146973
