0.4643670916557312
0.5300987362861633
0.5151323080062866
0.4001105725765228
0.6738251447677612
0.5792676210403442
0.7541540861129761
0.6787646412849426
0.29071563482284546
0.6580740213394165
0.30373501777648926
0.45479655265808105
0.5031642913818359
0.787011444568634
0.7659414410591125
0.4122079014778137
0.2558914124965668
0.9004858136177063
0.49681559205055237
0.7445381283760071
0.7821917533874512
0.48173293471336365
0.2360002100467682
0.4611481726169586
0.39560848474502563
0.3042788505554199
0.6188716292381287
0.357932984828949
0.41268080472946167
0.501457154750824
0.5103896856307983
0.38352876901626587
0.8705514669418335
0.8416098356246948
0.26939505338668823
0.27292314171791077
0.9231077432632446
0.27822789549827576
0.4885160028934479
0.7694886326789856
0.5243441462516785
1.2006216049194336
0.8134762048721313
0.6935617327690125
0.4958772659301758
0.6907646059989929
0.6505259275436401
0.6170120239257812
0.636956512928009
0.2960347533226013
0.5809540748596191
1.0174615383148193
0.7902472019195557
0.5881973505020142
0.7179651856422424
1.0008739233016968
0.37469983100891113
0.1957606077194214
0.357217401266098
0.33294111490249634
0.6003372073173523
0.41434136033058167
0.6287740468978882
0.42068108916282654
0.2950238585472107
0.4806548058986664
0.7593743205070496
0.22267219424247742
0.37709006667137146
0.5378949642181396
0.4671550691127777
0.31675148010253906
0.6828529834747314
0.32293063402175903
0.3060216009616852
0.17123298346996307
0.554068922996521
0.5549650192260742
0.5303207635879517
0.3061639666557312
0.4233023524284363
0.6325499415397644
0.6298582553863525
0.989027202129364
0.4089779257774353
0.38855311274528503
0.6304023861885071
0.6313077807426453
0.3985939919948578
0.3856797218322754
0.42553719878196716
0.2489265501499176
0.49248385429382324
0.4035024642944336
0.2698630094528198
0.2632787823677063
0.5346604585647583
0.6585559248924255
0.5489301681518555
0.46006059646606445
1.152786135673523
0.6124511957168579
0.5566555261611938
0.2326051890850067
0.5436258316040039
0.17960771918296814
0.7437777519226074
0.8112851977348328
0.35390418767929077
0.625301718711853
0.3380449414253235
0.8130761981010437
0.6585710048675537
0.8689591288566589
0.9551469683647156
0.6513800024986267
0.29528945684432983
0.6477600336074829
0.8023353815078735
0.6103789806365967
0.670244574546814
0.4726509153842926
0.34900644421577454
0.638994574546814
0.6238223314285278
0.38290929794311523
0.4668118357658386
0.6270123720169067
0.6436046361923218
0.5243948101997375
0.3083423972129822
0.9243649244308472
0.6076979637145996
0.5912097692489624
0.44219064712524414
0.804486095905304
0.22938063740730286
0.4124337136745453
0.9379990696907043
0.49858903884887695
0.4771391451358795
0.39654678106307983
0.3566751778125763
0.5272051095962524
0.668526291847229
0.7806949615478516
0.4681611657142639
0.4564995765686035
0.8441232442855835
0.5533970594406128
0.48067545890808105
0.3480730354785919
0.5146714448928833
0.2855834364891052
0.639265239238739
0.6061632037162781
0.7948569059371948
0.48614493012428284
0.8066954612731934
0.8933441042900085
0.6248108744621277
0.6255369186401367
0.4617554545402527
0.6795645952224731
0.7956956624984741
0.6841601133346558
0.4071703553199768
0.6646701097488403
0.5059151649475098
0.7089167237281799
0.2961043119430542
1.1360154151916504
0.4213058054447174
0.5176430940628052
0.48903506994247437
0.6682398915290833
0.8696036338806152
0.14872263371944427
0.5948576331138611
0.7604156136512756
0.4003528952598572
0.7419780492782593
0.4556703567504883
0.6113950610160828
0.4059358537197113
0.3510131239891052
0.690477192401886
0.9870287775993347
0.5926156044006348
0.37904447317123413
0.308771014213562
0.7316119074821472
0.5861140489578247
0.7722748517990112
0.3038105070590973
0.47048336267471313
0.17765453457832336
0.44960513710975647
0.5515278577804565
0.27827996015548706
0.8136626482009888
0.3326908349990845
0.43450039625167847
0.49235254526138306
0.5215136408805847
0.4368835985660553
0.5133965015411377
0.4509302079677582
0.6318522691726685
0.2653381824493408
0.6357917785644531
0.3594207763671875
0.45394039154052734
0.4050021767616272
0.32916292548179626
0.7509248852729797
0.7830068469047546
0.7265607118606567
0.35160911083221436
0.7757184505462646
0.614937961101532
0.5985074043273926
0.548903226852417
0.6209416389465332
0.49720603227615356
0.3756939470767975
0.67684406042099
0.15164312720298767
0.6908544301986694
0.5350134372711182
0.36329442262649536
0.4828370213508606
0.9175057411193848
0.6540778875350952
0.3021607995033264
0.7746690511703491
0.5183765292167664
0.27457109093666077
0.30602484941482544
1.001577377319336
0.3646141588687897
0.3333362936973572
0.4558009207248688
0.8845710754394531
0.8420597314834595
0.29392334818840027
0.36832159757614136
0.6418904066085815
0.35442018508911133
0.690029501914978
0.7027077674865723
0.3551124036312103
0.33831509947776794
0.731256365776062
0.3032958507537842
0.3376167416572571
0.4159516394138336
0.4630865454673767
0.8009635806083679
0.6706951856613159
1.1882998943328857
0.47451019287109375
0.22451135516166687
0.6718209981918335
0.21348008513450623
0.45138779282569885
0.4798193573951721
0.416390597820282
0.8484119176864624
0.7283679842948914
0.6729683876037598
0.44533759355545044
0.47163277864456177
0.44273948669433594
0.47840142250061035
0.2818440794944763
0.5304070115089417
0.25712519884109497
0.1814822107553482
0.40989094972610474
0.523178219795227
1.149802565574646
0.4222833514213562
0.4265288710594177
0.5569406747817993
0.3256516456604004
0.4640886187553406
0.47297072410583496
0.5325820446014404
0.34792429208755493
1.1841683387756348
0.5936374664306641
0.5891276597976685
0.2964760661125183
0.41077232360839844
0.37039637565612793
0.32774239778518677
0.30227890610694885
0.6170637011528015
0.4605540335178375
0.4630719721317291
0.6465069055557251
0.49768853187561035
0.4721887707710266
0.7391688823699951
0.3996995985507965
0.5394967794418335
0.5544292330741882
0.7053163051605225
0.8882454037666321
0.35209640860557556
0.3093845844268799
0.36150217056274414
0.3710697293281555
0.29802602529525757
0.7605044841766357
0.6171222925186157
0.26675015687942505
0.5897687673568726
0.6274588108062744
0.48640576004981995
0.3997378945350647
0.5992544889450073
0.7801162600517273
0.20203766226768494
0.672878086566925
0.25483912229537964
0.8597520589828491
1.0150893926620483
0.2897011637687683
1.0633729696273804
1.0507841110229492
0.4661998748779297
0.320139080286026
0.3822935223579407
0.42276731133461
0.2345457524061203
1.1483489274978638
