0.7593501806259155
0.5906671285629272
0.4401276707649231
0.8193116188049316
0.5829554796218872
0.40453118085861206
0.39284056425094604
0.6985462307929993
0.7646600604057312
0.4648590087890625
0.3904722034931183
0.6484528183937073
0.39827752113342285
0.6528760194778442
0.2416316568851471
0.32282382249832153
0.7313962578773499
0.2629024088382721
0.5487879514694214
0.9159221649169922
0.9744158983230591
0.49232131242752075
0.42885786294937134
0.3678203821182251
0.5824670791625977
0.56617671251297
0.47938984632492065
0.401775598526001
0.99078369140625
0.39332640171051025
0.31032606959342957
0.28444749116897583
0.8061598539352417
0.41967782378196716
0.39314061403274536
0.9965807199478149
0.5353466272354126
0.3583543002605438
0.5704032778739929
0.44060105085372925
0.2811166048049927
0.6808396577835083
0.5247100591659546
0.6125718951225281
0.5524827241897583
0.6461220979690552
1.0728527307510376
0.4064754843711853
0.48086366057395935
0.5038405656814575
0.5683197975158691
1.1636439561843872
0.5463744401931763
0.36137670278549194
0.4228968024253845
0.8997620344161987
0.3425211012363434
0.6368869543075562
0.5079101920127869
0.3965076506137848
0.7246509790420532
0.6681174039840698
0.4041094183921814
0.4569028913974762
0.6236395835876465
0.28068044781684875
0.36096230149269104
0.22139914333820343
0.8563287854194641
0.22381186485290527
0.8291051983833313
0.5882481336593628
1.067785620689392
0.4696500897407532
0.5059086084365845
0.4102235436439514
1.1317336559295654
0.8008043169975281
0.7848354578018188
0.691686749458313
0.4193105697631836
0.5924890041351318
0.548651397228241
0.7347664833068848
0.9347710609436035
0.20456823706626892
0.7504157423973083
0.5072884559631348
0.8355313539505005
0.4511563181877136
0.4483920931816101
0.867347240447998
1.068659782409668
0.5260995626449585
0.36448633670806885
0.4722251892089844
0.5054667592048645
0.3591836988925934
0.6021261215209961
0.29817208647727966
0.6215113401412964
0.2993980646133423
0.6179297566413879
0.8799690008163452
0.3614529073238373
0.3105096220970154
0.9107500910758972
0.33566394448280334
0.5827299952507019
0.2702594995498657
0.379932165145874
0.3967861533164978
0.9917929768562317
0.30171719193458557
0.8451663851737976
0.971622109413147
0.41491928696632385
0.45651158690452576
0.8744866251945496
0.5162582397460938
0.6982831358909607
0.5884658694267273
0.45497268438339233
0.5425006151199341
0.4754100739955902
0.6929291486740112
0.2783198058605194
0.48549050092697144
0.24794574081897736
0.29559525847435
0.4834940433502197
0.2838902175426483
0.23801279067993164
1.6965465545654297
0.8442923426628113
0.4788779318332672
0.37004905939102173
0.4132658839225769
0.34516748785972595
0.755040168762207
0.24277761578559875
0.45713311433792114
0.6498445272445679
0.4569539427757263
0.42840489745140076
0.45700445771217346
0.1896493136882782
0.601203441619873
0.899875283241272
0.4172939360141754
0.31743207573890686
0.9108401536941528
0.44449758529663086
0.7027628421783447
0.8402015566825867
0.6533698439598083
0.5137593150138855
0.3689684569835663
0.4246351718902588
0.5278825759887695
0.42591238021850586
0.33812054991722107
0.5478941798210144
0.992659866809845
0.39753904938697815
0.6685431599617004
0.5446102023124695
0.4480729103088379
0.65869140625
0.625267505645752
0.424452543258667
0.37847399711608887
0.43480294942855835
0.6542494893074036
0.266258180141449
0.6526010632514954
0.576728343963623
0.5314138531684875
0.7148303985595703
0.6086348295211792
0.602954089641571
0.5583466291427612
0.1898958832025528
1.19367253780365
0.4422423243522644
0.28119128942489624
0.737886369228363
0.5515229105949402
0.5005073547363281
0.7211904525756836
0.3559935688972473
0.45109421014785767
0.9023685455322266
0.5528301000595093
0.4207720160484314
0.3296821117401123
0.3352232873439789
0.9822242856025696
0.1812833547592163
0.30001676082611084
0.8511330485343933
0.2850561738014221
0.41492336988449097
1.0249278545379639
0.7223633527755737
0.6587291955947876
0.37084320187568665
0.3711715340614319
0.9364277124404907
0.675545334815979
0.6107602715492249
1.2454913854599
0.3496168255805969
0.24251946806907654
0.6724035739898682
0.4665612280368805
0.40575018525123596
0.263005793094635
0.6302958726882935
0.5260245203971863
0.9081634283065796
0.7156565189361572
0.5933334231376648
0.42197370529174805
0.5350263714790344
0.2579464316368103
0.3893454968929291
0.65632563829422
0.8582806587219238
1.3103898763656616
0.5861208438873291
0.48281344771385193
0.23933295905590057
0.7695021033287048
0.6018770337104797
0.6358197927474976
0.34937170147895813
0.468634694814682
0.9576841592788696
0.7944796681404114
0.255511611700058
0.6903218030929565
0.22511012852191925
0.49248895049095154
0.4339348375797272
0.7339386343955994
0.8072061538696289
0.4122375547885895
0.26756227016448975
0.5044573545455933
0.39483946561813354
0.42736777663230896
0.5592485666275024
0.5978714227676392
0.5337821245193481
0.42439937591552734
0.3685200810432434
1.1230926513671875
0.6502355337142944
0.5133330821990967
0.16585060954093933
0.43336424231529236
0.43859681487083435
0.8557054400444031
0.456088125705719
0.22134263813495636
0.32752934098243713
0.2333260327577591
0.5155576467514038
0.6475478410720825
0.2257891595363617
0.36445486545562744
0.2871635854244232
0.3445998430252075
0.4119475483894348
0.4987615644931793
0.3695404529571533
0.2746509313583374
0.33444035053253174
0.2931615710258484
0.7173722386360168
1.3061010837554932
0.3120380938053131
0.7584853172302246
0.6685680747032166
0.683499813079834
0.6051576733589172
0.43658193945884705
0.3841683268547058
0.39837875962257385
0.4578689634799957
0.39219895005226135
0.39115026593208313
0.3892483115196228
0.6295602321624756
0.38543814420700073
0.5936644673347473
0.3684510588645935
0.5331035852432251
0.5799223780632019
0.17750012874603271
0.6490328907966614
0.2826853096485138
0.5031099319458008
0.5188557505607605
0.2546529173851013
0.6082515716552734
0.9633594751358032
0.5693536400794983
0.3359338343143463
0.46517235040664673
0.7796158790588379
0.4129161238670349
0.5723355412483215
0.3544218838214874
0.6538408398628235
0.3209701478481293
0.8075796365737915
0.7710657715797424
0.5667939186096191
0.7727109789848328
0.3700161874294281
0.44126471877098083
0.33536145091056824
0.3443344533443451
0.6364519000053406
0.5108604431152344
1.218437910079956
0.4604872763156891
0.2972998023033142
1.3264656066894531
0.7500636577606201
0.46905118227005005
0.6286784410476685
0.6647104024887085
0.767586350440979
0.5954011678695679
0.4502609968185425
