1.1383740901947021
1.0090595483779907
0.9547218084335327
1.1853221654891968
1.0582070350646973
0.8796459436416626
1.4911344051361084
1.1918742656707764
1.0583107471466064
1.4469081163406372
1.0928928852081299
1.0464787483215332
1.0154368877410889
1.2085702419281006
1.061354398727417
0.910338282585144
1.0091534852981567
0.9989336133003235
1.0272247791290283
1.0026681423187256
1.082701325416565
1.1392742395401
0.8439761400222778
0.9903130531311035
0.9531404376029968
1.062180519104004
1.1784411668777466
1.295767903327942
0.8608142137527466
0.9748033285140991
1.0324665307998657
0.9855992197990417
0.9804813265800476
1.091686487197876
1.2025136947631836
0.828763484954834
1.0824023485183716
0.8104381561279297
1.0542243719100952
0.8732466697692871
0.8329818844795227
0.776811957359314
1.2015758752822876
1.0484765768051147
1.2288148403167725
1.105553388595581
1.3519219160079956
1.0406683683395386
1.21770179271698
0.8135471343994141
0.9775792360305786
1.1313090324401855
0.9315112829208374
1.0427860021591187
1.0608137845993042
1.041237235069275
0.977137565612793
1.5630031824111938
1.0552680492401123
1.1220223903656006
0.9110485315322876
0.8550605773925781
1.1516282558441162
0.8799036145210266
1.3976988792419434
0.824952244758606
1.20415461063385
0.8609498739242554
1.113632082939148
1.3165255784988403
1.0807052850723267
1.180917739868164
0.9245336651802063
0.9577261805534363
1.1336733102798462
0.9744618535041809
0.9880985021591187
1.3423386812210083
0.8868610262870789
1.0297365188598633
1.1116124391555786
0.9460192918777466
0.8731783032417297
1.136143684387207
1.1655123233795166
0.9779467582702637
0.9992076754570007
1.1771231889724731
1.0605740547180176
1.057692527770996
1.1489317417144775
1.119213342666626
1.217023491859436
1.0661046504974365
1.2771550416946411
0.8556182980537415
0.947010338306427
1.3719278573989868
0.9564216732978821
0.9105838537216187
0.9401315450668335
1.1013611555099487
1.108420968055725
1.0922701358795166
0.9283801317214966
1.0381169319152832
1.0378226041793823
1.1358407735824585
1.3517276048660278
1.1246412992477417
0.9955736398696899
0.9752653241157532
0.9619122743606567
1.0928378105163574
1.0811207294464111
1.492679238319397
1.2081191539764404
1.4641320705413818
1.1413297653198242
1.009320855140686
1.0381114482879639
1.0840520858764648
1.0617879629135132
1.007422924041748
0.9126120805740356
1.0253013372421265
0.7970598340034485
1.210569977760315
0.7446895241737366
0.9796655774116516
0.8977365493774414
1.0307250022888184
1.189910650253296
0.8704028129577637
1.1045124530792236
1.0083554983139038
0.8790351748466492
1.102007269859314
1.3290938138961792
1.1227705478668213
1.2160747051239014
0.8498510122299194
1.1036168336868286
1.1681015491485596
1.306493878364563
1.4208710193634033
1.0098230838775635
0.8911611437797546
0.9585946798324585
0.8834851384162903
1.0711147785186768
0.9260345697402954
0.9562734365463257
1.1516087055206299
1.2122552394866943
1.1489219665527344
1.0755116939544678
1.0396240949630737
1.167845368385315
1.159537672996521
1.296044111251831
1.021324872970581
1.0877211093902588
0.9383081197738647
0.9471117258071899
0.9641841650009155
1.2616703510284424
1.0299746990203857
0.9553650617599487
1.0815632343292236
0.8776408433914185
1.0218532085418701
0.92756187915802
0.9311395883560181
1.063302755355835
1.015417218208313
1.0755631923675537
1.1324714422225952
1.0293238162994385
0.9397327303886414
0.9610052108764648
1.157346248626709
1.1004416942596436
0.866277813911438
0.9033395648002625
0.9235965013504028
1.0077794790267944
0.8441377878189087
1.0736736059188843
1.3738244771957397
1.4282596111297607
0.8435214161872864
0.8245396614074707
0.8066147565841675
0.8219439387321472
0.7723376154899597
1.3228048086166382
1.1999832391738892
1.0168110132217407
0.8021044731140137
0.869592010974884
0.9958800077438354
1.0777498483657837
1.0680830478668213
1.0977537631988525
0.8316481709480286
1.0183591842651367
0.8883993029594421
1.111721158027649
0.9965600967407227
1.173079252243042
0.9595824480056763
1.060627818107605
1.029464840888977
1.3012369871139526
0.9252569079399109
0.992833137512207
0.8425962328910828
1.1101069450378418
0.8521198034286499
0.9475399851799011
0.9726613759994507
1.363165020942688
1.2384929656982422
0.9967476725578308
0.8850301504135132
1.2050813436508179
0.8804154396057129
0.7720397710800171
0.9252446889877319
0.8506053686141968
0.9155729413032532
0.940861701965332
0.8939553499221802
1.2503225803375244
0.9382361173629761
1.2012238502502441
1.2466142177581787
1.1009166240692139
1.0225387811660767
0.9996896982192993
0.5984694361686707
1.0311418771743774
1.1611154079437256
0.8009174466133118
0.8851839303970337
0.9685342907905579
0.9899317026138306
0.8227022290229797
0.982629120349884
1.308361291885376
0.9075037837028503
1.4049837589263916
1.293834924697876
0.9144193530082703
1.0631433725357056
1.0260765552520752
1.0709513425827026
0.8952245712280273
1.1848024129867554
1.2184375524520874
0.9827063679695129
0.9096429944038391
0.898948073387146
1.2253689765930176
1.2117283344268799
0.9800400733947754
0.9926673173904419
1.0165117979049683
0.7959870100021362
0.901409924030304
0.8163582682609558
0.6391451358795166
0.877966582775116
0.7808198928833008
1.1940279006958008
1.0113805532455444
0.8130280375480652
0.7814965844154358
0.6975206136703491
1.1744168996810913
1.1494771242141724
0.8812514543533325
0.8802293539047241
0.9224709272384644
0.9980999231338501
1.425501823425293
1.228005051612854
0.8422142267227173
0.9496282339096069
1.1922132968902588
0.7029034495353699
0.7148276567459106
1.2435824871063232
0.9422885775566101
0.9137486219406128
1.4106053113937378
1.1419092416763306
0.9404407739639282
1.0139710903167725
0.9078609347343445
1.0366880893707275
0.7710886001586914
1.0216618776321411
0.9360100626945496
1.1500270366668701
0.8733975291252136
0.9416576623916626
0.8925026059150696
1.0634958744049072
0.662415623664856
1.1259791851043701
1.0516172647476196
0.9981943368911743
0.7068415880203247
1.222214937210083
1.0036954879760742
1.167443037033081
1.0163471698760986
0.8821200132369995
0.7579840421676636
1.3373137712478638
0.8550603985786438
0.9336259961128235
1.0292692184448242
1.0478811264038086
0.96415776014328
1.0571101903915405
0.8748510479927063
1.1152807474136353
0.8660715222358704
1.1999461650848389
0.8039286732673645
1.02614426612854
0.952734112739563
1.0836832523345947
0.9430111646652222
0.9143733382225037
