0.36683183908462524
0.23796769976615906
0.22798165678977966
0.5163902044296265
0.213608056306839
0.8161994814872742
0.12937161326408386
0.4486173689365387
0.4264971613883972
0.3129149377346039
0.46673649549484253
0.19729235768318176
0.3711605668067932
0.3276611566543579
0.28806012868881226
0.4340994358062744
0.6069366335868835
0.23759961128234863
0.2564501464366913
0.6333553791046143
0.5047546029090881
0.4648803770542145
0.3813868463039398
0.762619137763977
0.4512031078338623
1.1061933040618896
0.4017338156700134
0.4183018207550049
0.2912837862968445
0.16798870265483856
0.733056902885437
0.5762358903884888
0.256561815738678
1.4635870456695557
0.6205695271492004
0.9778389930725098
0.24124808609485626
0.3962114751338959
0.9026868939399719
0.6162311434745789
0.6624811887741089
0.5452213883399963
0.5105606913566589
0.5836649537086487
0.7752698659896851
1.1266319751739502
0.9453964233398438
0.774918794631958
0.7354867458343506
0.5575765371322632
0.4527553617954254
0.5009692907333374
0.5847823023796082
0.828098475933075
0.3135455548763275
1.0855929851531982
0.20551054179668427
0.7821944355964661
0.3058883547782898
0.5190248489379883
0.44654256105422974
0.4662324786186218
0.6008517742156982
0.8489955067634583
0.212624192237854
0.5736857652664185
0.24656161665916443
1.0332287549972534
1.0367095470428467
0.42123523354530334
0.795506477355957
0.42922577261924744
0.4853347837924957
0.7600803375244141
0.3291856646537781
0.6049213409423828
0.8047642707824707
0.4484713077545166
1.0820790529251099
0.7944914102554321
0.4466593265533447
0.6948999166488647
0.3289392590522766
0.5353749990463257
0.7450845837593079
0.429072767496109
0.32214778661727905
0.3356030285358429
0.5990756750106812
0.388886034488678
0.40815645456314087
0.9701828956604004
0.2639082372188568
0.3916313350200653
0.3181723952293396
0.7370062470436096
0.35409730672836304
0.6849116683006287
0.35819441080093384
0.3871435523033142
0.260766863822937
0.3926795423030853
0.6709940433502197
0.6716488599777222
0.6567577719688416
0.29183584451675415
0.2132614105939865
0.5201941132545471
0.3619152903556824
0.6592065095901489
0.3953881859779358
0.6671684384346008
0.4599311351776123
0.5883350968360901
0.749919593334198
0.3589147925376892
0.23917873203754425
0.2743040919303894
0.26992958784103394
0.6319392919540405
0.7041112184524536
0.41110745072364807
0.402812659740448
0.4229012429714203
0.6765059232711792
0.6597203016281128
0.6032818555831909
0.949108898639679
0.7010365724563599
0.4741056561470032
0.5462880730628967
0.2591922879219055
0.37835583090782166
0.31140726804733276
0.47067126631736755
0.473620742559433
0.5023349523544312
0.49745115637779236
0.7276908159255981
0.43715524673461914
0.42076200246810913
0.6735507845878601
1.5220619440078735
0.45468348264694214
0.619658350944519
0.5408706665039062
0.634228527545929
0.6402655839920044
0.3519311547279358
0.27760666608810425
0.7351623773574829
0.7835853099822998
0.26198333501815796
0.4961635172367096
0.658781886100769
0.5082799196243286
0.5715237259864807
1.4715101718902588
0.5479518175125122
0.19152627885341644
0.2320878505706787
0.35701218247413635
0.6211791038513184
1.0706160068511963
0.27265501022338867
0.45841044187545776
1.2230465412139893
0.5360183715820312
0.7039572596549988
0.6233035326004028
0.4415989816188812
0.4871599078178406
1.349550485610962
0.27243050932884216
0.6008415222167969
0.9480295181274414
0.80755215883255
0.6592297554016113
0.6173801422119141
0.22887341678142548
0.5003415942192078
0.4731537699699402
0.4090808928012848
0.7058183550834656
0.5504110455513
0.6278153657913208
0.9169726371765137
0.42352694272994995
0.8477369546890259
0.4270156919956207
0.621855616569519
0.4805034101009369
0.4749099314212799
0.42494258284568787
0.47068777680397034
0.8822094798088074
0.3540478050708771
0.36194902658462524
0.25293537974357605
0.43729114532470703
0.8446742296218872
0.6586315631866455
0.4685709476470947
0.31778663396835327
0.4794634282588959
0.672650158405304
0.9214078783988953
0.383256733417511
0.27684351801872253
0.315011203289032
0.32535868883132935
0.23253588378429413
0.5144253969192505
0.38901346921920776
0.5965445041656494
0.7750440239906311
0.34166067838668823
0.3748975992202759
0.31363099813461304
0.7232710719108582
0.758581817150116
0.4536744952201843
0.602475106716156
0.34840938448905945
0.7742229700088501
0.6383126974105835
0.606963038444519
0.4828232228755951
0.30515414476394653
0.5972627401351929
0.7654215097427368
0.7361604571342468
0.33635812997817993
0.9308152198791504
0.4068109095096588
0.5156015157699585
0.31589803099632263
0.3808368742465973
0.2521827220916748
0.6991664171218872
0.4417032301425934
1.435579538345337
0.5840282440185547
0.6308357119560242
0.5657235980033875
0.5043074488639832
0.31189313530921936
0.33446693420410156
0.37941810488700867
1.154309630393982
0.4432741105556488
0.5851627588272095
0.4091203212738037
0.3854309916496277
0.5047343373298645
0.4286435544490814
0.33698874711990356
0.7138768434524536
0.3148247301578522
1.1250457763671875
0.4610268175601959
0.790599524974823
0.5998800992965698
1.0151689052581787
0.2514134347438812
0.2973441779613495
0.5779691934585571
0.31681936979293823
0.29795321822166443
0.700245201587677
0.4784688949584961
0.5885459184646606
0.4728476405143738
0.22359895706176758
1.2487642765045166
0.6498001217842102
0.583507776260376
0.5814414620399475
0.31826210021972656
0.4164741039276123
0.5572832822799683
0.7743011116981506
0.45193424820899963
0.4587467610836029
0.6323580145835876
0.24024948477745056
0.6101043224334717
0.5652150511741638
0.4547196924686432
0.7807974815368652
0.9505094289779663
0.3402000069618225
0.5691922903060913
0.3596915304660797
0.2989521920681
0.7244115471839905
0.18018531799316406
0.4082756042480469
0.6905931234359741
0.2819986045360565
0.2869108319282532
0.5986801981925964
0.4361960291862488
0.5058470368385315
0.398588091135025
0.4268869459629059
0.5070559978485107
0.44745945930480957
0.47846275568008423
0.2128712236881256
0.6237792372703552
0.4482741355895996
0.43981876969337463
1.165924072265625
0.532417893409729
0.4708828032016754
0.3886159062385559
1.2538607120513916
0.4113079011440277
0.7598868608474731
0.4995306134223938
0.44250211119651794
0.47234487533569336
0.7461302876472473
0.6853991150856018
0.49269166588783264
0.47736769914627075
0.5184780955314636
0.21701006591320038
0.3455074429512024
0.3964068293571472
0.22930970788002014
0.9431288838386536
0.46031951904296875
0.389519065618515
0.5889545679092407
0.40798553824424744
1.1482115983963013
