0.5543721318244934
1.2429465055465698
1.1579805612564087
0.38935109972953796
0.5405314564704895
0.5630263090133667
0.5504773855209351
0.2391349822282791
0.39377421140670776
1.119377851486206
0.4624660611152649
0.36038628220558167
0.24619796872138977
0.3904849588871002
0.3164890706539154
0.39850330352783203
0.31343990564346313
0.3629858195781708
0.47720685601234436
0.169111430644989
0.4601361155509949
0.581091046333313
0.3674182891845703
0.3172038197517395
0.997113823890686
0.5212680101394653
0.48851579427719116
0.3566436767578125
0.5021172761917114
0.48621758818626404
0.49955233931541443
0.57155442237854
0.4925636649131775
0.38781827688217163
0.23249082267284393
0.7909964919090271
0.3708503842353821
0.47683995962142944
0.5223392248153687
0.4169401526451111
0.1637459397315979
0.49055585265159607
0.45246410369873047
0.7512158155441284
0.4223257899284363
0.6947855353355408
0.7390226125717163
0.7897180318832397
0.3727644979953766
0.8907352685928345
0.47394853830337524
0.6545138359069824
0.6459429860115051
0.3636062741279602
0.8361873626708984
0.5613003969192505
0.9328775405883789
0.46028321981430054
0.4683298170566559
0.952251136302948
0.4354425072669983
0.43365755677223206
0.2775364816188812
0.26166677474975586
0.7205449938774109
0.4181593060493469
0.7496106624603271
0.4051980972290039
0.6162006855010986
0.2561729848384857
0.5486448407173157
0.4775790274143219
0.8494176864624023
0.5341247320175171
1.0824406147003174
0.5569962859153748
0.8462281227111816
0.39687973260879517
0.997400164604187
0.21046392619609833
0.37325340509414673
0.4621044099330902
0.41085290908813477
0.39751365780830383
0.34532636404037476
0.3159564137458801
0.5442669987678528
0.2497737854719162
0.5009256601333618
0.4053680896759033
0.2937587797641754
0.44135427474975586
1.1612626314163208
0.7861305475234985
0.9952026605606079
0.3670780658721924
0.4199351668357849
0.22494666278362274
0.6394824981689453
0.6649208664894104
0.15007264912128448
0.2373986542224884
0.5267206430435181
0.8050676584243774
0.29720109701156616
0.6233019828796387
0.640216052532196
0.26626941561698914
0.20998957753181458
1.3236796855926514
0.39709794521331787
0.3172743320465088
0.6263238191604614
0.8728464841842651
0.5034130811691284
0.3432391583919525
0.6532069444656372
0.10696997493505478
0.5957034826278687
0.7597571611404419
0.3694366216659546
0.5475926399230957
0.340864896774292
0.313577800989151
0.6861187219619751
0.4265626072883606
0.5252710580825806
0.3605716824531555
0.5037218928337097
0.41998082399368286
0.28583604097366333
0.4847160279750824
0.39840778708457947
0.46773871779441833
0.2947559952735901
0.6269267797470093
0.4969173073768616
0.22541053593158722
0.8059538006782532
0.661903977394104
1.0846608877182007
0.3075721859931946
0.6686233878135681
0.28932470083236694
0.48677578568458557
0.5219811201095581
0.27321305871009827
0.9367734789848328
0.6799722909927368
0.34740951657295227
0.7366438508033752
0.6724313497543335
0.5801876783370972
0.4061450958251953
0.49961990118026733
0.8315685391426086
0.8536492586135864
0.5347312092781067
0.45519590377807617
0.3646093010902405
0.4080958962440491
0.7110918760299683
0.6111515760421753
0.4921812415122986
0.944052517414093
0.4433136582374573
0.21034666895866394
0.39651528000831604
0.749832034111023
0.5019701719284058
0.22861918807029724
0.3269546627998352
0.24690350890159607
0.22247286140918732
0.12300105392932892
0.441342294216156
0.40203481912612915
0.4668762683868408
0.33324870467185974
0.6078052520751953
0.534990131855011
0.3269636929035187
0.5583525896072388
0.9377312660217285
0.31586238741874695
0.7126193642616272
0.5194652676582336
0.5172008275985718
0.28203684091567993
0.574950098991394
0.44898614287376404
0.49486714601516724
0.7979701161384583
0.49000224471092224
0.3193024694919586
0.8458312749862671
0.37618765234947205
0.7261736989021301
0.8195581436157227
0.8760523796081543
0.6238182783126831
0.8309407234191895
0.6125847101211548
0.6382484436035156
0.7633882761001587
0.5686094164848328
0.5480901002883911
0.6607621908187866
0.5976479649543762
0.8226262927055359
0.8923698663711548
0.607724130153656
0.49575701355934143
0.653495192527771
0.48281556367874146
0.4542481005191803
0.5821305513381958
0.329589307308197
0.610390305519104
0.20298901200294495
0.19287912547588348
0.40597447752952576
0.664008617401123
0.4630514681339264
0.8453800082206726
0.5253552198410034
0.3745892643928528
0.4164905548095703
0.9848958253860474
0.8909467458724976
0.31094956398010254
0.29651498794555664
0.3844919800758362
0.5671104788780212
0.900839626789093
0.6546362638473511
0.9929016828536987
0.3220149576663971
0.5497273206710815
0.16791215538978577
0.3335811197757721
0.6624734997749329
0.3986235558986664
0.32827073335647583
1.1081846952438354
0.5860857367515564
0.31720590591430664
0.5480684041976929
0.862396240234375
0.9085647463798523
0.4050501883029938
0.7136244177818298
0.7632653713226318
0.2880667746067047
0.41617950797080994
0.5665340423583984
0.3355039060115814
0.42258644104003906
0.6750539541244507
0.7863419055938721
0.44222721457481384
0.6302809715270996
0.30760493874549866
0.5598037838935852
0.6635899543762207
0.2922624945640564
0.5281940698623657
0.6965917348861694
0.65675288438797
0.3852083086967468
0.31661632657051086
0.6011606454849243
0.5234655141830444
0.6305140256881714
0.653238832950592
0.18282194435596466
0.39176926016807556
0.31780415773391724
0.9076496958732605
0.32673460245132446
0.26597899198532104
0.47605687379837036
0.5683348178863525
0.44614773988723755
0.6150891184806824
0.413062185049057
0.37471795082092285
0.4697573781013489
0.4662948548793793
0.46907615661621094
0.3344784379005432
0.4053860604763031
0.441347599029541
0.4446282386779785
0.45591220259666443
0.34781330823898315
1.031627893447876
0.45863470435142517
0.620739758014679
0.9319523572921753
0.2837027907371521
0.4569333493709564
0.776363730430603
0.7690125703811646
0.3635168671607971
0.4456911087036133
0.6241827011108398
0.5955470204353333
0.8175562024116516
0.5013352632522583
0.5041831135749817
0.3975694477558136
0.3874182403087616
0.5040318965911865
0.6827491521835327
0.34245264530181885
0.611990213394165
0.4647742211818695
0.39848214387893677
0.3457838296890259
0.7443378567695618
0.7078796625137329
0.33553534746170044
0.43870583176612854
0.47648555040359497
0.6580344438552856
0.3315432667732239
0.7528178095817566
0.6092993021011353
0.1658964604139328
0.6966372728347778
0.6055344343185425
0.4971488118171692
0.6241269111633301
0.515042245388031
0.5861042141914368
0.561053454875946
0.4343738555908203
