0.8113806843757629
0.178254634141922
0.4627828598022461
0.544951856136322
0.8903611302375793
0.8124920725822449
0.4796040654182434
0.7858819365501404
0.6339921951293945
0.41605958342552185
0.45000743865966797
0.5011850595474243
0.6243475675582886
0.38977253437042236
0.46762195229530334
0.4605584740638733
0.5410363078117371
0.46459904313087463
0.38800445199012756
0.7876996397972107
0.17281726002693176
0.26601582765579224
0.7341368198394775
0.6459770798683167
0.9583023190498352
0.4430626332759857
0.6111693978309631
0.5610710978507996
0.3894852101802826
0.28097525238990784
0.37109842896461487
0.6876972913742065
0.46961909532546997
0.8110721707344055
0.5480492115020752
0.5096505880355835
0.2838294804096222
0.40966796875
0.3407697081565857
0.5775440335273743
0.5664413571357727
0.9652217030525208
0.7744762301445007
0.5055264234542847
0.4616187512874603
0.4972251355648041
0.29813438653945923
0.39161914587020874
0.47829484939575195
0.901360034942627
1.1203135251998901
0.2591996490955353
0.45173659920692444
0.7880344390869141
1.1608521938323975
0.669219434261322
0.47389698028564453
0.46745163202285767
0.5082982182502747
0.9633116722106934
0.5288510322570801
0.465681254863739
0.2854551672935486
0.27569013833999634
0.48828330636024475
0.2795821726322174
0.716799795627594
0.5581654906272888
0.4819120764732361
0.4420263171195984
0.3827211260795593
0.9817428588867188
0.7362456321716309
0.3995937705039978
0.5797383189201355
0.4208053648471832
0.3622324764728546
0.3147585391998291
0.5105546116828918
0.40758639574050903
0.5335527658462524
0.6423319578170776
0.38572433590888977
0.41915297508239746
0.5541407465934753
0.8832937479019165
0.5662668943405151
0.3501488268375397
0.7041468024253845
0.7128297686576843
0.33588746190071106
0.3531056046485901
0.40075796842575073
0.6355142593383789
0.6139430999755859
1.2264206409454346
0.5573417544364929
0.5512374043464661
0.6333415508270264
0.36646854877471924
0.37126487493515015
0.336110383272171
0.27262046933174133
0.5177007913589478
0.5663098692893982
0.21714425086975098
0.2862793207168579
0.6463449001312256
1.1309211254119873
0.4766852855682373
0.2578282952308655
0.35621553659439087
0.6379755735397339
0.8929268717765808
0.841077446937561
0.5271143317222595
0.334867000579834
0.5562511682510376
0.37764787673950195
0.6937804222106934
0.5275116562843323
0.95306795835495
0.3617352545261383
0.4816659986972809
0.7293612360954285
0.2518572211265564
0.33577826619148254
0.6244146227836609
0.35709768533706665
0.38000375032424927
0.5918448567390442
0.8703041076660156
0.9032014608383179
0.8894867897033691
0.5173924565315247
0.4118855893611908
0.6903566122055054
1.0370362997055054
0.2965352535247803
0.602295458316803
0.28093284368515015
0.6504908800125122
0.6162404417991638
0.2466140240430832
0.46785077452659607
0.6875185966491699
0.6748756170272827
0.5284879803657532
0.6636897325515747
0.38857388496398926
0.6220919489860535
0.51078861951828
0.6794160008430481
0.7414871454238892
0.6563323736190796
0.6713141202926636
0.9022022485733032
0.26884910464286804
0.8799389004707336
0.3406974673271179
0.36104628443717957
0.6336376070976257
0.8579390645027161
0.7653492093086243
0.5991252064704895
1.1195387840270996
0.6679725050926208
0.8949933052062988
0.7290509343147278
1.0502712726593018
0.23433689773082733
0.6939812898635864
0.5057333111763
0.4651413857936859
0.3052845001220703
0.24828891456127167
0.46283048391342163
0.3842526078224182
0.43579474091529846
0.49806976318359375
0.7873553037643433
0.8621425628662109
0.5906078815460205
0.43622007966041565
0.6544581651687622
0.6815668344497681
1.1715439558029175
0.29409271478652954
0.4574592709541321
0.2833715081214905
0.7286709547042847
0.4046701490879059
0.5056726336479187
0.8683401346206665
0.3771717846393585
0.5537780523300171
0.41519007086753845
0.29489073157310486
0.9642829895019531
0.6803574562072754
1.0891375541687012
0.3175485134124756
0.2684626579284668
0.36779096722602844
0.4075750410556793
0.44519051909446716
0.2963739037513733
0.2999711334705353
0.2754172682762146
0.46567314863204956
1.0353221893310547
0.6489659547805786
0.39800432324409485
0.5400213003158569
0.7004207372665405
0.37281370162963867
0.5040664076805115
0.5241662263870239
0.35511836409568787
1.0907926559448242
0.5632680654525757
0.2615013122558594
0.772556722164154
0.6960722208023071
0.6405913233757019
0.43783918023109436
0.6660689115524292
0.5259957313537598
0.32214927673339844
0.5630117058753967
0.3798297643661499
0.43429508805274963
0.6796613931655884
0.7488949298858643
0.6021382212638855
0.6487448811531067
0.5021648406982422
0.7227174043655396
0.6577920317649841
0.4361989498138428
0.9190834760665894
0.23350843787193298
0.4451463222503662
0.4871693551540375
0.48766613006591797
0.5069080591201782
0.3140195906162262
0.6012104749679565
0.37997210025787354
0.4922991693019867
0.6883889436721802
0.7120261192321777
0.5723863840103149
0.642143964767456
0.3923991620540619
0.5023204684257507
0.5720020532608032
0.30979055166244507
0.20432038605213165
0.8295391798019409
0.685535192489624
0.7986748218536377
1.0871002674102783
0.5654524564743042
0.43140459060668945
0.4919251501560211
0.1657852679491043
0.5772812962532043
0.5603429675102234
0.8981466293334961
0.6745128035545349
0.8079696893692017
0.3916870653629303
0.3770800232887268
0.3617534637451172
0.35173773765563965
0.20045384764671326
0.3893528878688812
0.5680404901504517
0.27973297238349915
0.7797629237174988
0.6337882876396179
0.22588327527046204
0.4884870648384094
0.32669979333877563
0.9270032644271851
0.494191974401474
0.7409663796424866
0.9176995158195496
0.4953475892543793
0.3416081368923187
0.43660324811935425
0.5545225143432617
0.3112982511520386
0.5000503063201904
0.512196958065033
0.35486143827438354
0.4375463128089905
0.512535035610199
0.5575725436210632
0.5727496147155762
0.6318185925483704
0.5334303975105286
0.566997230052948
0.4086141586303711
0.6160825490951538
0.5421451330184937
1.1325299739837646
1.0486810207366943
0.6665811538696289
0.4562022089958191
0.3856397271156311
0.30830326676368713
0.35642436146736145
0.6872366666793823
0.28007417917251587
0.33256077766418457
0.6881747841835022
0.3645094335079193
0.4525028169155121
0.2995532155036926
0.6439237594604492
0.29497790336608887
0.7405301332473755
0.45383089780807495
0.3062877357006073
0.38292863965034485
0.4257980287075043
0.4811397194862366
0.47946709394454956
0.39717116951942444
0.6753842234611511
0.7854543924331665
0.36685910820961
0.6005652546882629
0.30962756276130676
0.47461891174316406
0.1482824832201004
