0.6325408816337585
0.7379463911056519
0.4406837522983551
1.213179349899292
0.418652206659317
0.6027470827102661
0.539858341217041
0.34652838110923767
0.7272483706474304
0.8931078910827637
0.3917803168296814
0.863216757774353
0.5775028467178345
0.7672427892684937
0.3357541263103485
0.45399969816207886
0.6049193739891052
0.3634566068649292
0.6504151225090027
0.7053004503250122
0.40354299545288086
0.2831760048866272
0.9275264739990234
0.6960741281509399
0.618362307548523
0.43341726064682007
0.4233229160308838
0.37343186140060425
0.30793872475624084
0.2803080976009369
0.838826060295105
0.6193442940711975
0.7869483232498169
0.842090904712677
0.7956262826919556
0.9458819627761841
0.5678278207778931
1.1144078969955444
0.86870938539505
0.35741567611694336
0.3815790116786957
0.34221917390823364
0.9645251035690308
0.3981544077396393
0.3795046806335449
0.30325931310653687
0.559151291847229
0.419581800699234
0.3520124852657318
0.26679253578186035
0.6165059208869934
0.5378953218460083
0.8103623390197754
0.36558932065963745
0.4567197859287262
0.5918789505958557
1.0127815008163452
0.7837823033332825
0.6039438247680664
0.46793633699417114
0.4150007367134094
0.5551819801330566
0.428373247385025
0.3883247673511505
0.4591352343559265
0.7188142538070679
0.4573175311088562
0.7335443496704102
0.4955877363681793
0.9478289484977722
0.4764704704284668
0.35996466875076294
0.674763023853302
0.3102560043334961
0.4336470663547516
0.7459830045700073
0.359904944896698
0.21043018996715546
0.5429975390434265
0.7217689752578735
0.4667908549308777
0.5974057912826538
0.6142374873161316
0.596175491809845
0.8041119575500488
0.5693225264549255
0.7041606903076172
0.6252803802490234
0.2699901759624481
0.5415588021278381
0.3471565842628479
0.26626595854759216
0.6100597977638245
0.5397217273712158
0.6180890202522278
0.5145952701568604
0.4088899493217468
0.6773486137390137
0.5139607191085815
0.45639005303382874
0.4087899327278137
0.38346514105796814
0.3872496783733368
0.6596149206161499
0.9192145466804504
0.5573753714561462
0.4266344904899597
1.0792169570922852
0.33956068754196167
0.2755342125892639
0.7462641000747681
0.362143337726593
0.4110146462917328
0.41147202253341675
0.3683788478374481
0.2940249443054199
0.32850146293640137
0.803678035736084
1.3580760955810547
0.581599235534668
0.3397674858570099
0.6603162884712219
0.3610071539878845
0.6041618585586548
0.31340473890304565
0.4611716866493225
0.5018662214279175
0.5637138485908508
0.3713030219078064
0.40712958574295044
0.5104575157165527
0.25851303339004517
0.44274917244911194
0.8350455164909363
0.6823779940605164
0.3532024919986725
0.8054008483886719
1.524781584739685
0.5659064650535583
0.4252673089504242
0.6214640736579895
0.6106240749359131
0.8333145380020142
0.5126752853393555
0.6080907583236694
0.7797878384590149
0.5398934483528137
0.15917865931987762
0.546940267086029
0.8750828504562378
0.26919299364089966
0.7967039346694946
0.5253733396530151
0.6530860662460327
0.552517294883728
0.2453991174697876
0.446052610874176
0.30125516653060913
0.18375608325004578
0.7041387557983398
0.32778364419937134
0.38912510871887207
0.5910747051239014
0.1544734388589859
0.5038119554519653
0.795000433921814
0.41090965270996094
0.6906580924987793
0.6386205554008484
0.23793235421180725
0.4224978983402252
0.7047358751296997
0.3400999903678894
0.568671464920044
0.501517117023468
0.32206276059150696
0.6893881559371948
0.4082900583744049
0.739129364490509
0.555790364742279
0.5809483528137207
0.4675346910953522
0.3488546907901764
0.5432058572769165
0.5638846755027771
0.4860788881778717
0.5219203233718872
0.5011570453643799
0.4231058955192566
1.1194108724594116
0.7003344297409058
0.7141229510307312
0.5012654066085815
0.5841925740242004
0.6605769395828247
0.42960649728775024
0.40374755859375
0.3158362805843353
0.7028632164001465
0.3627856373786926
0.49006566405296326
0.5733238458633423
0.3312944769859314
0.7865764498710632
0.751480221748352
0.39755767583847046
0.5594420433044434
0.4535702168941498
0.5778905153274536
0.6559303402900696
0.3458527624607086
0.8707278370857239
0.21797394752502441
0.15086837112903595
0.42521435022354126
0.6708630323410034
0.3605855107307434
0.24396578967571259
0.7346377968788147
0.49366968870162964
0.7302021980285645
0.5536829233169556
0.3529784381389618
1.388366460800171
1.1684203147888184
0.5433406829833984
1.6403863430023193
0.375114381313324
0.34495800733566284
0.26666179299354553
0.5278795957565308
0.3130057156085968
0.28274399042129517
0.4341721534729004
0.22519023716449738
0.7308754920959473
0.5846900939941406
0.3175469934940338
0.5198453664779663
0.5809839367866516
0.4497806429862976
0.5457189679145813
0.48090535402297974
0.3459102213382721
0.4380519986152649
0.6380071640014648
0.2728758156299591
0.733917236328125
0.5647673606872559
1.0785562992095947
0.39713817834854126
0.3712940812110901
0.43758463859558105
0.4499388635158539
0.3562375009059906
0.7546426653862
0.634818971157074
0.5619857907295227
0.3882294297218323
0.9178218841552734
0.5636926889419556
0.3073359727859497
0.4454689919948578
0.8216307759284973
1.0033081769943237
0.5342518091201782
0.5553616285324097
0.8365315198898315
0.3857826292514801
0.2731315493583679
0.5182127952575684
0.4082508981227875
0.5369507074356079
0.793923020362854
0.4249292314052582
0.2925722002983093
0.6022497415542603
1.0414419174194336
0.5871518850326538
0.3558182418346405
0.4749377369880676
1.2159216403961182
0.36478403210639954
0.3848932683467865
0.6219478845596313
0.8067224621772766
0.7561248540878296
0.9140756726264954
0.7426474690437317
0.35422465205192566
0.8228825330734253
0.23201923072338104
1.0965559482574463
0.37917080521583557
0.3372012674808502
0.7549998164176941
0.5094071626663208
0.38645869493484497
0.5319631099700928
0.25415822863578796
0.6013326048851013
0.42316094040870667
0.7252911925315857
0.7357706427574158
0.28868916630744934
0.6460270285606384
0.8974998593330383
0.4399528503417969
0.5848888158798218
0.40873727202415466
0.46044570207595825
0.4601207375526428
0.705544114112854
0.42527371644973755
0.8955976366996765
0.8466178178787231
1.0021989345550537
0.534671425819397
0.9902725219726562
0.4919094145298004
0.7058905959129333
1.0982506275177002
1.092603087425232
0.5645729303359985
0.2760179042816162
0.38418006896972656
0.5620248913764954
0.7097901105880737
0.581189751625061
0.5976307988166809
1.01902174949646
0.795594334602356
1.0569559335708618
0.27390700578689575
0.5617654919624329
0.28547000885009766
0.964706540107727
1.6044400930404663
