0.34898218512535095
0.30439865589141846
0.2457168847322464
0.6112879514694214
0.692168116569519
0.5942872166633606
0.6043842434883118
0.6090089678764343
0.5106459856033325
0.7894368767738342
0.5867959856987
0.6540196537971497
0.4064028263092041
0.6934198141098022
0.4234440326690674
0.6671810150146484
0.7009158134460449
0.6987708210945129
0.8130814433097839
1.1567367315292358
0.5137144327163696
0.6968770027160645
0.4532676637172699
0.5399864315986633
0.392372190952301
0.343834787607193
0.3109516203403473
0.3727785050868988
0.5713659524917603
0.6169565916061401
0.7270401120185852
0.6012922525405884
0.5796656608581543
0.5392012596130371
0.6220869421958923
0.21694020926952362
0.22059385478496552
0.41301289200782776
0.20681175589561462
0.6166659593582153
0.3082255423069
1.658466100692749
0.675796627998352
0.2572791576385498
1.0352123975753784
0.7121491432189941
0.2874276041984558
0.4707900881767273
0.7759959101676941
0.5018022060394287
0.3948034644126892
0.3354630470275879
0.6283860206604004
0.3500830829143524
0.5377899408340454
0.9342414140701294
0.5503132343292236
0.6636244058609009
0.9908841252326965
0.3040856420993805
0.4276086390018463
0.6589526534080505
0.3002689480781555
1.01609206199646
0.43509286642074585
0.5779727697372437
0.8707130551338196
0.4549226760864258
0.5559831261634827
0.333524614572525
0.5343648791313171
0.36348971724510193
0.4457542896270752
0.9167253375053406
0.30848070979118347
0.7359193563461304
0.7391928434371948
0.6808366775512695
0.5920677781105042
0.4385198950767517
0.8804898262023926
0.47695961594581604
0.5185583829879761
0.5813013911247253
0.7728531956672668
0.5727577209472656
0.24917206168174744
0.4682028889656067
0.35391926765441895
0.8068739175796509
0.26026493310928345
0.5030243992805481
0.38545042276382446
0.456144243478775
0.7741533517837524
0.8568915128707886
0.39868560433387756
0.47890105843544006
0.39303773641586304
0.53526771068573
0.7652813196182251
0.3238987624645233
0.4261704385280609
0.6180219650268555
0.3240610659122467
0.4280669093132019
0.26124948263168335
0.44650477170944214
0.302753210067749
0.5198808908462524
0.373708039522171
0.5442973971366882
0.7316783666610718
0.2695297598838806
0.9674237370491028
0.6928000450134277
0.5653938055038452
0.48242926597595215
0.32392558455467224
0.8371971249580383
0.4566819667816162
0.8688488006591797
0.7798923254013062
0.5959843397140503
0.7045940160751343
0.24653485417366028
0.5984958410263062
0.49470028281211853
0.8810141682624817
0.49143004417419434
0.38535967469215393
0.7827364206314087
0.6421908140182495
0.5759183764457703
0.46023502945899963
1.183788537979126
0.7279343605041504
0.419699102640152
0.7978917956352234
0.6117688417434692
0.7911778688430786
0.5404098033905029
0.5948688387870789
0.6031259894371033
0.8459709286689758
0.932512104511261
0.540131151676178
0.9557977914810181
0.4436368942260742
0.5195294618606567
0.4931926131248474
0.4370206892490387
0.9535249471664429
0.7551789283752441
0.46201270818710327
0.5472805500030518
0.6175497174263
0.2655031681060791
0.55805504322052
0.7085980176925659
0.6731141805648804
0.8139532208442688
0.568830668926239
0.5003427267074585
0.8191571235656738
0.6663392782211304
0.3973500728607178
0.17278359830379486
0.5022895932197571
0.8230820894241333
0.5133126974105835
0.34511977434158325
0.30963432788848877
0.46744537353515625
0.45631924271583557
1.007489800453186
0.3957661986351013
0.5511497259140015
0.1898811161518097
0.35896357893943787
0.9247266054153442
0.5669041275978088
0.40766534209251404
0.3381158113479614
0.6432150602340698
0.5634440183639526
0.4467449188232422
0.2807232737541199
0.5662823915481567
0.7242953777313232
0.8438730239868164
0.43982964754104614
0.6498469114303589
0.3724813461303711
0.2829504609107971
0.5976095199584961
0.4763244092464447
0.5081061124801636
0.3140020966529846
0.4834805428981781
0.5854488611221313
0.6180869936943054
0.7459298968315125
0.5054200887680054
0.7608230710029602
0.3006899952888489
0.5174992680549622
0.777515709400177
0.5942161083221436
0.7449322938919067
0.7537378072738647
0.4703831672668457
0.5601999163627625
0.7131079435348511
0.33230239152908325
0.7065120935440063
0.48233118653297424
0.3306273818016052
0.4332572817802429
0.29957637190818787
0.5268515348434448
0.4823860228061676
0.47325387597084045
0.33989471197128296
0.40617942810058594
0.7730959057807922
0.9704440832138062
0.5123276710510254
0.4397997260093689
0.5411043167114258
0.3632957339286804
0.7484320998191833
0.6569094657897949
0.3568935990333557
0.5102092623710632
0.5360286831855774
0.5942795276641846
0.19414374232292175
0.5795782804489136
0.7115127444267273
0.39551809430122375
0.3940313160419464
0.4363349974155426
0.791924774646759
0.5592421293258667
0.666555643081665
0.7348363995552063
0.634218692779541
0.3967316746711731
0.7766305208206177
0.6366460919380188
0.3576297163963318
0.33727511763572693
0.2648387849330902
0.5396611094474792
0.4505577087402344
0.34040361642837524
0.7248506546020508
0.36492598056793213
0.5762408375740051
0.6213011741638184
0.6334372758865356
0.3175785541534424
0.2738281190395355
0.5394610166549683
0.37378785014152527
0.8373794555664062
0.2603544592857361
0.23367305099964142
0.6047475934028625
0.7930015921592712
0.38653403520584106
0.65733802318573
0.29947429895401
0.9166081547737122
0.6828915476799011
0.5883077383041382
0.5941060185432434
0.262210875749588
0.25868862867355347
0.46918830275535583
0.4347793459892273
0.35425543785095215
0.6735540628433228
0.7548692226409912
0.3966843783855438
0.9905082583427429
1.0508712530136108
0.43941694498062134
0.7258647680282593
0.6117113828659058
0.7936238050460815
1.1822850704193115
0.7470352053642273
0.46118196845054626
0.41046905517578125
0.5772014856338501
0.3973718285560608
0.3217044472694397
0.46409615874290466
1.0612549781799316
0.6557022333145142
0.6957667469978333
0.9663955569267273
0.5536626577377319
0.35259780287742615
0.3214591145515442
0.23611775040626526
0.22590979933738708
0.5355491042137146
0.5250467658042908
1.0987374782562256
0.4381199777126312
0.8869175910949707
0.5446873903274536
0.8962618708610535
0.44179224967956543
0.4824945330619812
0.38742342591285706
0.4349256455898285
0.5238601565361023
0.34051522612571716
0.6436564326286316
0.38895756006240845
0.6274743676185608
0.36058664321899414
0.2702864408493042
0.46613842248916626
0.4052812457084656
0.40553587675094604
0.5721522569656372
0.3631771504878998
0.4728151857852936
0.5557206869125366
0.5004972219467163
0.47559720277786255
0.7762622833251953
1.5184822082519531
