0.5483934283256531
0.3650307059288025
0.4112548232078552
0.6788738965988159
0.34403443336486816
0.48628345131874084
0.7044690847396851
0.39060160517692566
0.5336993336677551
0.36709779500961304
0.21469254791736603
0.36511728167533875
0.5825020670890808
0.5278207063674927
0.434885174036026
0.7400481104850769
0.4676385521888733
0.5051953792572021
0.3521636426448822
0.3761008679866791
0.43458014726638794
0.3310055136680603
0.7604327201843262
0.472086101770401
0.5725528597831726
0.5973441004753113
0.7640185356140137
0.2874543070793152
0.3243272304534912
0.3373714089393616
0.5554471611976624
0.960987389087677
0.510870099067688
0.41140174865722656
0.42626482248306274
0.9601966142654419
0.42237788438796997
0.3876573443412781
0.4959429204463959
0.461245059967041
0.5355178117752075
0.5655045509338379
0.3385390639305115
0.4945242404937744
0.4921044707298279
0.4552334249019623
0.4423914849758148
0.6985343098640442
0.4719199240207672
0.7834098935127258
0.5764586329460144
1.359299659729004
0.5342375040054321
0.4222095012664795
0.1598251461982727
0.7319575548171997
0.34951305389404297
0.6746714115142822
0.3029770255088806
0.5206297636032104
0.6923795938491821
0.30867093801498413
0.6989154815673828
0.8095762133598328
1.0641635656356812
0.5686294436454773
0.3646628260612488
0.502852201461792
0.5070842504501343
0.8057829737663269
0.44705629348754883
0.3373609185218811
0.5247219204902649
0.6686867475509644
0.4557647705078125
0.6770786046981812
0.854273796081543
0.4511375427246094
0.2780373990535736
0.6284787654876709
0.46684107184410095
0.4636603891849518
0.43793821334838867
0.7648216485977173
0.6167670488357544
0.7826656699180603
0.38939809799194336
0.22778300940990448
0.5415636301040649
0.8582186698913574
0.4502127766609192
1.4993661642074585
1.231770634651184
0.25035351514816284
1.401016116142273
0.5211390256881714
0.6731871366500854
0.221979022026062
0.36550480127334595
0.5422146916389465
0.4252988398075104
0.40223440527915955
0.6862050294876099
0.23520717024803162
0.8213223218917847
0.3400990962982178
0.4158451557159424
0.3843095302581787
0.8509341478347778
0.2270035743713379
0.5550243854522705
0.3245552182197571
0.5162368416786194
0.7620245218276978
0.29729360342025757
0.806128203868866
0.2922855317592621
0.4161790907382965
0.2339479923248291
0.26346299052238464
0.4200771450996399
0.8021405339241028
0.3866744637489319
0.4617488384246826
0.5269569158554077
0.3659971356391907
0.23119214177131653
0.519656240940094
0.5314564108848572
0.9757562875747681
0.9018732905387878
0.41120797395706177
0.4307146966457367
0.5024811625480652
0.40591827034950256
0.18473617732524872
0.2517145574092865
0.6587671041488647
0.4056124687194824
0.569088339805603
0.29210585355758667
0.7807878851890564
0.3921472728252411
0.2739945352077484
0.5870054364204407
0.663966178894043
0.31188687682151794
0.2633797228336334
0.9297674894332886
0.451681911945343
0.5284002423286438
0.5137618780136108
1.3355942964553833
0.4234836995601654
0.8238636255264282
0.24199342727661133
0.4835881292819977
1.0097062587738037
0.3568631112575531
0.6849775314331055
0.27600136399269104
0.5624111890792847
0.9411462545394897
0.31832629442214966
0.45745736360549927
0.5366977453231812
0.4862512946128845
0.36592695116996765
0.38266846537590027
0.38510578870773315
0.6548588871955872
0.5221230387687683
0.18308612704277039
0.6504472494125366
0.6492434740066528
0.41476374864578247
0.8733714818954468
0.605510950088501
0.39223793148994446
0.5402129292488098
0.3629409670829773
0.42893725633621216
0.3470284938812256
0.1591729074716568
0.25162291526794434
0.4355319142341614
0.27811580896377563
0.7178977727890015
0.452272891998291
0.8237556219100952
0.4613339304924011
0.5110568404197693
0.43607863783836365
0.35351163148880005
0.721721887588501
0.9560774564743042
0.6500180959701538
0.5824531316757202
0.525321364402771
0.5102319717407227
0.5518536567687988
0.5887116193771362
0.25885018706321716
0.4270125925540924
0.5465737581253052
0.5119442343711853
0.5180708169937134
0.5404588580131531
0.5073379278182983
0.371274471282959
1.4818577766418457
0.8044646978378296
0.482440322637558
0.8662627339363098
0.6126881837844849
0.806873619556427
0.5567539930343628
0.668110728263855
0.47674354910850525
0.5284273028373718
0.7060758471488953
0.557052731513977
0.5364693403244019
0.39175471663475037
0.40541085600852966
0.4969976842403412
0.2499692440032959
0.49920836091041565
0.5570833086967468
0.23225846886634827
0.5181268453598022
0.44007691740989685
0.2988414168357849
0.20627173781394958
0.30263686180114746
0.23659133911132812
0.7194756269454956
0.6859897375106812
0.5560375452041626
0.7383940815925598
0.6178067922592163
0.1564616858959198
0.6298285722732544
0.6762315630912781
1.0898882150650024
0.8978394269943237
0.6394854187965393
0.3555057644844055
0.36695829033851624
0.5571784377098083
0.8002564311027527
0.30803781747817993
0.4176328778266907
0.4629846513271332
0.43370670080184937
0.5256626009941101
0.7793589234352112
0.4956292510032654
0.33094674348831177
0.5828423500061035
0.670474648475647
0.9034730195999146
0.35782378911972046
0.6383940577507019
0.6639302968978882
0.5924885272979736
1.0026512145996094
0.6115983724594116
0.8670719861984253
0.8916873931884766
0.5183529853820801
0.2933736741542816
0.4428814947605133
0.33444637060165405
0.4300535321235657
0.5055660605430603
0.682221531867981
0.8437688946723938
1.4382303953170776
0.5069117546081543
0.5043155550956726
0.864351749420166
0.22942078113555908
0.5454717874526978
0.4251767098903656
0.5526996850967407
0.30191829800605774
0.764471709728241
0.69202721118927
0.4512743353843689
0.7198192477226257
0.38730230927467346
0.9797717928886414
0.6003884077072144
0.45375338196754456
0.514747679233551
0.2501833438873291
0.2797474265098572
0.3898482918739319
0.31465983390808105
1.64950430393219
0.7019280195236206
0.6340835690498352
0.4136215150356293
0.5099649429321289
0.35679250955581665
0.9453374743461609
0.9176855087280273
0.8320611119270325
0.2690204977989197
0.4619530737400055
0.137632817029953
0.24371902644634247
0.3816450238227844
0.8171571493148804
0.5558212995529175
0.47004634141921997
0.7152704000473022
0.5211730003356934
0.5575394034385681
0.8067606091499329
0.29272401332855225
0.37271207571029663
0.3211229145526886
0.540800154209137
0.5677540898323059
0.6598131060600281
1.1492453813552856
0.3631375730037689
0.38409632444381714
0.49665266275405884
0.2582338750362396
0.48910364508628845
0.502092719078064
0.35255950689315796
0.5409598350524902
0.43869322538375854
0.15027320384979248
