0.6276442408561707
0.5736339688301086
0.9718512296676636
0.30191564559936523
0.6919492483139038
0.8445718884468079
0.654296338558197
0.35896047949790955
0.3591035008430481
0.46739596128463745
0.31205350160598755
0.32512256503105164
0.42426005005836487
0.579108715057373
0.6183367967605591
0.4849289357662201
0.2434523105621338
0.3345726430416107
0.45313262939453125
0.45022255182266235
0.3831213414669037
0.6989365816116333
0.4720892012119293
0.28929075598716736
0.2532927095890045
0.3464893698692322
0.6688381433486938
0.5791821479797363
0.701856791973114
0.6254386901855469
0.6624619960784912
0.7921287417411804
0.25544583797454834
0.3370456099510193
0.8240214586257935
0.6013022661209106
0.45580926537513733
0.4612378180027008
0.5746906995773315
0.604606032371521
0.5018876194953918
0.4089873731136322
0.5751131772994995
0.8754887580871582
0.5635055303573608
0.6993211507797241
0.4074257016181946
0.5952166318893433
0.5128329396247864
0.2709576189517975
0.5843604207038879
0.35512566566467285
0.9738796353340149
0.5560751557350159
0.45348089933395386
0.2032400369644165
0.4639766812324524
0.27679282426834106
0.6877412796020508
0.8317497968673706
0.7915133833885193
0.3822084963321686
0.632207989692688
0.7853499054908752
0.38616806268692017
0.44891875982284546
0.5227781534194946
0.4820898175239563
0.9001146554946899
0.4347880482673645
0.7660633325576782
0.9409580230712891
0.38655444979667664
0.5091754198074341
0.6122826337814331
0.8709179162979126
0.31689003109931946
0.7292298674583435
0.8153392672538757
0.5313981771469116
0.38232508301734924
0.5571025609970093
0.4301765561103821
0.5145196318626404
0.5731328725814819
0.8024406433105469
0.6076915264129639
1.1419020891189575
0.4123755395412445
0.503295361995697
0.7428913116455078
0.4884366989135742
0.4098082482814789
1.0722987651824951
0.5205292701721191
0.29153627157211304
0.23503902554512024
0.5836091637611389
0.5159636735916138
0.5885322690010071
0.4073193073272705
0.23206348717212677
0.3615477979183197
0.20378999412059784
0.38080617785453796
0.34895607829093933
0.36846643686294556
0.5719457268714905
0.656582236289978
0.5898469090461731
0.24305665493011475
0.6014919281005859
0.8294335603713989
0.31576672196388245
0.397693395614624
0.7204660177230835
0.6122255921363831
0.5079057216644287
0.33318576216697693
0.2975415289402008
0.40881213545799255
0.33170661330223083
0.5780819654464722
0.6554561257362366
0.5665937662124634
0.3471776843070984
0.9793103933334351
0.21175551414489746
0.5610700845718384
0.6687513589859009
0.4534568190574646
0.7202514410018921
0.3748439848423004
0.3067295551300049
0.3544033169746399
0.4187062382698059
0.43134909868240356
0.9628003835678101
0.7007463574409485
0.3404270112514496
0.5144850015640259
0.20991472899913788
0.6825343370437622
0.7569559216499329
0.3595278859138489
0.7068963050842285
0.7139122486114502
0.3892603814601898
0.4233277440071106
0.6285995244979858
1.4769294261932373
0.28705158829689026
0.5190740823745728
0.3870271146297455
0.6451894640922546
0.8130435943603516
0.8891600370407104
0.22698596119880676
0.5331199765205383
0.6308892965316772
0.2910098135471344
0.8213424682617188
0.3710443377494812
0.4426090121269226
0.7691634297370911
0.5525931715965271
0.49759364128112793
0.12951643764972687
0.6623915433883667
0.7527316212654114
0.6075475215911865
0.42195725440979004
0.42332133650779724
0.6919057369232178
0.38697925209999084
0.42547059059143066
0.32378000020980835
0.38442328572273254
0.5644208192825317
0.840591549873352
0.3773428797721863
0.8686488270759583
0.6678101420402527
0.385985791683197
0.37464046478271484
0.6301849484443665
0.49551352858543396
0.7108597755432129
0.4601426124572754
0.5687339901924133
0.5082753300666809
0.8481736183166504
0.8676881790161133
0.3694860339164734
0.3297608494758606
0.3414945900440216
0.6050673723220825
0.32161855697631836
0.49968570470809937
0.5461257696151733
0.5993230938911438
0.38814061880111694
0.3808742165565491
0.4340744614601135
0.38213473558425903
0.7163633108139038
0.8580502271652222
0.3504195213317871
0.5197160243988037
0.7628313899040222
0.6594620943069458
0.6641197800636292
0.5338627696037292
0.7228186726570129
0.9648910760879517
0.7477447986602783
0.3829441964626312
0.7446931004524231
0.40813833475112915
0.7530566453933716
0.22697857022285461
0.27827024459838867
0.18495410680770874
0.40565603971481323
0.319752961397171
0.17617611587047577
0.28809478878974915
0.5590943098068237
0.4482441842556
0.8830477595329285
0.5376578569412231
0.496286004781723
0.5933135747909546
0.42333531379699707
0.6724309325218201
0.4335409998893738
0.4270536005496979
0.45287227630615234
0.6716126799583435
0.6327190399169922
0.3487361967563629
0.5085525512695312
0.48809880018234253
0.7350982427597046
0.7277372479438782
0.5103142857551575
0.511626660823822
0.3672986626625061
0.3637262284755707
0.47102075815200806
0.5638310313224792
0.5441262722015381
0.2735663056373596
0.4451574385166168
0.5245372653007507
0.5690265893936157
0.4193519651889801
0.34026193618774414
0.5335978269577026
0.4560416340827942
0.409763902425766
0.5541397929191589
0.24501514434814453
1.1326038837432861
0.33181437849998474
0.3836742341518402
0.43908873200416565
1.0936782360076904
0.4540247917175293
0.6682950258255005
0.8901325464248657
0.7622581720352173
0.24023433029651642
0.3257855474948883
0.341352254152298
0.22888192534446716
0.5671671032905579
0.5789782404899597
0.9156586527824402
0.5587857961654663
0.31157153844833374
0.25150537490844727
0.35409095883369446
0.6628134846687317
1.0837475061416626
0.5209959745407104
0.7423990964889526
0.472584068775177
0.5122678279876709
0.7830114364624023
0.39754948019981384
0.6565000414848328
0.43801650404930115
0.40764516592025757
0.6160169839859009
0.39661169052124023
0.52935391664505
0.6922094821929932
0.9896382093429565
0.8643425107002258
0.39320218563079834
0.424943745136261
0.2905091643333435
0.6168438196182251
0.8370082974433899
0.48888230323791504
0.48186349868774414
0.7527519464492798
0.426163911819458
0.6152819991111755
0.7143770456314087
0.5518827438354492
0.7079238891601562
0.16223520040512085
0.39529362320899963
0.3966936469078064
0.2547798156738281
0.8391603231430054
0.24049711227416992
0.6016718149185181
0.3175772428512573
0.4867512285709381
0.4178892970085144
0.5286914110183716
0.43361687660217285
0.3494885265827179
0.5075286626815796
0.2687292695045471
0.42232537269592285
0.5752419829368591
0.5218416452407837
0.21877965331077576
0.4900534749031067
0.5232764482498169
0.3157389760017395
0.6586360335350037
0.7149549722671509
0.46928176283836365
