0.5792142152786255
1.0572144985198975
0.326362669467926
0.673120379447937
0.4784044623374939
1.0614843368530273
0.17955046892166138
0.4368695318698883
0.69166100025177
0.49655580520629883
0.6179215908050537
0.6591378450393677
0.32036176323890686
0.3910678029060364
1.3355318307876587
1.0605268478393555
0.4423140585422516
0.4870004653930664
0.6445518136024475
0.48773351311683655
0.34549111127853394
0.515711784362793
0.6590712666511536
0.7592498660087585
0.6164335012435913
0.6687820553779602
0.467510461807251
0.5288193821907043
0.5601140260696411
0.8223903775215149
0.3961181640625
0.4242742657661438
0.2321867048740387
0.36489662528038025
0.36161133646965027
0.4260943531990051
1.1943223476409912
0.5822048187255859
0.5054277181625366
0.8577648401260376
0.5494000315666199
0.49031752347946167
0.5451685190200806
0.41517600417137146
0.3932468891143799
0.19781479239463806
0.24958696961402893
0.4844883978366852
1.094093918800354
0.5081120133399963
0.6150649785995483
1.1302237510681152
0.8673499226570129
0.47658592462539673
0.4215317368507385
0.549204409122467
0.7570109367370605
0.2903861105442047
0.38529229164123535
0.6576305627822876
0.4925023913383484
0.36477965116500854
1.180786371231079
0.3300730288028717
0.28174901008605957
0.2893259525299072
0.724624514579773
0.39082014560699463
0.3159349262714386
0.6258045434951782
0.6028721332550049
0.6104776859283447
0.48414477705955505
0.25812196731567383
0.319957971572876
0.5946049094200134
0.7449439764022827
0.40586215257644653
0.33348140120506287
0.2613374590873718
0.5885208249092102
0.5760989785194397
0.4821609556674957
0.5171045064926147
0.5463190078735352
0.6226949691772461
0.3631056547164917
1.0549293756484985
0.30029526352882385
0.3380787968635559
1.0060564279556274
0.3947141766548157
1.0567121505737305
0.44886308908462524
0.25345665216445923
0.2818083167076111
0.2536277174949646
0.9154677391052246
0.443004310131073
0.322068452835083
0.612927258014679
0.8783976435661316
0.39413246512413025
0.3489808142185211
0.4067579209804535
0.7577590942382812
0.5260435938835144
0.26363205909729004
0.5523130297660828
0.3652738630771637
0.823296844959259
0.36786943674087524
0.2206135094165802
0.7440198659896851
0.4135863184928894
0.29973530769348145
0.8231703042984009
0.932738184928894
0.4765879511833191
0.26757293939590454
0.39640671014785767
0.6115462183952332
0.9506171941757202
0.2699061930179596
0.7987698912620544
0.8221386671066284
0.5616839528083801
0.18434850871562958
0.560681164264679
0.6946083307266235
0.5230486989021301
0.9331334233283997
0.502653181552887
0.25992146134376526
0.5930048227310181
0.2858680784702301
0.8554332852363586
0.7563021183013916
0.6867557764053345
0.7825857996940613
0.44092974066734314
0.2014143466949463
0.5165392756462097
0.33307045698165894
0.3044706881046295
0.6998414993286133
0.42386072874069214
0.7651287317276001
0.7491695284843445
0.7896188497543335
0.2687309682369232
0.7074786424636841
0.31571608781814575
0.42605358362197876
0.4933982789516449
0.7186189889907837
0.9348015785217285
0.43617573380470276
0.599979043006897
0.49454331398010254
0.39551013708114624
0.45759886503219604
0.48919564485549927
0.772563636302948
0.6428464651107788
0.708031177520752
0.3356931209564209
1.127253770828247
0.6835740208625793
0.847120463848114
0.8385086059570312
0.2355984002351761
0.545535147190094
0.655463457107544
0.6057584881782532
0.48656368255615234
0.3301536440849304
0.38314980268478394
0.5518369674682617
1.0354183912277222
0.3920360207557678
0.6019529104232788
0.7287437915802002
0.5287842154502869
0.6037453413009644
0.588846743106842
0.7801836133003235
0.5353367924690247
0.2700267434120178
0.21319179236888885
0.3719360828399658
0.7887717485427856
0.41724807024002075
0.5282760858535767
0.7245383262634277
0.38311660289764404
0.43494534492492676
0.29531437158584595
0.31307655572891235
0.5846343040466309
0.7839940190315247
0.5907872915267944
0.2675561308860779
0.5031903982162476
0.3914145529270172
0.4507346749305725
0.46274781227111816
0.500408411026001
0.5336464643478394
0.6058732271194458
0.7152209281921387
0.3778972923755646
0.4752753674983978
0.2693929672241211
0.6922510862350464
0.8362632989883423
0.8339859247207642
0.4524103105068207
0.41333264112472534
0.23429429531097412
0.4424707293510437
0.3666990399360657
0.5894861221313477
0.5267500877380371
0.34796643257141113
0.24387824535369873
1.0100167989730835
0.4525300860404968
0.37185779213905334
0.3232288360595703
0.4882630407810211
0.5832727551460266
0.4487172067165375
0.643905758857727
0.46035441756248474
0.8142841458320618
0.6060041189193726
0.5651930570602417
0.2076423168182373
1.0535370111465454
0.3883554935455322
0.5204004645347595
0.662214994430542
0.9026516079902649
0.4977231025695801
0.9515493512153625
0.4772167205810547
0.5399897694587708
0.3432975113391876
0.3231855034828186
0.5627446174621582
0.4347289502620697
0.47086963057518005
0.6367171406745911
0.33609095215797424
0.37756070494651794
0.5611501932144165
0.30195608735084534
0.5359859466552734
0.25739791989326477
0.7478080987930298
0.3797420859336853
0.28397250175476074
0.31457972526550293
0.5623041391372681
0.6697730422019958
0.48636960983276367
0.6245312094688416
0.19088980555534363
0.6131698489189148
0.1758502572774887
0.2248353511095047
0.3533371388912201
0.45172280073165894
0.3795376718044281
0.4539404809474945
0.6127301454544067
0.273067444562912
0.350389301776886
0.22008466720581055
0.34642353653907776
0.4623921513557434
1.4222246408462524
0.38454607129096985
1.2436754703521729
0.20761056244373322
0.17473061382770538
0.8101614117622375
0.6053853034973145
0.6030591130256653
0.45932912826538086
0.21122241020202637
0.5531231164932251
0.2773331105709076
0.6289860606193542
0.5329830050468445
0.7643410563468933
0.4113706052303314
0.33735793828964233
0.2871491312980652
0.533582866191864
0.2952558398246765
0.514687180519104
0.3173733651638031
0.9017577171325684
0.8903845548629761
0.2855709195137024
0.29451730847358704
1.0762853622436523
0.7364901304244995
0.31628715991973877
0.4620860517024994
0.5620645880699158
0.8028711080551147
0.9940904378890991
0.3479270040988922
0.9326726198196411
0.7054181694984436
0.6519595384597778
0.33379065990448
0.8964998126029968
0.7213665843009949
0.698971152305603
0.7796986699104309
0.4094173312187195
0.38980355858802795
0.3994695246219635
0.39861732721328735
0.628193736076355
0.2504972815513611
0.24530275166034698
0.3315447270870209
0.465207040309906
0.47541993856430054
0.6368687152862549
0.5995038747787476
1.1854400634765625
0.7189287543296814
