0.3553655743598938
0.28706032037734985
0.6395033001899719
0.3863413333892822
0.5558686256408691
0.7121460437774658
0.9494470357894897
0.7551429867744446
0.31203028559684753
0.8425998687744141
0.9415618181228638
0.6958749890327454
0.4496892988681793
0.5429880023002625
1.0533339977264404
0.30272653698921204
0.6895917654037476
0.4471360743045807
0.33763107657432556
0.3916172683238983
0.3570099472999573
0.5535706281661987
0.6359067559242249
0.42758065462112427
0.4067946970462799
0.4687105119228363
0.6195192933082581
0.6822705268859863
0.370516836643219
0.3731503486633301
0.4927515387535095
0.5257710218429565
0.4882620871067047
0.21697428822517395
0.46978968381881714
0.7504196763038635
0.4265938699245453
0.7460524439811707
0.5328975915908813
0.8429223299026489
0.7551479339599609
0.5497004389762878
0.600419819355011
0.8512342572212219
0.2754092514514923
0.5212835073471069
0.5354942083358765
0.568973958492279
0.44100913405418396
0.6233484148979187
0.3392707407474518
0.9418614506721497
0.41905277967453003
1.036791205406189
0.555867075920105
0.3897966742515564
0.31204912066459656
0.8359783887863159
0.3932700455188751
0.3364175856113434
0.7177165746688843
0.4028448164463043
0.7631033658981323
0.39631325006484985
0.41327399015426636
0.5974715948104858
1.0504069328308105
0.9272543787956238
0.6185413002967834
0.3751099407672882
0.3647507429122925
0.36814072728157043
0.5726519823074341
0.3378455936908722
0.4467740058898926
0.4166361689567566
0.5246142745018005
0.767651379108429
0.3913806974887848
0.43259096145629883
0.5810236930847168
0.5592767596244812
0.6717265248298645
0.43347615003585815
0.24546262621879578
0.3911326825618744
0.46436911821365356
0.5428929328918457
0.8917218446731567
0.3116587698459625
0.47985076904296875
0.3653727173805237
0.3772726058959961
0.6289612054824829
0.6953877210617065
0.4607057571411133
0.45626363158226013
0.6943432092666626
0.5027790665626526
0.6174041628837585
0.28894591331481934
0.29152026772499084
1.2868130207061768
0.5992295145988464
0.5418432950973511
0.4931144714355469
0.9748073816299438
0.2951340675354004
0.4191262125968933
0.18124239146709442
0.6049423813819885
0.4486786723136902
0.4906875491142273
0.5295202136039734
1.4582538604736328
0.7230772972106934
0.1707075983285904
0.5641563534736633
0.2408229559659958
0.29174700379371643
0.21172396838665009
0.8671372532844543
0.8141844868659973
0.5970345735549927
0.772193193435669
1.0348769426345825
0.36663618683815
0.41055363416671753
0.44432511925697327
0.4397587776184082
0.42116132378578186
1.0969188213348389
0.18430599570274353
0.26317182183265686
0.4157124161720276
0.4154214859008789
0.6726387739181519
0.6358650922775269
0.2720452845096588
0.4754387438297272
0.507459282875061
0.6341874003410339
0.7382581830024719
0.4805452227592468
0.2722582519054413
0.5987118482589722
0.6012151837348938
0.5774303674697876
0.37369504570961
0.8755415678024292
0.7740381360054016
0.45969828963279724
0.22665953636169434
0.7189491987228394
0.48698168992996216
0.8557004928588867
0.5410728454589844
0.5783677101135254
0.17903873324394226
0.5888868570327759
0.37119758129119873
0.8024426698684692
0.97247713804245
0.41305407881736755
1.0746924877166748
0.6313488483428955
0.2936323285102844
0.4809766709804535
0.33313819766044617
0.5927255749702454
0.5499663352966309
0.5832104682922363
0.8745962977409363
0.47611531615257263
0.3916581869125366
0.8008924722671509
0.687291145324707
0.5624372363090515
0.2280501425266266
0.45618167519569397
0.44629257917404175
0.768633246421814
0.5935683250427246
0.4977475702762604
0.47994548082351685
0.7953550815582275
0.8411364555358887
0.2227538824081421
0.5050346255302429
0.36038029193878174
0.24727752804756165
0.8056990504264832
0.789286732673645
0.5212074518203735
0.3300686776638031
0.4059678018093109
0.4335792064666748
0.5841167569160461
0.5159934759140015
0.5301172137260437
0.344382107257843
0.3930743634700775
0.4708871841430664
0.6125896573066711
0.35563626885414124
0.4211539626121521
0.9106594920158386
0.18541862070560455
0.4260125756263733
0.653175413608551
0.5567116141319275
0.4778467118740082
0.5150182247161865
0.9539222717285156
0.9338806867599487
0.5565463304519653
0.6323232650756836
0.34409722685813904
0.3282182812690735
0.32531192898750305
0.43658509850502014
0.25965404510498047
0.5761038064956665
0.6239073276519775
0.5263463854789734
0.4146612286567688
0.3444598317146301
0.7950741052627563
0.5393406748771667
0.6444472074508667
0.45034322142601013
0.8329035043716431
0.594728410243988
0.6193654537200928
0.218290776014328
0.2577093243598938
0.8696447610855103
0.6382451057434082
0.5471935272216797
0.8330500721931458
0.5151715278625488
0.5996657609939575
0.36161208152770996
0.42415571212768555
1.28789484500885
0.8011497259140015
0.3638417720794678
0.7734826803207397
0.540648341178894
0.5141222476959229
0.5731757879257202
0.6574820280075073
0.23190824687480927
0.6815919280052185
0.3229709267616272
0.5517164468765259
1.1089578866958618
0.3966493010520935
0.6693906784057617
0.3990271985530853
0.4965101182460785
0.23760032653808594
0.5885728597640991
0.41539421677589417
0.5728867650032043
0.4500928521156311
0.6379952430725098
0.1999630481004715
0.6535081267356873
0.2863334119319916
0.6767191290855408
0.5466660261154175
0.6392487287521362
0.335442453622818
0.42575693130493164
0.7111595273017883
0.3304924964904785
0.6573534607887268
0.36399751901626587
0.5346490144729614
0.6713375449180603
0.5157787203788757
0.421383798122406
0.5575181245803833
0.45014792680740356
0.20883259177207947
0.7154206037521362
0.8530380129814148
0.4446806013584137
0.48711657524108887
0.3661566376686096
0.28978368639945984
0.46422043442726135
0.4297749102115631
0.4635011553764343
0.6688240766525269
0.3183366358280182
0.7183464169502258
0.562171995639801
0.18074074387550354
0.3430853486061096
0.6129971742630005
0.4771413207054138
0.2569811940193176
0.48334580659866333
0.6461676359176636
0.6081034541130066
0.4334692060947418
0.3743995726108551
0.5612713098526001
0.4979100227355957
0.7111040949821472
0.3985280394554138
0.4590212404727936
0.43913060426712036
0.8736951947212219
0.5762652158737183
0.38728663325309753
0.5497887134552002
0.23180599510669708
0.42062750458717346
0.9844196438789368
0.6247778534889221
0.9014862775802612
0.40176287293434143
0.5982090830802917
1.2604305744171143
1.2797400951385498
0.529569149017334
0.18758131563663483
0.7099117040634155
0.7285968065261841
0.8805865049362183
0.5176642537117004
0.5852782726287842
0.5635420680046082
0.5197749137878418
0.6769565939903259
