0.5318091511726379
0.6216990351676941
1.2466561794281006
0.5508897304534912
0.7568570375442505
0.7585849761962891
0.7894107699394226
0.5023603439331055
0.8913581967353821
0.5035591721534729
0.5765082836151123
1.2292420864105225
0.5459101796150208
0.5756126642227173
0.9808307886123657
0.8424131274223328
1.3855592012405396
0.6175583600997925
0.40392857789993286
0.4812535345554352
0.7899253964424133
0.8226652145385742
1.3654776811599731
0.6891736388206482
1.22547447681427
0.6817145347595215
0.9723315238952637
1.131340742111206
0.6231013536453247
0.8404024839401245
1.1105924844741821
1.011754035949707
0.8410406112670898
1.229172706604004
1.0786287784576416
1.018485188484192
0.5164721608161926
0.4961095452308655
0.6238969564437866
0.9531471133232117
0.7187000513076782
0.6988092064857483
1.0078155994415283
0.779985785484314
0.7143791913986206
1.2826744318008423
0.6237064599990845
0.7563049793243408
0.694327712059021
0.785552442073822
1.1847926378250122
0.6324504613876343
0.727861762046814
0.7175931930541992
1.0606200695037842
0.9382867813110352
0.6554630994796753
0.7422807812690735
0.746123731136322
1.222839593887329
0.736416757106781
0.7802006602287292
0.6251218318939209
0.8981620669364929
0.882575511932373
0.6032775640487671
0.8839386105537415
1.141308069229126
0.8477770090103149
0.628951907157898
0.5902038812637329
0.7157222032546997
0.931244969367981
0.9888328313827515
0.6556450128555298
0.9013765454292297
0.6693683862686157
0.5438860654830933
0.9017508625984192
0.7456271648406982
0.8019493222236633
1.5032321214675903
0.5744608044624329
1.162610650062561
0.919957160949707
1.128401756286621
0.6533101797103882
0.8078224062919617
0.6624692678451538
0.8302184343338013
0.7704194188117981
0.8929662704467773
0.8427090644836426
0.5969852805137634
0.6445037126541138
0.8334673643112183
1.3853391408920288
0.8894403576850891
0.7341612577438354
1.1926357746124268
1.1067469120025635
1.0314418077468872
0.7436040043830872
0.5413790345191956
0.6398614645004272
0.6835856437683105
1.0266211032867432
0.7449092864990234
0.7850474119186401
0.6229008436203003
0.5856732130050659
0.7050384283065796
0.884422779083252
0.8851653933525085
1.0123465061187744
0.5829914808273315
0.5899620056152344
1.0367906093597412
1.0515964031219482
0.7454962134361267
0.8672962188720703
0.7155684232711792
0.5222075581550598
1.0502755641937256
0.5839866399765015
0.875541090965271
0.8434963226318359
0.7316332459449768
1.035319209098816
0.6163914203643799
0.545944333076477
0.46929293870925903
0.7325853705406189
0.704732358455658
0.7442833185195923
0.8914164304733276
0.6724182367324829
1.1483728885650635
0.7691710591316223
0.48041048645973206
1.1051616668701172
0.9426730275154114
0.9741307497024536
0.5731261968612671
0.7445678114891052
0.5697612762451172
0.7142029404640198
0.8002336621284485
0.597567081451416
0.6922892928123474
1.1068263053894043
1.2556532621383667
0.7007085084915161
0.6507212519645691
0.9300773739814758
0.5051923990249634
0.6223549842834473
1.0870552062988281
0.8453326225280762
0.6243008375167847
0.6357879638671875
0.9115164875984192
0.5942152738571167
0.8417655229568481
1.137904405593872
0.9113715887069702
0.6539226770401001
0.8309231996536255
1.140955924987793
0.7008770108222961
0.5928963422775269
1.198753833770752
0.8727755546569824
0.6627238392829895
0.7360438108444214
1.0172240734100342
0.5327185392379761
0.8498002290725708
0.8877602815628052
0.7104731798171997
0.5970062613487244
0.8252767324447632
0.8344162106513977
0.579285204410553
0.8137869834899902
1.032912015914917
0.8344113230705261
0.7583714127540588
0.6589199304580688
0.5341582298278809
0.8333839178085327
0.5450220108032227
0.9349731206893921
0.5046851634979248
0.7196651697158813
0.7992249727249146
0.5593655705451965
0.6310319304466248
0.6702159643173218
0.8140120506286621
0.8553584218025208
1.1384896039962769
1.1503437757492065
0.46498364210128784
0.627823531627655
0.6047747731208801
1.1609790325164795
0.9539157748222351
0.8261796236038208
0.9748498797416687
0.48735541105270386
0.6021016240119934
0.6490928530693054
0.9144285917282104
0.7369444966316223
1.5210480690002441
1.2759809494018555
0.6879400610923767
0.9269481897354126
0.4844571650028229
0.9235931634902954
1.1458032131195068
0.46323615312576294
0.7966326475143433
0.5781958103179932
0.8846534490585327
1.1027640104293823
0.7124748826026917
0.48364943265914917
1.0532804727554321
0.9936022758483887
1.4736227989196777
1.4452918767929077
1.009690523147583
0.6464999318122864
0.9773343801498413
0.905085563659668
0.7024660110473633
0.7067567706108093
1.1747407913208008
0.7441085577011108
1.0447789430618286
0.8253976106643677
0.5184581875801086
0.6542538404464722
1.1625046730041504
0.859131932258606
0.5248576998710632
1.1083996295928955
0.8030187487602234
0.6872469782829285
0.8030808568000793
0.5931335687637329
1.0111244916915894
0.520979106426239
0.986645519733429
0.5441833734512329
0.6914301514625549
0.6743574738502502
0.8197266459465027
0.9799405336380005
0.8194187879562378
0.478076308965683
0.9720875024795532
0.8822075128555298
0.8692001104354858
0.9053205251693726
0.6834011077880859
0.9710513949394226
1.6158430576324463
0.44319701194763184
0.7041875720024109
0.8863930702209473
0.9968422055244446
0.8361451029777527
1.0625178813934326
0.6492589712142944
0.7580490112304688
0.773313045501709
1.0502219200134277
0.5134467482566833
0.6802738904953003
0.5813655853271484
0.680741548538208
0.759580671787262
0.6273473501205444
0.5761191248893738
0.4492030143737793
0.814135730266571
0.8756729364395142
0.801274299621582
1.0439479351043701
0.7449267506599426
0.6405118107795715
0.8951927423477173
0.6099783182144165
0.8305194973945618
0.9250785708427429
1.0455424785614014
0.769339382648468
1.0624964237213135
0.7332983613014221
1.257833480834961
0.6607096195220947
0.7202204465866089
0.7485391497612
0.6617968082427979
1.0467424392700195
0.8425065875053406
0.8399494886398315
0.8321260213851929
0.7529040575027466
1.1013977527618408
0.6072463393211365
0.7323745489120483
0.9100837707519531
0.6412849426269531
0.7372379302978516
0.5731273889541626
0.9075635671615601
0.8363550305366516
0.7171382308006287
0.7835565209388733
0.8612176775932312
1.0819700956344604
0.7517322897911072
1.124816656112671
0.5317913889884949
1.0721323490142822
0.6029309034347534
0.777687668800354
0.6542143225669861
0.5862043499946594
1.1664764881134033
0.680453360080719
0.6970361471176147
1.0018951892852783
1.4190001487731934
