0.6006375551223755
0.5127165913581848
0.13326473534107208
0.37356775999069214
0.5056535005569458
0.25337857007980347
0.5172076225280762
0.33025026321411133
0.4089198112487793
0.5217853784561157
0.7030842900276184
0.29633399844169617
0.6757729649543762
0.42428430914878845
0.35626220703125
0.6280376315116882
0.5979195237159729
1.3391910791397095
0.33568859100341797
0.9064114689826965
0.49723806977272034
0.7824995517730713
0.5060292482376099
0.3962646722793579
0.3275062143802643
1.0351088047027588
0.7228462100028992
0.5461230874061584
0.30209165811538696
0.46125897765159607
0.20992514491081238
1.095012903213501
0.320544958114624
0.20375463366508484
0.4711208939552307
0.4111712574958801
0.4482303559780121
0.6085363626480103
0.42569008469581604
0.401218980550766
0.8447694778442383
0.41686683893203735
0.6001244783401489
0.40378814935684204
0.26793524622917175
0.6345472931861877
0.9097844958305359
0.500917375087738
0.4309989809989929
0.39649051427841187
0.3997229039669037
0.5646103024482727
0.3840073347091675
0.25616103410720825
0.5004477500915527
0.6991265416145325
0.4448781907558441
0.3599434494972229
0.374027818441391
0.6712409257888794
0.4248535633087158
0.702968955039978
0.26657265424728394
0.47038355469703674
0.5650275945663452
0.6172882318496704
0.5412529110908508
0.567935585975647
0.49997439980506897
0.3343254625797272
0.5287455916404724
0.5922530293464661
0.421403706073761
0.553145706653595
0.5036794543266296
0.6710590720176697
0.5461702346801758
0.2671636939048767
0.26415467262268066
0.9580913782119751
0.7726284861564636
0.24180826544761658
0.6034461259841919
0.7715470790863037
1.150175929069519
0.6756841540336609
0.6532348990440369
0.8367889523506165
0.3927810490131378
0.5274839997291565
0.5403276681900024
0.6463581323623657
0.495557963848114
0.7673181295394897
0.647030234336853
0.7100172638893127
0.3685157001018524
0.5842131972312927
0.2186051905155182
0.5121378898620605
0.6851776838302612
0.40767019987106323
0.5182523131370544
0.7158918380737305
0.6427263617515564
0.4642864763736725
0.2694098949432373
0.6746801137924194
0.2742372453212738
0.2937820851802826
0.47153058648109436
0.41893452405929565
0.4816989302635193
0.5265316963195801
0.8218256831169128
0.5236924886703491
0.5882798433303833
0.7793229222297668
0.2698696553707123
0.39174479246139526
0.4413335919380188
0.5630602836608887
0.7723578810691833
0.4380950927734375
0.484957218170166
0.6902143955230713
0.5269252061843872
0.3806675970554352
0.8445905447006226
0.9908238649368286
0.9623091816902161
0.6311898827552795
1.110226035118103
0.9989324808120728
0.5959005355834961
0.525355339050293
0.5258743762969971
0.30180948972702026
0.510258138179779
0.6626026034355164
0.6627264022827148
0.8202338218688965
0.23669442534446716
0.27908143401145935
0.19233457744121552
0.5186908841133118
0.7937417030334473
0.3063586354255676
0.16827553510665894
0.4221111834049225
0.8204905390739441
0.5585840344429016
0.23606784641742706
0.4305085241794586
0.5900849103927612
0.4312862455844879
0.7521394491195679
0.806099534034729
0.9489003419876099
0.40699106454849243
0.399339884519577
0.4221195578575134
0.33147215843200684
0.64332515001297
0.5513776540756226
0.3216879963874817
0.2786223292350769
0.5793954133987427
0.5312217473983765
0.846960723400116
0.3636898994445801
0.47482872009277344
0.23569075763225555
0.4243999421596527
0.5097126364707947
0.6469083428382874
0.17252513766288757
0.5238007307052612
0.43100517988204956
0.43089237809181213
0.4736367166042328
0.47157979011535645
0.3840128779411316
0.6482190489768982
0.8120479583740234
0.3625045716762543
0.562616765499115
0.36576396226882935
0.7349251508712769
0.3828205466270447
0.530064582824707
0.5389314293861389
0.4946520924568176
0.41706472635269165
0.5558084845542908
0.34300780296325684
0.35217970609664917
0.3829154670238495
0.35290104150772095
0.7000991106033325
0.291695237159729
0.5230585336685181
0.37386828660964966
0.5115708112716675
0.45333823561668396
0.5584477186203003
0.6929501295089722
0.3817259967327118
0.41558942198753357
0.9568268656730652
0.44954198598861694
0.2853899896144867
0.3188333511352539
0.26419657468795776
0.3542822003364563
0.5141716599464417
0.47291669249534607
0.5260050892829895
0.7135303616523743
0.31034934520721436
0.473433256149292
0.4899352490901947
0.4022645056247711
0.37638500332832336
1.0964720249176025
0.7151733040809631
0.7713779807090759
0.5169439315795898
0.5841142535209656
0.38049453496932983
0.3997242748737335
0.5936840772628784
0.432841956615448
0.4150814116001129
0.26505011320114136
0.6147545576095581
0.7131538391113281
0.24869868159294128
0.3887372314929962
0.5795539617538452
0.5864719152450562
0.5986020565032959
0.4830597937107086
0.4703027606010437
0.5304188132286072
0.5931786298751831
0.29271841049194336
0.7801735997200012
0.4168426990509033
1.003878116607666
0.30574649572372437
0.277187705039978
0.2677841782569885
0.4954302906990051
0.37694767117500305
0.903684139251709
0.5944623947143555
0.6919230222702026
0.5054999589920044
0.4449634552001953
0.7890602946281433
0.38279813528060913
0.7129453420639038
1.355708360671997
0.39077049493789673
0.7964128255844116
0.6596318483352661
0.5261050462722778
0.6316887140274048
0.6188806295394897
0.7431172132492065
0.49153223633766174
0.7499202489852905
0.33806395530700684
0.5142168998718262
0.44798070192337036
0.7713041305541992
0.2635219693183899
0.430947870016098
0.402451753616333
0.2786675989627838
0.4516605734825134
0.7854584455490112
0.5295913815498352
0.4886627793312073
1.0174766778945923
0.24592812359333038
0.5338210463523865
0.41219329833984375
0.2791655957698822
0.5426766276359558
0.37824419140815735
0.6996477246284485
0.3740221858024597
0.5424784421920776
0.564181923866272
0.5516637563705444
0.4427446722984314
0.3112761378288269
0.4570198953151703
0.7479245662689209
0.38364118337631226
0.5609463453292847
0.3830448091030121
0.3901384472846985
0.6076869964599609
0.8011690378189087
0.7127593159675598
0.532507061958313
0.3881677985191345
0.5806461572647095
0.6788498759269714
0.35672831535339355
0.35811716318130493
0.7562756538391113
0.8518933057785034
0.5445104837417603
0.8997791409492493
0.23883438110351562
0.575302243232727
0.8628040552139282
0.36981555819511414
0.6595104336738586
0.195759579539299
0.6741575598716736
1.0358614921569824
0.3312916159629822
0.4034116864204407
0.38959333300590515
0.3034989833831787
0.32741880416870117
0.6517737507820129
0.27377039194107056
0.7873322367668152
0.6599175333976746
0.5575689673423767
0.17392179369926453
0.30727797746658325
