0.5943242311477661
0.49887141585350037
0.6220280528068542
0.9784737825393677
0.4693297743797302
0.5317105650901794
0.31384286284446716
0.7194103002548218
0.6205050349235535
0.48665493726730347
0.4287293553352356
0.4375857710838318
0.7378631830215454
0.26487118005752563
0.4002760946750641
0.622603714466095
0.5497884750366211
0.42185696959495544
0.13659720122814178
0.507217288017273
0.6343998908996582
0.36240002512931824
0.369911253452301
0.5414103269577026
0.3890810012817383
0.23324152827262878
0.5816192626953125
0.5309672951698303
0.4230274558067322
0.5874407887458801
0.46737414598464966
0.42443281412124634
0.6645389199256897
0.38413411378860474
1.4943948984146118
0.4452052116394043
0.5852033495903015
0.4592696726322174
1.0278985500335693
0.3574608266353607
0.4350268244743347
0.6066182851791382
0.49163055419921875
0.48989325761795044
0.4984003007411957
0.9177152514457703
0.632449746131897
0.524479866027832
0.5615796446800232
1.1705975532531738
0.2911286950111389
0.7247692346572876
0.6852960586547852
0.3663617968559265
1.5172898769378662
0.5234816670417786
0.48910126090049744
0.6807012557983398
0.3808498978614807
0.25170454382896423
0.3900248408317566
0.5843051671981812
0.27780088782310486
0.46453818678855896
0.582236111164093
0.7164116501808167
0.43648773431777954
0.4926155209541321
1.2884374856948853
0.7198988795280457
0.2644742727279663
0.6105186939239502
0.6899919509887695
0.45138606429100037
0.702015221118927
0.6539926528930664
0.3625050485134125
0.46447277069091797
0.2814199924468994
1.1918823719024658
0.23706814646720886
0.3420245349407196
0.9196017980575562
0.40542760491371155
0.9660646319389343
0.3562481999397278
0.3292536437511444
0.3331209421157837
0.6505441665649414
0.17965036630630493
0.17395290732383728
1.1555795669555664
0.2307964265346527
0.6148210167884827
0.6189978122711182
0.39427557587623596
0.6927618384361267
0.43382328748703003
0.41735467314720154
0.7149242162704468
0.5871967077255249
0.8838785886764526
0.5395275354385376
0.38326460123062134
0.2659508287906647
0.26275092363357544
0.6028372049331665
0.260664701461792
0.6739972233772278
0.4643436074256897
0.31999728083610535
0.997388482093811
0.814304530620575
0.40994539856910706
0.6191893815994263
0.17660316824913025
0.4853607714176178
0.7935742735862732
0.4113932251930237
0.25173309445381165
0.4966573715209961
0.6214737296104431
0.2666928768157959
0.9993289709091187
1.0118818283081055
0.4378078579902649
0.683707594871521
0.34640684723854065
0.46663132309913635
0.5019283890724182
0.31329798698425293
0.9136935472488403
0.814780056476593
0.2823871076107025
0.5864056348800659
0.2826599180698395
0.8148462176322937
0.48620766401290894
0.630572497844696
0.7067586183547974
0.4773402214050293
0.6616764068603516
0.32426562905311584
0.5665863156318665
0.5522419214248657
0.3585157096385956
0.5165039896965027
0.43437355756759644
0.2591480314731598
0.524074137210846
0.6768361330032349
0.43060263991355896
0.36414867639541626
0.47840672731399536
0.6067582964897156
0.6282590627670288
1.0906716585159302
0.45893722772598267
0.5350297689437866
0.42323213815689087
0.6350776553153992
0.4974687695503235
0.8471660614013672
0.6401119232177734
0.7057310342788696
0.4765544831752777
0.20284374058246613
0.3335873484611511
0.6745177507400513
0.433443158864975
0.6802448034286499
0.20722293853759766
0.4696733355522156
0.39983510971069336
0.465482234954834
0.8587735891342163
0.47439178824424744
0.36496517062187195
0.8017410039901733
0.6228035688400269
0.7933642864227295
0.44093090295791626
0.41156768798828125
0.7371560335159302
0.6089755892753601
0.18135495483875275
0.7245599627494812
0.43299540877342224
0.509703516960144
0.8725467920303345
0.8595559000968933
0.3799639642238617
0.47943973541259766
0.2781268060207367
0.61345374584198
0.148302361369133
0.5481896996498108
0.3853873014450073
0.36910292506217957
0.41885870695114136
1.0186322927474976
0.6865347623825073
0.6301457285881042
0.2741592824459076
0.6461670994758606
0.48109301924705505
0.9230353236198425
0.8421494364738464
0.5155779719352722
1.1672451496124268
0.7220410704612732
0.4888749122619629
0.3110995888710022
0.4822115898132324
0.995324432849884
0.24261203408241272
0.17864806950092316
0.44652891159057617
0.4015987813472748
0.42126116156578064
0.9088870882987976
0.32710593938827515
0.9855918884277344
0.7303093671798706
0.3135022222995758
0.5761781930923462
0.5355594754219055
0.5564231872558594
0.405853271484375
0.19193339347839355
0.4175105094909668
0.43263205885887146
0.6706154942512512
0.5483919382095337
0.41141843795776367
0.30505606532096863
0.8978967666625977
0.3602904677391052
0.5268101096153259
0.39633235335350037
0.4189930558204651
0.9866088628768921
0.6539924144744873
0.2786490321159363
0.5746649503707886
0.1847131848335266
0.21857890486717224
0.5219113230705261
0.5075002908706665
0.5543258786201477
0.5575855374336243
0.5666052103042603
0.4393429756164551
1.1610010862350464
0.32880833745002747
0.42071112990379333
0.4156378209590912
0.6038561463356018
0.3632853627204895
0.5447621941566467
0.8254979848861694
0.44485387206077576
0.4205702841281891
0.5461419820785522
0.47695213556289673
0.47273698449134827
0.27585601806640625
0.2147279530763626
0.7650820016860962
0.5567709803581238
0.8281376957893372
0.7075760960578918
0.319505512714386
0.8396384119987488
0.5702697038650513
0.7066513299942017
0.7714470624923706
0.8628469705581665
0.34538811445236206
0.396629273891449
0.510715126991272
1.1152732372283936
0.3929518163204193
0.2516067624092102
1.1557447910308838
0.5417869091033936
0.2753894031047821
0.48297470808029175
0.476083904504776
0.7208050489425659
0.35224515199661255
0.5266498327255249
0.3777504563331604
0.5047601461410522
0.3340907394886017
0.30458778142929077
0.6084014177322388
0.8826292157173157
0.43202638626098633
0.7369287014007568
0.6621333956718445
0.8008138537406921
0.4610331952571869
0.6363033056259155
0.7580388784408569
0.5798314809799194
0.7147445678710938
0.6407378315925598
0.7953764796257019
0.48361366987228394
0.9056026339530945
0.6008238792419434
0.6969055533409119
0.5480288863182068
0.27752885222435
0.7934895753860474
0.4135180413722992
0.6654828786849976
0.6618803143501282
0.4245694577693939
0.6364679336547852
0.410097599029541
0.6732484102249146
0.38031458854675293
0.2946667969226837
0.5904071927070618
0.4055269658565521
0.2821959853172302
0.5540291666984558
0.5023409724235535
0.6685216426849365
0.32817211747169495
0.5046087503433228
1.070338487625122
0.35302290320396423
0.4174986779689789
0.4274393916130066
1.6374021768569946
