0.6521725654602051
0.524700403213501
0.502573549747467
0.9957948923110962
0.6797133684158325
0.6168473958969116
0.6336053609848022
0.23505553603172302
0.9773300886154175
0.2525305449962616
0.6704568862915039
0.46312659978866577
0.5216494798660278
0.7982327342033386
0.3564733862876892
0.5618575811386108
0.45176172256469727
0.22153747081756592
0.45229464769363403
0.5095827579498291
0.6355334520339966
0.8511265516281128
0.47960296273231506
0.8872401118278503
0.46087536215782166
0.7526587247848511
0.5833247303962708
0.4134007394313812
0.41873788833618164
0.4477238655090332
0.47335606813430786
0.44004306197166443
0.6544017195701599
0.4531387686729431
0.964320957660675
0.31502193212509155
0.5929975509643555
0.3629797101020813
1.2105146646499634
0.44491371512413025
0.4492564797401428
0.7522590756416321
0.19646722078323364
0.6713877320289612
0.6012988090515137
0.712485134601593
0.27227383852005005
0.5143605470657349
0.46357303857803345
0.48218879103660583
0.2424437552690506
0.5820809602737427
0.26862233877182007
0.6488701701164246
0.7345470190048218
0.35323086380958557
0.3642619252204895
0.7527341842651367
1.1618525981903076
0.9899853467941284
0.8989942669868469
0.29222118854522705
0.6454650163650513
0.4963654577732086
0.27050644159317017
0.4288410246372223
0.5062042474746704
0.799829363822937
0.4030741751194
0.41444888710975647
0.6822323799133301
0.22284722328186035
0.4096105694770813
0.39329224824905396
0.4754590094089508
0.5194607973098755
0.5430459976196289
0.5500847101211548
0.37461042404174805
0.7104784250259399
0.43486493825912476
0.41538095474243164
0.5561994314193726
0.5236985683441162
0.4971849024295807
0.33396023511886597
0.6569393277168274
1.1649186611175537
0.5504729747772217
0.6485498547554016
0.7761917114257812
0.4490119516849518
0.5107825994491577
0.2992478013038635
1.029430627822876
0.46795526146888733
0.6867913603782654
0.7211026549339294
0.7436398863792419
0.4301176965236664
0.24549368023872375
1.000819444656372
0.26535478234291077
0.42818483710289
0.5888997316360474
0.4625400900840759
0.42156901955604553
1.0676511526107788
0.43500885367393494
0.36625751852989197
0.7780972123146057
0.5997217297554016
0.7459811568260193
0.31555500626564026
0.5813301205635071
0.6362245678901672
0.5203875303268433
0.45763882994651794
0.4066923260688782
0.45982903242111206
0.6527844667434692
1.2239879369735718
0.28955379128456116
0.4615376889705658
0.6488654017448425
0.4672260880470276
0.6136807203292847
0.5181378722190857
0.5622953176498413
0.5390727519989014
0.6927667260169983
0.6512302160263062
0.29724499583244324
0.4324610233306885
0.5298712849617004
0.7645307779312134
0.5035772919654846
0.9489345550537109
0.5566866993904114
0.24863772094249725
0.2360002100467682
0.31118640303611755
0.3815039098262787
0.5948363542556763
0.6327611804008484
0.46951165795326233
0.8638472557067871
0.6553112268447876
0.34495583176612854
0.5422241687774658
0.6243315935134888
0.6929661631584167
0.6448770761489868
0.6009193658828735
0.3050842881202698
0.2483745813369751
0.4830551743507385
0.47202110290527344
0.4341418743133545
0.5319762229919434
0.40586549043655396
0.6944829225540161
0.6507075428962708
0.5496295690536499
0.3736806809902191
0.5759724378585815
0.3096943795681
0.2576379179954529
1.0658670663833618
0.26249024271965027
0.2608117163181305
0.3298943340778351
0.6416319608688354
0.9821394085884094
0.40526658296585083
0.9877141714096069
0.39589303731918335
0.5007905960083008
0.8610228300094604
0.4186430871486664
0.3905941843986511
0.5909029245376587
0.7579559087753296
0.3589399755001068
0.6612845659255981
0.419156938791275
0.8266013860702515
0.3978082537651062
0.5039716958999634
0.6070963144302368
0.5449580550193787
0.3111719489097595
0.9221927523612976
0.35772186517715454
0.7949874997138977
0.6467316746711731
0.4024580121040344
0.4094840884208679
0.2672432065010071
0.4219697117805481
0.6388096809387207
0.9419256448745728
0.5689487457275391
0.392464816570282
0.7329480648040771
0.5300906896591187
0.5180605053901672
0.7007225751876831
0.5741420984268188
0.7271631360054016
0.4029393792152405
0.42003411054611206
0.3036629557609558
0.7241148352622986
0.570064902305603
0.48364734649658203
0.49254360795021057
0.6421083211898804
0.4482358396053314
0.37115398049354553
0.24719581007957458
0.31748056411743164
1.0164762735366821
0.4924391210079193
0.5039624571800232
0.21987052261829376
0.9079139828681946
0.6141597032546997
0.4648614823818207
0.5676991939544678
0.2754477560520172
0.837865948677063
0.5873130559921265
0.5495359897613525
0.29765844345092773
0.31860968470573425
0.4990501403808594
0.5411813855171204
0.7985459566116333
0.6851626038551331
0.3640843629837036
0.6013239622116089
0.3592488169670105
0.4083825945854187
0.7034902572631836
0.571220338344574
0.3914828598499298
0.3388754725456238
0.8643024563789368
0.5350056886672974
0.7348182797431946
0.623752236366272
0.4228903651237488
0.4220869541168213
0.4244537949562073
0.3579411208629608
0.22499842941761017
0.5326703190803528
0.5274966359138489
0.5327140688896179
0.7289769053459167
0.45921555161476135
0.9404928088188171
0.7372268438339233
0.39009881019592285
0.30586010217666626
0.49900636076927185
1.152066946029663
0.2457066774368286
0.5401403307914734
0.5585169196128845
0.8127416372299194
0.6530187129974365
0.2794903814792633
0.3955713212490082
0.8828408122062683
0.33954983949661255
0.63805091381073
0.9741812944412231
0.8065277934074402
0.32646358013153076
0.40048712491989136
1.4235395193099976
0.2999015152454376
0.8854478597640991
0.29130497574806213
0.9899873733520508
0.6051028370857239
0.7216583490371704
0.663939893245697
1.011799693107605
0.15693968534469604
0.45386677980422974
0.47834348678588867
0.8626936674118042
0.25891947746276855
0.30496034026145935
0.6336871385574341
0.2538895010948181
1.2367322444915771
0.5452510118484497
0.41269350051879883
0.3316456377506256
0.5031107068061829
0.704450786113739
0.4314191937446594
0.2891846299171448
0.3297732174396515
0.24228134751319885
0.30159011483192444
0.2645455002784729
0.23732896149158478
0.5492697358131409
1.1614742279052734
0.28143545985221863
0.4958373010158539
0.6241907477378845
0.48898324370384216
0.5863088369369507
0.2797847092151642
0.5422056913375854
0.554563045501709
0.5584120750427246
0.41268062591552734
0.4680514931678772
0.34660041332244873
0.5083376169204712
0.6651941537857056
0.6610726118087769
0.4511069357395172
0.38406795263290405
0.21118704974651337
0.6372160315513611
0.2919117510318756
0.34153836965560913
0.3621237874031067
0.24219807982444763
1.1846013069152832
