0.4497336447238922
0.5508440136909485
0.5558729767799377
0.5700241327285767
0.3477931022644043
0.543864369392395
0.46925926208496094
0.19097471237182617
0.5583098530769348
0.32836493849754333
0.4091600477695465
0.6407126188278198
0.44819051027297974
0.38929665088653564
0.7093868255615234
0.5551257133483887
0.8875669240951538
0.6461940407752991
0.5103690028190613
0.6841586828231812
0.8785040974617004
0.508513331413269
0.4849607050418854
0.5252362489700317
0.25319451093673706
0.6520335674285889
0.48171645402908325
0.6407086849212646
0.33232206106185913
0.3939952254295349
0.6799352765083313
0.1759966015815735
0.4263547956943512
0.84778892993927
0.3923356533050537
0.7995133996009827
0.8843172788619995
0.47149306535720825
0.4448566436767578
0.5169537663459778
0.39629489183425903
0.48405003547668457
0.42292508482933044
0.25982943177223206
0.3089849352836609
0.6225709319114685
0.5042128562927246
0.40249204635620117
0.5089017152786255
1.0068860054016113
0.6260534524917603
0.629761815071106
0.41446343064308167
0.530127227306366
0.8443810343742371
0.5325154066085815
0.39033424854278564
0.524098813533783
0.22495467960834503
0.45580196380615234
0.5812715291976929
0.2191254198551178
0.6454600691795349
0.6127394437789917
0.4669220447540283
0.5154650807380676
0.5855150818824768
0.5936468839645386
0.2780676782131195
0.7456122636795044
0.8536272048950195
0.6804202198982239
0.3265610933303833
0.8608814477920532
0.2751696705818176
0.30686715245246887
0.34832802414894104
1.1641366481781006
0.4521254599094391
0.4039323925971985
0.5092417001724243
0.5005475282669067
0.7716646194458008
0.7535601854324341
0.5239549875259399
0.5949501395225525
0.3588586151599884
0.42865267395973206
0.7161566019058228
0.53217613697052
0.26524442434310913
0.34327125549316406
0.4022243916988373
1.2096904516220093
0.7219253778457642
0.3101921081542969
0.34968939423561096
0.4937296509742737
0.45458754897117615
0.5158401727676392
0.37788480520248413
0.4441148638725281
0.4024043083190918
0.5520822405815125
1.3132836818695068
0.6485365629196167
0.312628835439682
1.4113272428512573
0.319978803396225
0.3806299567222595
0.32269570231437683
0.3784967064857483
0.830374538898468
0.3315667510032654
1.0285804271697998
0.5774227380752563
0.34252050518989563
0.6137748956680298
0.19928911328315735
0.6653083562850952
0.34297358989715576
0.6502377390861511
0.4863099157810211
0.40202006697654724
0.421766996383667
1.2021610736846924
0.41893044114112854
0.9187995195388794
0.5856209993362427
0.49073725938796997
0.8709562420845032
0.8670251965522766
0.24778158962726593
0.7059876322746277
0.6884954571723938
0.33432736992836
0.6110439300537109
0.9030019640922546
0.4029470384120941
0.6877802014350891
0.4245690703392029
0.4476548135280609
0.25689858198165894
0.31719133257865906
0.5889021158218384
0.3096406161785126
0.44741955399513245
0.25300922989845276
0.6308906674385071
0.6828988790512085
0.4492640495300293
0.5031662583351135
0.623564600944519
0.5015459060668945
0.5117012858390808
0.7453213930130005
0.4681653082370758
0.6949413418769836
0.3851335048675537
0.9318119883537292
0.4519713819026947
0.4933190941810608
0.6068831086158752
0.3952537178993225
0.37023091316223145
1.0143215656280518
0.2426947057247162
0.607824444770813
0.39449208974838257
0.6862916350364685
1.0742546319961548
0.21956059336662292
1.3219045400619507
0.30878201127052307
0.6675867438316345
0.5408143997192383
0.5178009271621704
0.4663642346858978
0.33959341049194336
0.28218960762023926
0.4506215453147888
0.6075665354728699
0.46314531564712524
0.4810602068901062
0.4806731343269348
0.29817840456962585
0.4186580777168274
0.3639031648635864
0.7816193699836731
0.5045801401138306
0.7295764684677124
0.3024393618106842
0.4399928152561188
0.7171368598937988
0.47064274549484253
0.639777421951294
0.36430585384368896
0.6865116357803345
0.6085944175720215
0.5526779294013977
0.2970634996891022
0.286172091960907
0.528552234172821
0.8424022793769836
0.4346635937690735
0.4677528738975525
0.44500789046287537
0.9504928588867188
0.5737108588218689
0.44608765840530396
0.6038801670074463
0.25990748405456543
0.2779645323753357
0.3397885262966156
0.5771188735961914
0.5578051805496216
0.5220694541931152
0.3853222727775574
1.4842370748519897
0.48409542441368103
0.23051290214061737
0.4001118540763855
0.6515637636184692
0.24665777385234833
0.7343400716781616
0.5507615208625793
0.5884345769882202
0.5731124877929688
0.601310133934021
0.47111091017723083
0.8043763041496277
0.313345730304718
0.4475741386413574
0.24347667396068573
0.9535540342330933
0.38210877776145935
0.33333322405815125
0.5833150744438171
0.3951616883277893
0.3274785578250885
0.20295628905296326
0.24238014221191406
0.4505727291107178
0.3678826689720154
0.6050904393196106
0.5906869173049927
0.35197392106056213
0.29899972677230835
1.1234238147735596
0.8088833093643188
0.8186814188957214
0.49141278862953186
0.5647918581962585
0.383978933095932
0.7466539740562439
0.4856177866458893
0.32345813512802124
1.0309722423553467
0.8658888936042786
0.9507085680961609
0.754070520401001
0.3951586186885834
0.3865712285041809
0.13180169463157654
0.511949896812439
0.602125346660614
0.38344472646713257
0.7667304277420044
0.416750431060791
0.604513943195343
0.7880023717880249
0.5741257667541504
0.32642239332199097
0.48608237504959106
0.37119659781455994
0.6389302611351013
0.7770382761955261
0.5248969197273254
0.396625816822052
0.8237271308898926
0.4042610228061676
1.2746407985687256
0.3624345362186432
1.1210441589355469
0.31662648916244507
1.0817601680755615
0.668189287185669
0.417482852935791
0.444322407245636
0.274951696395874
0.5216480493545532
0.9830434918403625
0.3810783922672272
0.2690277397632599
0.7748599052429199
0.6049656867980957
0.38820844888687134
0.7004064321517944
0.7078960537910461
0.5917434692382812
0.28286027908325195
0.3042629659175873
0.5324034690856934
0.5951306223869324
0.8825604319572449
0.6540042161941528
0.909702479839325
0.4153526723384857
0.7083061337471008
0.4023776054382324
1.1054518222808838
0.3909926414489746
0.4399346709251404
0.26003459095954895
1.0486966371536255
0.605758547782898
0.4194642901420593
0.8489540219306946
0.6518689393997192
0.6179748773574829
0.5246920585632324
0.25736069679260254
0.38391557335853577
0.5736262202262878
0.4308646321296692
0.27490994334220886
0.5710248351097107
0.8330364227294922
1.2162665128707886
0.6117543578147888
0.43193182349205017
0.5423066020011902
0.36696961522102356
0.4303809106349945
0.6449650526046753
0.6516866683959961
0.41533955931663513
0.5947990417480469
