0.49535661935806274
0.5193079113960266
0.8482538461685181
0.6068192720413208
0.5038997530937195
0.3529280126094818
0.5884034037590027
0.4904342591762543
0.8503860235214233
0.8661571741104126
0.8735662698745728
0.9414377212524414
0.4355408549308777
0.47692933678627014
0.3010512888431549
0.977603554725647
0.33375784754753113
0.7540087103843689
0.3362727761268616
0.8089456558227539
0.7736209630966187
0.6522006988525391
0.5036187171936035
0.6825099587440491
0.6185201406478882
0.4039227366447449
0.4722362458705902
0.6525326371192932
0.6936484575271606
0.20171837508678436
0.505342960357666
0.26932743191719055
0.5597463846206665
0.27425268292427063
0.7070976495742798
0.7640177011489868
0.606268584728241
0.4409123361110687
0.45006075501441956
0.3525178134441376
0.38425320386886597
0.7991341352462769
0.4046926498413086
0.2373574674129486
0.2866571843624115
0.45793619751930237
0.2901257872581482
0.4555739760398865
0.7120886445045471
0.5343572497367859
0.33559995889663696
0.47627902030944824
0.3337477445602417
0.6059125661849976
1.1601924896240234
0.4853259027004242
0.5061894655227661
0.48449602723121643
0.8477239608764648
0.3985411822795868
0.5125309824943542
0.6453772783279419
0.3476641774177551
0.8537794351577759
0.3643343448638916
0.31552654504776
0.2945515513420105
0.12544690072536469
0.5540882349014282
0.9515353441238403
0.6022741794586182
0.5001245737075806
1.0559345483779907
0.47038906812667847
0.34455299377441406
0.620617151260376
0.3237224817276001
0.4089285731315613
0.4010797441005707
0.5145857930183411
0.2805536985397339
0.6325555443763733
0.7467353940010071
0.6099389791488647
0.587443470954895
0.6523379683494568
1.1283782720565796
0.33639049530029297
0.39646103978157043
0.34330862760543823
0.5361937284469604
0.558242917060852
0.7566003203392029
0.3024875521659851
0.491401344537735
0.595563530921936
0.5597525835037231
0.8532193303108215
0.26129621267318726
0.42793765664100647
0.4491115212440491
0.43621620535850525
0.4128139019012451
0.44851016998291016
0.46978768706321716
0.3800751864910126
0.5671107172966003
0.38617855310440063
0.9529099464416504
0.6359592080116272
0.46595603227615356
0.2965199053287506
0.385567307472229
0.531244158744812
0.16172625124454498
0.21387243270874023
0.7175458669662476
0.5166696906089783
0.6410760283470154
0.528308093547821
0.5899505615234375
0.47733697295188904
0.592767059803009
0.4074515700340271
0.34453463554382324
0.39550817012786865
1.1271004676818848
0.3046727180480957
0.661864161491394
0.46636295318603516
1.0221856832504272
0.8758953213691711
0.3366924524307251
0.9759486317634583
0.813927948474884
0.47822752594947815
0.40058469772338867
0.45661601424217224
0.34649989008903503
0.36436066031455994
0.5085821151733398
0.39161747694015503
0.6416903734207153
0.5982518196105957
0.8516486883163452
0.5965834856033325
0.7269405126571655
0.4243209958076477
0.288638174533844
0.6618821620941162
0.7229053974151611
0.2630023956298828
0.43670496344566345
0.3851377069950104
0.38264620304107666
0.4108548164367676
0.9241903424263
0.2228749692440033
0.753644585609436
0.4164719581604004
0.6193159818649292
0.2661673426628113
0.45652467012405396
0.5547330975532532
0.5639277100563049
0.40034621953964233
0.7036908268928528
0.8014593124389648
0.9877595901489258
0.6846441030502319
0.3545148968696594
0.463954359292984
0.6620451807975769
0.6267226934432983
0.32832983136177063
0.3660975694656372
0.5866200923919678
0.4774893820285797
0.5492211580276489
0.5435670614242554
0.8712432980537415
0.3336867690086365
0.503315269947052
0.5266650319099426
0.7017552852630615
0.7330474853515625
0.5301095247268677
0.47231608629226685
0.908774733543396
0.5085986852645874
0.5575669407844543
0.5193756222724915
0.3496359884738922
0.21504850685596466
0.641502857208252
0.6515954732894897
0.564714789390564
0.661572277545929
0.8040989637374878
0.5197851061820984
0.5286673903465271
0.3559037446975708
0.5218369364738464
0.4095371663570404
0.6091712117195129
0.49197617173194885
0.5741918683052063
0.6490918397903442
0.3753187358379364
0.4853963255882263
0.6659043431282043
0.44231849908828735
0.5518710613250732
0.6615353226661682
0.422875314950943
0.23368117213249207
0.5370688438415527
0.7787678241729736
0.6969553828239441
0.588819682598114
0.27029988169670105
0.511604905128479
0.28198105096817017
0.4408126771450043
0.8026801943778992
0.45342230796813965
0.21369843184947968
0.34922710061073303
0.4841858446598053
0.45778560638427734
0.30341285467147827
0.5530290603637695
0.4318832457065582
0.30293405055999756
0.5422043800354004
0.6423918008804321
1.0681018829345703
0.33402901887893677
0.6021167635917664
0.4811331629753113
0.5253564119338989
0.3860035240650177
0.31189385056495667
0.902790367603302
0.4107515811920166
0.4602094292640686
0.4856092035770416
0.600939154624939
0.3464619815349579
0.5655056238174438
0.4962450861930847
0.7750352621078491
0.2121223509311676
0.37756872177124023
0.7545794248580933
0.2428167164325714
0.2945961058139801
0.8055802583694458
0.7277476191520691
0.5330796241760254
0.3987134099006653
0.30054742097854614
0.3882811665534973
0.4251929223537445
0.6389055252075195
0.5351134538650513
0.6965469121932983
0.3710799217224121
0.5557928085327148
0.4372769892215729
0.4587934613227844
0.5988112688064575
0.33693113923072815
0.4726378321647644
0.694829523563385
0.6657440066337585
0.17250686883926392
0.4340408444404602
0.4767789840698242
0.7334461212158203
0.45499926805496216
0.7354755401611328
1.451847791671753
0.7286422848701477
0.512943685054779
0.6347656846046448
0.9319002032279968
0.20752394199371338
0.7555633783340454
0.35661986470222473
0.44128578901290894
0.47600382566452026
0.4526827931404114
0.38458409905433655
0.5426077842712402
0.7516654133796692
0.6434876918792725
1.0273892879486084
0.305826336145401
0.5029535293579102
0.5477937459945679
0.5393896102905273
0.5573040246963501
0.5305721759796143
0.7258868217468262
0.335287868976593
0.6948555111885071
0.45171308517456055
0.19434161484241486
0.6620262861251831
0.5263460874557495
0.26016706228256226
0.4052635729312897
0.557732105255127
0.4521944522857666
0.39710378646850586
0.7522072196006775
0.44184327125549316
0.49160757660865784
0.7293971180915833
0.7526594996452332
0.7955418229103088
0.1713067591190338
0.3992938697338104
0.7649089694023132
0.48633989691734314
0.2251892387866974
0.29963064193725586
0.5903571844100952
0.4399370551109314
0.661476194858551
0.9004659652709961
0.6166233420372009
0.4627690315246582
0.3563593924045563
0.39883923530578613
0.7016030550003052
0.82597416639328
