0.5220193862915039
0.6837208867073059
0.4976378083229065
0.46260958909988403
1.2631744146347046
0.4069424569606781
0.26830044388771057
0.31043392419815063
0.6560595631599426
0.7317103147506714
0.1641470342874527
0.4311397671699524
0.3247227966785431
0.5157766342163086
1.4022804498672485
0.5643230676651001
0.4568922519683838
0.5725123286247253
0.4733736515045166
0.9680134654045105
0.3413260877132416
0.5294437408447266
0.48135438561439514
1.5190865993499756
0.36890366673469543
0.6698272228240967
0.3167847692966461
0.34744352102279663
0.5943498611450195
0.30658167600631714
0.6349367499351501
0.8323118090629578
0.6354926824569702
0.693505585193634
0.14254431426525116
0.8451248407363892
0.2898520231246948
0.5148133039474487
0.3047544062137604
0.5939995050430298
0.6693141460418701
0.5970043540000916
0.44477662444114685
0.388649046421051
0.5698893070220947
1.2449564933776855
0.3508598208427429
0.6827503442764282
0.8702848553657532
0.28735440969467163
0.6842831969261169
0.24606657028198242
0.9053741693496704
0.6499367952346802
0.33356037735939026
0.37345606088638306
0.635809600353241
0.3822585642337799
0.44758933782577515
0.7284173369407654
0.4073309898376465
0.3762423098087311
0.47886228561401367
0.27978333830833435
0.8196399807929993
0.41906970739364624
0.47684723138809204
0.5400737524032593
0.5240565538406372
0.5250118970870972
0.28051429986953735
0.7750054001808167
0.5630248188972473
1.0921528339385986
0.382907897233963
0.5246906280517578
0.8153446316719055
0.4401721954345703
0.3220943808555603
0.5996068120002747
0.8427585363388062
0.45412492752075195
0.41071590781211853
0.3015185296535492
0.4070266783237457
0.35686713457107544
0.6962998509407043
0.3733683228492737
0.45715951919555664
0.6853933334350586
0.1913154572248459
0.5095428228378296
0.5199339389801025
0.3566517233848572
0.20457589626312256
0.6081478595733643
0.2143036127090454
0.3094259202480316
0.47079116106033325
0.500748336315155
0.8937381505966187
0.5418709516525269
0.8252632021903992
0.32890450954437256
0.7394235730171204
0.3986518979072571
1.3135979175567627
0.24337708950042725
0.6999378204345703
0.4071432054042816
0.5234071016311646
0.663877010345459
0.23857669532299042
0.661023736000061
0.44598302245140076
0.3608580231666565
0.5580617189407349
0.6081205606460571
0.45687800645828247
0.40323537588119507
0.3840400278568268
0.3305041491985321
0.6073850989341736
0.3596038222312927
0.38342350721359253
0.7345348596572876
0.5631171464920044
0.364777535200119
1.3587069511413574
0.5182707905769348
0.5419484972953796
0.305000901222229
0.49073854088783264
0.7476381063461304
0.49274808168411255
0.5667004585266113
0.4841923117637634
0.5235437750816345
0.693524956703186
0.38282275199890137
0.8714067339897156
0.3958444893360138
0.25286999344825745
0.6397842168807983
0.4604213833808899
0.5566563606262207
0.7133368253707886
0.37050846219062805
0.6336130499839783
0.627856969833374
0.6841082572937012
0.342305451631546
0.3770400285720825
0.31488385796546936
0.4068136215209961
0.7921738624572754
0.6895341277122498
0.2882922291755676
0.5051466822624207
0.32098299264907837
0.6229878067970276
0.19461382925510406
0.4970725476741791
0.999910831451416
0.6055086851119995
0.5230951309204102
0.9233548045158386
0.538493275642395
1.3508741855621338
0.4659462869167328
1.0044749975204468
0.22378656268119812
0.3443782329559326
0.4399406313896179
0.6240885853767395
0.6568031311035156
0.35462814569473267
0.4664309620857239
0.6458302736282349
0.9732046127319336
0.7838817834854126
0.5086317658424377
0.8753198385238647
0.0993579626083374
0.34764736890792847
0.442441463470459
0.2240753173828125
0.897887110710144
0.5969735980033875
0.4989186227321625
0.7402380108833313
0.3206994831562042
0.46342819929122925
0.6276888251304626
0.25990423560142517
0.2634001076221466
0.570621907711029
0.8255709409713745
0.5041627883911133
0.37280768156051636
0.5121760368347168
0.28471797704696655
0.8801432847976685
0.7708114385604858
0.42547503113746643
0.1788325309753418
0.4880828857421875
0.8751937747001648
0.5033755302429199
0.33650803565979004
1.4012401103973389
0.31617310643196106
0.6195603609085083
0.6400760412216187
0.2825620472431183
0.9232202768325806
1.0090782642364502
0.7848480939865112
0.45086470246315
0.35741251707077026
1.207364797592163
0.7569905519485474
1.2784384489059448
0.34438303112983704
0.7564527988433838
1.1160324811935425
0.5408070087432861
1.2610762119293213
0.19397488236427307
0.4996975064277649
0.282886266708374
0.4546864628791809
0.3462185263633728
0.4679693579673767
0.31621354818344116
0.5348733067512512
0.516677975654602
0.476097971200943
0.5567600727081299
0.446328729391098
0.3532584309577942
0.9506242871284485
0.5814529657363892
0.7897958159446716
0.5314911007881165
0.7645047903060913
0.5119264125823975
0.5167258381843567
0.18779915571212769
0.5389930605888367
0.5286717414855957
0.2606845796108246
0.4620240330696106
0.19837908446788788
0.2735637128353119
1.2082252502441406
0.6520524024963379
0.45573854446411133
0.5126860737800598
0.6712965369224548
0.3791140913963318
1.0092376470565796
0.5984268188476562
0.5628410577774048
0.6309414505958557
0.4088408350944519
0.515331506729126
0.5029556155204773
0.42788776755332947
0.6942216157913208
0.6862466335296631
0.39694881439208984
0.6073290109634399
0.5844097137451172
0.4430887699127197
0.27641475200653076
0.8992745280265808
0.6163409352302551
0.49478664994239807
0.2730182111263275
1.3324624300003052
1.4906175136566162
0.5429874658584595
0.6568225622177124
0.6019255518913269
0.7263760566711426
0.47059759497642517
0.7920963168144226
0.2508417069911957
0.6930965185165405
1.2200618982315063
0.346198707818985
0.34221282601356506
0.1935972422361374
0.23765940964221954
0.48664790391921997
0.5896462202072144
0.7195938229560852
0.6535643935203552
1.0715605020523071
0.6890588402748108
0.30280113220214844
0.239474818110466
0.7833673357963562
0.3568030297756195
0.5809394717216492
1.083776593208313
0.32060617208480835
0.5506504774093628
0.38024336099624634
0.6405094861984253
0.754094123840332
0.48020243644714355
0.2845988869667053
0.405953586101532
0.5438193082809448
0.4358004629611969
0.33646005392074585
0.5742645263671875
0.2396949976682663
0.20922251045703888
0.1796722561120987
0.5338848829269409
0.5018348693847656
0.3482828438282013
0.6809413433074951
0.5341839790344238
0.35577741265296936
0.5415261387825012
0.7100639343261719
0.5050774812698364
0.5678396224975586
0.6091606020927429
0.27641552686691284
0.3840648829936981
0.7570711970329285
0.2501785457134247
0.29983267188072205
