0.867733359336853
0.15118007361888885
0.8104763031005859
0.4478062689304352
0.5462648272514343
0.3967524468898773
0.4551101624965668
0.5190654993057251
0.2982954978942871
0.7494542598724365
0.48384085297584534
0.3442457616329193
0.9626438021659851
0.8696058392524719
0.7044079899787903
0.24211807548999786
0.5224607586860657
0.5185545682907104
0.48158979415893555
0.35299426317214966
0.809971809387207
0.6179836392402649
0.47656065225601196
0.551376461982727
0.42984580993652344
0.6278182864189148
0.4753434658050537
0.35296034812927246
0.5604751110076904
0.5035169720649719
0.2751213312149048
0.862021803855896
0.5320838689804077
0.4466882348060608
0.3162829577922821
0.7588161826133728
0.5197902917861938
0.344833105802536
0.5954620242118835
0.5426018238067627
0.5040102601051331
0.2605777382850647
0.3328498601913452
0.3488789200782776
0.8997728228569031
0.7928884029388428
0.3659283518791199
0.5612360835075378
0.8219310641288757
0.5133644938468933
0.4489525258541107
0.6899722814559937
0.5810112357139587
0.31565532088279724
0.5627086758613586
0.5053765177726746
0.2935805916786194
0.1382964849472046
1.1526291370391846
0.8568094372749329
1.6073859930038452
0.34180551767349243
0.32204943895339966
0.35427752137184143
0.4993535578250885
0.3872092366218567
0.4516349732875824
0.7025470733642578
0.34360674023628235
0.8697007298469543
0.24168987572193146
0.5799659490585327
0.18924452364444733
0.5192078351974487
1.484645128250122
0.4846563935279846
0.7789610624313354
0.7397889494895935
0.8032400012016296
0.6440013647079468
0.45794135332107544
0.6507436037063599
0.8420417904853821
0.4386715888977051
0.5202787518501282
0.35512256622314453
0.19005581736564636
0.8262203931808472
0.5113199353218079
0.815794825553894
0.49003392457962036
0.23806047439575195
0.6321312785148621
0.4874474108219147
0.6020385026931763
0.4225904941558838
0.9911882281303406
0.9664996862411499
0.5752794742584229
0.3890315294265747
0.513151228427887
0.9684654474258423
0.6675176620483398
0.45329728722572327
0.4084298610687256
1.0127471685409546
0.19293434917926788
0.73475581407547
0.847901463508606
0.4654079079627991
0.8396857976913452
0.40445151925086975
0.21729406714439392
0.36374735832214355
0.4515419900417328
0.6263904571533203
0.317107617855072
0.26873978972435
0.9044119715690613
0.7299823760986328
0.7757095098495483
0.795399010181427
0.4756012558937073
0.7556670904159546
0.28238898515701294
0.5487633943557739
0.6406144499778748
0.8162531852722168
0.4340134561061859
0.5321031808853149
0.8451865315437317
0.656495213508606
0.742784857749939
0.44740772247314453
0.7709692716598511
0.34647369384765625
0.81050044298172
0.5397599339485168
0.8007897138595581
0.5566123723983765
0.31028449535369873
1.083303689956665
0.4501926898956299
0.4539569020271301
0.6452330350875854
0.8825582265853882
0.8671585321426392
0.8619027137756348
0.5452980995178223
1.260683536529541
0.5158025622367859
0.4406799376010895
0.6281295418739319
0.8319196701049805
0.2501750886440277
0.32040658593177795
0.2809230387210846
0.5086055994033813
0.5524223446846008
0.43020549416542053
0.5212193131446838
0.3380594253540039
0.10389634221792221
0.3414158523082733
0.6920565962791443
0.7856876850128174
0.7036678791046143
0.3304438591003418
0.49611568450927734
0.7943061590194702
0.7662758827209473
0.6303876042366028
0.2876262068748474
0.4475112855434418
0.5857337117195129
0.38847026228904724
0.264262855052948
0.4062162935733795
0.5468805432319641
0.3490578234195709
0.3603063225746155
0.8043957948684692
0.6347945332527161
0.48302188515663147
0.1650017946958542
1.1729012727737427
0.7082001566886902
0.5811669230461121
0.4492034912109375
0.32432350516319275
0.4909771978855133
0.14975093305110931
0.4717896580696106
0.9124882817268372
1.2844722270965576
1.5809575319290161
0.4686570167541504
0.4826385974884033
0.5634096264839172
0.40637820959091187
0.2910275459289551
0.39787060022354126
0.5755109190940857
0.5208429098129272
0.4228696823120117
0.5165921449661255
0.8968199491500854
0.5897077322006226
0.46897992491722107
0.7970414757728577
0.5952434539794922
0.3299143314361572
0.28194475173950195
0.4961036741733551
0.37464505434036255
0.4464218020439148
0.6034203767776489
0.4074275493621826
0.39598348736763
1.0606845617294312
0.6912105679512024
0.292330801486969
0.24824294447898865
0.36571723222732544
0.5893096923828125
0.6408020257949829
0.33092617988586426
0.8346397280693054
0.5251917839050293
0.468451589345932
0.33098411560058594
0.9352976083755493
1.4838881492614746
0.2390821874141693
0.5650709867477417
0.3145809769630432
0.523770272731781
0.9600063562393188
0.3364996910095215
0.3845307230949402
0.47863250970840454
0.5396656394004822
0.3149341940879822
0.550579845905304
0.30185383558273315
0.38323599100112915
0.5001583099365234
0.24473834037780762
0.5731226801872253
0.3571953773498535
0.16382452845573425
0.7347210645675659
0.7415060997009277
0.43410807847976685
0.47668761014938354
0.3230658173561096
0.2576013505458832
0.3730928301811218
0.32419222593307495
0.43647804856300354
0.7181752920150757
0.9331933259963989
0.4998515546321869
0.5877050161361694
0.9450615048408508
0.5039778351783752
0.9094030261039734
0.32037997245788574
0.5274983644485474
0.4117446541786194
0.30853235721588135
0.45408058166503906
0.43077224493026733
0.4168967306613922
0.5506405830383301
0.41624242067337036
0.6218810081481934
0.7906381487846375
0.6295583248138428
0.449648916721344
0.39150166511535645
0.5568053126335144
0.9642794728279114
1.0896728038787842
0.7865581512451172
0.7425957322120667
1.0054656267166138
0.8149799108505249
0.43392103910446167
0.35506874322891235
0.6776554584503174
0.43684905767440796
1.1385914087295532
0.7121864557266235
0.8570398092269897
0.5683971643447876
0.3533410131931305
0.15831488370895386
0.4401875436306
0.9103511571884155
0.4134449064731598
0.5495337247848511
0.8609520196914673
0.41091880202293396
0.6107386350631714
0.31201285123825073
0.5848613977432251
0.10409672558307648
0.2883564829826355
0.808300793170929
0.3206486403942108
0.3391656279563904
0.5028473734855652
0.3354767858982086
0.49713975191116333
0.962929368019104
0.8089960217475891
0.7537791728973389
0.5299150347709656
0.34535181522369385
0.625714898109436
0.5925651788711548
1.0551518201828003
0.6253477931022644
0.22471651434898376
0.568522572517395
0.1823183000087738
0.5263738036155701
0.1457315981388092
0.38727957010269165
0.5663202404975891
0.8065916895866394
0.5857321619987488
0.49640512466430664
0.3653082251548767
0.24553067982196808
0.2472877949476242
0.4046410620212555
