0.3913697600364685
0.4621162414550781
0.46471482515335083
0.7958976626396179
0.463510125875473
0.2678769528865814
0.29128989577293396
0.3548890948295593
0.7054208517074585
0.6492462158203125
1.3583741188049316
0.4398171007633209
0.5733016729354858
0.3495553135871887
1.0658174753189087
0.7599667310714722
0.28084635734558105
0.8147220611572266
0.40711623430252075
0.3876420557498932
0.6572211980819702
0.4460206925868988
0.561847984790802
0.49836644530296326
0.3165019452571869
0.2988257110118866
0.40135613083839417
1.0996469259262085
0.4941415786743164
0.8726322054862976
0.4717177450656891
0.42160719633102417
0.8107198476791382
0.7448377013206482
0.8071187734603882
0.31327444314956665
0.6412039995193481
0.27214592695236206
0.530115008354187
0.3733193576335907
0.6938703656196594
0.3512677550315857
0.3982315957546234
0.7966853976249695
0.6827700734138489
0.39808884263038635
0.9731559753417969
0.927574634552002
0.26853877305984497
0.5401358008384705
0.5206156969070435
0.47394466400146484
0.8560199737548828
0.5716457366943359
0.6350181102752686
0.6314490437507629
0.30667176842689514
0.17200727760791779
0.8049607276916504
1.0568033456802368
0.45757025480270386
0.9021374583244324
0.4535672664642334
0.23710143566131592
0.3323684632778168
0.6081290245056152
0.30485621094703674
0.6340609192848206
0.4580460488796234
0.25493305921554565
0.4803861677646637
0.7273095846176147
0.16595837473869324
0.18498826026916504
0.7384907007217407
0.6509485244750977
0.3198392391204834
0.7501579523086548
0.45058608055114746
0.34582358598709106
0.44482022523880005
0.4265666902065277
0.8493143916130066
0.7212920784950256
0.8186720013618469
0.4499242901802063
0.3612390160560608
0.8068752288818359
0.658760666847229
0.522599995136261
0.20894542336463928
0.5819014310836792
0.9718152284622192
0.45219677686691284
0.5369666814804077
0.422553688287735
0.31355950236320496
0.5545626878738403
0.7419852018356323
0.7975677251815796
0.5734999775886536
0.6019245386123657
0.6633387804031372
1.0128862857818604
0.7413023114204407
0.3778828978538513
0.43916234374046326
0.5728500485420227
0.5488518476486206
0.30447062849998474
0.6233881115913391
0.36163967847824097
0.43339475989341736
0.23260530829429626
0.4544045329093933
0.5276185274124146
0.33045265078544617
0.29887285828590393
0.31306177377700806
0.3123357594013214
0.6751179099082947
1.0369431972503662
0.8950842618942261
0.22298812866210938
0.4339714050292969
0.40872421860694885
0.4417356550693512
0.3266022801399231
0.5786768198013306
0.5516456365585327
0.9151310920715332
0.2521407902240753
0.6265081167221069
0.18694058060646057
1.2811051607131958
0.6950098276138306
0.8127020001411438
0.5902490019798279
0.2771223187446594
0.40629634261131287
0.6902893781661987
1.106981635093689
0.5150200128555298
0.4131088852882385
0.5923584699630737
0.4706188142299652
0.45543402433395386
0.712706446647644
0.6581200957298279
1.1301414966583252
0.6415700912475586
0.786231517791748
0.4952426850795746
0.6956294178962708
0.7579396963119507
0.9410523176193237
0.7433856725692749
0.3901723623275757
0.8735713958740234
0.5644237399101257
0.6686551570892334
0.35331931710243225
0.4100724160671234
0.4453426003456116
0.5663357973098755
0.7626020908355713
0.4082674980163574
0.5046292543411255
0.36646994948387146
0.46524590253829956
0.6645221710205078
0.6952973008155823
0.5056616067886353
0.6130491495132446
0.5692500472068787
0.5764338374137878
0.34630119800567627
0.4027533531188965
0.7193824648857117
0.7888943552970886
0.6671295166015625
0.7228087186813354
0.15271100401878357
0.41682690382003784
0.43276000022888184
0.47565919160842896
0.40139204263687134
0.3814378082752228
0.5378568768501282
0.3258237838745117
0.5084867477416992
0.6393202543258667
0.28116047382354736
0.4542202055454254
0.7668381929397583
0.6917513608932495
0.3122028410434723
0.43067437410354614
0.5368496179580688
0.7397211194038391
0.8903521299362183
0.7321664094924927
0.4627777636051178
0.36269789934158325
0.5938587784767151
0.5214563608169556
0.23792359232902527
0.46097975969314575
0.42375198006629944
0.8704879879951477
0.6155043244361877
0.5240713357925415
0.7070724964141846
0.32113218307495117
0.38394731283187866
0.896863579750061
0.39474543929100037
0.42189615964889526
0.3928159475326538
0.37737327814102173
0.7675130367279053
0.3149365782737732
0.31455567479133606
0.4999822974205017
0.6418724060058594
0.44298800826072693
0.6588588953018188
0.360887348651886
0.4966852068901062
0.5586370229721069
0.7885716557502747
0.9432810544967651
0.5914469957351685
0.7028580904006958
0.457388311624527
0.22530388832092285
0.3040781617164612
1.1307202577590942
0.5084348320960999
0.3627552390098572
0.9395349621772766
0.6161110401153564
0.8593473434448242
0.43606895208358765
0.6079075336456299
0.5621358752250671
0.5311893224716187
0.49394160509109497
0.5097934603691101
0.4841531813144684
0.3822908401489258
0.686310350894928
0.47185811400413513
0.47417348623275757
0.5420452952384949
0.4134860038757324
0.3811165392398834
0.30321386456489563
0.5150567293167114
0.356012761592865
0.41122007369995117
0.30883628129959106
0.3885306715965271
0.46951788663864136
0.783239483833313
0.6008957028388977
0.6313934326171875
0.3948678970336914
0.5988702774047852
0.9535245895385742
0.43963727355003357
0.5309994220733643
0.6009486317634583
0.4346708655357361
0.6208113431930542
0.46326345205307007
0.5045291185379028
0.6762155294418335
0.2917936444282532
0.7241727113723755
0.22406062483787537
0.4355178773403168
0.3708898723125458
0.7479986548423767
0.3050979971885681
0.7488734126091003
0.5888409614562988
0.518733561038971
0.49619778990745544
0.5444340109825134
0.5234748125076294
0.6217222809791565
0.4887482523918152
0.400000661611557
0.48635703325271606
0.6765528917312622
0.849992573261261
0.19045472145080566
0.5867722034454346
0.6312154531478882
0.4371402859687805
0.5718260407447815
0.4590216279029846
0.2918664813041687
0.7873802185058594
0.3677002787590027
0.3931514620780945
0.3353918194770813
0.4638676047325134
0.3322794437408447
0.6327297687530518
0.5528649091720581
0.5689689517021179
0.4513467848300934
0.2827114164829254
0.674832820892334
0.32734787464141846
0.365527868270874
0.5086400508880615
0.45098018646240234
0.8456514477729797
0.4778379797935486
0.5731622576713562
0.38417425751686096
0.43351465463638306
0.6212385296821594
0.5786590576171875
0.7121455073356628
0.6075531244277954
0.9640151858329773
0.5652178525924683
0.25533801317214966
0.6110924482345581
0.40190473198890686
0.30915367603302
1.109954595565796
0.6849172711372375
0.5946906208992004
