1.3840768337249756
0.6432051658630371
0.6093897819519043
1.331215739250183
0.793873131275177
0.6333491206169128
0.4908565580844879
0.4847196042537689
0.863978385925293
0.6643986105918884
0.7858014702796936
0.6952939629554749
0.8106104135513306
0.9024602174758911
0.7341315150260925
0.8115983009338379
0.6269667148590088
0.8136913180351257
0.8342857360839844
1.2463650703430176
1.0900474786758423
0.49621859192848206
0.5970262289047241
0.5395532250404358
0.47078555822372437
0.8948739767074585
0.6304841637611389
1.1965252161026
0.6184071898460388
0.6939961910247803
0.9342484474182129
0.8546269536018372
0.8351117968559265
0.6255418658256531
0.5553654432296753
0.7162955403327942
0.7994805574417114
1.0423275232315063
1.0880383253097534
1.0440967082977295
0.47974810004234314
1.040036916732788
0.5987350344657898
0.6788117289543152
0.6122430562973022
0.6531373858451843
0.7074851989746094
0.9730764627456665
0.4991965889930725
0.5713835954666138
0.6251546144485474
0.790010392665863
1.0535649061203003
1.3353759050369263
0.54108065366745
1.0387102365493774
0.6371667981147766
0.46438175439834595
0.7208791971206665
0.8592116236686707
0.7955254912376404
0.5711942911148071
1.426584005355835
0.6577129364013672
0.7883502244949341
0.6148325204849243
0.590632438659668
1.0964537858963013
1.0142260789871216
0.614823043346405
0.6565756797790527
0.7594696879386902
0.4516567289829254
1.006698727607727
0.868325412273407
0.723647952079773
0.8532752990722656
0.7261993288993835
0.74081951379776
0.6763525009155273
1.0005370378494263
0.526311993598938
0.5353308916091919
0.6019747853279114
0.6184552907943726
0.6015812158584595
0.7575250267982483
0.6605277061462402
0.5136451721191406
0.8629114031791687
0.7837473750114441
1.1239771842956543
0.6874735951423645
0.5288540720939636
1.0123984813690186
0.8506827354431152
0.4704057574272156
0.7726887464523315
0.5387541055679321
0.9615517854690552
0.6893367171287537
0.7448803782463074
0.5180240869522095
0.7111061811447144
0.8929139971733093
0.634597897529602
0.61665278673172
0.6104205250740051
0.737395703792572
0.5257611870765686
1.5501887798309326
0.585513174533844
0.9406730532646179
1.265129804611206
0.5985276699066162
0.6281649470329285
1.3900185823440552
0.7911962866783142
0.6974062919616699
1.3000481128692627
0.787658154964447
0.8238045573234558
0.9455094337463379
0.5998616814613342
0.717802882194519
1.0172338485717773
0.9493298530578613
1.6088966131210327
0.5693711042404175
0.6751874685287476
0.5722783207893372
0.806026816368103
0.9163411259651184
0.6620599031448364
0.6197275519371033
0.6852108836174011
0.980686366558075
0.9318802952766418
0.9494156837463379
0.8548499941825867
0.46329498291015625
0.7451880574226379
0.5389869213104248
0.7282386422157288
0.7055767774581909
1.1492611169815063
0.9539967775344849
0.7396001815795898
0.6138166189193726
0.5766216516494751
0.6407022476196289
0.9017723202705383
1.2008558511734009
0.5917028784751892
0.7502018213272095
0.5431097745895386
0.7157303690910339
0.7785235047340393
0.78498774766922
0.8172354698181152
0.9598413705825806
1.0230681896209717
0.6544458866119385
1.2467855215072632
0.39597535133361816
0.8384336233139038
1.0761682987213135
0.6401486992835999
0.8716386556625366
1.114127516746521
0.702829897403717
0.6271306872367859
0.7184256315231323
0.8666682243347168
1.0749962329864502
0.5508139133453369
1.0020856857299805
0.8141402006149292
0.4404146671295166
0.7904852628707886
1.0090667009353638
0.3558571934700012
1.0640356540679932
0.9453622102737427
0.78441321849823
0.8109725117683411
0.6723030805587769
0.8180485963821411
0.7235410809516907
0.7856667637825012
0.888833224773407
0.554532527923584
0.5203986763954163
0.6623788475990295
1.1837928295135498
0.6009353399276733
0.6216307878494263
0.7433377504348755
1.4390722513198853
0.7928199172019958
0.6710072755813599
0.7733591198921204
0.5128425359725952
0.7143334150314331
0.7004045248031616
0.5734771490097046
1.0863163471221924
1.16830313205719
0.9243392944335938
0.6396317481994629
1.3641716241836548
0.468254417181015
0.9161564707756042
0.7862828969955444
0.760404109954834
0.5752130746841431
0.7225682735443115
0.6485388278961182
0.6690423488616943
0.8706743121147156
0.473970890045166
0.7010042071342468
0.6740137338638306
0.7338125705718994
0.841971755027771
0.6250665783882141
1.0667555332183838
0.5977661609649658
1.1771900653839111
0.45939749479293823
1.0117305517196655
0.4918481707572937
0.8394848108291626
0.9776335954666138
0.8322979807853699
0.7054155468940735
0.7855746150016785
1.1048400402069092
0.40228500962257385
0.8427420854568481
0.6821865439414978
0.9884565472602844
1.0270320177078247
0.5722334980964661
1.4231637716293335
0.7352513670921326
0.5342820286750793
0.598056435585022
0.8030230402946472
1.068450689315796
0.700114905834198
0.5733833312988281
0.8217748403549194
0.5922424793243408
1.1453114748001099
0.872704029083252
0.7049600481987
0.9386466145515442
0.9432904124259949
0.6482532024383545
0.6404527425765991
0.5065563321113586
0.4996059536933899
0.8423169851303101
1.0693323612213135
0.5810256600379944
0.9291753768920898
0.7863858342170715
0.5485628843307495
1.2391859292984009
0.7788232564926147
1.023228406906128
0.869731068611145
1.1307072639465332
0.6978161334991455
1.0221658945083618
0.5412163138389587
0.5713030099868774
0.7592159509658813
0.4798160195350647
1.1679387092590332
0.726535439491272
0.562533974647522
1.109129548072815
0.770136833190918
0.8559573292732239
0.8704851269721985
0.8159675598144531
0.7013001441955566
0.7872229814529419
0.9784356951713562
0.9384026527404785
0.5370815992355347
1.065674066543579
0.6946305632591248
0.7842041850090027
1.0675607919692993
0.7029089331626892
0.7314091324806213
1.5834349393844604
0.600325345993042
0.7072510719299316
0.9102800488471985
0.7400861978530884
0.9631127119064331
0.7235766053199768
0.8672965168952942
0.9601725339889526
0.8549399375915527
0.7234396934509277
0.8983728289604187
1.1017849445343018
0.7291561961174011
0.6176363229751587
0.9685322046279907
0.7512416839599609
0.5765421986579895
0.8774322271347046
0.7402706742286682
1.1977171897888184
0.8362933397293091
0.6162218451499939
0.9097488522529602
0.7835755348205566
1.0814440250396729
0.46642017364501953
1.3307719230651855
0.7073477506637573
0.7305931448936462
1.0337883234024048
0.5025309324264526
0.9291671514511108
0.9270556569099426
0.6841548681259155
0.48785170912742615
1.0107269287109375
1.096166729927063
0.6743175387382507
