0.6653757095336914
0.4337981343269348
0.36932796239852905
0.40998372435569763
0.41186270117759705
0.27486276626586914
0.409320205450058
0.4844416677951813
0.6590425372123718
0.405452162027359
0.23958393931388855
0.444405734539032
0.5381460189819336
0.8826397657394409
0.410866916179657
0.28066200017929077
0.16664078831672668
0.9503097534179688
0.6038541793823242
0.5214788913726807
0.8903619050979614
0.44929951429367065
0.42472243309020996
0.862289547920227
0.3306731581687927
0.4509415626525879
0.35004234313964844
0.4770053029060364
0.8252030611038208
0.18596884608268738
0.6261882781982422
0.6665815114974976
0.5780115723609924
0.7462207078933716
0.380489706993103
0.38031628727912903
0.6670070886611938
0.5875154733657837
0.6706129312515259
1.1361063718795776
0.34550127387046814
1.440656304359436
0.8436336517333984
0.8957067728042603
0.6313858032226562
0.6398326754570007
0.2060190737247467
0.45089587569236755
0.27598926424980164
0.3743526339530945
0.5642558932304382
0.5863273739814758
0.3147730529308319
0.27400681376457214
0.7638343572616577
0.3097590506076813
0.602495014667511
0.7448492050170898
0.45304402709007263
0.638945460319519
0.8317936658859253
1.1857651472091675
0.5467391610145569
0.39884501695632935
0.24953977763652802
0.758489727973938
0.6037904024124146
0.28787875175476074
1.1298469305038452
0.34689170122146606
0.47893887758255005
0.42394471168518066
0.33704274892807007
0.41810983419418335
0.3519957959651947
0.4947834014892578
0.5096211433410645
0.4178861677646637
0.6334726214408875
0.46129512786865234
0.40328216552734375
0.7393727898597717
0.7496896982192993
0.6973212957382202
0.4799260199069977
0.5188795924186707
0.7612389326095581
0.8947324752807617
0.5106133222579956
0.43576592206954956
0.45911818742752075
0.4810107350349426
0.8490873575210571
0.6442064046859741
0.7270097732543945
0.4506714940071106
0.4373810291290283
0.47755318880081177
0.44187673926353455
0.27031320333480835
0.4055425226688385
0.25717300176620483
1.265014886856079
0.8300706744194031
0.6041037440299988
0.1957380175590515
0.7900165915489197
0.8065270185470581
0.6689774990081787
0.5227482914924622
0.6914857625961304
0.6277677416801453
0.6027323007583618
0.38301730155944824
0.4052765965461731
0.7247934341430664
0.4498712122440338
0.3037381172180176
0.6498964428901672
0.3667606711387634
0.4929376542568207
0.5764405131340027
0.7862920761108398
0.286304235458374
0.31634727120399475
0.24286174774169922
0.5633988380432129
1.0659451484680176
0.5979456901550293
0.9704846143722534
0.2651236653327942
0.3097170889377594
0.62672358751297
0.6732381582260132
0.35632991790771484
0.8626056909561157
0.8884859085083008
0.2812507748603821
0.3438834547996521
0.3624584674835205
0.9880287051200867
0.36411356925964355
0.8806279897689819
1.1154332160949707
0.4338224530220032
0.7136968374252319
0.38116058707237244
0.3903752565383911
0.20349273085594177
0.7195692658424377
0.57774418592453
0.7237900495529175
0.366722047328949
0.8665889501571655
0.6491913199424744
0.3145834803581238
0.6669755578041077
0.5829495191574097
0.7229248881340027
0.4085925221443176
0.48455706238746643
0.38919898867607117
0.37556761503219604
0.6196349859237671
0.8957061767578125
0.3539832830429077
0.8155485391616821
0.3789404034614563
0.4243904650211334
0.4536131024360657
0.5357659459114075
0.3713265061378479
0.38392749428749084
0.48633646965026855
0.43626755475997925
0.6609881520271301
0.2944563329219818
0.6617841720581055
0.30490922927856445
0.43652528524398804
0.4536864161491394
0.2824971377849579
0.4981493353843689
0.4411543905735016
0.7800204157829285
0.34005171060562134
0.8966020345687866
0.3344436287879944
0.40190941095352173
0.3872600197792053
0.4230521321296692
0.5623526573181152
0.9856436848640442
0.48472410440444946
0.22939607501029968
0.5469401478767395
0.539400041103363
0.8308526873588562
0.41701921820640564
0.8242849111557007
0.3747798800468445
0.8780152201652527
0.5257638096809387
0.63862544298172
0.9522346258163452
0.7328996658325195
0.4664538502693176
0.658928394317627
0.6323376893997192
0.5002504587173462
0.6649122834205627
0.2645338177680969
0.3220820128917694
0.22287285327911377
0.3899659216403961
0.6717327833175659
0.3942238986492157
0.7508575320243835
1.4095447063446045
0.5236275792121887
0.3602178394794464
0.3845744729042053
0.5608980059623718
1.9576647281646729
0.28199872374534607
1.0089808702468872
0.3744344115257263
0.3187684118747711
0.2753390669822693
0.7128337025642395
0.6546950936317444
0.7584369778633118
0.4454725384712219
0.36681848764419556
0.41082820296287537
0.6594088077545166
0.6868239641189575
1.4242188930511475
0.9239197969436646
0.330095499753952
0.2230747491121292
0.33328983187675476
0.4976855218410492
0.8610065579414368
0.5060355067253113
0.7068480849266052
0.5189070701599121
0.3388547897338867
0.44842272996902466
0.32252514362335205
0.27724260091781616
0.7053858637809753
0.4666619896888733
0.7539722323417664
0.5499677658081055
0.5218243598937988
0.30655211210250854
1.1110237836837769
0.3736073076725006
1.1129300594329834
1.048317313194275
0.46657466888427734
1.0351436138153076
0.927223801612854
0.5258970856666565
0.6510590314865112
0.2940138578414917
0.25169920921325684
0.4048839509487152
0.6146398186683655
0.2510998845100403
0.29282841086387634
0.8777763247489929
0.6910818219184875
0.7560016512870789
0.2958246171474457
0.4536629617214203
0.715475857257843
0.2973776161670685
0.282186359167099
0.4795092046260834
1.2616639137268066
0.44659775495529175
0.32539671659469604
0.7985291481018066
0.7255393266677856
0.29106152057647705
0.4176584780216217
0.7843582630157471
0.43383175134658813
0.8903419375419617
0.579299807548523
0.7015342712402344
0.25298047065734863
0.8070436716079712
0.6241782307624817
0.5490647554397583
0.49053955078125
0.3517947793006897
0.3428955674171448
0.5262920260429382
0.7407630681991577
0.4806123375892639
0.8709112405776978
1.1226664781570435
0.5081034898757935
0.5722466707229614
0.6046315431594849
0.20008191466331482
0.2601982355117798
0.7191013097763062
0.5982998013496399
0.4005427360534668
0.7566763758659363
0.7590836882591248
0.5736826658248901
0.6051970720291138
0.5764920115470886
0.30531221628189087
0.5347810983657837
0.9038837552070618
0.4238723814487457
0.4956508278846741
0.45001259446144104
0.7486689686775208
0.44259387254714966
0.5552143454551697
0.45714426040649414
0.4415203928947449
0.5930850505828857
0.2625226378440857
0.5670298337936401
0.2984829843044281
0.9666374921798706
0.3491784632205963
0.3061002194881439
0.9156457781791687
1.1228656768798828
