0.45728620886802673
0.22694918513298035
0.5442467927932739
0.7610031962394714
0.2561688721179962
0.5055135488510132
0.6261975765228271
0.2965534031391144
0.8768030405044556
0.16708633303642273
0.5302978754043579
0.29622387886047363
0.5053110122680664
0.7653437852859497
0.5156480669975281
0.5140525102615356
0.40772494673728943
0.9357352256774902
0.37879714369773865
0.912946343421936
0.2907748818397522
0.5782760381698608
0.40721336007118225
0.4245859980583191
1.149613618850708
0.3320809006690979
0.4021342396736145
0.6622502207756042
0.9150297045707703
0.5972577929496765
0.1900990903377533
0.39870312809944153
0.3524092435836792
0.6143151521682739
0.642268180847168
0.645854115486145
1.1990097761154175
0.5993469953536987
0.5947434902191162
0.6927186250686646
0.4464750289916992
0.344231516122818
0.5174235701560974
0.3158096671104431
0.9793099164962769
0.4032626748085022
0.31855902075767517
0.5667735934257507
1.1176769733428955
0.481973260641098
0.7002635598182678
0.22452802956104279
0.534696638584137
0.7129117250442505
0.4239135682582855
0.5663541555404663
0.2919982671737671
0.44619816541671753
0.4296744465827942
0.7763434648513794
0.2900089621543884
0.5861980319023132
1.034815788269043
0.7849010825157166
0.6745238900184631
0.5352163314819336
1.3683041334152222
0.4958578050136566
0.7475895881652832
0.5375012159347534
0.3166821002960205
0.797145664691925
0.6673114895820618
0.7702227830886841
0.5898746848106384
0.6222882866859436
0.2643173336982727
0.1783744990825653
0.5204429626464844
1.1795998811721802
0.6688252687454224
0.36803287267684937
1.1760541200637817
0.6620839834213257
0.29889196157455444
0.43788203597068787
0.22815871238708496
0.26996633410453796
0.5442019701004028
0.7164605855941772
0.6307697296142578
0.17684857547283173
0.39946648478507996
0.5090193748474121
0.8886277079582214
0.6237117052078247
0.5567771792411804
0.3487260043621063
0.9495773315429688
0.4986390471458435
0.6632074117660522
0.3169216513633728
0.5500054359436035
0.5288639664649963
0.9012930989265442
0.5956469774246216
0.39053383469581604
0.7265143394470215
0.6685878038406372
0.44809770584106445
0.2874148190021515
0.5872765183448792
0.5526113510131836
0.7422245740890503
0.2959213852882385
0.39543449878692627
0.4728129804134369
0.27818265557289124
0.5492879152297974
0.483916699886322
0.29930007457733154
0.5296354293823242
0.3762645125389099
0.5327742695808411
0.3703001141548157
0.5338300466537476
0.770188570022583
0.6990205645561218
0.3869918882846832
0.6966971755027771
0.5887466669082642
1.1639868021011353
0.4008403718471527
0.2521228790283203
0.44327473640441895
0.7594650983810425
0.9277826547622681
0.8056402206420898
0.2984592914581299
0.8089122772216797
1.023020625114441
0.5481737852096558
0.40728139877319336
0.5466052293777466
0.6103160977363586
0.7122902870178223
0.5946720838546753
0.6970381736755371
0.3879469037055969
0.4331858158111572
0.8810269236564636
1.4305651187896729
0.20828180015087128
0.8646343946456909
0.5653020739555359
0.4939122200012207
0.3848516345024109
0.5744386315345764
0.4316370487213135
0.3145204782485962
0.6829695105552673
0.47065162658691406
0.6758827567100525
0.5609570741653442
0.8441096544265747
0.5691671967506409
0.6148895025253296
0.4791991710662842
0.31583720445632935
0.37654656171798706
0.1587114930152893
0.585521399974823
0.580729603767395
0.4998733401298523
0.5772775411605835
0.47434455156326294
0.33569759130477905
0.3876674771308899
0.2707297205924988
0.2445162534713745
0.698976457118988
0.4128391742706299
0.727111279964447
0.2929547131061554
0.5772932767868042
0.4318291246891022
0.4626616835594177
0.5901587605476379
0.25579631328582764
0.8020283579826355
0.47206491231918335
0.24963684380054474
0.2524281144142151
0.9435833692550659
0.2520504593849182
0.4266471862792969
0.5582522749900818
0.5788195729255676
0.3789217472076416
0.5904703140258789
0.7373501062393188
0.6114851832389832
0.36436161398887634
0.566571831703186
0.7644761204719543
1.014267086982727
1.3696157932281494
0.2742861211299896
0.3301069140434265
0.612954318523407
0.46739667654037476
0.6389322876930237
0.9285444021224976
0.22025060653686523
0.5224717855453491
0.5063823461532593
0.5750067830085754
0.3236043453216553
0.5682665109634399
0.3457757234573364
0.44152775406837463
0.7867916822433472
0.46626806259155273
0.7778457403182983
0.4359833598136902
0.786821722984314
0.3662228584289551
0.5058196187019348
0.6156245470046997
0.675070583820343
0.25023579597473145
0.2574586570262909
0.8739724159240723
0.5364254713058472
0.4973648190498352
0.34394240379333496
0.8276809453964233
0.37562185525894165
0.4442574083805084
0.4419838786125183
0.4538883566856384
0.7258711457252502
0.46854186058044434
0.6669679880142212
0.3884938657283783
0.4492832124233246
1.1904244422912598
0.8139842748641968
0.5074323415756226
0.5924047231674194
0.636152446269989
0.4029938578605652
0.42648306488990784
0.6631597280502319
1.1050069332122803
0.7337807416915894
0.5080264806747437
0.5817486047744751
0.6997456550598145
0.6713241338729858
0.8285754919052124
0.5903753042221069
0.7168146967887878
0.6080414652824402
0.5830286741256714
0.6741863489151001
0.7432963252067566
0.17589876055717468
0.7509385943412781
0.5215107798576355
0.3326815664768219
1.1513025760650635
0.42788177728652954
0.549202561378479
0.5499536395072937
0.5388826727867126
0.43690037727355957
0.32058316469192505
0.3427467942237854
0.5434520840644836
0.8400190472602844
1.0083515644073486
0.3830135464668274
0.3583107888698578
0.255863755941391
0.3390480875968933
0.5324951410293579
0.5902543067932129
0.506699800491333
0.2850433588027954
0.4206765294075012
0.6310313940048218
0.43605589866638184
0.7723323702812195
0.6844483017921448
0.3272884786128998
0.305611252784729
0.5107837915420532
0.44499367475509644
0.5875873565673828
0.5056127309799194
0.5006092190742493
0.768795371055603
0.5755623579025269
0.7798093557357788
0.45683807134628296
0.5605438351631165
0.4116743505001068
0.46420544385910034
0.28848570585250854
0.32082465291023254
0.42113155126571655
1.0207574367523193
0.5654247999191284
0.3252730965614319
0.8549391031265259
0.4062385559082031
0.5786385536193848
0.36779797077178955
0.7847261428833008
0.5076767802238464
0.5303082466125488
0.5425999760627747
0.40813392400741577
0.4350857734680176
0.6359594464302063
0.5946218371391296
0.6815632581710815
0.5187658667564392
0.8296772241592407
0.8754212260246277
0.6187856793403625
0.3063332438468933
0.28947052359580994
0.2777462601661682
0.5373818278312683
0.8911136388778687
0.1974223405122757
