0.4808982312679291
0.2817198634147644
0.20998278260231018
0.43977075815200806
0.29245978593826294
0.43774890899658203
0.6603738069534302
0.5676857829093933
0.6352375745773315
0.4317217469215393
0.5176253318786621
0.4682242274284363
0.49552398920059204
0.7101200819015503
0.3760836720466614
1.3563697338104248
0.4616747498512268
0.45810097455978394
0.5734574198722839
0.3656913638114929
0.6634591221809387
0.7150349617004395
0.6760547757148743
0.3660009503364563
0.6322162747383118
0.4454426169395447
0.3185175061225891
0.7244038581848145
0.5277907848358154
0.46787986159324646
1.0530985593795776
0.5467387437820435
0.492168128490448
1.5182188749313354
0.3683156371116638
0.9152629971504211
0.6075634360313416
0.45854902267456055
0.5494918823242188
0.5642985105514526
0.872662365436554
0.465292364358902
0.49964267015457153
0.7528504133224487
0.2056599110364914
0.5169848203659058
0.6522490382194519
0.4177113175392151
0.5028141140937805
0.6843146085739136
1.2148876190185547
0.49157682061195374
0.7212517857551575
0.5991592407226562
0.6099117994308472
0.8068414926528931
0.44506531953811646
0.4530804753303528
0.4799674451351166
0.815676212310791
0.5078556537628174
0.5187260508537292
0.3177441358566284
0.720649242401123
0.26780909299850464
0.2230202704668045
1.1628364324569702
0.38702645897865295
0.5667771100997925
0.27135080099105835
0.4185121953487396
0.5344900488853455
0.4952796399593353
0.6990252733230591
0.3864026665687561
0.29533010721206665
0.5465744733810425
0.23424072563648224
0.6388494372367859
0.45468735694885254
0.6444282531738281
0.9247629046440125
0.09614261239767075
0.4203997254371643
0.21741275489330292
0.3751903474330902
0.34531912207603455
0.7889665365219116
0.6273593902587891
0.3703683614730835
0.49244576692581177
0.19864287972450256
0.5854229927062988
0.30630096793174744
0.5698975920677185
0.4211655259132385
0.7719248533248901
1.6158664226531982
0.9354666471481323
0.5168410539627075
0.32572856545448303
0.8501358032226562
0.7329108715057373
0.43174710869789124
0.37678930163383484
0.5500286221504211
0.4364791810512543
0.29055702686309814
0.5487264394760132
0.16514740884304047
0.54823237657547
0.7568464279174805
0.6738519668579102
0.681300938129425
0.5235623121261597
0.30312642455101013
0.1599757969379425
0.6084863543510437
0.9853302836418152
0.8273462057113647
0.22810065746307373
0.2026732712984085
0.43863391876220703
0.5014476180076599
0.34615957736968994
0.6553999185562134
0.8575709462165833
0.27264946699142456
0.43676143884658813
0.26652732491493225
0.5262638926506042
0.3900677561759949
0.16213490068912506
0.4431334435939789
0.6323992609977722
0.5348560810089111
0.36575666069984436
0.3910062909126282
0.5058524012565613
0.6001749634742737
0.7103186249732971
0.3568611741065979
0.4562056064605713
0.4833015501499176
0.3679952323436737
0.5590584874153137
0.3862000107765198
0.754511833190918
0.35558241605758667
0.5853361487388611
0.4820947051048279
0.5054579377174377
0.406270831823349
0.6525076627731323
0.8591281175613403
0.3971889019012451
0.1880989521741867
0.780471682548523
0.7501779198646545
0.428154319524765
0.800946831703186
1.017477035522461
0.5774720311164856
0.26958519220352173
0.5671213865280151
0.2756747603416443
0.4634559154510498
0.6772738695144653
0.3538934290409088
0.360572874546051
0.25381696224212646
0.4135691225528717
0.4419620633125305
0.25805962085723877
0.23092588782310486
1.0382957458496094
1.1310365200042725
0.5265717506408691
0.19222411513328552
0.42539915442466736
0.5516998767852783
0.7466250658035278
0.7673568725585938
0.6195999383926392
0.4652017652988434
0.4656652808189392
0.4099239706993103
0.2847544550895691
0.2711665630340576
1.2338043451309204
0.1799866259098053
1.1223323345184326
0.33411741256713867
0.4676029682159424
0.4453123211860657
0.36342233419418335
0.2574467062950134
0.32125285267829895
0.6049188375473022
0.43643099069595337
0.601283848285675
0.8359939455986023
0.3623189330101013
0.4753151834011078
1.1032087802886963
0.4313461184501648
0.450557142496109
0.3031618893146515
0.35938194394111633
0.45515117049217224
0.9238977432250977
0.34515488147735596
0.614759087562561
0.32258182764053345
0.5756929516792297
0.34261077642440796
0.49428072571754456
0.48280391097068787
0.3585584759712219
0.5579986572265625
0.8673564195632935
1.4605085849761963
0.4395879805088043
0.7441283464431763
0.6351541876792908
0.31445375084877014
0.6200099587440491
0.9594560861587524
0.6639128923416138
0.2909706234931946
1.1588032245635986
0.35657772421836853
0.7428755760192871
0.5293557047843933
0.6549808382987976
0.9231516122817993
0.47769492864608765
0.7447851896286011
1.0175474882125854
1.1286026239395142
0.294854074716568
0.45214805006980896
0.7706280946731567
0.3327711820602417
1.0471974611282349
0.38364991545677185
0.22350668907165527
1.0356515645980835
0.6567186117172241
0.44923287630081177
0.9162653684616089
0.7338749766349792
0.7375637888908386
0.7291011810302734
0.7479094862937927
0.6327334642410278
0.6130622625350952
0.5135145783424377
0.8959541320800781
0.674392580986023
0.37386441230773926
0.783990740776062
0.4381736218929291
0.40400514006614685
0.7551271319389343
0.29108816385269165
0.30915242433547974
0.4709800183773041
0.5586830377578735
0.7198785543441772
0.7194503545761108
0.351412832736969
0.36092883348464966
0.668854832649231
0.23257827758789062
0.5497812032699585
0.6317925453186035
0.5545087456703186
0.42028266191482544
1.240203619003296
0.6647894978523254
0.31821364164352417
1.20659601688385
0.5586606860160828
0.5610693097114563
0.4727237820625305
0.3184830844402313
0.8602825999259949
0.5569893717765808
0.21768693625926971
0.42856115102767944
0.8484339714050293
0.5626096725463867
0.48795050382614136
0.7109982967376709
0.4932097792625427
1.0238981246948242
0.29431259632110596
0.45232024788856506
0.8428772687911987
0.7195627093315125
0.866004467010498
0.4808591902256012
0.7096031904220581
0.4848683476448059
0.4099821448326111
0.510464072227478
0.27972134947776794
0.35794368386268616
0.5884270668029785
0.8436458706855774
0.3302934169769287
0.4199649691581726
0.8190643191337585
0.5670560002326965
0.2772802412509918
0.6623331308364868
0.5676723122596741
0.24522657692432404
0.5313542485237122
0.5517619252204895
0.7917624711990356
0.382538378238678
0.7909090518951416
0.7538474798202515
0.439971387386322
0.546021580696106
0.8577094078063965
1.2886027097702026
0.29133543372154236
0.5028610825538635
0.27563467621803284
1.203244924545288
0.6674483418464661
0.24776752293109894
1.1745465993881226
0.39897093176841736
0.8962764739990234
