0.48079633712768555
0.5302523374557495
0.70537930727005
0.5695228576660156
0.6400103569030762
0.45252108573913574
1.0620076656341553
0.3456161618232727
0.37277287244796753
0.2581852674484253
0.33914846181869507
0.5053125619888306
0.4836254119873047
0.7569866180419922
0.3144221901893616
1.0023797750473022
0.2950294613838196
0.4989839196205139
0.7570028305053711
0.46402931213378906
0.8000399470329285
0.3801526427268982
0.4004613757133484
0.6965798139572144
0.4608825147151947
0.4283267557621002
0.25744834542274475
0.21053460240364075
0.16148756444454193
0.5883529186248779
0.5045595169067383
0.5623569488525391
0.3838503956794739
0.6651610136032104
0.6917045712471008
0.7083156108856201
1.3101375102996826
0.6040196418762207
0.9259592294692993
0.515626847743988
0.7567375302314758
0.5924502611160278
0.663758397102356
0.720962405204773
0.4412616789340973
0.8699434399604797
0.375509113073349
0.8276456594467163
0.2684866786003113
0.6475799083709717
0.3924202024936676
0.4012177884578705
0.4957108497619629
0.3400379717350006
0.2585442364215851
0.7103988528251648
0.41106390953063965
0.4434599280357361
0.6903232336044312
0.34295982122421265
0.6249901652336121
0.4792274534702301
0.5793095827102661
0.6866773366928101
0.2470102310180664
0.262488454580307
0.46951809525489807
0.5485919117927551
0.28915658593177795
0.4461638331413269
0.5968506932258606
0.3178572952747345
0.4231582581996918
0.6459102034568787
1.2425209283828735
0.23234263062477112
0.37267202138900757
0.8180661201477051
0.23538728058338165
0.9072834253311157
0.4223261773586273
0.5368426442146301
0.9197407960891724
0.39808985590934753
0.7082219123840332
0.2496703416109085
1.3928582668304443
0.5779682397842407
0.9711222648620605
0.5406411290168762
0.6610244512557983
0.5692178010940552
0.6744781136512756
0.1751914769411087
0.2555830478668213
0.5580694675445557
0.7279609441757202
0.4522864818572998
0.8354070782661438
0.5275299549102783
0.4089725613594055
0.35642606019973755
0.827688992023468
1.1307235956192017
0.6992093920707703
0.380900502204895
0.7302747368812561
0.441133588552475
0.3199540376663208
0.9638042449951172
0.6454689502716064
0.8578211665153503
0.3744800090789795
0.31083211302757263
0.435272216796875
0.6553850173950195
0.6892473101615906
0.5845758318901062
0.4054575562477112
0.3852221965789795
0.4457530081272125
0.5263000726699829
0.3404131233692169
0.4264088273048401
0.6847742795944214
0.9331253170967102
0.6528657078742981
0.8435268402099609
0.7396878004074097
0.40647077560424805
0.8055907487869263
0.6511288285255432
0.6871535181999207
0.5826249122619629
0.5611315965652466
0.334067165851593
0.6150838136672974
0.46824511885643005
1.2005255222320557
1.4348278045654297
0.409696489572525
0.38475000858306885
0.965776801109314
0.5191456079483032
0.5432411432266235
0.7398759722709656
0.6934529542922974
0.3295665681362152
0.31775492429733276
0.5516178011894226
0.7768760323524475
0.5655051469802856
0.43392735719680786
0.40989476442337036
0.8846990466117859
0.7983304262161255
0.4933125972747803
0.7521937489509583
0.3322980999946594
0.6089397668838501
0.596484363079071
0.5734754800796509
0.2505696415901184
0.39142346382141113
0.33341652154922485
0.5075994729995728
0.9701962471008301
0.39898544549942017
0.40881747007369995
0.6728503704071045
0.4530956745147705
0.5363959074020386
0.5901514887809753
0.5078060626983643
0.45728230476379395
0.550228476524353
0.5610896944999695
0.34242767095565796
1.0059759616851807
0.5901228189468384
0.185176283121109
1.221543550491333
0.5583204030990601
0.20876488089561462
0.9699125289916992
0.47669291496276855
0.5969219207763672
0.5590455532073975
0.5542461276054382
0.3493456244468689
0.9608184695243835
0.44394978880882263
0.45491695404052734
0.4368162155151367
0.2999168038368225
0.43486571311950684
0.44922494888305664
0.6761268377304077
0.3370073735713959
0.9732867479324341
0.37012937664985657
0.42550668120384216
0.5003517866134644
0.5795347094535828
0.505721926689148
0.46155476570129395
0.47993001341819763
0.5139263868331909
0.3486607074737549
0.6475614309310913
0.5678204298019409
0.31855306029319763
0.3917098045349121
0.5845963954925537
0.3133111596107483
0.5507258176803589
0.5747538805007935
0.4919336438179016
0.3920583128929138
0.47391277551651
0.5265905857086182
0.648522675037384
0.2676194906234741
0.3886602818965912
0.5756902098655701
0.5072526931762695
0.2833802402019501
0.43270713090896606
0.23278577625751495
0.9059233665466309
0.29015859961509705
0.4245677590370178
0.6550045013427734
0.3928675949573517
0.2863689064979553
0.3175501227378845
0.48476067185401917
0.4495367109775543
0.5040081739425659
0.47083979845046997
0.7117653489112854
0.19848446547985077
0.636427104473114
0.7754449844360352
0.44681230187416077
0.49134373664855957
0.47596487402915955
0.8661772012710571
0.4752710461616516
0.5113695859909058
0.2627061903476715
0.45982179045677185
0.3767921030521393
0.7468496561050415
0.4927288591861725
0.4345906376838684
0.6070412993431091
0.28434881567955017
0.3324888348579407
0.4687314033508301
0.25736135244369507
0.496768057346344
0.3377869129180908
0.6387141346931458
0.55428147315979
0.7230517864227295
0.2642211318016052
0.588610827922821
0.3896253705024719
0.6127782464027405
0.4595560133457184
0.4681805968284607
0.4143441319465637
0.6556633710861206
0.3958377540111542
0.7260618209838867
0.3375614583492279
0.5925325155258179
0.5029811859130859
0.8482930064201355
0.996141791343689
0.40277695655822754
0.5577972531318665
0.29174500703811646
0.883833110332489
0.4668734073638916
1.000862956047058
0.6682579517364502
0.9079227447509766
0.5842000842094421
0.6645123958587646
0.417885959148407
0.15342605113983154
0.3730985224246979
0.6947252154350281
0.4280340075492859
0.555034339427948
0.6179871559143066
0.4090799391269684
0.19881699979305267
0.45301827788352966
0.17196024954319
0.5978922247886658
0.5115394592285156
0.4595274329185486
0.7746633291244507
0.16567423939704895
0.6510061025619507
0.28645560145378113
0.7177270650863647
0.6151254177093506
0.5030390620231628
1.2900073528289795
0.28596800565719604
0.220682293176651
0.7664812803268433
0.18081647157669067
0.6563042402267456
0.8141568899154663
0.5279496908187866
0.5959799885749817
0.256448894739151
0.6461753249168396
0.23927447199821472
0.7767866253852844
0.3175150752067566
0.6341709494590759
0.4782019555568695
0.3684387803077698
0.6358686089515686
0.41817981004714966
0.5581294298171997
0.44615036249160767
0.5654160380363464
0.3473045825958252
0.17906808853149414
0.40396586060523987
0.4066028296947479
