0.7000133991241455
0.4640766680240631
1.0854603052139282
0.43184003233909607
0.38490068912506104
0.5720075368881226
0.3897984027862549
0.7473408579826355
0.6066799759864807
0.35044679045677185
0.7739666700363159
0.5576028823852539
0.8074336051940918
0.34387442469596863
0.3519997298717499
0.7734382152557373
1.212876558303833
0.42209187150001526
0.4675191342830658
1.1152422428131104
0.625641942024231
0.9035791158676147
0.5238898396492004
0.5525639057159424
0.586959719657898
0.4209364056587219
0.4936131536960602
0.2376897633075714
0.5049711465835571
0.5015999674797058
0.3656209409236908
0.37772005796432495
0.30920031666755676
1.1040822267532349
0.5472477674484253
1.7187845706939697
0.554316520690918
0.47325021028518677
0.5100443959236145
0.5358972549438477
0.8016771078109741
0.4509682059288025
0.6690764427185059
0.4253813624382019
0.6955293416976929
0.9073988199234009
0.683495819568634
0.19918599724769592
0.8288047909736633
0.7102591395378113
0.4593655467033386
0.3998739421367645
0.551222562789917
0.5526318550109863
0.5665060877799988
0.286944717168808
1.0552666187286377
0.30076465010643005
1.112168550491333
1.2091947793960571
0.6157665252685547
0.6317558288574219
0.27752697467803955
0.42064714431762695
0.5999813079833984
0.351055771112442
0.5838831663131714
0.41098347306251526
0.5865379571914673
0.4163021147251129
0.3733159601688385
0.31653302907943726
0.30089712142944336
0.2907724976539612
0.8452650308609009
0.2874557375907898
0.4108797609806061
0.4248410165309906
0.5237279534339905
0.30729785561561584
0.48788052797317505
0.2604069113731384
0.6174265742301941
0.26203590631484985
0.27336427569389343
0.2633134722709656
0.44779378175735474
0.37443581223487854
0.5655953288078308
0.7142907977104187
0.5998809933662415
1.0332677364349365
0.5814864039421082
0.46813589334487915
1.0023353099822998
0.5326709747314453
0.34734705090522766
0.30290907621383667
0.47814813256263733
0.7669335007667542
0.6437727212905884
0.9652463793754578
0.4494902491569519
0.4809233546257019
0.39842408895492554
0.4380272924900055
0.5259100794792175
0.938524603843689
0.5113750696182251
0.6345783472061157
0.6620450615882874
0.3138059675693512
0.27716976404190063
0.777129054069519
0.6840742826461792
0.4213249683380127
0.81829434633255
0.4411892890930176
0.6722160577774048
0.6592081785202026
0.4701606333255768
1.5004093647003174
0.46436262130737305
0.5640740394592285
0.5238121747970581
0.7162803411483765
0.649827778339386
0.4421468675136566
0.599177896976471
0.3758433759212494
0.3263299763202667
0.22493040561676025
0.5529769062995911
0.5007699131965637
0.7312174439430237
0.2794339656829834
0.2786595821380615
0.38307005167007446
0.5669199824333191
0.5633130073547363
0.4146732687950134
1.2581422328948975
0.5728292465209961
0.49232468008995056
0.7330174446105957
0.770753026008606
0.6075536608695984
0.354181170463562
0.26412755250930786
0.48411673307418823
0.4309663772583008
0.33419492840766907
0.38590312004089355
0.48310327529907227
0.4075098931789398
0.5525467991828918
0.35600611567497253
0.5632894039154053
0.526670515537262
0.4669727385044098
0.2539888918399811
0.5063040852546692
0.6462351083755493
0.3016420304775238
0.5457497835159302
0.2091244012117386
0.8482099771499634
0.3151609003543854
0.5020917057991028
0.4800376892089844
0.4293380677700043
0.706311821937561
0.7607163190841675
0.4973355829715729
0.541653573513031
0.6093164682388306
0.9037712812423706
0.7870385050773621
0.643255352973938
0.2608841061592102
0.5042657852172852
0.4525168538093567
0.33420678973197937
0.8137391805648804
0.2629106938838959
0.6073110103607178
0.59291011095047
0.3418811857700348
0.3668886423110962
0.37114304304122925
0.5158730745315552
0.5217840671539307
0.5237786173820496
0.606549859046936
0.531766414642334
0.4846535325050354
0.5666374564170837
1.0882833003997803
1.0863538980484009
1.4325973987579346
0.7696653008460999
0.5796672105789185
0.5810815095901489
0.5452329516410828
0.862989604473114
0.531421422958374
0.7243892550468445
0.48296618461608887
0.4063553214073181
0.33546656370162964
0.30618831515312195
0.16705982387065887
0.20967113971710205
0.2682526707649231
0.5774701833724976
0.4525233209133148
0.7858617901802063
0.4073948860168457
0.38380125164985657
0.7052181959152222
0.5221338272094727
0.4712139964103699
0.22954659163951874
0.6397941708564758
0.5711840987205505
0.7166383266448975
0.7085601687431335
0.2597704529762268
0.24493446946144104
0.11592354625463486
0.4275938868522644
0.5662493705749512
0.6205533146858215
0.5410507321357727
0.3772186040878296
0.5307063460350037
0.7115625143051147
0.44435396790504456
0.7757526636123657
0.33137351274490356
0.22861626744270325
0.4967469274997711
0.8159705996513367
0.4657744765281677
0.5581555366516113
0.9771466255187988
0.33660030364990234
0.8546756505966187
1.707542061805725
0.5821003913879395
0.5005708932876587
0.5128206014633179
0.5825621485710144
0.23390039801597595
0.4713325500488281
0.38455942273139954
0.3483163118362427
0.5152648091316223
0.21274301409721375
0.49889931082725525
0.41707324981689453
0.25331607460975647
0.35256895422935486
0.4385514259338379
0.42096710205078125
0.42784756422042847
0.2666552662849426
0.3243512511253357
0.6302502751350403
0.8204048275947571
0.5233742594718933
0.6527261734008789
0.5625883340835571
0.8554089665412903
0.43625694513320923
0.5652403831481934
0.6977276802062988
0.6153448820114136
0.23008017241954803
0.33448418974876404
0.4739915728569031
0.635332465171814
0.3073333203792572
0.6005665063858032
0.8924127817153931
0.39156991243362427
0.47002163529396057
1.0949389934539795
0.7086824774742126
0.24111196398735046
0.6211084127426147
0.4915572702884674
0.8499616384506226
0.29208046197891235
0.44964680075645447
0.1515442281961441
0.654211163520813
0.8875064849853516
0.2220219075679779
0.6762124300003052
0.5586632490158081
0.3988759219646454
0.6194548010826111
0.5252501964569092
0.4863390326499939
0.29999566078186035
0.46416252851486206
0.29549431800842285
0.6482910513877869
0.5504297018051147
0.2785477936267853
0.37146756052970886
0.4926723539829254
0.30698123574256897
0.5068475604057312
0.5258229374885559
0.7455790638923645
0.5438574552536011
1.01180100440979
0.39605221152305603
0.7326086163520813
0.35708099603652954
0.616080641746521
0.49725541472435
0.5946595072746277
0.33758407831192017
0.48281437158584595
0.8107633590698242
0.5564586520195007
0.4446316361427307
0.2387433797121048
0.42991527915000916
0.46084052324295044
0.6569985151290894
0.5485244989395142
0.8216773867607117
0.4598943591117859
2.019005537033081
