0.1985931545495987
0.66227787733078
0.5433915853500366
0.4210638999938965
0.5317869186401367
0.863808274269104
0.7877386212348938
0.1753663271665573
0.5112079381942749
0.7140647172927856
0.5912519693374634
1.0702368021011353
0.455956369638443
0.5296810865402222
0.3472509980201721
0.7683824300765991
0.8797702789306641
0.8004873991012573
0.2610698938369751
0.42767733335494995
0.5213626623153687
0.4548494219779968
0.7268198132514954
0.3821949064731598
0.5162771940231323
0.34236380457878113
0.14930741488933563
0.1822207123041153
0.6301175951957703
0.31601762771606445
0.609009861946106
0.7470236420631409
0.28608226776123047
0.28700822591781616
0.5056673288345337
0.47203269600868225
0.270746111869812
0.6852073073387146
0.5294790863990784
0.5476936101913452
0.7627789378166199
0.4222697615623474
0.731608510017395
0.6907209157943726
0.16477379202842712
0.3862655460834503
0.6118224859237671
0.8056316375732422
1.0519750118255615
0.38113081455230713
0.2907775044441223
0.8297563791275024
0.5377320051193237
0.4829534590244293
0.5518463850021362
0.6345018148422241
0.3598768413066864
0.583177924156189
0.3200347125530243
0.7412397265434265
0.6054684519767761
0.39920666813850403
0.43116602301597595
0.9745577573776245
0.17348431050777435
0.4634707570075989
0.5107817053794861
0.24242094159126282
0.3365880250930786
0.4299500584602356
0.2984313368797302
0.6367255449295044
0.4532249867916107
0.4086877703666687
0.2567298412322998
0.6916676163673401
0.4514043927192688
0.656530499458313
0.47210702300071716
0.47541555762290955
0.6554214358329773
0.9840666651725769
0.5070391893386841
0.8629234433174133
0.7121010422706604
0.46529310941696167
1.081246018409729
0.541159451007843
0.6754850149154663
0.693852961063385
0.493098646402359
0.543918788433075
0.7649626731872559
0.4904269278049469
0.6349579691886902
0.4955109655857086
0.40495872497558594
0.26824018359184265
0.8566776514053345
0.43721944093704224
0.8796617388725281
0.5133477449417114
0.21945302188396454
0.28350114822387695
0.5301143527030945
0.6846522092819214
0.8326494097709656
0.3378187119960785
0.5451771020889282
0.4221392571926117
0.27980169653892517
0.5141258835792542
0.6139359474182129
0.5395303964614868
0.3766830861568451
0.598061203956604
0.4636716842651367
0.37076810002326965
0.4831629693508148
0.3121505677700043
0.3664664328098297
0.4491392970085144
0.3930830657482147
0.3799543082714081
0.49852314591407776
0.41437476873397827
0.7439702153205872
0.6136358380317688
0.4351395070552826
0.2643868327140808
0.5224727988243103
0.41038745641708374
1.0138232707977295
0.9446169137954712
1.3464010953903198
0.2887965142726898
0.7010394930839539
0.555266261100769
0.8920103907585144
0.6363034248352051
0.2885085344314575
0.30681103467941284
0.60833340883255
1.086785912513733
0.38716018199920654
0.24824576079845428
0.5649639368057251
0.5660412311553955
0.9061083793640137
0.6896188855171204
0.651573121547699
1.0609798431396484
0.30812472105026245
0.390054315328598
0.4888134002685547
0.6685822606086731
0.8937560319900513
0.24081972241401672
0.6336876153945923
0.4077118933200836
0.7118541598320007
0.35949239134788513
0.5378397703170776
0.47436633706092834
0.22042100131511688
0.5800134539604187
0.7010120153427124
0.482271283864975
0.7963159084320068
0.3318519592285156
0.192163348197937
0.5255522727966309
0.5602088570594788
0.7343159914016724
0.2526431679725647
1.0360472202301025
0.7420319318771362
0.4944704473018646
0.42149972915649414
0.3208141028881073
0.2720552980899811
0.5469929575920105
0.9270464181900024
0.47607383131980896
0.6151492595672607
0.4203694462776184
0.33297061920166016
0.824567973613739
0.350984662771225
0.4730934500694275
0.4894857406616211
0.24567961692810059
0.2706492841243744
0.4402756690979004
0.44491514563560486
0.4852115511894226
0.8183571696281433
0.4564017355442047
0.426369845867157
1.0544087886810303
0.6270695328712463
0.40953904390335083
0.8264369964599609
0.5296743512153625
0.5356948971748352
0.3772706687450409
0.5626870393753052
0.44150295853614807
0.20509806275367737
0.41127580404281616
0.9925247430801392
0.3675169050693512
0.7192634344100952
0.7538434863090515
0.39760488271713257
0.27526214718818665
0.4311409890651703
0.38495486974716187
0.24945318698883057
0.47073477506637573
0.35790085792541504
0.6242974996566772
0.44478416442871094
0.48815497756004333
0.41504937410354614
0.6870291829109192
0.6352201700210571
0.48498639464378357
0.43739062547683716
0.32367855310440063
0.7528789639472961
0.340961217880249
0.7756050825119019
0.4915143847465515
0.32975083589553833
0.3519361615180969
0.8379952311515808
0.6584654450416565
0.19798782467842102
0.8823558688163757
0.4443426728248596
0.8626881837844849
0.3886462450027466
0.599151074886322
0.3140300214290619
0.3109557032585144
0.6669460535049438
0.4274628162384033
0.6198468208312988
0.6919348239898682
0.3760053515434265
0.5497199296951294
0.7792061567306519
0.43071499466896057
0.28686511516571045
0.2533950209617615
0.8450449109077454
1.0689494609832764
0.5829252004623413
0.32662004232406616
0.3980833888053894
0.640866219997406
0.3365764021873474
0.27558091282844543
0.7274999618530273
0.726492702960968
0.32547682523727417
0.7942062616348267
0.5425894856452942
0.6600806713104248
0.5307339429855347
0.9294527173042297
0.4987639784812927
0.6051079034805298
0.6660639643669128
0.5093652009963989
0.49456125497817993
0.31313425302505493
0.570193886756897
0.43528708815574646
0.44830265641212463
0.48387327790260315
0.3811069428920746
0.44114094972610474
0.5032182931900024
0.6717748641967773
0.4735592007637024
0.4364774823188782
0.583415150642395
0.5983902812004089
0.3039005696773529
0.8069061040878296
0.7266496419906616
0.5891381502151489
0.5380004644393921
0.8238102197647095
0.40671777725219727
0.3084055781364441
0.5278372168540955
0.5162153840065002
0.5566321611404419
0.4787231981754303
0.155885711312294
0.6853456497192383
0.3648948073387146
0.30150842666625977
0.6901853680610657
0.729922890663147
0.3550039827823639
0.3968534767627716
0.30250972509384155
0.391913503408432
0.7518337368965149
0.7012910842895508
0.511192262172699
0.6795371770858765
0.516823410987854
0.2796405553817749
0.4333653450012207
0.6127740144729614
0.40668678283691406
0.36808884143829346
0.6049615740776062
0.3635554015636444
0.515964686870575
0.4228467047214508
0.31999069452285767
0.4402671754360199
0.5549489259719849
0.43773430585861206
0.8346717953681946
0.6332879066467285
0.5011703372001648
0.80681973695755
0.13482710719108582
0.31816673278808594
0.44053617119789124
0.7628529071807861
