0.33309829235076904
0.3713747560977936
1.025225281715393
0.7973102331161499
0.2969275414943695
0.44070345163345337
0.30471938848495483
0.6562771797180176
0.3419893980026245
0.302678644657135
0.5088353157043457
0.455377995967865
0.7721260190010071
0.6135616898536682
0.374576598405838
0.309490829706192
0.6649770736694336
0.3634352684020996
0.7628110647201538
0.3161677420139313
0.9055255055427551
0.9923814535140991
0.9241941571235657
0.739482045173645
0.7110238075256348
0.7179409265518188
0.7138034105300903
0.7079583406448364
1.0647441148757935
0.9367657899856567
0.5498321056365967
0.3485444486141205
0.2742796242237091
0.24224618077278137
1.0439183712005615
0.8248850703239441
0.47541314363479614
0.5650714039802551
0.31056833267211914
0.5238896012306213
0.388727605342865
0.5267151594161987
0.9738287925720215
0.8541610836982727
0.4591154158115387
0.5591856241226196
0.647730827331543
0.5486768484115601
0.3578011989593506
1.097455620765686
1.1556665897369385
0.5234313011169434
0.2552042305469513
1.225838541984558
0.6017657518386841
0.41472044587135315
0.6267715692520142
0.5449367761611938
0.6807144284248352
0.5684326887130737
0.5922577977180481
0.8485181927680969
0.5147353410720825
0.5267149806022644
0.39040231704711914
0.843416690826416
0.5223863124847412
0.748580813407898
0.9271626472473145
0.4417049288749695
0.6325627565383911
0.49113696813583374
0.5947148203849792
0.36464938521385193
0.44680094718933105
0.6247951984405518
0.6196249127388
0.6732596755027771
0.3172571659088135
0.5108379125595093
0.4220205843448639
0.547374427318573
0.8685506582260132
0.3038026690483093
0.5828651189804077
0.5368996858596802
0.2963823080062866
0.6971996426582336
0.4947769045829773
0.5390541553497314
0.6195894479751587
0.27230149507522583
0.7042474746704102
0.9149381518363953
0.4335360527038574
0.47845658659935
0.5296927094459534
0.670126736164093
0.7518132925033569
0.5374671220779419
0.25885075330734253
0.609312117099762
0.612367570400238
0.7970262765884399
0.440896600484848
0.4139974117279053
0.39760804176330566
0.6679890751838684
0.6648313403129578
0.7337439060211182
0.813155472278595
0.6086889505386353
0.527292013168335
0.39011457562446594
0.3779696822166443
0.5928897261619568
0.5548284649848938
0.6500697135925293
0.5064057111740112
0.5806096196174622
0.5269033312797546
0.8952560424804688
0.34530001878738403
0.5126164555549622
0.7230412364006042
0.6263899803161621
0.9875780940055847
0.6844689249992371
0.6273137331008911
0.4851931035518646
0.20900416374206543
0.3872393071651459
1.1863716840744019
0.5151233673095703
0.37099337577819824
0.7680151462554932
0.4318433701992035
0.3288641571998596
0.39157694578170776
0.6661270260810852
0.13883018493652344
0.5476921200752258
0.5718105435371399
0.3803662359714508
0.5512337684631348
0.7314258813858032
0.40241020917892456
0.5316713452339172
0.5993359684944153
0.3537662923336029
0.39679667353630066
0.3694184422492981
1.2153725624084473
0.3777044415473938
0.3662448525428772
0.5096354484558105
0.5941235423088074
0.37017422914505005
0.8213571310043335
0.29238376021385193
0.415295273065567
0.5798524022102356
0.29070284962654114
0.45752182602882385
0.3615529537200928
0.3981964588165283
0.556914746761322
0.47586116194725037
0.37277448177337646
0.387464702129364
0.5641354322433472
0.9893134236335754
0.7873355746269226
0.3583279848098755
0.5445898175239563
0.9215621948242188
0.4661998748779297
0.4836518168449402
0.37958163022994995
0.5380364656448364
1.0821101665496826
0.666271448135376
0.50377357006073
0.688103199005127
0.5302053689956665
0.33073869347572327
0.2694302499294281
0.711070716381073
0.31366604566574097
0.468217670917511
0.5333932638168335
0.4760659337043762
1.121559500694275
0.24768579006195068
0.528985857963562
0.398298442363739
0.28137293457984924
0.5269757509231567
0.6412209272384644
0.8237335085868835
0.47095566987991333
0.4763098657131195
0.642162561416626
0.3333323001861572
0.5941367745399475
0.3232216238975525
0.2388249933719635
0.43182840943336487
0.3470779061317444
0.6035975217819214
0.35152673721313477
0.3076705038547516
0.7972198724746704
0.33660945296287537
0.5168902277946472
0.6557241678237915
0.37040331959724426
1.1350089311599731
0.18065059185028076
0.42418724298477173
0.4322413504123688
0.4440140128135681
0.3418523669242859
0.3024751842021942
0.43349266052246094
0.7527572512626648
0.5630720853805542
0.624849796295166
0.30396729707717896
0.5995157361030579
0.43625324964523315
0.8782811164855957
0.4452971816062927
0.3144891858100891
0.2842928171157837
0.42250198125839233
0.4310590326786041
0.8154146075248718
0.7948302030563354
0.5278602838516235
0.6250388026237488
0.6124005317687988
0.28513282537460327
0.30164676904678345
0.5667408108711243
0.5092073678970337
0.19287726283073425
1.0312983989715576
0.8838812708854675
0.428104966878891
0.3791173994541168
0.5441290736198425
1.217848539352417
0.2002861499786377
0.5074784159660339
0.5533479452133179
0.661952018737793
0.5688608288764954
0.586775541305542
0.3513950705528259
0.4200951159000397
0.828740119934082
0.5284929275512695
1.167462706565857
0.4576447010040283
0.3538320064544678
0.5252062082290649
0.343384325504303
0.4397386610507965
0.834284782409668
0.8229913711547852
0.481952965259552
0.5400602221488953
1.2228922843933105
0.4019039273262024
0.29941511154174805
0.4228574335575104
0.47276321053504944
0.5476582646369934
0.5306656360626221
1.0220096111297607
0.6602204442024231
0.4798811972141266
0.6547060012817383
0.45874395966529846
0.3175341486930847
0.6623319983482361
0.5150285363197327
0.4711994230747223
0.5240083932876587
0.5730701684951782
0.8140268325805664
0.5930331945419312
0.20757341384887695
0.3610948622226715
0.2758505642414093
0.4673329293727875
0.576804518699646
1.0233204364776611
0.3635938763618469
0.4948492646217346
0.889731764793396
0.5342642068862915
0.8228322863578796
0.8254655599594116
0.5420519113540649
0.7259356379508972
0.7495929002761841
0.3471432030200958
0.6561869382858276
0.46559256315231323
0.8095744252204895
0.24645981192588806
0.281210333108902
0.5952439308166504
0.3608449101448059
0.3817635476589203
0.7403609156608582
0.41557425260543823
0.44391998648643494
1.302832841873169
0.648984432220459
0.536179780960083
0.4447241425514221
0.8291853070259094
0.26665884256362915
0.7643848657608032
0.6324290037155151
0.4295063018798828
0.4272949695587158
0.3325968384742737
0.2805938124656677
0.6370569467544556
0.5358514785766602
0.3964531421661377
0.4591374397277832
0.8738923072814941
1.0880056619644165
