0.48021602630615234
0.6073986887931824
0.5583051443099976
0.42462262511253357
0.33796611428260803
0.7085458040237427
0.8186392784118652
0.693183183670044
0.8875013589859009
0.5166524648666382
0.2555440366268158
0.9081533551216125
0.9776069521903992
0.9729495048522949
0.6098233461380005
0.3376714885234833
0.6922003030776978
0.4328368604183197
0.6005807518959045
0.5661666393280029
0.44783592224121094
0.30136948823928833
0.7717522978782654
0.5805195569992065
0.45048099756240845
0.8617461919784546
0.2668514847755432
0.3573707342147827
1.432400107383728
0.6459375619888306
0.35912904143333435
0.7755413055419922
0.20748662948608398
0.38615888357162476
0.5885608792304993
0.7416679859161377
0.2557675540447235
0.7529951333999634
0.5657972097396851
0.43515563011169434
0.7083803415298462
0.4903185963630676
0.38210371136665344
0.6622821092605591
0.29330161213874817
0.3847663700580597
0.5371631383895874
0.44381123781204224
0.9390150904655457
1.1172947883605957
0.6091552972793579
0.7525190114974976
0.23015105724334717
0.5943068265914917
0.7620033025741577
0.4583168029785156
0.294572651386261
0.3797464370727539
0.23809826374053955
0.5151563286781311
0.3316764831542969
0.3546788990497589
0.46542811393737793
0.4340971112251282
0.31467968225479126
0.6850637197494507
0.7239292860031128
0.24959366023540497
0.26851558685302734
0.560274600982666
0.4445931315422058
0.3323938846588135
1.210956335067749
0.25290268659591675
0.48274844884872437
0.6028687357902527
0.26835042238235474
0.6984570026397705
0.38682788610458374
0.8119348287582397
0.3183538615703583
0.4701952040195465
0.8764691352844238
0.47405752539634705
0.5079788565635681
0.8553738594055176
0.6394836902618408
0.4946008622646332
0.5517139434814453
1.1946284770965576
0.3177330791950226
0.5196703672409058
0.6710016131401062
0.573431134223938
0.33309823274612427
1.2045608758926392
0.3211393356323242
0.5664266347885132
0.7899606227874756
0.37877386808395386
0.4881261885166168
0.2747643291950226
0.6817196607589722
0.3216845393180847
0.48953598737716675
0.7613632678985596
0.48307889699935913
0.33803021907806396
0.7530679702758789
0.4142368733882904
0.5605759620666504
0.6044009327888489
0.4786251485347748
0.5952585935592651
0.2562725841999054
0.910871148109436
0.39507514238357544
0.7507462501525879
0.2974030375480652
0.7550235986709595
0.5005947947502136
0.28153616189956665
0.5892943143844604
0.8458778262138367
0.3585556447505951
0.6193276047706604
0.5019546747207642
0.6192253232002258
0.29296979308128357
0.8138664960861206
0.24695584177970886
0.44444745779037476
0.5219966173171997
0.515102207660675
0.3806283473968506
0.9503973126411438
0.3972242474555969
0.5831996202468872
0.7016611099243164
0.24893908202648163
0.25771859288215637
0.7584406733512878
0.8869976997375488
0.4263126254081726
0.5078675150871277
0.5715436935424805
0.6620029211044312
0.24256566166877747
0.37689608335494995
0.5015609860420227
0.6198043823242188
0.43059077858924866
0.3769358694553375
0.1823756992816925
0.8340597152709961
0.6109265089035034
0.35753512382507324
0.426936537027359
0.6882688999176025
0.5219550132751465
0.7082736492156982
0.9752138257026672
0.3228932023048401
0.7093998789787292
0.5097509622573853
0.8692717552185059
0.19860687851905823
0.786231517791748
0.4409629702568054
0.7563599348068237
0.5830064415931702
0.5452157855033875
0.4294639527797699
0.5928844809532166
0.3359280228614807
0.8708829879760742
0.706203043460846
0.7928974628448486
0.5112386345863342
0.7603579163551331
0.504254937171936
1.025455117225647
0.711417555809021
1.1011896133422852
0.6113750338554382
0.6868777275085449
0.4917483925819397
0.5106781721115112
0.5910415053367615
0.6769178509712219
0.5025252103805542
0.40728554129600525
0.6619809865951538
0.4041061997413635
0.6702567934989929
0.5229375958442688
0.3863115608692169
0.5621000528335571
0.5161662101745605
0.6728567481040955
0.33932584524154663
0.7422102689743042
0.9186652898788452
0.5256720781326294
0.41740554571151733
0.6313764452934265
0.7284612655639648
0.31277117133140564
0.4722035527229309
0.39036324620246887
1.3635210990905762
0.5372816920280457
0.34446531534194946
0.3968888521194458
0.27538689970970154
0.4773513674736023
0.40152043104171753
1.1965572834014893
0.35211506485939026
1.037818431854248
0.684481143951416
0.524092972278595
0.6066091656684875
0.558097779750824
0.6439647078514099
0.39818042516708374
0.6920809745788574
0.3150847554206848
0.5391570329666138
0.5272760391235352
0.47556859254837036
0.5647150278091431
0.7180750966072083
0.39631593227386475
0.743548572063446
0.26250356435775757
0.5659507513046265
0.45599013566970825
0.9991438984870911
0.3565046191215515
1.013472557067871
0.5984940528869629
0.7348085045814514
0.5304397344589233
0.4523851275444031
0.8721252679824829
0.370574414730072
0.6514526605606079
0.5539807081222534
0.5579347014427185
0.742998480796814
0.7510358691215515
0.4945898652076721
0.798515260219574
0.632286012172699
0.41793498396873474
0.26846954226493835
0.5289074778556824
0.40327271819114685
0.4624119699001312
0.4263298511505127
0.6450797319412231
0.6003578901290894
0.5328955054283142
0.4851756691932678
0.5052593946456909
0.523529052734375
0.41195911169052124
0.8076202273368835
0.46732082962989807
0.5683251023292542
0.5546403527259827
0.7398147583007812
0.9914757013320923
0.5084220767021179
0.3532734513282776
0.8551815748214722
0.2344527244567871
0.6882179975509644
0.34179145097732544
0.36999446153640747
0.608281135559082
1.0879762172698975
0.6862309575080872
0.6632249355316162
0.6200249195098877
0.5691381692886353
0.6240532994270325
0.5236722230911255
0.37658509612083435
0.8428505063056946
0.2524660527706146
0.310535728931427
0.7442376613616943
0.4292411208152771
0.5975591540336609
0.7004402279853821
0.34320881962776184
0.35390225052833557
0.41276901960372925
0.5010658502578735
0.6680419445037842
0.4903174340724945
0.47088423371315
0.5074585676193237
0.4258666932582855
0.632186233997345
0.48900923132896423
1.0533545017242432
0.7624068260192871
0.3583671748638153
0.2760639488697052
0.8652356863021851
0.6535446047782898
0.2573621869087219
0.7876207232475281
0.7344628572463989
0.7853081822395325
0.6869204640388489
0.6270931959152222
0.5209473967552185
0.2695678472518921
0.4332500398159027
0.5205381512641907
0.5299005508422852
0.5748915076255798
0.8409703373908997
0.44750064611434937
0.896868109703064
0.46713322401046753
0.5781354308128357
0.7803008556365967
0.5296643376350403
0.32790711522102356
0.4132780432701111
0.38145557045936584
0.45255017280578613
0.6531346440315247
