0.6377722024917603
0.9327033758163452
0.7601737976074219
1.141086459159851
1.0288660526275635
0.8096619844436646
0.6530026197433472
0.9296989440917969
0.5237396955490112
0.8056522607803345
1.0163748264312744
0.9619230031967163
0.9173563718795776
0.6935163140296936
0.695038914680481
0.9491555094718933
0.9583426713943481
0.7079399824142456
0.604134202003479
1.3293087482452393
0.9376657605171204
0.7516078948974609
0.7649224400520325
0.6002591252326965
0.590514063835144
0.6950684785842896
0.7544581890106201
0.40667206048965454
0.8068426847457886
0.83685702085495
0.8663225173950195
1.108060598373413
0.8458301424980164
0.478788286447525
1.0640009641647339
0.6281434297561646
0.8642118573188782
0.5943310856819153
1.081583857536316
0.7614346742630005
0.8145946264266968
0.9664570689201355
1.1568645238876343
0.7265543937683105
0.7944638729095459
0.6481459736824036
0.8060442805290222
0.7644873261451721
0.5174359679222107
0.755492091178894
1.5317904949188232
0.5218764543533325
0.7513896226882935
0.746955931186676
0.7974609136581421
1.169714331626892
0.770925760269165
1.1703157424926758
0.8979875445365906
0.4255743622779846
0.6784785985946655
0.5603001117706299
0.5803349018096924
0.6264825463294983
0.8498929738998413
1.0992501974105835
0.949428915977478
0.827966034412384
0.7049279808998108
0.8905865550041199
0.5048235058784485
0.5655779242515564
1.0212218761444092
0.5478797554969788
0.6547137498855591
0.6951103210449219
0.6707642674446106
0.48148828744888306
0.8030309677124023
0.8880915641784668
0.9247099161148071
0.8675285577774048
0.747850775718689
0.7972031831741333
0.9270716905593872
0.7465947866439819
0.9170109033584595
0.8221495747566223
0.44958406686782837
1.2327492237091064
0.8697444200515747
0.6811653971672058
0.7676616311073303
1.165168285369873
1.1647645235061646
0.838436484336853
0.5039809942245483
0.6269131898880005
0.4730333387851715
0.5608918070793152
0.9698244333267212
0.917724609375
0.8760994672775269
0.9876137971878052
0.7433198690414429
1.2356891632080078
0.5959808230400085
0.6587010622024536
0.6349161267280579
0.8867586851119995
0.4896053373813629
0.7357341051101685
0.9974462389945984
0.9177988171577454
0.6110187768936157
1.2692885398864746
0.8443859219551086
1.2622053623199463
0.7770862579345703
0.9034892916679382
1.096228837966919
1.1733020544052124
1.0351331233978271
0.5965969562530518
0.6987180113792419
1.3349168300628662
0.6287997961044312
0.6761891841888428
0.7246071696281433
0.8432685136795044
1.0061259269714355
0.7389367818832397
1.1693909168243408
0.8635355234146118
0.6702540516853333
0.5445464849472046
1.0307033061981201
0.7994407415390015
0.9040842056274414
0.8266142010688782
0.8786507844924927
0.6376840472221375
0.6508525013923645
0.6743407845497131
0.7944819331169128
0.6531369686126709
0.556242048740387
0.8494580984115601
0.5844884514808655
0.7327668070793152
0.8486932516098022
0.928560733795166
0.6510003805160522
0.7857280969619751
0.7825825214385986
1.0144848823547363
0.7097763419151306
0.6552176475524902
0.6249973177909851
0.5112342834472656
0.7825522422790527
0.8592133522033691
0.7993932962417603
0.6836493015289307
0.7954243421554565
0.673995316028595
0.5319564342498779
0.8588600158691406
0.45042237639427185
0.7750076055526733
0.8480242490768433
0.6088823676109314
0.9965978860855103
0.6888154745101929
1.2971203327178955
0.807427704334259
0.606038510799408
0.9614483118057251
0.6729270815849304
0.8353845477104187
1.0877435207366943
0.5485727190971375
0.8086967468261719
0.6021906733512878
0.8071501851081848
0.6345024704933167
1.1002769470214844
0.8151385188102722
1.0844287872314453
0.5680910348892212
0.7286136150360107
0.5380282402038574
0.9295450448989868
0.7174866795539856
0.5391905307769775
1.3415436744689941
0.540282666683197
0.6114275455474854
1.2100856304168701
0.5692459940910339
0.779396116733551
0.6729427576065063
0.8949524164199829
0.9561386108398438
0.620695948600769
0.7405697107315063
0.6580885648727417
0.8208848834037781
0.7121935486793518
0.9295635223388672
0.7645604014396667
0.6536637544631958
0.834730327129364
0.8680344820022583
0.45467743277549744
0.580419659614563
0.5432671904563904
0.6220299601554871
0.7205647826194763
0.9212676882743835
0.6836517453193665
0.6927574872970581
0.7571297883987427
1.1370136737823486
0.6565409898757935
0.8836290240287781
0.6509487628936768
0.840530276298523
1.2329881191253662
0.7143377065658569
0.6165429353713989
0.7454631924629211
0.8258439898490906
0.6349504590034485
0.596839964389801
0.6072918176651001
0.7347675561904907
0.8931973576545715
0.5759167075157166
0.5177597999572754
1.1298003196716309
1.0633465051651
0.78531813621521
0.8464348912239075
0.8972368240356445
0.46180230379104614
0.5442091226577759
0.843317985534668
0.5178033113479614
0.8094714879989624
0.7757097482681274
0.6129581928253174
0.6685574650764465
0.5388709306716919
0.5882233381271362
0.6199530363082886
0.74189293384552
1.017669916152954
0.6239223480224609
0.6690342426300049
0.48538535833358765
0.8996853828430176
1.0451809167861938
0.6665752530097961
1.3167839050292969
0.475926011800766
0.37453532218933105
0.7977942228317261
0.5057543516159058
1.022314190864563
0.4889523386955261
1.55686616897583
0.2840537130832672
0.8145844340324402
0.8285557627677917
0.8297853469848633
0.742117702960968
0.5705881118774414
0.9338239431381226
0.45411553978919983
0.8422172665596008
1.0159229040145874
0.8241305351257324
0.5733781456947327
1.395285964012146
0.6481022238731384
0.7139526605606079
0.3917158544063568
0.9270070195198059
0.7424152493476868
0.5890271067619324
0.7603524923324585
1.076265573501587
1.0063374042510986
0.6771615147590637
0.5119177103042603
0.4917135238647461
1.188706636428833
0.7328842878341675
0.7575499415397644
0.7505358457565308
0.5269573926925659
1.0299216508865356
1.0725206136703491
0.5423612594604492
0.7554720640182495
0.63083416223526
0.8665030598640442
0.5995227098464966
0.4738530218601227
0.6969348192214966
1.09518563747406
1.162590503692627
0.6168047785758972
0.4025210440158844
0.47623640298843384
0.7226559519767761
1.044150471687317
1.2136521339416504
0.7013349533081055
1.0412698984146118
1.067443609237671
0.46883583068847656
0.699348509311676
1.0384942293167114
1.0112749338150024
0.7436875104904175
0.8049017190933228
0.8827172517776489
0.4345242381095886
0.7498309016227722
1.0074541568756104
0.8718904256820679
0.7943342924118042
0.4755612909793854
0.5975590944290161
1.133568286895752
0.5257548093795776
