0.26205477118492126
0.3720649778842926
1.0514581203460693
0.3099556863307953
0.6542815566062927
0.36813515424728394
0.4825892448425293
0.6557477116584778
0.4356030523777008
0.5233759880065918
0.6865583062171936
0.3658425211906433
0.5589957237243652
0.363482266664505
0.4136393666267395
1.1486068964004517
0.2811485826969147
0.3630453944206238
0.8019877672195435
0.7151358127593994
0.243461012840271
0.6212570071220398
0.43554019927978516
0.17859140038490295
0.48390740156173706
0.43011870980262756
0.42854228615760803
0.5824226140975952
0.49950820207595825
0.5511512160301208
0.41939544677734375
0.5006102323532104
0.6347410082817078
0.7099654078483582
0.30014482140541077
0.5887683033943176
0.3664845824241638
0.5337583422660828
0.4052126407623291
0.2902318835258484
0.2659265398979187
0.5057579278945923
0.2911355495452881
0.6650152206420898
0.4584523141384125
0.5952379703521729
0.15310339629650116
0.6223323941230774
0.7126442193984985
0.2998204827308655
0.2569846510887146
0.8621387481689453
0.3745870590209961
0.23999729752540588
0.34633558988571167
0.4705139994621277
0.38248592615127563
0.6338672041893005
0.7987062335014343
0.29380902647972107
0.3554031252861023
1.4906338453292847
0.2759116590023041
0.4090030789375305
0.6446051597595215
0.8796958923339844
0.2546207904815674
0.4986864924430847
0.4632079601287842
0.4933086335659027
0.2411174327135086
0.4549761712551117
0.21467074751853943
0.283274382352829
0.546209990978241
1.1121721267700195
0.6443292498588562
0.10436822474002838
0.612308144569397
0.2865085005760193
0.43786460161209106
0.5276874303817749
0.6181954145431519
0.6846878528594971
0.5318689346313477
0.6332486867904663
0.37321212887763977
0.5565093755722046
0.7813639640808105
0.4455024302005768
0.2336302250623703
0.6628698110580444
0.7306252717971802
0.4789965748786926
0.5868393182754517
0.6882993578910828
0.6429309248924255
1.584331750869751
0.371602863073349
0.4936162829399109
0.49977412819862366
0.5359592437744141
0.37667208909988403
0.24581852555274963
0.44006356596946716
0.4292159080505371
0.7107797861099243
0.40032535791397095
0.9084092378616333
0.48555636405944824
0.7574513554573059
0.3562890291213989
0.5182186365127563
0.2741392254829407
1.135054588317871
0.469463050365448
0.35992035269737244
0.7309783697128296
0.5707446336746216
0.8248645663261414
0.5830187201499939
0.3336392939090729
0.3393016755580902
0.8060619235038757
0.6681115031242371
0.8015890121459961
0.591537594795227
0.27390676736831665
0.4774755537509918
0.5016724467277527
0.47749805450439453
0.6319326758384705
0.44716501235961914
0.6187721490859985
0.8326443433761597
0.3898572325706482
0.496499240398407
0.3611956238746643
0.9254177808761597
0.5360196828842163
0.49465808272361755
0.3972553312778473
0.521788477897644
0.39846688508987427
0.39662474393844604
0.3802472949028015
0.702771782875061
0.41045427322387695
0.4224008619785309
0.6040074825286865
0.27946820855140686
0.5717695355415344
0.5567677617073059
0.4876165986061096
0.47826260328292847
0.2882969379425049
0.41535091400146484
0.18375566601753235
0.6485754251480103
0.4069247841835022
0.3717529773712158
0.3542702794075012
0.9218997955322266
0.4385867714881897
0.5890219807624817
0.38757890462875366
0.5601837038993835
0.5212117433547974
0.6036778688430786
0.5041400194168091
0.9654346704483032
0.6373006701469421
0.5863466262817383
0.80999356508255
1.0071407556533813
0.5158500671386719
0.5495098829269409
0.412619411945343
0.47478026151657104
0.6814368367195129
0.7576680183410645
0.3033827245235443
0.7136598825454712
0.7400595545768738
0.4504593014717102
0.41018882393836975
0.894238293170929
0.620668888092041
0.42587971687316895
1.1200509071350098
0.7655617594718933
0.6125469207763672
0.8819036483764648
0.49031201004981995
0.3794551491737366
0.6130338907241821
0.5931195616722107
0.33538275957107544
0.42466625571250916
0.5052748322486877
0.4943046569824219
0.7821437120437622
0.5842519402503967
0.35830602049827576
0.565599799156189
0.33139294385910034
0.6297149658203125
0.6233648061752319
0.38760024309158325
0.38698071241378784
0.5988360643386841
0.7718521952629089
0.5799063444137573
0.29720360040664673
0.34919047355651855
0.5950667858123779
0.6023709177970886
0.37047988176345825
0.537752628326416
0.5239025950431824
0.5153194069862366
0.5817514061927795
0.5953536033630371
0.5719107389450073
0.366771399974823
0.5000864267349243
0.9894170761108398
0.8337017297744751
0.399837851524353
1.054451823234558
0.5885411500930786
0.4314180016517639
0.262442946434021
0.25623470544815063
0.5387325286865234
0.223650261759758
0.5794857740402222
0.5217663645744324
0.4214780330657959
0.17827369272708893
0.7664517164230347
0.47993916273117065
0.5317943096160889
0.41602858901023865
0.36460793018341064
0.7764296531677246
0.35487592220306396
0.7727391123771667
0.774985671043396
0.3927425742149353
0.47777804732322693
0.13716630637645721
0.7708169221878052
0.7012920379638672
0.8819220662117004
0.34409433603286743
0.48986345529556274
0.472800076007843
0.792880117893219
0.7185335755348206
1.304264783859253
0.21239301562309265
0.462214857339859
0.5329431295394897
0.565904974937439
0.549807071685791
0.6067460179328918
1.0100758075714111
0.4418256878852844
1.3397022485733032
0.9663211107254028
1.0191290378570557
0.25414350628852844
0.5411273241043091
1.2890050411224365
0.31614571809768677
0.5702559351921082
0.9739996194839478
0.44339466094970703
0.16406871378421783
0.8191574215888977
0.9201408624649048
0.4409659802913666
0.3592844307422638
0.33497610688209534
0.8470637202262878
0.39587751030921936
0.9572752118110657
0.6327016353607178
0.43255776166915894
0.31077975034713745
0.7693884372711182
0.3822386860847473
0.3427969813346863
0.5044972896575928
0.3070487380027771
0.29359936714172363
0.3495136499404907
0.6680188179016113
0.6332792043685913
0.35309088230133057
0.6917991638183594
0.6813565492630005
0.5171883702278137
0.40355634689331055
0.590989887714386
0.5798652768135071
0.6041372418403625
0.20932134985923767
0.5382269620895386
0.6594080924987793
0.5092158317565918
0.48748779296875
0.7326326966285706
0.38367563486099243
0.6139003038406372
0.7395869493484497
0.40383654832839966
0.3118003010749817
0.3239762485027313
0.31415367126464844
0.2309671938419342
0.41606393456459045
0.45494332909584045
0.36300745606422424
1.0425431728363037
0.38232019543647766
1.3203692436218262
0.5319908857345581
0.7677669525146484
0.6063335537910461
0.7768890857696533
0.4022708833217621
0.3594662547111511
1.0836145877838135
0.6171207427978516
0.7366742491722107
0.07715662568807602
