0.17498619854450226
0.7158143520355225
0.4623401165008545
0.5784626007080078
0.6774652004241943
0.7558714747428894
0.7568755149841309
0.636042594909668
0.5192407965660095
0.5582881569862366
0.3645181655883789
0.31444764137268066
0.41002291440963745
0.3779684901237488
0.9908193349838257
0.5987222790718079
0.4510580599308014
0.2079087197780609
0.8134539723396301
0.8604321479797363
0.7559033632278442
0.2751901149749756
0.6329857707023621
0.40448474884033203
0.5583215355873108
0.48019710183143616
1.1777265071868896
0.5391740798950195
0.5326399803161621
0.5504828095436096
0.3201909065246582
0.5340802073478699
0.36502760648727417
0.4143982529640198
0.626530647277832
0.5835415720939636
0.3856995105743408
0.317126601934433
0.2524920105934143
0.5198105573654175
0.7017590403556824
0.2745492160320282
0.8453795313835144
0.2424067258834839
0.44637972116470337
0.24905279278755188
0.31551113724708557
0.4084482192993164
0.3751164972782135
0.5893028378486633
0.297031044960022
0.5756181478500366
0.4809737205505371
0.31537920236587524
0.43123215436935425
0.5608587265014648
0.6456729173660278
0.6936489939689636
0.56407231092453
0.36345261335372925
1.3111493587493896
0.24862456321716309
1.0377544164657593
0.5999962687492371
0.3800603747367859
1.1610502004623413
0.4607771337032318
0.7471797466278076
0.903409481048584
1.0022392272949219
0.8098466992378235
0.5007261037826538
0.45483893156051636
0.2544110119342804
0.36101487278938293
0.28209251165390015
0.6556981801986694
0.46588650345802307
0.5353209972381592
0.6050165891647339
0.48677173256874084
0.7700763940811157
0.6508759260177612
0.17059122025966644
0.33523550629615784
0.4749268889427185
0.43311864137649536
0.2356412708759308
0.41656941175460815
0.5017224550247192
0.22126838564872742
0.6287611722946167
0.3416207432746887
0.5019976496696472
0.27290698885917664
0.6836404800415039
0.6958514451980591
0.28740400075912476
0.6422815918922424
0.6281999349594116
0.8887718319892883
0.4761947989463806
0.4300932288169861
1.11063551902771
0.3760334551334381
0.7261618971824646
0.6397426724433899
0.3614165782928467
0.42025429010391235
0.23405560851097107
0.45789653062820435
0.5540863871574402
0.35361066460609436
0.5974181890487671
0.6045283079147339
0.41840773820877075
0.8075091242790222
1.0770018100738525
0.8483468294143677
0.7617974877357483
0.9680699110031128
0.5413669347763062
0.3398243486881256
0.567266583442688
0.47756949067115784
0.37059012055397034
0.7128122448921204
0.6006099581718445
0.45153170824050903
0.6347512006759644
0.7687879800796509
0.3789747953414917
0.7517490386962891
0.37014976143836975
0.6164015531539917
0.6381455659866333
0.6021930575370789
0.43415993452072144
0.7744201421737671
0.9332368969917297
0.5616422891616821
0.3018946051597595
0.4062461853027344
0.38724204897880554
0.43152523040771484
0.5571438670158386
0.7054377794265747
0.487490713596344
0.6804825663566589
0.8356280326843262
0.45275598764419556
0.24367496371269226
0.6395505666732788
0.2955206334590912
0.328892320394516
0.615281343460083
0.5358850955963135
0.24455289542675018
0.43640628457069397
0.5339601039886475
0.2683582305908203
0.5540987253189087
0.7447948455810547
0.26208409667015076
0.35841137170791626
0.7401665449142456
0.36109450459480286
0.5573858022689819
0.5154563784599304
0.40288954973220825
0.38269108533859253
0.952006459236145
0.43486350774765015
0.34098997712135315
0.4638817310333252
0.278205543756485
0.5855580568313599
0.7901873588562012
0.6819403767585754
0.7090460062026978
1.1072922945022583
0.3644765019416809
0.4013131260871887
0.6984683275222778
0.18673448264598846
0.5939810276031494
0.3523326516151428
0.5379025340080261
0.6855442523956299
0.3526843190193176
0.3800329267978668
0.4836910367012024
0.31972935795783997
0.6427509784698486
0.4839431643486023
0.5328918695449829
0.505212128162384
0.5865505933761597
0.422192245721817
0.608546793460846
0.44825735688209534
0.5342370867729187
0.22056153416633606
0.2812468111515045
0.6467920541763306
0.5106037855148315
0.8889419436454773
0.6337372064590454
0.5283306837081909
0.3897402882575989
0.27003759145736694
0.6145647764205933
0.5549540519714355
0.5417524576187134
0.48010367155075073
0.43952828645706177
0.6759847402572632
0.6963052749633789
0.20522725582122803
0.41274380683898926
0.5218908786773682
0.9495143890380859
0.47702160477638245
0.6873247623443604
0.6600505113601685
0.7257164120674133
0.9225680232048035
0.479958713054657
0.7863416075706482
0.5114536881446838
0.1784069836139679
0.3471980094909668
0.3527255654335022
0.5425480604171753
0.38773593306541443
0.2963285446166992
0.5604346990585327
0.30712708830833435
0.5128838419914246
0.596592903137207
0.4519297480583191
0.500819742679596
0.6948515176773071
1.1954554319381714
0.5155065655708313
0.4739537239074707
0.5681716799736023
0.7697881460189819
0.5153620839118958
0.3261638283729553
0.6011543273925781
0.44478100538253784
0.35386577248573303
0.6860057711601257
0.734708309173584
0.12810185551643372
0.374235600233078
0.5059458017349243
0.26053351163864136
0.6977435946464539
0.5184963345527649
0.1412961184978485
0.6473626494407654
0.9255105257034302
0.36809006333351135
0.8390752673149109
0.6000482439994812
0.18565323948860168
0.8399759531021118
0.2834012806415558
0.3627706468105316
0.4956269860267639
0.4506670832633972
0.5784597992897034
0.5078467130661011
0.8995269536972046
0.639112651348114
0.7405970096588135
0.446061909198761
0.3851255774497986
0.33298808336257935
1.1856666803359985
0.4705130457878113
0.8464228510856628
0.5610130429267883
0.46524912118911743
0.5520258545875549
0.9475085139274597
0.4034833312034607
0.48017817735671997
0.889514148235321
0.37037554383277893
0.513106644153595
0.27908676862716675
0.5651367902755737
0.6024099588394165
0.5100091695785522
0.8631671667098999
0.5233386754989624
1.169541597366333
0.5115821957588196
0.48487481474876404
0.4262155592441559
0.4447815418243408
0.6710622310638428
1.1654473543167114
0.29871201515197754
0.43026795983314514
0.5189186334609985
0.9699114561080933
0.48521584272384644
0.43477994203567505
0.7417060136795044
0.8967388272285461
0.20960085093975067
0.6697326898574829
0.7241730690002441
0.7509332299232483
0.5319544672966003
0.3456774950027466
0.7497943639755249
0.7584590911865234
0.2797759771347046
0.3359829783439636
0.9154675602912903
0.6396061778068542
0.45873719453811646
0.4807744026184082
0.9736925363540649
0.5899253487586975
0.2103273570537567
0.7015610933303833
0.8737996220588684
0.5283223390579224
0.748266875743866
0.3678685426712036
0.6514387130737305
0.5187931656837463
