0.1422480046749115
0.3406866192817688
0.2819482684135437
0.4916996955871582
0.8470926284790039
0.4203089773654938
0.6217362880706787
0.26639994978904724
0.44842395186424255
0.602536141872406
0.4550696909427643
0.18783895671367645
0.5526218414306641
0.5568658709526062
0.5387656092643738
0.5755003690719604
0.4645979404449463
0.5324980616569519
0.3330548405647278
0.5260553359985352
0.35948827862739563
0.4127567410469055
0.5971089005470276
0.6203086972236633
0.6497483253479004
0.6912021636962891
1.5330698490142822
0.44020795822143555
0.1827138066291809
0.7597285509109497
0.30423635244369507
0.4700990319252014
0.5870465040206909
0.4057857096195221
0.7652096748352051
0.5690605044364929
0.5147429704666138
0.39898794889450073
0.31694912910461426
0.8139283061027527
0.38226455450057983
0.6353441476821899
0.4804700016975403
0.6067982316017151
0.5722697377204895
0.315333753824234
0.710694432258606
0.4769488275051117
0.6520044207572937
0.8656290173530579
0.31170886754989624
0.3415393829345703
0.19982805848121643
0.42698806524276733
0.6529043316841125
0.8011919856071472
0.3510500192642212
0.5316598415374756
0.7356297373771667
0.49276599287986755
0.5815829038619995
0.36129993200302124
1.0369036197662354
0.2976839244365692
0.5554745197296143
0.4064902365207672
0.4289848208427429
0.6875581741333008
0.5443575978279114
0.6279228925704956
0.26468878984451294
0.47781068086624146
0.45066747069358826
0.818416953086853
0.4771732687950134
0.49362117052078247
0.1669313758611679
0.4740176796913147
0.3319685459136963
0.31950855255126953
0.3001784682273865
0.3762032389640808
0.1964000016450882
0.42370906472206116
0.5331748723983765
0.49192580580711365
0.33341550827026367
0.5296573042869568
0.6304731369018555
0.541987955570221
0.336221307516098
0.21577735245227814
0.9555160403251648
0.6115041971206665
0.6597541570663452
0.14073021709918976
0.47921568155288696
0.31005650758743286
0.41680508852005005
0.6890020966529846
0.416224867105484
0.4264206886291504
0.42317748069763184
0.21354898810386658
0.4939172863960266
0.5537951588630676
0.7388116121292114
0.5891786813735962
0.39011895656585693
0.36710256338119507
0.5300124883651733
0.6074835658073425
0.7286030650138855
0.26036742329597473
0.5144649744033813
0.6131474375724792
1.3846335411071777
0.6310722231864929
0.19749069213867188
0.6729961633682251
1.41851806640625
0.510130763053894
0.7763275504112244
0.546128511428833
0.43005651235580444
0.4915553033351898
0.2487371861934662
0.4517619013786316
0.3746944069862366
0.46677717566490173
0.5631934404373169
0.6418442726135254
0.43239012360572815
0.82623291015625
0.5069604516029358
0.29781800508499146
0.5045979619026184
0.7015884518623352
1.1777406930923462
0.5672462582588196
0.33027383685112
0.6994427442550659
0.1961154043674469
0.5093164443969727
0.15844330191612244
0.5002828240394592
0.7025381326675415
0.35468369722366333
0.5151969790458679
0.3781534433364868
0.4176437258720398
0.22156020998954773
0.2875983715057373
0.4391818940639496
0.27974557876586914
0.38751110434532166
0.5154800415039062
0.5553638339042664
0.32497942447662354
0.2617523670196533
0.7745058536529541
0.4274526536464691
0.33097928762435913
0.3011753261089325
1.0025732517242432
0.6942198872566223
0.6935063004493713
0.3256770968437195
0.642196536064148
0.9361056089401245
0.6756418943405151
0.34847962856292725
0.3691636323928833
0.6235512495040894
0.3629934787750244
0.8051994442939758
0.6614404916763306
0.27775874733924866
0.5302301049232483
0.5338349938392639
1.0178422927856445
0.32192444801330566
0.665891170501709
0.28452175855636597
0.5078803300857544
0.49437227845191956
0.6718553304672241
0.7585943937301636
0.32790058851242065
0.309182345867157
0.5197620391845703
0.6313959360122681
0.3715827763080597
0.5390612483024597
0.6231707334518433
0.49052196741104126
0.35280320048332214
0.5648232698440552
0.4720858931541443
0.34334373474121094
0.4013407826423645
0.5697125792503357
0.550723671913147
0.70573490858078
0.49911728501319885
0.9616983532905579
0.5487977266311646
0.5767344236373901
0.2682797312736511
0.13028231263160706
0.2142852544784546
0.4122920036315918
1.300600290298462
0.8341296911239624
0.5886096954345703
0.5462136268615723
1.026487112045288
0.7562677264213562
0.27706485986709595
0.23623692989349365
0.643598735332489
0.4188936650753021
0.8938573002815247
0.7062501907348633
0.5163038372993469
0.22627949714660645
0.8384122848510742
0.29891300201416016
0.4481438100337982
0.6810170412063599
0.31712067127227783
0.5218115448951721
0.3443717658519745
0.4687000811100006
0.8527738451957703
0.4120566248893738
0.3653646409511566
0.4914543032646179
0.5986684560775757
0.30385440587997437
0.30590587854385376
0.48646029829978943
0.26894301176071167
0.7126141786575317
0.43434447050094604
0.4747634828090668
0.3699679970741272
0.5389754176139832
0.4635806679725647
0.48925408720970154
0.22030051052570343
0.5632162094116211
0.4043128490447998
0.45935574173927307
0.9192172884941101
0.48180967569351196
0.6325415372848511
0.46188393235206604
1.1206533908843994
0.3708193302154541
0.3844238817691803
0.33664703369140625
0.5639288425445557
0.6303626298904419
0.2348722517490387
0.5846589803695679
0.273630827665329
0.6509462594985962
0.7165958285331726
0.46362727880477905
1.3465814590454102
0.31593939661979675
0.8371545672416687
0.410525381565094
0.5735841989517212
0.3688133656978607
0.6172419786453247
0.6497299075126648
0.7389560341835022
0.5399888753890991
0.9144552946090698
0.9620221257209778
0.7352496981620789
0.4340156018733978
0.5894314050674438
0.23510971665382385
0.37206530570983887
0.43563032150268555
0.4620876908302307
0.7182781100273132
0.42202144861221313
0.47218942642211914
0.6733423471450806
0.8513814806938171
0.5678970813751221
0.9022026062011719
0.46040982007980347
0.7575094103813171
0.22069969773292542
0.6967648267745972
0.35064730048179626
0.2951158285140991
0.2883310914039612
0.7836745381355286
0.606075644493103
0.41169729828834534
0.2704625725746155
0.26592785120010376
0.4073939323425293
0.6145892143249512
0.3518320918083191
0.6430832147598267
0.5236488580703735
0.5782235860824585
0.7870133519172668
0.3419676125049591
0.47028493881225586
0.34847885370254517
0.6873710751533508
0.320155531167984
0.5127483606338501
0.44671210646629333
0.6112676858901978
0.4641473889350891
0.5128191709518433
0.5499967932701111
0.5475289225578308
0.6769458651542664
0.1563107967376709
0.42071622610092163
0.5846132040023804
0.6727795600891113
0.37241920828819275
0.8745754957199097
0.4510047435760498
0.6941622495651245
0.31293579936027527
0.5566210150718689
