0.5359658598899841
0.3700059950351715
0.361545205116272
1.6269035339355469
0.2685830295085907
0.9100780487060547
0.4314092695713043
0.32762694358825684
0.8240429162979126
0.4285781979560852
0.4004859924316406
0.477121502161026
0.7422487735748291
0.8611451983451843
0.5081292390823364
0.7264735698699951
0.7405807375907898
0.36507415771484375
0.5640617609024048
0.440822035074234
0.3755566477775574
0.3296748995780945
0.5049470663070679
0.47237950563430786
0.3140809237957001
0.7488991022109985
0.35782089829444885
0.9395926594734192
0.8064705729484558
0.6147674322128296
0.4262915253639221
0.5239354968070984
0.35262608528137207
0.5540672540664673
0.6914475560188293
0.39048314094543457
0.6025592684745789
0.8359716534614563
0.8796303868293762
0.6169769763946533
0.585778534412384
0.5441350936889648
0.6893541216850281
0.439139187335968
0.4876628518104553
0.8771958351135254
0.9454154968261719
0.7421252131462097
0.8263513445854187
0.31717416644096375
0.37787872552871704
0.47559505701065063
0.5781863331794739
0.48616257309913635
0.43352627754211426
0.6301878094673157
0.9460715055465698
1.1059926748275757
0.4273606240749359
0.16353435814380646
0.5428784489631653
0.9256746172904968
0.7769796848297119
0.46162015199661255
0.53215491771698
0.9960149526596069
0.4991458058357239
0.5749815106391907
0.6899530291557312
0.3735129237174988
0.276350200176239
0.6181311011314392
0.63787442445755
0.6501549482345581
0.3069611191749573
0.35558590292930603
0.48455706238746643
0.40616169571876526
0.7908953428268433
0.44137367606163025
0.4442521929740906
0.7032751441001892
0.9868232607841492
0.25435149669647217
0.5482145547866821
0.41012731194496155
0.40396031737327576
0.3294394612312317
0.8593328595161438
0.8555906414985657
0.710785984992981
0.4329165518283844
0.5793148875236511
0.6123568415641785
0.9668458700180054
0.5504142642021179
0.33850622177124023
0.34403082728385925
0.49282950162887573
0.7822787165641785
0.28463783860206604
0.9155336618423462
0.2051297128200531
0.6205348372459412
0.5432029962539673
0.38738498091697693
0.5495374798774719
0.5445801615715027
0.4005672335624695
0.519199013710022
0.6728072166442871
0.47358447313308716
0.5580658912658691
0.2764151990413666
0.41151633858680725
0.2178586721420288
0.38595709204673767
0.6845364570617676
0.4411788880825043
0.5865441560745239
0.7478196024894714
0.5245550274848938
0.38770556449890137
0.2868366241455078
0.5849364995956421
0.6312650442123413
1.1834182739257812
0.6479783654212952
0.8775836229324341
0.77618807554245
0.7137001752853394
0.7683553099632263
0.27248287200927734
0.19757215678691864
0.3347168564796448
0.5992240309715271
0.35238441824913025
0.5718685388565063
0.5359979867935181
0.5989319682121277
0.433549702167511
0.23075199127197266
0.3142695426940918
0.42502814531326294
0.3948427736759186
0.8753523826599121
0.3708961009979248
0.38195547461509705
0.6756841540336609
0.4811052680015564
0.2805941700935364
0.6244126558303833
0.24314174056053162
0.5114492177963257
0.41868478059768677
0.6280745267868042
0.3729814291000366
0.8238127827644348
0.24150988459587097
0.7241320610046387
0.8926633596420288
0.6053388714790344
0.5586861371994019
0.4703267216682434
0.8270342946052551
0.4649726450443268
0.40220198035240173
0.8939602971076965
0.57554692029953
1.4956661462783813
0.9975072145462036
0.38300764560699463
0.5168317556381226
0.35236790776252747
0.7277578115463257
0.7407241463661194
0.45351356267929077
1.5101548433303833
0.629740834236145
0.34414660930633545
0.38049834966659546
0.48809370398521423
0.84532231092453
0.4082084596157074
0.4387900233268738
0.5685807466506958
0.6494113802909851
0.3468072712421417
0.5399738550186157
0.7948862314224243
0.537184476852417
0.6287721395492554
0.6620293855667114
0.4136902689933777
0.47218090295791626
0.2714765965938568
0.24928875267505646
0.6190023422241211
0.20553886890411377
0.36016470193862915
0.5023118257522583
0.46513813734054565
0.3412618041038513
0.8943490982055664
0.49525952339172363
0.7564436197280884
0.6703256368637085
0.28215673565864563
0.2299310714006424
0.5949319005012512
0.41932907700538635
0.3504321873188019
0.6426886320114136
0.9687579870223999
0.4911755919456482
0.5322562456130981
1.0982544422149658
0.894668459892273
0.39793580770492554
0.29416951537132263
0.7472018003463745
0.40548402070999146
0.35876530408859253
0.5005173087120056
0.592194676399231
0.5513622164726257
0.27118343114852905
0.8824990391731262
0.9812984466552734
0.527525782585144
0.6025364995002747
0.5890732407569885
0.46242088079452515
0.23318326473236084
0.4678354859352112
1.036380410194397
0.4932766854763031
0.7982668280601501
0.6601623296737671
0.4936803877353668
0.3077433705329895
0.811865508556366
0.2601602375507355
0.3073994517326355
0.7277924418449402
1.3473570346832275
0.6073236465454102
0.40802401304244995
0.37634915113449097
0.2960578501224518
0.5165980458259583
1.02113938331604
0.5550562143325806
0.2914147675037384
0.569889485836029
0.300321489572525
0.31528088450431824
0.8624080419540405
0.38405272364616394
0.47978782653808594
0.3654664158821106
0.5939325094223022
0.2934163212776184
0.7133258581161499
0.4849849343299866
0.1446661353111267
0.9843997955322266
0.3352406620979309
0.4752369821071625
0.1847718209028244
0.38867896795272827
1.0169626474380493
0.8954989314079285
0.6166256070137024
0.3185025751590729
0.4766537547111511
0.6020212769508362
0.4869305491447449
0.30143260955810547
0.37752965092658997
0.36275869607925415
0.17429348826408386
0.48055416345596313
0.3663017749786377
0.9588345289230347
0.45051661133766174
0.5724676251411438
0.33493977785110474
0.2860682010650635
0.9483054876327515
0.8974994421005249
0.36577075719833374
0.4374102056026459
0.3386334478855133
0.4436953067779541
0.3018912076950073
0.43781009316444397
0.44182223081588745
0.8797065019607544
0.43847379088401794
0.47251638770103455
0.4173734188079834
0.38265931606292725
0.42307835817337036
0.5444985628128052
0.22094818949699402
0.4092320501804352
0.5701025128364563
0.4139418601989746
0.2937755584716797
0.40505290031433105
0.6876825094223022
0.5260839462280273
0.5427605509757996
0.8521398305892944
0.38407307863235474
0.2512608468532562
0.8486788868904114
0.7973765134811401
0.5694705843925476
0.5580524206161499
0.39328423142433167
0.7211359739303589
0.18254835903644562
0.5717183947563171
0.26973146200180054
0.492736279964447
0.8781226873397827
0.5929260849952698
0.2859272360801697
0.3984847068786621
0.31388550996780396
1.1006066799163818
0.777134895324707
0.4515431821346283
0.48434799909591675
1.0304973125457764
1.78018319606781
