0.342473566532135
0.775450587272644
0.3403087258338928
0.4033645689487457
0.8067523241043091
0.5359688997268677
0.38077905774116516
0.6570316553115845
0.30636677145957947
0.4531171917915344
0.5059856176376343
0.4599366784095764
0.4087020754814148
0.6015625
0.30659371614456177
0.42551350593566895
0.24801099300384521
0.38416358828544617
0.4878215193748474
0.5048729777336121
0.36906614899635315
0.9409562945365906
0.13644862174987793
0.42182427644729614
0.5353999137878418
0.5959699749946594
0.36226409673690796
0.7455369234085083
0.5919331908226013
0.41412824392318726
0.3610188066959381
0.462161123752594
0.4416888654232025
0.5219106078147888
0.2578059732913971
0.31629160046577454
0.5531970858573914
0.4408465027809143
0.7567970156669617
0.13442356884479523
0.3608108162879944
0.7269049882888794
0.8410989046096802
0.9787963032722473
0.4055841863155365
0.3894205689430237
0.6489092111587524
0.8308842778205872
0.33760762214660645
0.4606137275695801
0.4643266797065735
0.48471975326538086
0.584567129611969
0.6182795763015747
0.4379277229309082
0.30561983585357666
0.8187225461006165
0.4634159505367279
0.44618090987205505
0.5723640322685242
0.3974972069263458
0.2024925947189331
0.7333785891532898
0.2689822018146515
0.6527695655822754
0.20842568576335907
0.7727351784706116
0.4165573716163635
0.6973701119422913
0.6471500396728516
0.29282495379447937
0.6092309951782227
0.6506549715995789
0.2853294909000397
0.4789285659790039
0.31085535883903503
0.6025155186653137
0.30143654346466064
0.3443036675453186
0.7577422857284546
0.3818451762199402
0.2653384804725647
0.8500563502311707
0.3137141764163971
0.5184720754623413
0.4237004220485687
0.648379921913147
0.5305954217910767
0.4842086434364319
0.27241066098213196
0.3517628312110901
0.5131057500839233
0.9000004529953003
0.8121522665023804
0.27245956659317017
0.5853480100631714
0.3641010820865631
0.5398495197296143
0.36916685104370117
0.4966031610965729
0.3105732798576355
0.7129560112953186
0.5353454947471619
0.5710690021514893
0.6976364254951477
0.8304716348648071
0.48091498017311096
0.6443977355957031
0.7847080230712891
0.6547101736068726
0.551164984703064
1.1460282802581787
0.8391262292861938
0.49715572595596313
0.6752530336380005
0.5390037298202515
0.934252917766571
0.4586201608181
0.39308714866638184
0.3398001194000244
0.5892969965934753
0.5757755041122437
0.4686657786369324
0.7343313097953796
0.387744665145874
0.6476330757141113
0.4625980257987976
1.3618340492248535
0.8870164155960083
0.46507182717323303
0.2883699834346771
0.6002134084701538
0.34209465980529785
0.45305585861206055
0.28104785084724426
0.397763192653656
0.49130067229270935
0.26530328392982483
0.5635029077529907
0.4117870330810547
0.6746910810470581
0.7975669503211975
0.5254406332969666
0.5839916467666626
0.6457619667053223
0.566275954246521
0.7508293986320496
0.21365141868591309
0.739190936088562
0.6365294456481934
0.35291457176208496
0.39507412910461426
0.2903899550437927
0.43859490752220154
0.39638787508010864
0.5104674696922302
0.7739245295524597
0.620206892490387
0.29038965702056885
0.6812825202941895
1.3163139820098877
0.8211774826049805
0.7585063576698303
1.0714194774627686
0.9325237274169922
0.4944886267185211
0.33222293853759766
0.7426391243934631
0.4145015776157379
0.5859493017196655
0.4808364510536194
0.4709100127220154
0.183132141828537
0.47977781295776367
0.6155365705490112
0.23264500498771667
0.25669464468955994
0.27372419834136963
0.40540188550949097
0.31595271825790405
0.6168028116226196
0.6854321956634521
0.5170384645462036
0.2613864541053772
0.40014535188674927
0.8035839796066284
0.7559236288070679
0.41342443227767944
0.2674542963504791
0.7452532649040222
0.539680540561676
0.3359107971191406
0.4427167773246765
0.43393030762672424
0.42605313658714294
0.4428223669528961
0.26251980662345886
1.0858172178268433
0.29662612080574036
0.3826896846294403
0.417818546295166
0.5184063911437988
0.4258212149143219
0.37307247519493103
0.726434588432312
0.677892804145813
0.4503234028816223
0.6685928106307983
0.7190054059028625
0.7536973357200623
0.5386227369308472
0.46780887246131897
0.5635507106781006
0.3800506591796875
0.464620977640152
0.49271154403686523
0.46373414993286133
0.7706233263015747
0.20916371047496796
0.4608701765537262
0.2591351568698883
0.5052472352981567
0.7134023904800415
0.4210076928138733
0.5767467617988586
0.4735613763332367
0.24148349463939667
0.4189726710319519
0.43069571256637573
0.9571892023086548
0.5516467094421387
0.37572258710861206
0.6923395395278931
0.32316017150878906
1.0647798776626587
0.5410546660423279
0.47728151082992554
0.797175407409668
0.2849486768245697
0.6885374188423157
0.35901975631713867
0.29230043292045593
1.0294277667999268
0.2660357356071472
0.52595454454422
0.7120778560638428
0.15663418173789978
0.2113012820482254
0.3998628258705139
0.39743292331695557
0.4002099633216858
0.817914605140686
0.36824333667755127
0.7371843457221985
0.4809291958808899
0.7850106358528137
0.2411879301071167
0.3787841200828552
1.1720669269561768
0.5911977887153625
0.3654789328575134
0.5661347508430481
0.5463284254074097
0.297055721282959
0.5928767919540405
0.48161372542381287
0.3644545376300812
0.7016848921775818
0.7327609062194824
0.36491724848747253
0.6674017906188965
0.44876307249069214
0.5573741793632507
0.5576111078262329
0.32924556732177734
0.3980172574520111
0.5191534757614136
0.43459248542785645
0.4327812194824219
0.9355217218399048
0.6399253606796265
0.6762313842773438
0.7824909687042236
0.7001729011535645
0.7278216481208801
0.9298012852668762
0.6023569703102112
0.529411256313324
0.8472603559494019
0.7997488975524902
0.4811127781867981
0.3038638234138489
0.41121286153793335
0.6168821454048157
0.5825077891349792
0.4274829924106598
0.5279717445373535
1.2200467586517334
0.5414895415306091
0.7734089493751526
0.2988518476486206
0.4319462776184082
1.1754759550094604
0.8868216276168823
0.4248431622982025
0.6396039724349976
0.235320046544075
0.8307392001152039
0.432455837726593
0.6418561339378357
0.7554687261581421
0.22345106303691864
0.28743791580200195
0.545416533946991
0.76823490858078
0.5709257125854492
0.33854931592941284
0.31891465187072754
0.3565397262573242
0.6763350367546082
0.4242827296257019
0.3460501432418823
0.5662765502929688
0.2833908796310425
0.3189855217933655
0.5540940761566162
0.646438717842102
0.5161851644515991
0.7982708215713501
0.657762348651886
0.8054426312446594
0.251558393239975
0.3872876763343811
0.46354857087135315
0.7962967157363892
1.5479849576950073
0.40374717116355896
1.7392507791519165
