0.8020980954170227
0.6630301475524902
0.7106700539588928
0.6567672491073608
0.395841121673584
0.7882843613624573
0.6083570718765259
0.46360936760902405
0.7483223676681519
0.5188969373703003
0.47729068994522095
0.5089260339736938
0.5510297417640686
0.7350152134895325
0.36726394295692444
0.8778322339057922
0.230390265583992
0.34376460313796997
0.4452250897884369
0.3927510380744934
0.6497625708580017
0.29994097352027893
0.43324223160743713
0.5209788680076599
1.5117758512496948
0.31646910309791565
0.3034840226173401
1.0762782096862793
0.6116183400154114
0.36744704842567444
0.5243434906005859
0.6192346811294556
0.8525183796882629
0.8391311764717102
0.5182133316993713
0.39161795377731323
0.3437725603580475
0.6537194848060608
0.4796472489833832
0.814252495765686
0.49956566095352173
0.5810059309005737
0.8146527409553528
0.4502977430820465
0.34822359681129456
0.6559097766876221
0.5283886194229126
0.6611194610595703
0.5169731974601746
0.5993062257766724
0.2876966595649719
0.6303431391716003
0.13828033208847046
0.3042570650577545
0.250551700592041
0.3948596119880676
0.6725438833236694
0.48425015807151794
0.8635543584823608
0.34942731261253357
0.6893391609191895
0.6667004823684692
0.28026244044303894
0.39641690254211426
0.8550480008125305
0.593515157699585
0.5631004571914673
0.39572885632514954
1.12685227394104
0.9169535636901855
0.23212966322898865
0.655846893787384
0.6130446195602417
0.612669825553894
0.39035940170288086
0.36718201637268066
0.6268845200538635
0.38474732637405396
0.9542239308357239
0.22913241386413574
0.4275386929512024
0.5776020288467407
0.35637104511260986
0.3768264651298523
0.751988410949707
0.26773178577423096
0.4349324107170105
0.3248312175273895
0.6602746844291687
0.5795305371284485
0.9186801910400391
0.7021300196647644
1.0428988933563232
0.5457853078842163
0.2796214520931244
0.9029451608657837
0.3958665430545807
0.5012490153312683
0.26200804114341736
0.9483343958854675
0.34362223744392395
0.6293851733207703
0.29990535974502563
0.6464145183563232
0.3505564332008362
0.40829333662986755
0.3689189553260803
0.7002895474433899
0.28568190336227417
0.36009758710861206
0.6516416072845459
0.4471127390861511
0.31843870878219604
0.36053282022476196
0.2853109836578369
0.5879319310188293
0.43023180961608887
0.3238064646720886
0.2400013953447342
0.38812386989593506
0.5214477181434631
0.7843208909034729
0.31149590015411377
0.5728146433830261
0.27087879180908203
0.7400903105735779
0.8195852041244507
0.4038711190223694
0.535197377204895
0.3514366149902344
0.576388418674469
0.5245106816291809
0.7695388793945312
0.1486094743013382
0.3353673219680786
0.4852103292942047
0.3565511703491211
0.6500906348228455
0.5046313405036926
0.6502690315246582
0.5515186190605164
0.3870682716369629
0.6514959931373596
0.5378105640411377
0.60909104347229
0.2882288992404938
0.9240955114364624
0.7995640635490417
0.4944431185722351
1.29326593875885
0.7800605297088623
0.2703208923339844
0.2110826075077057
0.5429049730300903
0.3473037779331207
0.4841504991054535
0.505911648273468
0.3242376446723938
0.454338401556015
0.28554147481918335
1.2939696311950684
0.3457709848880768
0.5256069898605347
0.7366167902946472
0.3475069999694824
0.7990381121635437
0.32764333486557007
0.47718819975852966
0.46712836623191833
0.7079551815986633
0.4330224394798279
0.7821468114852905
0.3819926083087921
0.324497789144516
0.3109046220779419
0.827732264995575
0.4758121967315674
0.32685256004333496
0.3076280355453491
0.572701096534729
0.4680684208869934
0.7309290170669556
0.6698686480522156
0.29692819714546204
0.275166392326355
0.26949232816696167
0.35736721754074097
0.4149366319179535
0.9067708849906921
0.4864603579044342
0.49729299545288086
1.065234899520874
0.687746524810791
0.7272056341171265
0.47547706961631775
0.6261817216873169
0.694105327129364
0.45277661085128784
0.5267959833145142
0.2875880300998688
0.4480131268501282
0.9739145040512085
0.3956993818283081
0.32368385791778564
0.6923861503601074
0.31881874799728394
0.4543532431125641
0.5331646203994751
0.25710010528564453
0.37951183319091797
0.38089147210121155
0.5934649705886841
0.39215946197509766
0.2651509642601013
0.606194794178009
0.6114069223403931
0.6548612713813782
0.5763972997665405
0.4002581238746643
0.6324068307876587
0.38816556334495544
0.6242038011550903
0.35900431871414185
0.6998069882392883
0.5923960208892822
0.8970285654067993
0.6069194078445435
0.5606690645217896
0.5333813428878784
0.469917356967926
1.1044481992721558
0.36118489503860474
0.3849402964115143
0.3983888626098633
0.4588632583618164
0.39788001775741577
0.7110396027565002
0.3000566363334656
0.7132245302200317
0.46006402373313904
0.9784258008003235
0.3905174136161804
0.45995837450027466
0.6660303473472595
0.5102909207344055
0.3559596538543701
0.5199490785598755
0.3953079581260681
0.9461326599121094
0.9204446077346802
0.47162771224975586
0.29413026571273804
0.4291413426399231
0.43910208344459534
0.39667683839797974
0.36322441697120667
0.42272648215293884
0.6554715037345886
0.9084694981575012
0.9053290486335754
0.5721432566642761
0.6687303781509399
0.5390660166740417
0.4020373821258545
0.3705211579799652
0.662294864654541
0.5708805322647095
0.3759392499923706
0.3621065616607666
0.9925886988639832
0.3263847529888153
0.32991230487823486
0.4753687381744385
0.46732282638549805
0.05934067815542221
0.3937975764274597
0.6321665048599243
0.26958557963371277
0.5802778005599976
0.470645010471344
0.45854949951171875
0.6848227381706238
0.4287968575954437
0.7983096837997437
0.3335863947868347
0.4121328890323639
0.6931316256523132
0.4160594344139099
0.5245274305343628
0.5834029316902161
0.3322584629058838
0.35664093494415283
0.6556397676467896
0.29309844970703125
0.3953372836112976
1.0382801294326782
0.6825551390647888
0.30567318201065063
0.6159969568252563
0.5874840617179871
0.7337211966514587
0.8656805157661438
0.376090943813324
1.054689884185791
0.4215227961540222
0.9959326982498169
0.6002873182296753
0.3779226839542389
0.5029241442680359
0.5175989866256714
0.4193325936794281
0.5954848527908325
0.47182637453079224
0.2988663613796234
0.7281430959701538
0.6737369298934937
0.6972653269767761
0.42229023575782776
0.5004881620407104
0.5847066640853882
0.68199223279953
0.5222135782241821
0.7171541452407837
0.4815732538700104
0.6065199971199036
0.6449774503707886
0.4667649269104004
0.4296535551548004
0.35782113671302795
0.5320779085159302
0.35069724917411804
0.39415985345840454
0.9335649609565735
0.5347339510917664
0.42549699544906616
0.4715415835380554
0.6171180009841919
0.8424702286720276
