0.5132511258125305
0.41894689202308655
0.6396262049674988
0.7200521230697632
0.4963076710700989
0.5259362459182739
0.9494797587394714
0.2984462380409241
0.3684466481208801
0.5076206922531128
0.40852126479148865
0.8122057914733887
0.5422603487968445
1.3545303344726562
0.7203237414360046
0.6492778062820435
0.9906260371208191
0.344973087310791
0.6601861715316772
0.7513022422790527
0.825903594493866
0.4608093202114105
0.540166974067688
1.278304934501648
0.31574127078056335
0.4514564573764801
0.3988206386566162
0.5725681781768799
0.542016863822937
0.3139170706272125
0.4665440618991852
0.9741660952568054
0.3289184272289276
0.5239312052726746
0.7202166318893433
0.5881552696228027
0.7624866366386414
0.3242204487323761
0.8861106634140015
0.49980440735816956
0.23348072171211243
0.6041854023933411
0.9042552709579468
0.44026488065719604
0.2601073384284973
0.5212087631225586
0.7476435303688049
0.43586888909339905
0.25411921739578247
0.32280999422073364
0.33160144090652466
0.6935902237892151
1.1862448453903198
0.5954275131225586
0.5676707029342651
0.47727346420288086
0.5049803853034973
0.5672487020492554
0.665102481842041
0.32668057084083557
0.44117897748947144
0.5936684608459473
0.42475754022598267
0.57481849193573
0.5727133750915527
0.24726727604866028
0.478868305683136
0.5985287427902222
0.32064175605773926
0.41008615493774414
0.7042542695999146
0.23583373427391052
0.41283732652664185
0.5592383146286011
0.7121289968490601
0.542453408241272
0.499594122171402
0.5376840233802795
0.22673764824867249
0.48119670152664185
0.36222535371780396
0.2543267607688904
0.6698983907699585
0.2830841541290283
0.44580382108688354
0.26745492219924927
0.32942116260528564
0.6161907911300659
0.47179263830184937
1.12991201877594
0.6055209040641785
0.7494094967842102
0.2962285280227661
0.8497697710990906
0.3264616131782532
0.34263673424720764
0.46629905700683594
0.24121816456317902
0.5996920466423035
0.244545578956604
0.34061112999916077
0.7962201833724976
0.7785886526107788
0.4382250905036926
0.6857956647872925
0.5503534078598022
0.23510202765464783
0.538633406162262
0.3271469175815582
0.5732003450393677
0.6135777235031128
0.4626113772392273
0.8161266446113586
0.6654950380325317
0.21641147136688232
0.6254335641860962
0.4257187247276306
0.3025949001312256
0.34023696184158325
0.4714213013648987
0.5922068357467651
0.599694550037384
0.45259374380111694
0.2874659299850464
0.7443004846572876
0.44231805205345154
0.40110883116722107
0.44588160514831543
0.9007200002670288
0.5520672798156738
0.38089293241500854
0.4798417091369629
0.3755841553211212
0.5390447378158569
0.5525324940681458
0.6382750272750854
0.4436280131340027
0.5409380197525024
0.42169123888015747
0.5741402506828308
0.24481120705604553
0.3722246289253235
0.25715360045433044
0.6057063341140747
0.8660362362861633
1.015307068824768
0.35762906074523926
0.39949163794517517
0.33526259660720825
0.6132158041000366
0.2657824158668518
0.6060365438461304
0.5546295046806335
0.3471442461013794
0.7005804777145386
0.41706418991088867
0.5159325003623962
0.8624303936958313
0.8357078433036804
0.7073243856430054
0.9515460729598999
0.9686986804008484
0.3409148156642914
0.83759605884552
0.5399008393287659
0.2590610086917877
0.5273588299751282
0.2696097493171692
0.28698256611824036
0.7892358899116516
0.3461213707923889
0.46687889099121094
0.517964780330658
0.480161190032959
0.8780627250671387
0.5425987839698792
0.3732299208641052
0.27860888838768005
1.2377939224243164
0.32405585050582886
0.40092024207115173
0.3732002079486847
0.653649628162384
0.29831284284591675
0.6430038213729858
0.30226996541023254
0.8646553754806519
0.5206043124198914
0.4574899673461914
0.2969735264778137
0.5205545425415039
0.7627710103988647
0.4472830295562744
0.48898428678512573
0.6620439291000366
0.5248280763626099
1.3111649751663208
0.9178770184516907
0.5948106050491333
1.078312635421753
0.6607404947280884
0.9865954518318176
0.5904549360275269
0.5726049542427063
0.2210024893283844
0.47028225660324097
0.8254607915878296
0.5440887808799744
0.44155970215797424
0.22294704616069794
0.7531260251998901
0.500845193862915
0.6206251978874207
0.8475569486618042
0.35234513878822327
0.5855869054794312
0.41648826003074646
0.9160524606704712
0.45115795731544495
0.6422746777534485
0.31685417890548706
0.4846172332763672
0.6743171215057373
0.5149850249290466
0.8529459238052368
1.013730764389038
0.9170330166816711
0.6693575382232666
0.6767880320549011
0.823201060295105
0.6882546544075012
0.19333703815937042
0.4718407988548279
0.5273175835609436
0.4791751801967621
0.2930956184864044
0.46076875925064087
0.3953154683113098
0.8156030774116516
0.8597434759140015
0.8896188735961914
0.43451690673828125
0.26850515604019165
0.4149840474128723
0.5076351761817932
0.297069251537323
0.6878868341445923
0.5826693773269653
0.4940907061100006
0.39508700370788574
0.23979750275611877
0.4579586088657379
0.7079758048057556
0.2542652189731598
0.9079453349113464
0.6525867581367493
0.47863277792930603
0.8323272466659546
0.3982519209384918
0.7639836668968201
0.5634971261024475
0.5250220894813538
0.9002705812454224
0.9835874438285828
0.3385542929172516
0.6199323534965515
0.3302420377731323
0.3864297866821289
0.72271329164505
0.44621506333351135
0.39250773191452026
0.6326436400413513
0.3335174322128296
0.34667474031448364
0.5433764457702637
0.22996382415294647
0.35942351818084717
0.8717008829116821
0.6565717458724976
0.3005538582801819
0.5069773197174072
0.4615561366081238
0.4244232177734375
0.5222541093826294
0.8024368286132812
0.7589886784553528
0.28365248441696167
0.47372469305992126
0.7881590127944946
0.47723856568336487
0.20002111792564392
0.4495582580566406
0.24289961159229279
0.5901002287864685
0.465111643075943
0.7413967847824097
0.30210113525390625
0.5590452551841736
0.18608736991882324
0.31984955072402954
0.8601520657539368
0.5100587606430054
0.5701020956039429
0.4651799201965332
1.0445557832717896
0.8537750244140625
0.6092549562454224
0.5956599712371826
0.552736759185791
0.4863394796848297
0.606507420539856
0.4366026520729065
0.14616253972053528
0.34256961941719055
0.8360522985458374
0.3223579525947571
0.260641485452652
0.4170766770839691
0.6540075540542603
0.2808346152305603
0.40441617369651794
0.32144713401794434
0.32563695311546326
0.3802543580532074
0.3484645485877991
0.4075181484222412
0.30259275436401367
0.3126404881477356
0.6900439858436584
0.5576798319816589
0.3893572688102722
0.5185175538063049
0.38072797656059265
0.5242348909378052
0.40939903259277344
0.9309722781181335
0.9106023907661438
0.7331830859184265
