0.5941284894943237
0.7291316986083984
0.818394660949707
1.3006486892700195
0.7114753127098083
0.8656385540962219
0.8232759237289429
0.8892260789871216
0.5584055185317993
0.6571332216262817
0.46206945180892944
0.7111342549324036
0.4584291875362396
0.85625159740448
0.9233198165893555
1.0443388223648071
0.7914687395095825
0.6196714639663696
0.6937366724014282
0.5019392967224121
0.6978825330734253
0.6854649186134338
0.4264979362487793
0.7467983961105347
1.0118932723999023
1.0141160488128662
0.8228595852851868
0.9559030532836914
0.7465747594833374
0.6383897066116333
0.5967249870300293
0.6212236881256104
0.6891248226165771
1.181780219078064
1.1092475652694702
0.9113043546676636
0.9126016497612
1.2172752618789673
0.5492108464241028
0.8928812146186829
0.7366349697113037
0.657720685005188
0.4072692394256592
0.6535159349441528
0.3868557810783386
0.8193145990371704
0.4668629765510559
0.6593267321586609
1.1456298828125
0.7393075227737427
1.4030812978744507
1.057288646697998
0.9083787202835083
0.4449925422668457
1.190070390701294
0.854629397392273
0.5913337469100952
1.134142279624939
0.5044053792953491
0.6581118702888489
1.055785894393921
0.7827050089836121
0.5247971415519714
0.46256303787231445
0.33398309350013733
0.5676912665367126
0.9526376724243164
0.8143852949142456
0.7447090148925781
0.7009819746017456
1.0661875009536743
0.952242374420166
0.7732419967651367
0.8641277551651001
0.5186492204666138
0.434134304523468
0.5190496444702148
1.024704098701477
1.2385669946670532
1.1103942394256592
0.5014526844024658
0.5398569107055664
1.2733186483383179
0.9952391386032104
0.42520231008529663
0.5129299163818359
1.2671964168548584
1.1392794847488403
0.9031548500061035
0.8198644518852234
0.7919849157333374
0.9669241905212402
0.5805370807647705
0.780520498752594
0.5846842527389526
0.7622202634811401
0.6167579293251038
1.020014762878418
0.5456770658493042
0.5527639389038086
1.040385127067566
0.7427996397018433
1.3515516519546509
0.6344457268714905
1.1698174476623535
0.7882776856422424
0.6567442417144775
0.7057238817214966
0.9554483294487
0.6937780380249023
0.531950831413269
0.6541186571121216
0.8713038563728333
0.6753987073898315
0.4406607747077942
0.548970103263855
0.9490483999252319
1.4707472324371338
1.0122687816619873
0.7272444367408752
0.5207015872001648
0.8543826937675476
0.9751718640327454
0.6526167988777161
0.9077526330947876
0.5512653589248657
0.7737423777580261
1.142809271812439
1.0452600717544556
0.6323188543319702
0.9119749069213867
0.6851940155029297
0.864234447479248
0.6742904782295227
0.6469287872314453
0.8668076395988464
0.8934230804443359
0.81169593334198
0.7692556381225586
1.0980063676834106
0.7635946869850159
1.06842041015625
0.8621954917907715
0.49382463097572327
0.5771963596343994
0.9672845005989075
0.5946149826049805
0.9198142290115356
0.5031659603118896
0.9860966801643372
0.845100998878479
0.9801367521286011
0.7293795347213745
0.8832160830497742
0.554344654083252
1.0014832019805908
0.4685344696044922
0.7140740752220154
0.7229866981506348
0.6004364490509033
0.5343652963638306
0.5449610948562622
1.1030551195144653
1.0406711101531982
0.8046333193778992
0.8648041486740112
0.6341975927352905
0.8395841717720032
1.3359674215316772
0.5732662081718445
0.6141327023506165
0.8323414921760559
1.0811896324157715
0.7492390871047974
0.5442643761634827
0.37740862369537354
1.039469838142395
0.577574610710144
0.7682946920394897
1.3375532627105713
0.753279447555542
0.8535680770874023
0.8142355680465698
0.4863007664680481
0.7363928556442261
0.4931963384151459
0.7410652041435242
0.668246865272522
0.8329540491104126
0.48279643058776855
0.4992210268974304
0.6678428649902344
0.5316011309623718
1.0515633821487427
0.8092268109321594
0.8522529602050781
1.0777088403701782
1.1968300342559814
1.259052038192749
0.9248069524765015
0.701672375202179
0.7972913980484009
0.8056951761245728
1.1431424617767334
0.8062171936035156
0.5923966765403748
0.6658347845077515
0.4184640049934387
0.5626180171966553
0.6068251132965088
0.7139867544174194
0.7616341710090637
0.6346546411514282
0.8152221441268921
0.9789046049118042
0.5124294757843018
0.5816608667373657
0.6743775606155396
0.8039582967758179
0.4997546076774597
0.7961392402648926
0.784000039100647
1.5164649486541748
0.8237980008125305
0.773068368434906
0.954326331615448
0.8412631750106812
0.6274711489677429
1.1993751525878906
0.6940708756446838
0.5357315540313721
0.8992624282836914
1.0512337684631348
0.6511085629463196
0.9039716720581055
0.6220320463180542
0.5802282691001892
0.571329653263092
0.6616648435592651
0.7113805413246155
0.7995933294296265
0.7824957370758057
0.5162943005561829
0.7837660908699036
0.7902308702468872
0.7459779977798462
0.7578659653663635
0.8759139776229858
0.5577835440635681
0.9696451425552368
0.920040488243103
0.8022996783256531
0.3789292275905609
0.813720703125
1.1899621486663818
0.8411494493484497
0.8784798383712769
0.9272774457931519
0.7424317598342896
0.42855969071388245
0.8665400743484497
0.7100547552108765
0.7361514568328857
0.6168707609176636
0.9139968156814575
0.65482097864151
0.5765827298164368
0.7227553129196167
0.8713117837905884
1.0350117683410645
1.1458219289779663
0.47594648599624634
0.6435449719429016
0.8819192051887512
0.5192599296569824
0.5964116454124451
0.5030003190040588
0.9543625116348267
0.5447091460227966
1.003266453742981
0.6057881712913513
0.5056859254837036
1.0707728862762451
0.4164815843105316
1.0470521450042725
0.7333378791809082
1.4973430633544922
0.6820694208145142
0.6087378263473511
0.9645757675170898
1.469441294670105
0.6315402984619141
0.954369843006134
0.9986675977706909
0.7386377453804016
1.1207225322723389
0.773643970489502
0.568938136100769
0.8401137590408325
1.0080549716949463
0.70977783203125
0.6968878507614136
0.8317596316337585
0.5137678384780884
1.0723316669464111
1.0109293460845947
0.7064293026924133
0.7370673418045044
1.162278175354004
0.9502912759780884
0.6895391345024109
0.6495338678359985
0.8377498388290405
0.7393107414245605
0.948645293712616
0.7319828867912292
0.8671137094497681
0.9130784273147583
0.9115244746208191
0.42431139945983887
0.9554928541183472
0.9441066980361938
0.8924270868301392
0.5880879163742065
0.5392919182777405
0.5396064519882202
0.5264276266098022
0.7207884788513184
0.7343312501907349
0.5005768537521362
0.7696229219436646
0.4247875213623047
1.1187083721160889
0.7343294024467468
0.6663029789924622
0.6352885961532593
0.6350183486938477
0.45129120349884033
