0.4283975064754486
0.7597571015357971
0.23775723576545715
0.6853275299072266
0.4177864193916321
1.0603787899017334
0.3523961007595062
0.4211161136627197
0.296980082988739
0.5240221619606018
0.5599203109741211
0.602833092212677
0.29648056626319885
0.32097479701042175
1.3081133365631104
0.33685237169265747
0.3110284209251404
0.14688201248645782
0.8436847925186157
0.43132391571998596
0.4193747639656067
0.160971999168396
0.6928873658180237
0.6408524513244629
0.4203968942165375
0.5921584963798523
0.8022688031196594
1.3782449960708618
0.778266429901123
0.7871123552322388
0.4503095746040344
0.6639399528503418
0.5923939943313599
0.6979091763496399
0.6356519460678101
1.0044416189193726
0.407388836145401
0.9498058557510376
0.31636863946914673
0.46311521530151367
0.32700008153915405
0.1664533168077469
0.8746248483657837
0.46598514914512634
0.4094921946525574
0.288077712059021
0.8810775876045227
0.7364263534545898
0.5060144066810608
0.36399149894714355
0.4502532482147217
0.8196054697036743
0.998902440071106
0.5162976980209351
0.9098909497261047
0.5533873438835144
0.8090509176254272
0.5220050811767578
0.2696552872657776
0.7373236417770386
0.5101698040962219
0.2672584056854248
0.6860578060150146
0.5742340087890625
0.46042943000793457
0.4697647988796234
0.7815819382667542
0.2773645520210266
0.7705279588699341
0.5523878335952759
0.4617237448692322
0.6169963479042053
0.49515706300735474
0.3859820067882538
0.4003288745880127
0.46572455763816833
0.5214266777038574
0.3793106973171234
0.48853737115859985
0.21471968293190002
0.7742849588394165
0.3961818516254425
0.37955591082572937
0.708844780921936
0.5461967587471008
0.422269731760025
0.4733220040798187
0.2885216176509857
0.9574555158615112
0.18414247035980225
0.48912858963012695
0.5913945436477661
0.3106788694858551
0.2762095034122467
0.6848236322402954
0.48921385407447815
0.4312586188316345
0.5830786824226379
0.1517373025417328
0.5005546808242798
0.24734541773796082
0.6262401938438416
0.5112428665161133
0.7038432359695435
0.26076874136924744
0.576647937297821
0.36918479204177856
0.2991885244846344
0.4366537928581238
0.8988854289054871
0.6290420293807983
0.4401925206184387
0.5037542581558228
0.65800541639328
0.6018729209899902
0.582962155342102
1.148134469985962
0.4355764389038086
1.0841219425201416
0.3177807927131653
0.4951615333557129
0.3293069303035736
0.6393923759460449
0.4717137813568115
0.2928292155265808
0.30342063307762146
0.5575169920921326
0.6783711910247803
0.388415664434433
0.557370662689209
0.8978039026260376
0.7402920722961426
0.2938162684440613
0.7990915179252625
0.6787653565406799
0.3647986948490143
0.7477820515632629
0.5716543197631836
0.695179283618927
0.6622568964958191
0.3790576756000519
0.5758799314498901
0.2869628071784973
0.5896673798561096
0.45841842889785767
0.35386425256729126
0.43074068427085876
0.38878726959228516
0.4523288607597351
0.4182901978492737
0.9485704302787781
0.9986446499824524
0.5745629072189331
0.6730304956436157
0.3191312849521637
0.5593289136886597
0.6828914284706116
0.6324231028556824
0.5035454630851746
1.063751220703125
0.6035639643669128
0.446882963180542
0.6083396077156067
0.8030193448066711
1.790172815322876
0.47277793288230896
0.7270603775978088
0.6714552044868469
0.538104236125946
0.8582638502120972
0.4549929201602936
0.3078060746192932
0.5287891626358032
0.41356539726257324
0.992845356464386
0.31708449125289917
0.3850729167461395
0.4727475047111511
0.5382107496261597
0.3179539144039154
0.8265369534492493
0.7516719102859497
0.5662161111831665
0.5307170152664185
0.2767069339752197
0.2819780707359314
0.46358639001846313
0.42619410157203674
0.6667762994766235
0.4996890425682068
0.40007510781288147
0.3048514127731323
0.4376664161682129
0.5945044755935669
0.7547857165336609
0.20840854942798615
0.541132390499115
0.8490147590637207
0.49656638503074646
0.28244322538375854
0.48967623710632324
0.2474023997783661
0.43479442596435547
0.7223074436187744
0.7510902285575867
0.29449740052223206
0.6685806512832642
0.6024192571640015
0.5855132341384888
0.2999725937843323
0.5052789449691772
0.5553576350212097
0.8117639422416687
0.4403761327266693
0.4702576696872711
0.47034138441085815
0.46733707189559937
1.0947096347808838
0.36179599165916443
0.3899132311344147
0.25831669569015503
0.3802073299884796
0.6270664930343628
0.23570099472999573
0.6680713891983032
0.8312879800796509
0.158442422747612
0.5234087109565735
0.5825422406196594
1.353271245956421
0.5224233865737915
1.0343005657196045
0.3276573419570923
1.1379319429397583
0.25343114137649536
0.6085427403450012
0.7084798812866211
0.7907026410102844
0.3599291443824768
0.48118001222610474
0.862309455871582
0.5081798434257507
0.45223894715309143
0.3309505581855774
0.8653994798660278
0.2976331114768982
0.5780342817306519
0.5837165117263794
0.5985327363014221
0.34705254435539246
1.1112149953842163
0.47436922788619995
0.6628004908561707
0.439384400844574
0.49070462584495544
0.48293575644493103
0.532137393951416
0.5576559901237488
0.4726719260215759
0.3763105869293213
0.4287049174308777
0.6089259386062622
0.6725105047225952
0.40120333433151245
0.8679815530776978
0.35457855463027954
0.4928366541862488
0.5755608677864075
0.6928885579109192
0.5209470987319946
0.5633870363235474
0.7241115570068359
0.46689075231552124
0.5505054593086243
0.35834017395973206
0.3140547573566437
0.4476526379585266
0.8985458612442017
0.8547186851501465
0.7539184093475342
0.6489638090133667
0.6169047355651855
0.7232962846755981
0.4094979763031006
0.650023341178894
0.5115850567817688
0.6179385781288147
0.3497221767902374
0.20662584900856018
0.8357426524162292
0.6816364526748657
0.578780472278595
0.5404941439628601
0.3964529037475586
0.22152456641197205
0.9782091975212097
0.6402408480644226
0.3914697468280792
0.708325207233429
0.42370766401290894
0.7727281451225281
0.5906397104263306
0.2525673508644104
0.5841749310493469
0.716686487197876
0.3315020799636841
1.127851128578186
0.5179122090339661
1.1471836566925049
0.4998895227909088
0.3424449563026428
0.40140920877456665
0.49042725563049316
0.5643261671066284
0.8064101338386536
0.32170578837394714
0.40016359090805054
0.301761656999588
0.6501807570457458
0.9520334005355835
0.2976888120174408
0.19522874057292938
0.40733426809310913
0.3383537232875824
0.6439619660377502
0.7749085426330566
0.5984098315238953
0.7806217670440674
0.25923213362693787
0.30322882533073425
0.8197206258773804
0.4340640604496002
0.2984727919101715
0.36796748638153076
0.6250207424163818
0.3049890995025635
0.80120849609375
1.4615836143493652
