0.11031407117843628
0.37241697311401367
0.45346125960350037
0.3666314482688904
0.4401180148124695
0.5689857006072998
0.48217257857322693
0.3149609863758087
0.6198486089706421
0.3980054557323456
0.7897834777832031
0.5268928408622742
1.1001472473144531
0.22990863025188446
0.3457725942134857
0.6955731511116028
0.4536779820919037
0.43810567259788513
0.4318394660949707
0.4248293340206146
0.45730695128440857
0.3767422139644623
0.3596568703651428
0.3329566717147827
0.4670267105102539
0.26417356729507446
0.6925556659698486
0.4969111979007721
0.5719109773635864
0.7563090324401855
0.8704475164413452
0.37180233001708984
0.48006850481033325
0.5037380456924438
0.7776522636413574
0.6907816529273987
0.8876091837882996
0.9929429888725281
0.7302038073539734
0.43115943670272827
0.6433233022689819
0.4795186519622803
0.7123821973800659
0.24928733706474304
0.33538663387298584
0.27133908867836
0.4888603091239929
0.49870985746383667
0.340748131275177
0.6230524182319641
0.36548298597335815
0.5161241292953491
0.41549596190452576
0.5294904112815857
0.5282196998596191
0.3600057363510132
0.4980553686618805
0.28855806589126587
0.2794282138347626
0.43759480118751526
0.30268511176109314
0.4488702416419983
0.6530700922012329
0.3069396913051605
0.5585157871246338
0.4825517535209656
0.19247117638587952
0.921034038066864
0.5410937070846558
0.4176383912563324
0.7922984957695007
0.3420097827911377
0.4462808668613434
0.4878886342048645
0.8196595311164856
0.3127387762069702
0.27113378047943115
0.9425212740898132
0.40215033292770386
0.8075317144393921
0.4358217120170593
0.5503726601600647
0.586704432964325
0.7162454724311829
0.5866815447807312
0.8834134340286255
0.6923667788505554
0.88213050365448
0.44665592908859253
0.250953733921051
0.5295718908309937
0.753903329372406
0.584014356136322
0.5242257118225098
0.4777687191963196
0.26350754499435425
0.6910418272018433
0.34717750549316406
0.364126056432724
0.49798813462257385
0.8063610196113586
0.43919047713279724
0.6163811683654785
0.48851829767227173
0.44094282388687134
0.693822979927063
0.5635915398597717
0.673463761806488
0.4770616888999939
0.79662024974823
0.44559937715530396
0.5848869681358337
0.6443709135055542
0.34927263855934143
0.8747369647026062
0.6496893167495728
0.6459065675735474
0.7557183504104614
0.5054900050163269
0.5691237449645996
0.5836954116821289
0.30433493852615356
0.3543704152107239
0.6760255694389343
0.5626859664916992
0.1794780194759369
0.25621286034584045
0.3569774031639099
0.38798555731773376
0.7063862681388855
0.43835020065307617
0.6835751533508301
0.33136919140815735
0.6532639861106873
0.5738475322723389
0.4652206301689148
0.8048254251480103
0.3991478979587555
0.3481708765029907
0.20528332889080048
1.0251930952072144
0.7001398801803589
0.5470806360244751
0.25053122639656067
0.7305370569229126
0.590949296951294
0.4330807626247406
0.6124987006187439
1.1013094186782837
0.9141547083854675
0.8115836381912231
0.42917242646217346
0.4246408939361572
0.6031720042228699
0.4107731878757477
0.5364553332328796
0.5850871801376343
0.5098906755447388
0.47984418272972107
0.16202157735824585
0.749260425567627
0.7209476232528687
0.6369327306747437
0.6004297137260437
0.6711243391036987
0.41651201248168945
0.3886266350746155
0.8346456289291382
0.8448458909988403
0.34837839007377625
0.7179676294326782
0.3389206528663635
1.1679205894470215
0.62361079454422
0.38992738723754883
0.259346067905426
0.48681044578552246
0.6082858443260193
0.8438653945922852
0.7018639445304871
0.36818927526474
1.1245083808898926
0.6324994564056396
0.4095248579978943
0.42931824922561646
0.3358079791069031
0.4269374907016754
0.9888571500778198
0.5519694089889526
0.4950138032436371
0.28075653314590454
1.1236755847930908
0.6168138980865479
0.8868260383605957
0.6829997897148132
0.2531126141548157
0.762328028678894
0.5116403698921204
0.2907887101173401
0.5857471227645874
0.8735901117324829
0.3668230175971985
0.9643125534057617
0.37516266107559204
0.26769527792930603
0.513729453086853
0.7270100712776184
0.4057997167110443
0.7052181363105774
1.0164763927459717
0.6239460110664368
0.28518661856651306
0.6500748991966248
0.44312819838523865
0.45545655488967896
0.3427759110927582
0.48895248770713806
0.49855607748031616
0.7341898679733276
0.7584226727485657
0.6178241968154907
0.6620599031448364
0.7482903003692627
0.35196173191070557
0.4191834330558777
0.7419206500053406
0.7346208691596985
0.4481319487094879
0.3960617184638977
0.4129391610622406
0.8051958084106445
0.5967338681221008
0.541054904460907
0.3472994863986969
0.5113941431045532
0.6260536313056946
0.5640658140182495
0.7766568660736084
0.7269884347915649
0.6743977665901184
0.47878122329711914
0.46995440125465393
0.3021691143512726
0.37485939264297485
0.45470771193504333
0.8654909133911133
0.7596542239189148
0.1647091507911682
0.3203323483467102
0.22158798575401306
0.36662137508392334
0.9738208055496216
0.7821488380432129
0.5755113363265991
0.2968630790710449
0.9175055623054504
0.7345387935638428
0.7354005575180054
0.3626599907875061
0.4713079333305359
0.5133476257324219
0.2918005585670471
0.32797107100486755
0.49974527955055237
0.41962623596191406
0.5572784543037415
0.6839765310287476
0.437063068151474
0.5325971841812134
0.5719825625419617
0.27215689420700073
0.4477514624595642
0.29184865951538086
0.5370675325393677
0.3197093904018402
0.35086578130722046
0.3479824960231781
0.44026851654052734
0.6878663301467896
0.7139763832092285
0.3557552993297577
0.568565845489502
0.49353164434432983
1.06197988986969
0.7598860263824463
0.3515891432762146
1.2044265270233154
0.8080644607543945
0.36961236596107483
0.8157428503036499
0.5459913611412048
0.6649470925331116
0.5738250613212585
0.40129804611206055
0.32078418135643005
0.3517342209815979
0.5091919898986816
0.2346196472644806
0.7697583436965942
0.7565069198608398
0.3852114975452423
0.2777811884880066
0.5237959623336792
0.972132682800293
0.43475526571273804
0.7930269241333008
0.5608295798301697
0.6856303215026855
0.44364285469055176
0.4689335823059082
0.4857078194618225
0.4365268349647522
0.3496352732181549
0.7214174270629883
0.8191307783126831
0.34839311242103577
0.6727652549743652
0.8358929753303528
0.16151712834835052
0.5644167065620422
0.3224971890449524
0.5708849430084229
0.42653149366378784
0.7687683701515198
0.776535153388977
0.5329653024673462
0.45330333709716797
0.2879182696342468
0.8915206789970398
0.5732690095901489
0.3662578761577606
0.6979330778121948
0.48909005522727966
0.23183803260326385
0.4564267098903656
0.6471080780029297
0.4347867965698242
0.7811208367347717
