0.36549702286720276
0.36343637108802795
0.5914409756660461
0.7582732439041138
0.5542653203010559
0.48116254806518555
0.5373262166976929
0.30671197175979614
0.2636607587337494
0.6210241913795471
0.5288584232330322
0.37656673789024353
0.2849220633506775
0.3600958287715912
0.4345317780971527
0.5175174474716187
0.5842798948287964
0.21053247153759003
0.33509689569473267
1.1731252670288086
0.5489282011985779
0.44384756684303284
0.4596653878688812
0.3775951862335205
0.9077273607254028
0.436756432056427
0.2842094600200653
0.2587839663028717
0.5404571294784546
0.527945339679718
0.6559038162231445
0.1429419219493866
0.7907120585441589
0.36908483505249023
0.5747693777084351
0.48663729429244995
0.4140017628669739
0.3125847578048706
0.7232635617256165
0.4046116769313812
0.4110383987426758
0.8395398855209351
0.17889615893363953
0.5176910758018494
0.5091344118118286
0.3463051915168762
0.9614349603652954
0.745718240737915
0.6084388494491577
0.3902667164802551
0.2693251073360443
0.5068395733833313
0.947211742401123
0.7307590246200562
0.6672322154045105
0.7629002332687378
0.2839035391807556
0.5260671377182007
0.37279564142227173
1.1686962842941284
0.6272052526473999
0.6671162247657776
0.7634061574935913
0.23029103875160217
0.6619564294815063
0.38882124423980713
0.5387392044067383
0.5102978944778442
0.6710618734359741
0.605168342590332
0.6386702060699463
0.4699023365974426
0.34165501594543457
0.9181120991706848
0.5179958939552307
0.6836608052253723
0.5403255820274353
0.6019362211227417
0.6798079013824463
0.3981149196624756
0.7082868814468384
0.9896999597549438
0.5369865298271179
0.5000213384628296
0.46854645013809204
0.31861722469329834
0.8732053637504578
0.46233710646629333
0.5399486422538757
0.5130704045295715
0.24646639823913574
0.7515729665756226
0.3549491763114929
0.2973211109638214
0.6521697640419006
0.6442934274673462
0.39136162400245667
0.5312842130661011
0.5918350219726562
0.43805885314941406
0.32438480854034424
0.6967476010322571
0.4079141616821289
0.3586849570274353
0.9414966702461243
0.2699161171913147
1.0003631114959717
0.5423251390457153
0.399593710899353
0.6915992498397827
0.30198973417282104
0.4503883421421051
0.6680618524551392
0.921003520488739
0.5024124383926392
0.4529358744621277
0.6608869433403015
0.38493460416793823
0.4627298414707184
0.26204460859298706
0.4934764504432678
0.584231972694397
0.48741045594215393
0.5561246275901794
0.3507632315158844
0.6219379305839539
1.0552486181259155
0.5805729031562805
0.6164771914482117
0.5339480042457581
0.5412703156471252
0.2890315651893616
0.24358384311199188
0.6433067321777344
0.4602828025817871
0.43448781967163086
0.6552481055259705
0.9016784429550171
0.6964167356491089
0.5002392530441284
0.4603062570095062
0.637225329875946
1.1909953355789185
0.9882319569587708
0.5828217267990112
0.300014853477478
0.33034342527389526
0.9024041295051575
0.47855550050735474
0.46551647782325745
0.6234975457191467
0.3825424611568451
0.43725651502609253
0.3585066795349121
0.7797069549560547
0.4809575080871582
0.5538345575332642
0.24142131209373474
0.8738752603530884
0.4301370084285736
0.3190842568874359
0.3526281416416168
0.5323243141174316
0.4805148243904114
0.4759701192378998
0.7667756676673889
0.9331960678100586
1.1244630813598633
0.32251718640327454
0.47526606917381287
0.8509586453437805
0.2837837040424347
0.7073525190353394
0.4804052412509918
0.2424730807542801
0.3787166178226471
0.24780654907226562
0.4287164807319641
0.4730340838432312
0.6638848185539246
0.2905312180519104
0.4580557346343994
0.31809288263320923
0.9259167909622192
0.7609813213348389
0.43137866258621216
0.802789568901062
0.3702867031097412
0.9704986810684204
0.41857796907424927
0.8152707815170288
0.6954721808433533
0.8008232116699219
0.6137977242469788
0.37987950444221497
0.8317388296127319
0.8878806829452515
0.4730343222618103
0.8576498031616211
0.5678515434265137
1.1388100385665894
0.773176372051239
0.6507440805435181
0.3082854151725769
0.3007586896419525
0.4494256377220154
0.8003387451171875
0.2935534119606018
0.20987114310264587
0.22408568859100342
0.42601460218429565
0.41042646765708923
0.5900157690048218
0.6293494701385498
0.5220202207565308
0.3120952248573303
0.68597412109375
0.7585402727127075
0.31693369150161743
0.25733858346939087
0.7997750639915466
0.39487215876579285
1.1067808866500854
0.8373802900314331
0.6306177973747253
1.1164391040802002
0.7449339628219604
0.4810012876987457
0.8973295092582703
0.49335843324661255
0.6426212191581726
0.541074275970459
0.7656232118606567
0.5377535820007324
0.46584901213645935
0.5669037103652954
1.0613510608673096
0.5847266912460327
1.0201462507247925
0.3773554861545563
0.48817387223243713
0.22992673516273499
0.45031747221946716
0.5313464999198914
0.7532885670661926
0.5765811204910278
0.3113786578178406
0.8040030598640442
0.3581240475177765
0.4245389997959137
0.32146352529525757
0.5366419553756714
0.9472384452819824
0.6814013719558716
1.0026909112930298
0.3472229242324829
0.2792622745037079
0.5052057504653931
0.5567482113838196
0.6854045987129211
0.4042164385318756
0.8003379702568054
0.6465784311294556
0.3149326741695404
0.2097204029560089
0.3559247851371765
0.46397799253463745
0.4905039370059967
0.3058043420314789
0.2496870756149292
0.34301596879959106
0.40802210569381714
0.6537337303161621
0.5681995153427124
0.36923837661743164
0.5068119764328003
0.2965419292449951
0.6669524908065796
0.6752198934555054
0.8689645528793335
0.38900265097618103
0.5592467784881592
0.8015063405036926
0.41396284103393555
0.6362040042877197
0.3347448706626892
0.695149302482605
0.7685542106628418
1.018505573272705
0.4950573444366455
0.41717904806137085
0.7999141216278076
0.5438746809959412
0.6783005595207214
0.18712866306304932
0.7786188125610352
0.47705078125
0.8130242228507996
0.46419692039489746
0.692224383354187
0.3843260407447815
0.7976584434509277
0.38746345043182373
0.5896059274673462
0.6469448208808899
0.4613725244998932
0.21248435974121094
0.34713298082351685
0.4738265573978424
0.3390982747077942
0.5223207473754883
0.43186885118484497
0.7162490487098694
0.38746213912963867
0.6021350622177124
0.2655661404132843
0.49407339096069336
0.4928296208381653
0.589828610420227
0.47686538100242615
0.31053751707077026
0.6697465777397156
0.4062235355377197
0.5402244925498962
0.5043970942497253
0.3031151592731476
1.004445195198059
0.45670852065086365
0.4329219460487366
0.17700204253196716
0.24491338431835175
0.7595447301864624
0.8294981122016907
0.4099293351173401
0.9041804075241089
0.7119324207305908
0.4348621964454651
1.5481595993041992
