0.9065669775009155
0.5965785980224609
0.5665724873542786
0.8600382804870605
0.40109357237815857
0.31119823455810547
0.5875943899154663
0.19533269107341766
0.5972630381584167
0.46050143241882324
0.5078943967819214
0.45736145973205566
0.7846671342849731
0.46012574434280396
0.47987374663352966
0.615729808807373
0.8622390627861023
0.8388799428939819
0.3265300393104553
0.2047831118106842
0.6571648120880127
1.120775818824768
0.6424396634101868
0.47617053985595703
0.401468425989151
0.7063867449760437
0.6649419069290161
0.33865416049957275
0.5464416742324829
1.070715308189392
0.2582852244377136
0.4698059558868408
0.556583821773529
0.6640315055847168
0.9447076916694641
0.7428327798843384
0.39124757051467896
0.12540189921855927
0.49679750204086304
0.41092175245285034
0.1710987389087677
0.3774016499519348
0.7418544888496399
0.5086681246757507
0.3095023036003113
0.5209735631942749
0.524043083190918
0.534152626991272
0.5201281309127808
0.3395250737667084
0.5527905225753784
0.2581092417240143
0.5780624151229858
0.2511388957500458
0.44907626509666443
0.4713028371334076
0.37602120637893677
0.4137621819972992
0.5368768572807312
0.603294849395752
0.6178646683692932
0.5508518815040588
0.4514831602573395
0.45798081159591675
0.3775007724761963
0.19566914439201355
0.539793848991394
0.8450466990470886
0.35255563259124756
0.37591081857681274
0.43131160736083984
0.758072018623352
0.36742404103279114
0.47270894050598145
0.5003887414932251
0.430572509765625
0.5039185285568237
0.564008355140686
0.5598621368408203
0.6335064172744751
0.49203771352767944
0.5468389391899109
0.6374472975730896
0.4885749816894531
0.34354811906814575
0.39912956953048706
0.5913330316543579
0.6067632436752319
1.1564836502075195
0.5506073832511902
0.750137448310852
0.9380008578300476
0.39108359813690186
0.1846681535243988
0.5112942457199097
0.5979151129722595
0.1923261284828186
0.49803265929222107
0.595518946647644
0.3475690484046936
0.880606472492218
0.3614533245563507
0.5786310434341431
0.9095426797866821
0.7242449522018433
0.417711079120636
0.745853841304779
0.24058561027050018
0.48919516801834106
0.6133130788803101
0.8072113990783691
0.4335196912288666
0.5077515840530396
0.9797131419181824
0.6017581224441528
0.53455650806427
0.8889120221138
0.3446437418460846
0.4274584650993347
0.345654159784317
0.32873600721359253
0.6160492897033691
0.4397048056125641
0.27595528960227966
0.5124955773353577
0.4838615953922272
0.44516706466674805
0.9960864782333374
0.3607398271560669
0.5270566940307617
0.4075559079647064
0.320143461227417
0.17348985373973846
0.4484294354915619
0.48982176184654236
0.9076555371284485
0.41975387930870056
0.5607171058654785
0.41635817289352417
0.6949019432067871
0.8246374130249023
0.546541154384613
0.944035530090332
0.5941308736801147
0.33010733127593994
0.4382264018058777
0.4466490149497986
0.5284922122955322
1.0431606769561768
0.42170000076293945
0.4537067413330078
0.9228764772415161
0.5599111318588257
0.27678027749061584
0.39290183782577515
0.6119085550308228
0.44582539796829224
0.4237588346004486
0.5262982845306396
0.32660362124443054
0.8097285032272339
0.4177468419075012
0.678291916847229
0.30449753999710083
1.014264464378357
0.4412752091884613
0.2756651043891907
0.5842403769493103
0.3025617003440857
1.0799705982208252
0.4357145428657532
0.23926644027233124
0.4172130525112152
0.7196210622787476
1.032080888748169
0.8931182622909546
0.5689662098884583
0.9072456359863281
0.419198215007782
0.46756958961486816
0.7591856718063354
0.5719059705734253
0.15129177272319794
0.7097413539886475
0.6877346038818359
1.3326817750930786
0.3335992693901062
0.6038392186164856
0.3360738158226013
0.5535565614700317
0.18364298343658447
0.5743811726570129
0.5929562449455261
1.577231764793396
0.45306524634361267
0.44004470109939575
0.6890692710876465
0.37015658617019653
0.719735324382782
0.27862638235092163
0.5772753953933716
0.38248658180236816
0.19614927470684052
0.33058637380599976
1.495621919631958
0.7123236656188965
0.7810395359992981
0.9055930972099304
0.5674163103103638
0.4432656764984131
0.2809169292449951
0.36610713601112366
0.5780795216560364
0.34785231947898865
0.4441092610359192
0.7723606824874878
0.6249352693557739
0.38159409165382385
0.7687333226203918
0.6469582319259644
0.35365626215934753
0.5710380673408508
0.6175447702407837
0.5176233053207397
0.48643407225608826
0.5240446925163269
0.7216518521308899
0.5402019619941711
1.5186960697174072
0.5768828392028809
0.3620178699493408
0.7787371873855591
0.6558297276496887
0.5463592410087585
0.363657146692276
0.5921286344528198
0.4923247694969177
0.39754587411880493
0.6696111559867859
1.215867519378662
0.7949830889701843
0.4137631356716156
0.669985830783844
0.5271151661872864
0.36176517605781555
0.6585766673088074
0.4680890142917633
0.6362442374229431
0.38722553849220276
0.4154374599456787
0.6004163026809692
0.7536677122116089
0.3942279517650604
0.25935041904449463
0.9518023729324341
0.7148900032043457
0.6883164644241333
0.3399086594581604
0.4021560251712799
0.31903189420700073
1.1510487794876099
0.2973536550998688
0.38288283348083496
0.2995928227901459
0.36825650930404663
0.5219754576683044
0.4158380627632141
0.6757569313049316
0.8418936729431152
0.447923481464386
0.4288109838962555
0.3634394109249115
0.45276564359664917
0.3248238265514374
0.5289894938468933
0.9335201382637024
0.7735607028007507
0.4305036664009094
0.29704347252845764
0.6978160738945007
1.2269164323806763
0.6211093664169312
0.4641660153865814
0.7299641370773315
0.4289272427558899
0.2634343206882477
0.6073403358459473
1.1719605922698975
0.7665860652923584
0.7678439617156982
0.8240890502929688
0.41697707772254944
0.46341198682785034
0.2651042342185974
0.4695425033569336
1.4759410619735718
0.6144599914550781
0.4624863564968109
0.5049735307693481
0.7046128511428833
0.8419699668884277
0.9228426814079285
0.20286984741687775
0.9412040710449219
0.18580205738544464
0.8139579892158508
0.15966928005218506
1.000536322593689
0.3058382570743561
0.3175491690635681
0.40077266097068787
0.2439223974943161
0.7712613344192505
0.4049227237701416
0.38798418641090393
0.4866396486759186
0.3154214918613434
0.6810649037361145
0.5382574200630188
0.14211201667785645
0.5489864349365234
0.7989526987075806
0.8036639094352722
0.8451043963432312
0.4218037724494934
0.5027538537979126
0.8877785801887512
0.28631845116615295
0.7615413069725037
0.6273984909057617
0.4919205605983734
0.4635039269924164
0.4632016718387604
0.4380373954772949
1.0424423217773438
0.31554552912712097
0.13930821418762207
0.9458890557289124
