0.6033633947372437
0.45628032088279724
0.3555838465690613
0.3200983703136444
0.6830102205276489
0.3627033233642578
0.32903164625167847
0.6206902265548706
0.996627688407898
0.4373458921909332
0.26743799448013306
0.3451590836048126
0.8945886492729187
0.3739742636680603
0.7278752326965332
1.4315035343170166
0.6087116599082947
0.6080279350280762
0.3630794286727905
0.8396282196044922
1.419881820678711
0.4956582188606262
0.8234152793884277
0.6208469271659851
0.554344892501831
1.2396899461746216
0.714023768901825
0.3311740756034851
0.7096920013427734
0.32252225279808044
0.5044578313827515
0.8298681378364563
0.4026552736759186
0.2553679347038269
0.4391593039035797
0.2970426678657532
0.8178908228874207
1.093013048171997
0.4519428312778473
0.4547807574272156
0.7339252829551697
0.49717265367507935
0.3872462511062622
0.49201029539108276
0.35946792364120483
0.5937978029251099
0.3742539584636688
0.3013560175895691
0.5100204348564148
1.1676089763641357
0.26243048906326294
0.1706237643957138
0.7391447424888611
0.3699197471141815
0.7428125143051147
0.5107203722000122
1.2779923677444458
0.7010527849197388
0.6377121806144714
0.32122769951820374
0.6518312692642212
0.47392234206199646
0.5213777422904968
0.2438221275806427
0.6415334343910217
0.5665231347084045
0.3510287404060364
0.3363721966743469
0.6045199036598206
0.5590130090713501
0.4062992036342621
0.24382857978343964
0.1792292296886444
0.6810199022293091
1.6606905460357666
0.5724222660064697
0.5526219010353088
0.46869054436683655
0.3950026035308838
0.426156610250473
0.41232872009277344
0.85882568359375
0.6154554486274719
0.7976199984550476
0.7830114364624023
0.3110077381134033
0.4896293580532074
0.7044285535812378
1.015094518661499
0.5004159212112427
0.45176416635513306
0.43236979842185974
0.26831212639808655
1.1387168169021606
0.43912601470947266
0.30205902457237244
0.5334199666976929
0.7146111726760864
0.31745249032974243
0.3560549318790436
0.4988177716732025
0.22356930375099182
0.6458559632301331
0.7631992101669312
0.2562357783317566
0.3594680428504944
0.42503196001052856
0.35118600726127625
0.14006033539772034
0.6290603876113892
0.6171374917030334
0.5682317614555359
0.994063675403595
0.704914391040802
0.7493497729301453
0.5551161766052246
0.20055468380451202
0.4938209652900696
0.6312161087989807
0.6911522150039673
0.2720472514629364
0.4029749035835266
0.3117814064025879
0.6258121132850647
0.51298588514328
0.5838128328323364
1.1552903652191162
0.3838907778263092
0.2640033960342407
0.6417010426521301
0.948327898979187
0.6149995923042297
0.45550695061683655
0.9274131059646606
0.807543933391571
0.6814876794815063
0.7613931894302368
0.4315689206123352
0.5697647333145142
0.5485292673110962
0.6318445801734924
0.41460761427879333
0.47822150588035583
0.30183637142181396
0.5371044874191284
0.477839857339859
0.38278016448020935
0.5571426153182983
0.5181248784065247
0.4474313259124756
0.6357628107070923
0.24261975288391113
0.3797033727169037
0.4405635893344879
0.5549328923225403
0.6715036630630493
0.42131152749061584
0.5571746826171875
0.4252748489379883
0.34048837423324585
0.4668869972229004
0.6191177368164062
0.7742474675178528
0.2921943962574005
0.8650177717208862
0.3328268527984619
0.32591304183006287
0.33167755603790283
0.231105774641037
0.5415881276130676
0.46650832891464233
0.47092151641845703
0.6259489059448242
0.325514554977417
0.5322088003158569
0.4735495150089264
0.5264765620231628
0.433317095041275
0.37592819333076477
0.4046313762664795
0.786673903465271
0.5185579657554626
0.837726891040802
0.8461536169052124
0.5003225207328796
0.5812556147575378
0.3094137907028198
0.5529335141181946
0.43874168395996094
0.41785764694213867
0.4680452346801758
0.7878037691116333
0.2513808310031891
0.3645718991756439
0.25351768732070923
0.38885387778282166
0.9083842039108276
0.28668534755706787
0.4599793553352356
0.24239400029182434
0.35805511474609375
0.562610924243927
0.40559929609298706
0.6378813982009888
0.5294858813285828
0.7800419926643372
0.5289820432662964
0.3845956325531006
0.33007457852363586
0.3943310081958771
0.1948891133069992
0.5153377652168274
0.5026774406433105
0.47650060057640076
0.5533245801925659
0.49835658073425293
0.34526675939559937
0.40744757652282715
0.38197287917137146
0.822749137878418
0.29527539014816284
0.14646753668785095
0.6937114000320435
0.18694154918193817
0.7271257638931274
0.5351726412773132
0.3148459792137146
0.5692669153213501
0.5762966275215149
1.0652778148651123
0.4456118643283844
0.3638322949409485
0.4170049726963043
0.7622708082199097
0.5117102861404419
0.4463573396205902
0.7864254713058472
0.29622989892959595
0.37944290041923523
0.3441625237464905
0.3550395369529724
0.5376379489898682
0.32938939332962036
0.4825448989868164
0.3255515396595001
0.5000939965248108
0.6234858632087708
0.6704654693603516
0.4240850806236267
0.3894002139568329
0.5993617177009583
0.3816474378108978
0.31154581904411316
0.6663326025009155
0.6189643144607544
0.4515022337436676
0.4947068691253662
0.8336054086685181
0.7161041498184204
0.6075980067253113
0.6158275604248047
0.5491649508476257
0.35868823528289795
0.33773037791252136
0.4697263836860657
0.8312627673149109
0.6503714323043823
0.22146177291870117
1.055220365524292
0.5416332483291626
0.33810144662857056
0.5097459554672241
0.6197325587272644
0.7393401265144348
0.25196951627731323
0.36588069796562195
0.4848190248012543
0.4708622395992279
0.5420728921890259
0.5258641242980957
0.2376718521118164
0.3590646982192993
0.3743557333946228
0.4455711245536804
0.2834707796573639
0.9721277356147766
0.5239709615707397
0.3675490915775299
0.30675503611564636
0.29528069496154785
0.6677879095077515
0.22734208405017853
0.7527800798416138
0.3873380422592163
0.46954983472824097
1.0141723155975342
0.5681689381599426
0.5154296159744263
0.3463447391986847
0.7028189897537231
0.6686385273933411
0.41392797231674194
0.6145614385604858
0.6018771529197693
0.535167932510376
0.6922714114189148
0.2511332631111145
1.2770915031433105
0.5206451416015625
0.3211090862751007
0.2452543079853058
0.9557811617851257
0.44667235016822815
0.3406011164188385
0.25909513235092163
0.4875282645225525
0.3069169521331787
0.7505185604095459
0.6519572138786316
0.5036268830299377
0.2861963212490082
0.5036147236824036
0.9511337280273438
1.0253866910934448
0.3351614475250244
0.5449562072753906
0.3271477222442627
0.9830291867256165
0.500964343547821
0.5512281060218811
0.6707137823104858
0.45371779799461365
0.7609683275222778
0.2910410761833191
0.6126604080200195
0.809935450553894
0.9961903691291809
0.3231242597103119
