0.26663848757743835
0.3732481896877289
0.3922538161277771
0.5446490049362183
0.5587496161460876
0.2691771388053894
0.36985141038894653
1.01424241065979
0.6706279516220093
0.2845125198364258
0.5636298060417175
0.6576058268547058
0.6250988841056824
0.5121005773544312
0.25671905279159546
0.3672666549682617
0.28563714027404785
0.5868050456047058
0.7382517457008362
0.4261954426765442
0.5212804079055786
0.8282934427261353
0.3536178767681122
0.5403526425361633
0.9887639284133911
0.5617347359657288
0.8350776433944702
0.45667600631713867
0.33480435609817505
0.3385006785392761
0.33505478501319885
0.44311708211898804
1.0532104969024658
0.27763405442237854
0.2768920660018921
0.42746028304100037
0.6284297704696655
0.1731189638376236
0.5235546827316284
0.7413537502288818
0.6439922451972961
0.5792703032493591
0.7342697978019714
0.5336571931838989
0.3379935026168823
0.6819440126419067
0.6028217673301697
0.5285198092460632
0.21722900867462158
0.5301862955093384
0.40531644225120544
0.7301422357559204
0.47691863775253296
0.3081292510032654
1.5194355249404907
0.38867098093032837
0.3977581560611725
0.5995513796806335
0.603614866733551
0.522223949432373
0.5201976895332336
0.5292060375213623
0.3486934006214142
0.38057422637939453
0.9352091550827026
0.24158445000648499
0.6832207441329956
0.29475143551826477
0.5895773768424988
0.6867431402206421
1.0147593021392822
0.4083491861820221
0.5792295932769775
0.811916708946228
0.6372753977775574
0.2864696979522705
0.7310896515846252
0.40922418236732483
0.2267667055130005
0.43156856298446655
0.495158851146698
0.3806956112384796
0.3976934850215912
0.5820479989051819
0.4071613848209381
0.6053829193115234
0.37755826115608215
0.49395665526390076
0.3531039357185364
0.6655999422073364
0.9901165962219238
0.3275288939476013
0.38279789686203003
0.3384034335613251
0.6402992010116577
0.5076296925544739
0.5523656606674194
0.7097753286361694
0.2623629570007324
0.24973022937774658
0.2788008749485016
0.6299841403961182
0.5412255525588989
0.9227102398872375
0.3745884597301483
0.6557753682136536
0.2723018527030945
0.38743555545806885
0.2820209264755249
0.4530779719352722
0.7984985113143921
0.41058436036109924
0.7759486436843872
0.2872665524482727
0.8128817677497864
0.4300544857978821
0.9102990031242371
1.4402493238449097
0.5006576776504517
0.5209459662437439
0.7998477816581726
0.4062727987766266
0.4211198687553406
0.3283230662345886
0.8614864349365234
0.5013304948806763
0.5602471232414246
0.3719795048236847
0.5597339868545532
0.6114487648010254
0.13513562083244324
0.8119094967842102
1.1988379955291748
0.41299304366111755
0.6877303123474121
0.2619657516479492
0.6019636392593384
0.5785288214683533
0.5639858245849609
0.366889625787735
0.46729403734207153
0.6401919722557068
0.6111267805099487
0.26744407415390015
0.8133508563041687
1.4295530319213867
0.40251341462135315
0.4589118957519531
0.32248467206954956
0.4848167300224304
0.5721036791801453
0.3191925883293152
0.33174988627433777
0.4622228741645813
0.326249897480011
0.7279216051101685
0.5446344017982483
0.7440298795700073
0.33077526092529297
0.65543532371521
0.46186256408691406
0.5559064745903015
0.41251641511917114
0.6002024412155151
0.439927875995636
0.20554979145526886
0.5822693109512329
0.3872009515762329
0.4346145689487457
0.748238742351532
0.33433347940444946
0.5364097356796265
0.26851630210876465
1.221941351890564
0.6973379254341125
1.3320471048355103
0.4250671863555908
0.3953723609447479
0.7794661521911621
0.6002445220947266
0.5227414965629578
0.5625487565994263
0.2839370369911194
0.34627610445022583
0.39043495059013367
0.5085347890853882
1.3552615642547607
0.275423139333725
0.37091660499572754
0.5431291460990906
0.3189036250114441
0.600668728351593
0.6272090077400208
0.6865814328193665
0.505408525466919
0.6372324228286743
0.6264448165893555
0.8074634671211243
0.44889968633651733
0.6026617884635925
0.36174285411834717
0.368682861328125
0.5060948133468628
0.38666635751724243
0.9814165830612183
0.33744239807128906
0.28785938024520874
0.3693578243255615
0.4666373133659363
0.3655927777290344
0.15875181555747986
0.4574465751647949
0.2885347008705139
0.2674112021923065
0.2922566533088684
0.5032860040664673
0.5905680656433105
0.7386964559555054
0.5964933037757874
0.3444969952106476
0.9523142576217651
0.26718780398368835
0.5436221361160278
0.23157505691051483
0.46235084533691406
0.5268114805221558
0.4470049738883972
0.38402342796325684
0.5754349827766418
0.7336589097976685
0.4584755003452301
0.6375826597213745
0.4317869246006012
0.6654542684555054
0.7160955667495728
0.47808799147605896
0.499446302652359
0.6944986581802368
0.4940059781074524
0.1971524953842163
0.7514691948890686
0.5572815537452698
0.7026848196983337
0.2460554540157318
0.605216920375824
0.22972281277179718
0.33986082673072815
0.9025900959968567
0.44473162293434143
0.39483532309532166
0.7560161352157593
0.30287081003189087
0.4399138391017914
0.45425787568092346
0.4075832962989807
0.3173355162143707
0.8567706942558289
0.5997154116630554
0.45168352127075195
0.4705292582511902
0.5803533792495728
1.0900344848632812
0.908618152141571
0.49242687225341797
0.666817843914032
0.5672521591186523
0.43255987763404846
0.696607232093811
0.9602019190788269
0.5124947428703308
1.1761629581451416
0.6961661577224731
0.6565934419631958
0.4036613404750824
0.48927584290504456
0.4094223082065582
0.29934263229370117
0.5587676167488098
0.29128655791282654
0.2904757857322693
0.4079580307006836
0.37027707695961
0.7536827325820923
0.5772846937179565
0.6833473443984985
0.3576539158821106
0.4599973261356354
0.4087359309196472
0.5169259309768677
0.6201839447021484
0.3818940222263336
0.7018294334411621
0.42192310094833374
1.2928835153579712
0.341496080160141
0.4038315713405609
0.4504554271697998
0.5775351524353027
0.7614399194717407
0.4467197358608246
0.5432337522506714
0.3300183415412903
0.8755078315734863
0.46823883056640625
1.1794310808181763
0.3164025843143463
0.21498337388038635
0.8508127331733704
0.6317214965820312
0.2965613007545471
0.6581500172615051
0.39975133538246155
0.36188259720802307
0.6311885118484497
0.574983537197113
0.40735751390457153
0.297690212726593
0.26527389883995056
0.34808820486068726
0.5778450965881348
0.8697873950004578
0.7345085740089417
0.402631938457489
0.6772958636283875
0.3781847059726715
0.36856210231781006
0.4085880219936371
0.22944660484790802
0.4741343557834625
0.7169767618179321
0.5479456186294556
0.31091421842575073
0.8521521687507629
0.38665884733200073
1.0059449672698975
0.898219883441925
0.268748939037323
0.9632784724235535
