0.6347243189811707
0.6283605694770813
0.33833298087120056
0.838631808757782
0.6353181600570679
0.3937198519706726
0.5463738441467285
0.41716116666793823
0.9778125882148743
0.3378713130950928
0.350380003452301
0.9211541414260864
0.5697275996208191
0.31479376554489136
1.2760748863220215
0.5745180249214172
0.5382057428359985
0.405021995306015
0.9688546061515808
0.48963508009910583
0.9780763387680054
0.3516719937324524
0.33489781618118286
0.8811041116714478
0.5056133270263672
0.582051157951355
0.3260655403137207
0.40264931321144104
0.6483008861541748
0.6114014983177185
0.7175113558769226
0.42136526107788086
0.31370580196380615
0.23800528049468994
0.348890095949173
0.5927990078926086
1.0492156744003296
0.46824273467063904
0.6340341567993164
0.23999938368797302
0.35058027505874634
0.39377936720848083
0.22800545394420624
0.4225996434688568
0.3522883355617523
0.3947647511959076
0.7441467046737671
0.4597046971321106
0.4624246656894684
0.22927327454090118
0.5649404525756836
0.6399627923965454
0.39607200026512146
0.6152544617652893
1.1095974445343018
0.8660510182380676
0.47155123949050903
0.5173642039299011
0.35195139050483704
0.36362844705581665
0.9309261441230774
0.5535234212875366
0.3096800744533539
0.45860156416893005
0.42877379059791565
0.3881458342075348
0.46779337525367737
0.4066261649131775
1.0698468685150146
0.42853909730911255
0.5901855230331421
0.48448997735977173
0.2355026751756668
0.5448890924453735
0.3675621449947357
1.0447710752487183
0.6614140272140503
0.43843284249305725
0.7459063529968262
0.6560295820236206
0.5681930780410767
0.534014105796814
0.6217471957206726
0.6588072180747986
0.40724658966064453
0.3137059211730957
0.8223648071289062
0.1941930204629898
0.3713730573654175
0.5326804518699646
0.29924720525741577
0.6344195604324341
0.5671618580818176
0.5615206956863403
0.3539125323295593
0.7957308888435364
0.6573394536972046
0.34241384267807007
0.39332881569862366
0.5378884077072144
0.6155971884727478
0.3461828827857971
0.38831067085266113
0.3609938621520996
0.6340144872665405
0.6089171171188354
0.26526114344596863
0.6515120267868042
0.4291308522224426
0.8041149377822876
0.39918798208236694
0.580089807510376
0.9825437664985657
0.49590039253234863
0.6111037731170654
0.20084890723228455
0.5402950644493103
0.5466247200965881
0.6419720649719238
0.42354828119277954
0.2920539677143097
0.42487478256225586
0.7048321962356567
0.6902387142181396
0.5788189768791199
0.6668170690536499
0.6875759363174438
0.3639160096645355
0.3556737005710602
0.40113821625709534
0.8083610534667969
1.0020287036895752
0.8507891893386841
0.48525089025497437
0.3502883017063141
0.4889063835144043
0.43407106399536133
0.5576343536376953
0.38676345348358154
1.0616118907928467
0.6341002583503723
0.5577360391616821
0.5329820513725281
0.31780028343200684
0.6909223198890686
0.34295782446861267
0.28505921363830566
0.22466859221458435
0.49779897928237915
0.3542053699493408
0.5442384481430054
0.45657405257225037
1.1405216455459595
0.516644299030304
0.5657532811164856
0.4344560503959656
1.0123218297958374
0.4591256082057953
0.7854791879653931
0.2675487697124481
0.46319708228111267
0.7050096392631531
0.3857560157775879
0.504782497882843
0.8868755102157593
0.529085636138916
0.4853433668613434
0.460608571767807
0.4590773582458496
0.49034634232521057
0.3418734669685364
1.0989347696304321
0.5445140600204468
0.8274137377738953
0.1959308683872223
0.309298038482666
0.4323684573173523
0.423555463552475
0.441810667514801
0.4336508810520172
0.5953819155693054
0.3609834313392639
0.5969469547271729
0.34588077664375305
0.9343105554580688
0.6560206413269043
0.4703376889228821
0.37175416946411133
0.3503878116607666
0.6497907042503357
0.7874001264572144
0.16520915925502777
0.8665682077407837
0.3515113294124603
0.5472711324691772
0.6965042948722839
0.9966493844985962
0.5740216374397278
0.3379984498023987
0.5507798194885254
0.3019888699054718
0.30982154607772827
0.8269640803337097
0.34573501348495483
0.37508073449134827
0.7733774185180664
0.5069241523742676
0.45317086577415466
0.7443735003471375
0.6825188398361206
0.8125653266906738
0.5580997467041016
0.46200504899024963
0.8435297012329102
0.3136186897754669
0.21088877320289612
1.532982587814331
0.26951175928115845
1.2289130687713623
0.7890051603317261
0.4872734546661377
0.2671443819999695
0.512898325920105
0.6646362543106079
0.46475347876548767
0.5235698223114014
0.4131402373313904
0.4766513407230377
0.6829671859741211
0.5640872716903687
0.49651116132736206
0.5039647221565247
0.49124687910079956
0.44647473096847534
0.3090289235115051
0.5104626417160034
0.3727166950702667
0.5497649908065796
0.7402855753898621
0.5978372693061829
0.8804866671562195
0.3423013389110565
0.44682827591896057
0.7621583938598633
0.5876048803329468
0.5351372957229614
0.5825001001358032
0.6997581720352173
0.3844931125640869
0.6926490068435669
0.18810097873210907
0.5838497281074524
0.491361528635025
0.5118588805198669
0.6846820116043091
0.44139236211776733
0.4268644452095032
0.40338462591171265
0.2659040093421936
0.8589946031570435
0.5033438205718994
1.2491834163665771
0.5092061758041382
0.6305861473083496
0.6575528383255005
0.6467801928520203
0.5000998973846436
0.5772252082824707
0.8550407290458679
1.056234359741211
0.4946136474609375
0.4766807556152344
0.5553526282310486
0.5290075540542603
0.5620625615119934
0.6257209777832031
1.0952712297439575
0.4354049563407898
0.6693743467330933
0.35479623079299927
0.7601660490036011
0.6064513325691223
0.5863730907440186
0.5790812373161316
0.6584193110466003
0.6868062019348145
0.4491824209690094
0.27162986993789673
0.4715079367160797
0.2619866728782654
0.44697055220603943
0.5129892826080322
0.5928766131401062
0.7021776437759399
0.5131811499595642
0.7892130613327026
0.5646497011184692
0.6208744645118713
0.5059171915054321
0.36939871311187744
0.4359036386013031
0.48384684324264526
0.2864720821380615
0.5109438896179199
0.3731953501701355
0.3917137384414673
0.5260121822357178
0.4615478515625
0.3233126699924469
0.7357603311538696
0.307438462972641
0.3711039125919342
0.5495140552520752
0.6508854627609253
0.49951857328414917
0.6242583990097046
0.394709974527359
0.7653315663337708
0.28303995728492737
0.4654470384120941
0.7450448870658875
0.8920422792434692
1.0720994472503662
0.27924174070358276
0.20848384499549866
0.49499472975730896
0.6075531840324402
0.30405640602111816
0.5039039850234985
0.26340311765670776
0.2702248990535736
0.7948144674301147
0.41934260725975037
0.3529047966003418
0.5105317831039429
0.45097142457962036
0.200918048620224
1.6435308456420898
