0.6249867081642151
0.37410491704940796
0.24132752418518066
0.38039708137512207
0.5751872062683105
0.2849300801753998
0.274630069732666
0.4830593466758728
0.8248897790908813
0.7338874936103821
0.3126351237297058
0.7472144961357117
0.3122650980949402
0.4813992977142334
0.7077741026878357
0.2661254405975342
0.4562411308288574
0.8014367818832397
0.577902615070343
0.354123055934906
0.5373529195785522
0.9876980781555176
0.49472683668136597
0.6047368049621582
0.681846022605896
0.5641442537307739
0.7976430654525757
0.5219337344169617
0.5759496092796326
0.6728790402412415
0.5197237730026245
0.4194980263710022
0.4212588369846344
0.5253867506980896
0.30936652421951294
0.9670675992965698
0.8061380386352539
0.7029440999031067
0.32992106676101685
0.2687699794769287
0.6476348638534546
0.4049803614616394
0.2921067774295807
0.5803372859954834
0.7181015014648438
0.4996758997440338
0.7309805154800415
0.6420853734016418
0.45174646377563477
0.39531415700912476
0.5956351161003113
0.2977595925331116
0.5562235116958618
0.25285041332244873
0.7121535539627075
1.312674641609192
0.2743976414203644
0.41108769178390503
0.4389112591743469
0.35921403765678406
0.6321447491645813
0.27253276109695435
0.34698858857154846
0.7558170557022095
0.49392375349998474
0.4338630139827728
0.5640389919281006
0.33095699548721313
0.42922869324684143
0.4277934432029724
0.7874933481216431
0.8994255065917969
0.5034752488136292
0.43644294142723083
0.22424206137657166
0.4470222592353821
0.6019980907440186
0.42065292596817017
0.6349505186080933
0.4148518145084381
0.318364679813385
0.5560310482978821
0.46746569871902466
0.4960018992424011
0.4657219350337982
0.6056783199310303
1.1411030292510986
0.3551868498325348
0.543741762638092
0.9056543111801147
0.8260439038276672
0.2390531301498413
0.49220409989356995
0.5820719003677368
0.4093225598335266
0.6535722017288208
0.4341185688972473
0.46601009368896484
0.5423915982246399
0.6604939699172974
0.18202513456344604
0.4315568506717682
1.001708745956421
0.4614613950252533
0.16548030078411102
0.4266422688961029
0.40860453248023987
0.2793867290019989
0.4242633879184723
0.3017876148223877
0.24675282835960388
0.3705669939517975
0.8217214345932007
0.15689286589622498
0.30094093084335327
0.5702561736106873
0.2642802596092224
0.7327138781547546
0.6546652913093567
0.4023075997829437
0.8404529690742493
0.7540959119796753
0.5867806673049927
0.6985689997673035
0.43346482515335083
0.3410828709602356
0.5377765893936157
0.47088631987571716
0.5348896980285645
0.7037097215652466
0.4966108202934265
0.4446685314178467
0.4254726767539978
0.4167094826698303
0.5410411953926086
1.2540591955184937
0.3433016836643219
0.18789854645729065
0.6272350549697876
0.5521625280380249
0.6196403503417969
0.3617345988750458
0.2326279878616333
0.7102183103561401
0.4249858856201172
0.6503561735153198
0.692170262336731
0.37811389565467834
0.5081771612167358
0.37849679589271545
0.7417426109313965
0.9457625150680542
0.9950787425041199
0.4867514669895172
0.8060099482536316
0.45841464400291443
0.43155843019485474
0.2996652126312256
0.4984639585018158
0.4357057511806488
0.2383977472782135
0.539775013923645
0.5790697932243347
0.6653603315353394
0.8668373227119446
0.4946214258670807
0.6213523149490356
0.8059040904045105
0.5418409109115601
0.5445619821548462
1.6105878353118896
0.295107364654541
0.5637778043746948
0.47043904662132263
0.8199523687362671
0.5950981378555298
0.2434007227420807
0.24934811890125275
0.48314809799194336
0.37018102407455444
0.6508702039718628
0.23794713616371155
0.2922283113002777
0.5175599455833435
0.44930315017700195
0.4055507183074951
0.43544110655784607
0.4481760561466217
0.5540984272956848
0.402783066034317
0.2856699824333191
0.42845258116722107
0.3409497141838074
1.2049963474273682
0.9886277914047241
0.6499534845352173
0.38507330417633057
0.7211006879806519
0.4753929078578949
1.054412603378296
0.5144668221473694
0.8241772651672363
0.5594037771224976
0.4845854640007019
0.6430880427360535
0.6847027540206909
0.677385151386261
0.4261314272880554
0.7871869802474976
0.1603912115097046
0.5611364245414734
0.42069944739341736
0.7102550268173218
0.9958255887031555
0.7001519203186035
0.37117061018943787
0.6942906379699707
0.6161155700683594
0.4357587397098541
0.3026166558265686
0.4806594252586365
0.5963252782821655
0.34365302324295044
0.6089299321174622
0.6011145114898682
0.5873201489448547
0.2771172821521759
0.8415349721908569
0.3545582890510559
0.45271188020706177
0.36617740988731384
0.5456894040107727
0.766792893409729
1.1289974451065063
0.6209956407546997
0.5470999479293823
0.567682147026062
0.5875416994094849
0.837856650352478
0.31156155467033386
0.22341832518577576
0.41891032457351685
0.2828090190887451
0.5005033612251282
0.6845793724060059
1.3298741579055786
0.5453659296035767
0.3627294600009918
0.8632990121841431
0.8406878709793091
0.20497766137123108
0.37066537141799927
0.285340815782547
0.6155969500541687
0.5048621296882629
0.4942067563533783
0.3219911456108093
0.5138157606124878
0.3572407364845276
0.4760730266571045
0.25915488600730896
0.7276943325996399
0.4333130419254303
0.7628864049911499
0.3454475402832031
0.32959794998168945
0.5047403573989868
0.573215663433075
0.4257442057132721
0.2800353467464447
0.3610195219516754
0.5729575157165527
0.8324434161186218
0.5294871926307678
1.1549851894378662
0.20242194831371307
0.7167972326278687
0.4099062383174896
1.1668970584869385
0.5589964985847473
0.740872323513031
0.25257325172424316
0.34860897064208984
0.3035363256931305
0.3478555679321289
0.24960176646709442
0.6438843011856079
0.4524328112602234
0.3800864815711975
0.4267512261867523
0.8643619418144226
0.4455747604370117
0.24506187438964844
0.602089524269104
0.5560452938079834
0.46783262491226196
0.5010188817977905
0.4381557106971741
0.18065747618675232
0.3608368933200836
0.45462602376937866
0.4321098327636719
0.2094527930021286
0.35651421546936035
0.40376320481300354
0.2122209519147873
0.6847346425056458
0.25890830159187317
0.23738975822925568
0.6583636999130249
0.45180544257164
0.6222631931304932
0.3600640296936035
0.8840298652648926
0.4589877128601074
0.3139106333255768
0.4413161277770996
0.6583392024040222
0.6531327962875366
0.6003220081329346
0.6493416428565979
0.7082829475402832
0.7494511604309082
0.27802422642707825
0.49549227952957153
0.4011457562446594
0.20420917868614197
0.08478238433599472
1.0057789087295532
0.3897976279258728
1.1906112432479858
0.839613139629364
0.3078768849372864
0.4645999073982239
0.35477739572525024
0.29708248376846313
0.36807960271835327
1.3313347101211548
