0.8977018594741821
0.25382962822914124
0.32231274247169495
0.6415941119194031
0.5258468389511108
0.5146552920341492
0.5610563158988953
0.6936476826667786
0.5664068460464478
0.8767817616462708
0.5505104064941406
0.520524263381958
1.267909049987793
0.3851437568664551
0.8110340237617493
0.7531018853187561
0.7790887951850891
0.23531751334667206
0.39687973260879517
0.9468930959701538
0.6535523533821106
0.6779047250747681
0.4066622853279114
0.2912258505821228
0.36804017424583435
0.47472280263900757
0.5604327917098999
0.6450084447860718
0.22337985038757324
0.2278573215007782
0.43394047021865845
0.31720250844955444
0.162946417927742
0.6350263357162476
0.5323468446731567
0.9196215867996216
0.5672245025634766
0.5060876607894897
0.2047961950302124
0.6083841919898987
0.7649967074394226
0.5327216982841492
1.0746605396270752
0.42914360761642456
0.5421544313430786
0.7184023857116699
0.6465650796890259
0.7711282968521118
0.7384812831878662
0.52540123462677
0.6921261548995972
0.5878925919532776
1.0411412715911865
0.4897933602333069
1.400660753250122
0.6152195930480957
0.41649261116981506
0.42786598205566406
0.6064279675483704
0.5864987373352051
0.37754425406455994
0.49132204055786133
0.6880857944488525
0.8638132810592651
0.3904443383216858
0.5936301350593567
0.3672637343406677
0.2642856240272522
0.7217980027198792
0.4731932580471039
0.5964161157608032
0.49375611543655396
0.6878730058670044
0.5263925790786743
0.8188417553901672
0.8296393156051636
0.48873597383499146
0.4044400751590729
0.5047178268432617
0.4970661997795105
0.2517854571342468
0.29484182596206665
0.30533909797668457
0.47142261266708374
0.44264012575149536
0.31251415610313416
0.6730439066886902
0.5240986347198486
0.5841505527496338
0.27000945806503296
0.626021146774292
0.30427947640419006
0.2704555094242096
0.7906376123428345
0.4765266478061676
0.7714390754699707
0.24136319756507874
0.5073520541191101
0.526068389415741
0.41935062408447266
0.35195252299308777
0.700049102306366
0.4727517068386078
0.5945268273353577
0.4385412633419037
0.7409124374389648
0.6816504001617432
0.47552490234375
0.4406510293483734
0.39941030740737915
0.6581331491470337
0.2691888213157654
1.0453479290008545
1.0591764450073242
0.4966241419315338
0.7110912203788757
0.27373942732810974
0.5136152505874634
0.3336865305900574
0.5432442426681519
0.6481800079345703
0.690532386302948
0.6998058557510376
0.4215007424354553
0.3247986435890198
0.3657330572605133
0.47294196486473083
0.3845784366130829
0.3156464695930481
0.6518386006355286
0.363800585269928
0.23264610767364502
0.577600359916687
0.31285008788108826
0.7198805809020996
0.350307434797287
0.8571529388427734
0.40346187353134155
0.5307437181472778
0.9252570867538452
0.5051265954971313
0.5463262796401978
0.9764783978462219
0.23895402252674103
0.4011722505092621
0.5608490109443665
0.6957918405532837
0.6156225800514221
0.5254870653152466
0.322018027305603
0.25159335136413574
0.3404136002063751
0.3702947199344635
0.5419768691062927
0.8743351101875305
0.4947439134120941
0.6534835696220398
0.6742392778396606
0.39101290702819824
0.9305806159973145
1.0383230447769165
0.9849834442138672
0.4011526107788086
0.4544951021671295
0.529807448387146
0.4395427703857422
0.46591559052467346
0.3980979919433594
0.3409557640552521
0.602279543876648
0.8567999005317688
0.9034993052482605
0.5389522314071655
0.49153071641921997
0.7296825647354126
0.6855975985527039
0.18889102339744568
0.16066019237041473
0.4934963285923004
0.6040315628051758
0.38081878423690796
0.6168254017829895
0.19787152111530304
0.355081707239151
0.2834128737449646
0.4946053624153137
0.5138369798660278
0.7334080934524536
1.063814640045166
0.718206524848938
0.5726068019866943
0.4587058424949646
0.6353392601013184
0.18377870321273804
0.4709644317626953
0.96380215883255
0.8441817164421082
0.48621949553489685
0.1706983745098114
0.6673709154129028
0.4528163969516754
0.6202533841133118
0.5253791809082031
0.8823350667953491
0.8620797991752625
0.7950373888015747
0.5222655534744263
0.5209195613861084
0.2800028324127197
0.5426374673843384
0.4288099408149719
0.43515118956565857
0.8766643404960632
0.6275835037231445
0.48947659134864807
0.23990018665790558
0.3657359480857849
0.5914976596832275
0.5732563138008118
0.6199977993965149
0.7796475887298584
0.35000377893447876
0.21910014748573303
0.44290581345558167
0.3241877853870392
0.5202895402908325
0.31711459159851074
0.514651894569397
0.616060197353363
0.6694248914718628
0.5977246761322021
0.36313146352767944
0.8237577676773071
0.645419716835022
0.7221618890762329
0.4397348463535309
0.19137297570705414
0.5237347483634949
0.6244990825653076
0.962568461894989
0.17135241627693176
0.5293778777122498
0.41011372208595276
0.6803658604621887
0.37914085388183594
0.4104786515235901
0.29170650243759155
0.7156732082366943
0.35444310307502747
0.4647429585456848
0.48572343587875366
0.535064160823822
0.22756652534008026
0.5449351072311401
0.5495867133140564
0.3056344985961914
0.7871898412704468
0.6195912957191467
0.3895440399646759
0.46611762046813965
0.35636046528816223
0.5312808752059937
0.6143225431442261
0.6515544652938843
0.2581179738044739
0.6387646198272705
0.6463407278060913
0.8882330060005188
0.5456713438034058
0.35065799951553345
0.3175208270549774
1.410460352897644
0.5290592312812805
0.4715864062309265
0.8089917302131653
0.24517777562141418
0.9673531651496887
0.3247251510620117
0.3666311800479889
0.491365522146225
0.25886449217796326
0.4112500250339508
0.9107111096382141
0.47463664412498474
0.2738181948661804
0.42734384536743164
0.5680379867553711
0.36748939752578735
0.3394716680049896
0.9140611886978149
0.6697526574134827
0.4286484122276306
0.42836064100265503
0.28593263030052185
0.42553263902664185
0.4619010090827942
0.6788803339004517
0.5463868975639343
0.6649161577224731
0.5676600337028503
0.38716739416122437
0.17615802586078644
0.7246981859207153
0.6773016452789307
0.3734135329723358
1.0901132822036743
0.5523160099983215
0.5497928857803345
0.3217911720275879
0.2621029317378998
0.7358764410018921
0.4294568598270416
0.9505583047866821
1.028687596321106
0.4363802969455719
0.4819796681404114
0.6220719218254089
0.4432593286037445
1.5491747856140137
0.5545226335525513
0.5177313089370728
0.8171874284744263
0.4551395773887634
0.726067304611206
0.7220867872238159
0.4176816940307617
0.33288636803627014
0.5310762524604797
0.5950028896331787
0.4356265068054199
0.5895476937294006
0.5052386522293091
0.3977436125278473
0.3385849595069885
0.49733203649520874
0.729866623878479
0.6369026899337769
0.9795932769775391
