1.4141228199005127
1.3754802942276
0.7281187772750854
0.5378668904304504
0.8199405670166016
0.7874664068222046
0.6491345167160034
0.7386491298675537
0.9102402925491333
0.916530966758728
0.8212589025497437
1.1743324995040894
0.6000655889511108
1.015224575996399
0.896664023399353
0.43043676018714905
0.4933059811592102
1.0844240188598633
0.8331297636032104
0.6319302320480347
0.792054295539856
0.7730326056480408
1.3592276573181152
0.41431164741516113
0.6468498110771179
0.7704257965087891
0.464705228805542
0.5822349786758423
0.5778586864471436
0.9847065806388855
1.0712740421295166
0.81866854429245
0.7578792572021484
0.5652358531951904
1.1144522428512573
0.8736075162887573
0.8260098695755005
0.8198068737983704
0.536961019039154
0.7795718908309937
0.8385407328605652
0.5843145251274109
0.6553085446357727
1.0159605741500854
0.6214596629142761
0.6507147550582886
1.1529366970062256
0.841407299041748
0.6071494817733765
1.2027413845062256
0.6609793305397034
0.9531160593032837
0.8638210296630859
0.9950646162033081
0.9299657940864563
0.5581237077713013
1.3415725231170654
0.6131075620651245
1.0549014806747437
0.820452868938446
0.34170326590538025
0.8323777914047241
0.531055748462677
0.8680513501167297
0.6064930558204651
0.9836261868476868
0.585727870464325
0.8933587074279785
0.8025347590446472
0.7715845108032227
0.9792938232421875
1.06521737575531
0.761825680732727
0.7711247205734253
0.8824437260627747
0.7790449857711792
0.9169822931289673
0.7992412447929382
0.7801274061203003
0.9820369482040405
0.5012083053588867
0.7143745422363281
0.7433668375015259
0.6090947389602661
0.8759536743164062
1.0426857471466064
0.7197607159614563
0.4278908669948578
0.945556640625
1.0883722305297852
0.6766247749328613
0.4551317095756531
0.5069208145141602
0.5216605067253113
0.8287633657455444
0.7276686429977417
0.5497457385063171
0.8333565592765808
0.7107107043266296
0.4658411145210266
0.8047515749931335
1.2697675228118896
0.6900019645690918
0.612653374671936
0.8277589082717896
0.6355900168418884
0.3971365988254547
1.138536810874939
1.1301333904266357
0.729937732219696
1.1582486629486084
0.6412218809127808
1.0202399492263794
0.7101300358772278
0.62484210729599
1.035599946975708
1.5684599876403809
0.973480224609375
1.100144386291504
0.8094050288200378
0.6463809609413147
0.7013819217681885
0.8048178553581238
0.8196743726730347
0.814415454864502
0.7307637929916382
0.8909456133842468
0.7779180407524109
0.7226546406745911
0.5704139471054077
0.6624167561531067
0.8203290104866028
0.6142302751541138
1.002508282661438
1.0710036754608154
0.6386734247207642
0.9059346318244934
0.5950870513916016
0.5818055868148804
1.0195778608322144
0.9536715745925903
0.7142438888549805
0.5577861666679382
0.7347148060798645
0.6473321914672852
0.9514282941818237
0.3885171413421631
0.5451233983039856
0.5943251848220825
0.5663243532180786
0.7232604622840881
0.8322418928146362
1.1629077196121216
0.8057690858840942
0.5446239709854126
0.6347208619117737
0.9208521842956543
0.670615553855896
0.5553792119026184
0.7325956225395203
0.6228342652320862
1.2714126110076904
0.48855453729629517
0.7498570680618286
0.484957754611969
1.1033568382263184
0.42517319321632385
1.487852692604065
0.7218087911605835
0.6224039793014526
1.5228785276412964
0.6842036843299866
0.5534764528274536
1.09653902053833
0.6731842160224915
1.0016076564788818
0.6669122576713562
0.6625787615776062
0.409109890460968
0.7555180788040161
0.8874446749687195
0.5633182525634766
1.0737136602401733
0.6315901875495911
0.5995174646377563
0.8841601610183716
1.057281255722046
0.6915405988693237
1.3424224853515625
0.9564151763916016
0.9594889879226685
0.849838137626648
0.5209975242614746
0.7600530385971069
0.4286423623561859
0.7102752923965454
0.5670050382614136
1.1417429447174072
0.9693536758422852
0.7411640286445618
0.8085765838623047
0.44384104013442993
0.7648582458496094
0.7776288986206055
0.805574893951416
0.6475633382797241
0.6998447179794312
0.6024892330169678
0.9565297961235046
1.161075472831726
0.9253586530685425
0.8074029088020325
0.8392117619514465
1.2879616022109985
0.7028098106384277
0.6451893448829651
0.5140263438224792
0.6649998426437378
0.4761941432952881
0.9857779741287231
1.2324308156967163
0.8590458631515503
0.5283831357955933
0.6848729848861694
0.6415396928787231
0.929495632648468
0.7569462060928345
0.6248835325241089
0.4093632102012634
0.7743799090385437
0.5713213682174683
0.6240338087081909
0.838312029838562
0.5735011100769043
0.7122696042060852
1.1149699687957764
0.5952574014663696
0.5612635612487793
0.5916756391525269
0.7353551387786865
0.7228108644485474
0.8207733035087585
0.6570073962211609
0.8119912147521973
0.7321745753288269
0.5918229222297668
1.0488593578338623
0.6672661900520325
1.0394700765609741
1.240729808807373
0.9455593228340149
0.7565207481384277
0.7767265439033508
0.8311817049980164
0.8221598863601685
0.8540972471237183
0.6424899101257324
0.6601439714431763
1.034537434577942
0.6357113718986511
0.7718501687049866
0.7536781430244446
0.9001823663711548
0.6906125545501709
0.6619572043418884
0.9955779314041138
0.5160382986068726
0.7514475584030151
0.7537347078323364
1.283822774887085
0.41928863525390625
0.7048581838607788
0.6808749437332153
0.6393957138061523
0.47329482436180115
1.0610415935516357
0.5544918179512024
0.6408013105392456
1.1181414127349854
0.5641496181488037
0.58148193359375
0.8049647212028503
1.1460789442062378
0.7211161255836487
0.7683113217353821
0.713880181312561
1.0028849840164185
0.6564191579818726
0.6241722106933594
1.0393598079681396
0.8208605051040649
0.6505283713340759
0.5672169923782349
0.4632877707481384
0.7667285203933716
0.7111353278160095
0.617639422416687
0.690818727016449
0.5926569700241089
0.6136563420295715
0.4649931788444519
0.5764185190200806
0.6602295637130737
0.6941021680831909
1.1461864709854126
0.9304651021957397
0.9712644815444946
0.7843649983406067
0.5463158488273621
1.2340400218963623
1.1515933275222778
1.1381464004516602
1.382587194442749
0.8921166658401489
0.7957582473754883
0.5933130979537964
1.0477015972137451
0.9637421369552612
1.0108528137207031
0.5012015700340271
1.0787181854248047
0.6793619394302368
0.8586615324020386
0.6203938126564026
0.6130847930908203
0.6364296078681946
0.6086809039115906
0.4549696445465088
0.8887074589729309
1.1672266721725464
0.5795425176620483
0.6021054983139038
0.881752610206604
0.8950431942939758
1.1283600330352783
0.6933910250663757
0.6944898962974548
1.3926633596420288
