1.2884804010391235
0.12934738397598267
0.6502861976623535
0.451747328042984
0.722125232219696
0.48759523034095764
0.6034785509109497
0.6091917157173157
0.36819514632225037
0.9256584048271179
0.7069863080978394
0.5012685656547546
0.5290354490280151
0.8165619969367981
0.3900785446166992
0.6109272241592407
0.4865909218788147
0.6842643618583679
0.43227624893188477
0.5441179275512695
0.2481628656387329
0.6568536758422852
0.3531317114830017
0.35943904519081116
0.42942866683006287
0.2997358441352844
0.601813554763794
0.970718502998352
0.8745326995849609
0.4151926040649414
0.45665621757507324
0.4456462860107422
0.44823527336120605
0.2760188579559326
0.5582824945449829
0.39073723554611206
0.46574172377586365
0.45171642303466797
0.3820248246192932
1.013312816619873
0.21519215404987335
0.19614443182945251
0.551734209060669
0.9121425747871399
0.9671353101730347
0.5264392495155334
0.72443026304245
0.34294143319129944
0.6141794919967651
0.9129610061645508
0.5623247623443604
0.3959198594093323
0.7339981198310852
0.39987045526504517
1.1270687580108643
0.45453834533691406
0.4240127503871918
0.4656800329685211
0.9566227793693542
0.8437820672988892
0.7676713466644287
0.4807567596435547
0.7348989248275757
0.22970128059387207
1.10618257522583
0.6341721415519714
0.5765007138252258
0.6261097192764282
0.7535018920898438
0.7461521625518799
0.6065136194229126
0.3657919466495514
0.35850605368614197
0.5394654870033264
0.8854086995124817
0.40337103605270386
0.3166186213493347
0.3749842345714569
0.37119537591934204
0.628282368183136
0.47866177558898926
0.36222395300865173
0.7982605695724487
0.3706471920013428
0.619727611541748
0.33107736706733704
0.5620418787002563
0.3589661717414856
0.5921369194984436
0.7082698345184326
0.6581889390945435
0.3912758231163025
0.5222001075744629
0.6651833653450012
0.8862565159797668
0.5951589345932007
0.32759931683540344
0.43890923261642456
0.2854449450969696
0.8529441952705383
0.29111820459365845
0.46151456236839294
0.5721462965011597
0.3237159848213196
0.5183222889900208
0.3644288182258606
0.6200867891311646
0.49568551778793335
0.35310623049736023
0.4185260236263275
0.366150438785553
0.30500978231430054
0.3996264934539795
0.38621705770492554
0.46424731612205505
0.6781343221664429
0.40319719910621643
0.3451288938522339
0.3089025616645813
0.4718143343925476
0.6349583268165588
0.5535439848899841
0.4270746111869812
0.3468456268310547
0.4823262095451355
0.3818112015724182
1.041071891784668
0.3716009855270386
0.39562293887138367
0.34156548976898193
0.7017282247543335
0.46740126609802246
0.4822627007961273
0.6942867040634155
0.7474247813224792
0.42019543051719666
0.6939864158630371
0.7581098675727844
0.6683829426765442
0.2898734211921692
0.7575145959854126
0.6366621255874634
0.4717656075954437
0.3754732608795166
0.4981975555419922
1.2921079397201538
0.5050987005233765
0.7018601894378662
1.0686662197113037
0.88959139585495
0.5397281050682068
0.36218079924583435
0.6848998665809631
0.8328081965446472
0.29436594247817993
0.39754801988601685
0.36820363998413086
0.41327351331710815
0.699329674243927
0.2413756549358368
0.6625197529792786
0.3136207163333893
0.28097254037857056
0.34568825364112854
0.20709924399852753
0.3317563831806183
0.5835859179496765
0.4578765332698822
0.6365071535110474
0.6466192007064819
0.3041134774684906
0.4482610821723938
0.3801126480102539
0.2650541663169861
0.8685671091079712
0.5377217531204224
0.7321580648422241
0.5085461139678955
0.24432985484600067
0.2851344645023346
0.3143167495727539
0.6392080783843994
0.3663431406021118
0.9252127408981323
0.40757426619529724
0.3139680325984955
1.2392895221710205
0.7382270693778992
0.22137078642845154
0.445467472076416
0.2312326729297638
0.415956974029541
0.9772418737411499
0.4421587884426117
0.26961812376976013
0.4237810969352722
0.5814388394355774
0.23760327696800232
0.32730260491371155
0.6265155673027039
0.9530644416809082
0.6528793573379517
0.598775327205658
0.4259929656982422
0.6106137037277222
0.8355840444564819
0.38546761870384216
0.31356528401374817
0.6717632412910461
0.6236830949783325
0.9819939732551575
0.45598649978637695
0.6923040151596069
0.7732952237129211
0.7900481820106506
0.38111257553100586
0.7130182981491089
0.44313859939575195
0.4956921935081482
0.5908177495002747
0.4652934968471527
0.35456517338752747
0.3392515182495117
0.8767342567443848
0.43072882294654846
0.6547675132751465
0.5735074281692505
0.2818215787410736
0.7627915143966675
0.9053624272346497
0.6693912744522095
0.2924972474575043
0.16536536812782288
0.27155882120132446
0.5547211766242981
0.4592621922492981
0.5237337946891785
0.7278562784194946
0.23201969265937805
0.5822979807853699
0.5209406018257141
0.5958256125450134
0.4021798074245453
0.7603588104248047
0.39319831132888794
0.6760321855545044
0.24363593757152557
0.9457171559333801
0.618120014667511
0.5038415789604187
0.6150160431861877
0.6284877061843872
0.7019397616386414
0.22581923007965088
0.35496971011161804
0.6857478618621826
0.48534098267555237
0.4365834593772888
0.495152086019516
0.7188534140586853
0.7080364227294922
0.542602002620697
0.7329656481742859
0.5701748728752136
0.5331812500953674
0.583131730556488
0.6563633680343628
0.6755165457725525
0.4928728938102722
0.40140500664711
0.2748810946941376
0.3066616654396057
0.5031498670578003
0.48692965507507324
0.7131986021995544
0.6656330823898315
0.29758962988853455
0.41749852895736694
0.40982121229171753
0.34629639983177185
0.9864227175712585
0.4809402525424957
0.5573967099189758
0.5040303468704224
0.22790229320526123
0.21214088797569275
0.41219034790992737
0.4648505747318268
0.5270789265632629
0.5920135378837585
0.49154624342918396
0.7260123491287231
0.5721797943115234
0.6240609884262085
0.261483371257782
0.30359333753585815
0.598638653755188
0.33250945806503296
0.8234916925430298
0.446824848651886
0.40212973952293396
0.6626335382461548
0.6637470722198486
0.5312060713768005
0.7039950489997864
0.4654206335544586
0.8398159146308899
0.6284845471382141
0.4182748794555664
0.9636532068252563
0.401972234249115
0.2443343698978424
0.47982174158096313
0.3350355327129364
0.5427993535995483
0.5855103135108948
0.18175940215587616
0.6377059817314148
0.5827699303627014
0.5139834880828857
0.49372610449790955
0.4661142826080322
0.2231568992137909
1.0224303007125854
0.4957399368286133
0.4588184356689453
1.0147931575775146
0.5813055038452148
0.5515087842941284
0.6484253406524658
0.257446825504303
0.25640401244163513
0.37964075803756714
0.6190703511238098
0.7329643964767456
0.44524717330932617
0.38583487272262573
0.28603360056877136
