0.20736980438232422
0.4270644187927246
0.3038236200809479
0.3174617886543274
0.34234923124313354
0.6114784479141235
0.4555593430995941
0.6130067110061646
0.41898995637893677
0.3449973464012146
0.8629976511001587
0.7210363149642944
0.20172683894634247
0.3363746106624603
0.5802182555198669
0.350009560585022
0.46376681327819824
0.8759698867797852
0.2563892900943756
0.9839993715286255
0.8288098573684692
0.33407703042030334
0.6553549766540527
0.4776138365268707
0.41675442457199097
0.39863133430480957
0.845925509929657
0.5011712312698364
1.3268392086029053
0.8505333065986633
0.3208126425743103
0.47257766127586365
0.337711900472641
0.6864127516746521
0.8749297857284546
0.25667956471443176
0.4166684150695801
0.6674635410308838
0.6697222590446472
0.6153262853622437
0.5001127123832703
0.44497495889663696
0.6420353651046753
0.36757296323776245
0.32874637842178345
0.7472349405288696
0.3852000832557678
0.9095690846443176
0.4461299479007721
1.074908971786499
0.35594576597213745
0.5228176712989807
0.6225214600563049
0.5837651491165161
0.26895827054977417
0.6605374217033386
0.47873225808143616
0.7575476169586182
0.5203462839126587
0.6672464609146118
0.3656335771083832
0.5272086262702942
0.4129292964935303
0.8124873042106628
0.3266267776489258
0.6316288709640503
0.5849160552024841
0.5897060036659241
0.5568608045578003
0.4612349569797516
0.5464961528778076
0.42832040786743164
0.6763733625411987
0.32781124114990234
0.44028860330581665
0.6512169241905212
0.3606366217136383
0.49911314249038696
0.7895363569259644
0.7944937944412231
0.25447532534599304
0.4014343321323395
0.3429224491119385
0.46653857827186584
0.4701404571533203
0.44931378960609436
0.49952203035354614
0.9533761739730835
0.586076021194458
0.19133375585079193
0.36055988073349
0.3445557951927185
0.40655821561813354
0.6526632308959961
0.5836755633354187
0.4202515482902527
0.498024046421051
0.42743635177612305
0.5858622193336487
1.458553671836853
0.5537117719650269
0.5711783170700073
0.2991942763328552
0.6147416830062866
0.2727634906768799
0.41551798582077026
0.5954764485359192
0.5962994694709778
0.4334600567817688
0.7271980047225952
0.48705872893333435
0.4194146990776062
0.5609121322631836
0.5736299753189087
0.3728959858417511
0.31752321124076843
0.5736579298973083
0.7441560626029968
0.42041054368019104
0.8615415692329407
0.4610520303249359
1.0931060314178467
0.22681891918182373
0.4877091348171234
0.3678799569606781
0.7037251591682434
0.4578012526035309
0.3607906997203827
0.7416509389877319
0.15219102799892426
0.8362289667129517
0.46286386251449585
0.18538495898246765
0.4600730836391449
0.7465740442276001
0.5618293881416321
0.32951539754867554
0.6673900485038757
0.1887941062450409
0.6940299868583679
0.9317877888679504
0.494418203830719
0.5510913729667664
0.8977320790290833
0.7417818903923035
1.0458323955535889
0.9591962695121765
0.6800788044929504
0.8288387060165405
0.7063509225845337
0.30061399936676025
0.5228397846221924
0.5246455073356628
0.5096514821052551
0.6263471841812134
0.32943034172058105
0.5309896469116211
0.38459858298301697
1.1059718132019043
0.3784111738204956
0.8291428685188293
0.5143153071403503
0.9301716089248657
0.3051902949810028
0.2438705861568451
0.6980466842651367
0.7380841970443726
0.42389076948165894
0.38428038358688354
0.35875263810157776
0.5753079652786255
0.33509257435798645
0.6813668012619019
0.3822140097618103
0.49316638708114624
0.6503309607505798
0.5936732292175293
0.49776124954223633
0.9404996633529663
0.7550961375236511
0.7684469223022461
0.5387612581253052
1.2422349452972412
0.41665348410606384
0.3575062155723572
0.5890577435493469
0.4645770192146301
1.2359802722930908
0.24760112166404724
1.0796736478805542
1.0993221998214722
0.5918251276016235
0.5186427235603333
0.5873937606811523
0.5561071634292603
0.7596768736839294
0.3546392321586609
0.5257212519645691
0.6209443807601929
0.4175434112548828
0.4963890016078949
0.3618183732032776
0.3504677414894104
0.23972263932228088
0.5439345240592957
0.2773115932941437
0.5096993446350098
0.3956683874130249
0.5824891328811646
0.48782387375831604
0.6293938755989075
0.7233756184577942
0.3180132508277893
0.964617133140564
0.45845451951026917
0.535984218120575
0.5244478583335876
0.4296070635318756
0.7333120703697205
0.68793123960495
0.3845745027065277
0.6570159196853638
0.1717720925807953
0.5589916110038757
0.6921148300170898
0.7028056383132935
0.5982276201248169
0.8678639531135559
0.3199269771575928
0.4898890554904938
0.4640810489654541
0.693716824054718
0.440737247467041
0.6043602228164673
0.6466763615608215
0.4542812407016754
0.4201752543449402
0.40732845664024353
0.7018634676933289
0.5998983383178711
0.6570529341697693
0.4165996015071869
1.1864453554153442
0.30070874094963074
0.42413854598999023
0.43381088972091675
0.3524720072746277
0.9216288328170776
0.45869699120521545
0.3544433116912842
0.44035735726356506
0.698011040687561
0.621107816696167
0.481212317943573
0.5565177202224731
0.8607616424560547
1.1264702081680298
0.41049593687057495
0.3558955192565918
0.7286101579666138
0.4667590260505676
0.3021731376647949
0.41588497161865234
0.22396858036518097
0.4820730686187744
0.33117225766181946
0.8332787752151489
0.45488590002059937
0.37716811895370483
0.636573314666748
0.7608898878097534
0.5340860486030579
0.5211584568023682
0.5430775880813599
0.6606063842773438
0.654380202293396
0.9040075540542603
0.4717313349246979
0.5786396265029907
0.5688616037368774
0.3922838568687439
0.3516457974910736
0.5704103708267212
0.47497281432151794
0.7844483256340027
0.7808999419212341
1.0518481731414795
0.5834931135177612
0.7581967115402222
0.39890941977500916
0.37526702880859375
0.3456512987613678
0.9857587814331055
0.5454999208450317
0.5792840123176575
0.2233589142560959
0.9398196339607239
0.6170531511306763
0.3255574405193329
0.4847908020019531
0.8616107702255249
0.43895775079727173
0.5901467204093933
0.47486233711242676
1.2620757818222046
1.1520823240280151
0.15949031710624695
0.3430987000465393
0.571373462677002
0.38764533400535583
0.7990366816520691
0.46862632036209106
0.3843384385108948
0.4347746968269348
0.3688740134239197
0.7586551308631897
0.38103312253952026
0.7434486746788025
0.6137718558311462
0.6279105544090271
0.46216005086898804
0.46646052598953247
0.6483174562454224
1.2445002794265747
0.1687949001789093
0.5769248008728027
0.38217753171920776
0.3376128077507019
0.4461348056793213
0.721204936504364
0.9584869146347046
0.626842737197876
0.4365934431552887
0.664282500743866
0.43283945322036743
0.5923018455505371
0.3523053824901581
0.40900325775146484
