0.9873046875
0.7832515835762024
0.3962494432926178
0.44521769881248474
1.3640639781951904
0.16822683811187744
0.5579264760017395
0.5259426832199097
0.7002795934677124
0.47066202759742737
0.13767492771148682
0.43462520837783813
0.5541490316390991
0.4938979744911194
0.47155898809432983
0.36618033051490784
0.5878957509994507
0.9229728579521179
0.7968823909759521
0.769605278968811
0.5552743077278137
0.48620280623435974
0.4518212676048279
0.9337146878242493
0.6516736745834351
0.3594316840171814
0.4019904136657715
0.8527809381484985
0.42837628722190857
0.559225857257843
0.3674941956996918
0.6116968989372253
0.4515613615512848
0.303671658039093
0.6866875886917114
0.41585320234298706
0.7066206932067871
0.3601677417755127
0.30317655205726624
0.652518630027771
0.5821706056594849
0.4943462908267975
0.4494946599006653
0.5436403751373291
0.5143476724624634
0.648278534412384
0.40560382604599
0.33636945486068726
0.9098924398422241
0.7389485836029053
0.476764976978302
0.2740384638309479
0.3714117407798767
0.5478795766830444
0.7259727120399475
1.0345109701156616
0.2998751997947693
0.4107174873352051
0.49745020270347595
0.5549338459968567
0.42667141556739807
0.4847697615623474
0.734868049621582
0.6366645097732544
0.26962947845458984
0.7744372487068176
0.13368426263332367
0.586391270160675
0.48495617508888245
0.7011027336120605
0.6169337034225464
0.531425952911377
0.5918315052986145
0.5138633847236633
0.7119752168655396
0.4022518992424011
0.6216378211975098
0.5617408752441406
0.8861888647079468
0.4852214753627777
0.4771995544433594
0.7248871922492981
0.6244403123855591
0.3847898840904236
0.34334680438041687
0.4622037410736084
0.4312642216682434
0.5421246290206909
0.35068845748901367
0.700238823890686
0.7165249586105347
0.8483718633651733
0.46984538435935974
0.49106264114379883
0.7263246774673462
0.4280262887477875
0.5401661992073059
0.6991961598396301
0.6330486536026001
0.6034004092216492
0.7865788340568542
0.5897582769393921
0.2638058364391327
0.48362693190574646
0.3027167022228241
0.3736845850944519
0.3844159245491028
0.8031823039054871
0.5915024876594543
0.2696780562400818
0.3667546808719635
0.5959351658821106
0.43897944688796997
0.38295361399650574
0.4127480387687683
0.8889522552490234
0.6533903479576111
0.3818700611591339
0.712342381477356
0.8928381204605103
0.36440208554267883
0.3981025815010071
0.662835955619812
0.6564027667045593
0.390959233045578
0.2890869975090027
0.7600714564323425
0.5133185982704163
0.622549831867218
0.2497088462114334
0.3066830635070801
0.30129149556159973
0.8414298892021179
0.25974783301353455
0.6887316703796387
0.6563352346420288
0.3682481348514557
0.2990836501121521
0.6313177943229675
0.5916687250137329
0.28424471616744995
0.4459119737148285
0.548962414264679
0.3404463231563568
0.3834645748138428
0.5532633066177368
0.502503514289856
0.6654403805732727
0.19102895259857178
0.1622353345155716
0.2651950418949127
0.2395693063735962
0.3350205421447754
0.5390689373016357
0.6018733382225037
0.4237707257270813
0.7931302189826965
0.9179013967514038
0.3080053925514221
0.74798983335495
0.7011175155639648
0.5222705006599426
0.4717711806297302
0.2927756905555725
0.9962958097457886
0.6777609586715698
0.736930787563324
0.38898876309394836
0.553183913230896
0.717011570930481
0.36461904644966125
0.3402339518070221
0.8103731274604797
0.2589654326438904
0.25564152002334595
0.5947765707969666
0.17536136507987976
1.0907680988311768
0.7431771755218506
0.4492265284061432
0.502363920211792
0.7822425961494446
0.47116178274154663
0.45023688673973083
0.5247136354446411
0.3005143702030182
0.329453706741333
0.3575093150138855
0.732227623462677
0.58412104845047
0.4389609694480896
0.5713075995445251
0.27977055311203003
0.2402181327342987
0.30920201539993286
0.6021453142166138
0.4550743103027344
0.4402199685573578
0.43572187423706055
1.398813009262085
0.25469547510147095
1.155886173248291
0.6567286849021912
0.5333468317985535
0.6816394329071045
0.5300387144088745
0.7370874881744385
0.40438804030418396
0.5461486577987671
0.44922885298728943
0.624231219291687
0.47349175810813904
0.6226125955581665
0.4686654508113861
0.8904680013656616
1.0215367078781128
0.7752143740653992
0.5170048475265503
0.5085188746452332
0.8061168789863586
0.6276453137397766
0.37153929471969604
0.3998951017856598
0.2416153848171234
0.3824196457862854
0.4199376702308655
0.8845062255859375
0.23758180439472198
0.26384419202804565
0.3977208137512207
0.7575781941413879
0.5005493760108948
0.36173516511917114
0.6260671615600586
0.5473878979682922
0.586708128452301
0.8523305654525757
0.48031020164489746
0.35622984170913696
0.6442750096321106
0.4543640613555908
0.4557642936706543
0.25554919242858887
0.2918320596218109
0.7353559732437134
0.40843263268470764
0.23054079711437225
0.5364399552345276
0.40239208936691284
0.4667423367500305
0.24857516586780548
0.2760084867477417
0.38012322783470154
0.8079676628112793
0.3846292197704315
0.8132901191711426
1.1044520139694214
0.2914198935031891
0.31022322177886963
0.3515304625034332
0.3563130795955658
0.2954479157924652
0.6752380728721619
0.6852327585220337
0.38742566108703613
0.65778648853302
0.440006822347641
0.3405393064022064
0.6260403394699097
0.5118668675422668
0.49830326437950134
0.698418140411377
0.3932704031467438
0.9015048742294312
0.6401933431625366
0.1760277897119522
0.2050132304430008
0.5453536510467529
0.5179497599601746
0.5350645780563354
0.6782115697860718
1.00509774684906
0.35709431767463684
1.0290849208831787
0.25117823481559753
0.4947606921195984
0.5697768926620483
0.13630817830562592
0.4106515347957611
0.3874852955341339
0.4208710193634033
0.8366079330444336
1.2541358470916748
0.6116823554039001
0.46573328971862793
0.6560074090957642
0.6468746066093445
0.27699360251426697
0.5992198586463928
0.29173213243484497
0.9263917207717896
0.3795677721500397
1.1671333312988281
0.2896049916744232
0.473334938287735
0.4311307966709137
0.44223862886428833
0.6620922088623047
0.6203656792640686
0.9672940969467163
0.6419613361358643
0.4828763008117676
0.30891862511634827
0.2669205367565155
1.3279145956039429
0.39130720496177673
0.30622902512550354
0.40549546480178833
0.41708555817604065
0.4630482792854309
0.9261056184768677
0.795998215675354
0.8227378129959106
0.32693761587142944
0.40223827958106995
0.19973354041576385
1.580788493156433
0.6984754800796509
1.3055752515792847
0.6117576360702515
0.49039286375045776
0.5183418989181519
0.5002830624580383
0.6290050745010376
0.3897317945957184
0.8990810513496399
0.49047011137008667
1.2670222520828247
