0.7451444864273071
0.4018058180809021
0.5307683944702148
0.6306169033050537
0.4106532633304596
0.44800180196762085
0.5004774928092957
0.31829679012298584
0.40892380475997925
0.5462782382965088
0.3647455871105194
0.8647211790084839
0.5709360241889954
0.455051988363266
0.7441508173942566
0.47542595863342285
0.9871214032173157
0.5501471161842346
0.39694303274154663
0.6213424205780029
0.5300315618515015
0.680105984210968
0.2830224633216858
0.35371795296669006
0.5141927599906921
0.5734774470329285
0.6598469614982605
0.3536171317100525
0.37752652168273926
0.5174559354782104
0.617596447467804
0.41324448585510254
0.3602064251899719
0.4223966598510742
0.3284412622451782
0.5631188154220581
0.31426408886909485
0.8148761987686157
0.6260367035865784
0.5202671885490417
0.5210328102111816
0.7523485422134399
0.59553462266922
0.39156970381736755
0.4796653687953949
0.3000738024711609
0.391250342130661
0.8741873502731323
0.677122950553894
0.35992664098739624
0.5393127202987671
0.4051744043827057
0.4849812984466553
1.0340001583099365
0.4696827530860901
0.5439047813415527
0.5037238001823425
0.6423857808113098
0.4361144006252289
0.2560174763202667
0.39173340797424316
0.7521899342536926
0.4786043167114258
0.47075772285461426
0.6431626677513123
0.3059692680835724
0.5698758959770203
0.31794312596321106
0.28807732462882996
0.676837146282196
0.9298734664916992
0.53603595495224
0.6461917161941528
0.6983811259269714
0.4709709584712982
0.5415865182876587
0.756875216960907
0.40467873215675354
0.32327449321746826
0.28924307227134705
0.5609352588653564
0.529218316078186
0.2971773147583008
0.6895543336868286
0.3145044445991516
0.9173992872238159
0.31687331199645996
0.9777050018310547
0.4517640173435211
0.7330557703971863
0.4878867268562317
0.44857150316238403
0.41529417037963867
0.6701012849807739
0.5821264386177063
0.4187605381011963
0.4158850312232971
1.053187608718872
0.3402535319328308
0.23974689841270447
0.7217446565628052
0.507386326789856
0.6077430248260498
0.7809169888496399
0.638342022895813
0.34858784079551697
0.8876541256904602
0.5268975496292114
0.5814404487609863
0.41970181465148926
0.33791583776474
0.2837604880332947
0.421964555978775
0.25050878524780273
0.6296991109848022
0.3711824119091034
0.9919236302375793
0.9734370112419128
0.3170251250267029
0.19837474822998047
0.6702874302864075
0.5165111422538757
0.24655446410179138
0.4529765248298645
0.6376476883888245
0.6933812499046326
0.6907356381416321
0.46099957823753357
0.5561720728874207
0.6906532049179077
0.3961780369281769
0.4745701849460602
0.369451105594635
0.45915618538856506
1.3129714727401733
0.4141397476196289
0.4704032838344574
0.6166934370994568
0.47078895568847656
0.3584079444408417
0.7784611582756042
0.6465740203857422
0.5060080289840698
0.38392144441604614
0.36514732241630554
0.8237532377243042
0.4675680994987488
0.5023338198661804
0.3428075313568115
0.7624623775482178
0.24272148311138153
0.8107222318649292
0.5464423894882202
0.7213987112045288
0.8700011968612671
0.4250570833683014
0.32784324884414673
0.3065626323223114
0.7582265734672546
0.4749796986579895
0.33840423822402954
0.5244682431221008
0.7597883343696594
0.3481924831867218
0.33677372336387634
0.4132750928401947
0.4973987936973572
0.6210517287254333
0.5882065296173096
0.6382557153701782
0.39007726311683655
0.4472535252571106
0.7508593201637268
0.4187220633029938
0.24126121401786804
0.6172646284103394
0.3382675051689148
0.40571680665016174
0.5412458777427673
1.1259334087371826
0.25814560055732727
0.6169716119766235
0.8500323295593262
0.3912392854690552
0.5468788146972656
0.8094399571418762
0.2523519992828369
0.40359535813331604
0.2837565541267395
0.34287557005882263
1.059368371963501
0.4257538318634033
0.46675705909729004
0.3750304579734802
0.5719189047813416
0.48532089591026306
0.567383885383606
0.3681665360927582
1.0614748001098633
0.570911169052124
0.7920640707015991
0.9126307368278503
1.0512611865997314
0.2906697392463684
0.4267050623893738
0.355652391910553
0.3438090682029724
0.30897289514541626
0.5879591703414917
0.2853900194168091
0.5371988415718079
0.6400060653686523
0.8708815574645996
0.33144432306289673
0.8831123113632202
0.6140134930610657
0.49925604462623596
0.2775082588195801
0.5367973446846008
0.28997403383255005
0.5414192080497742
0.3374519646167755
0.8344820141792297
0.34884172677993774
0.3385511040687561
0.504165768623352
0.32184702157974243
0.713352620601654
0.34117934107780457
0.8763737678527832
0.8161819577217102
0.49910029768943787
0.8950344324111938
0.6704176068305969
0.5041054487228394
0.77752685546875
0.7294262051582336
0.32462286949157715
0.31722548604011536
0.4411776661872864
0.4065069556236267
0.32681557536125183
0.5376919507980347
0.2598862051963806
0.7869652509689331
0.5750930309295654
0.25628596544265747
0.44818440079689026
0.6321258544921875
0.512741208076477
0.7968465089797974
0.5506402254104614
0.5118379592895508
0.4603361487388611
0.6453862190246582
0.6662203073501587
0.6861443519592285
0.2115342617034912
0.35704851150512695
0.4130965769290924
0.5864966511726379
0.2270655333995819
0.5165310502052307
0.5392965078353882
0.7352068424224854
1.1859607696533203
0.6549336314201355
0.5466410517692566
1.1262259483337402
0.33236122131347656
0.7174562215805054
0.4386206567287445
0.5619980692863464
0.6191521883010864
0.8176922798156738
0.5233124494552612
0.5220901370048523
0.584671139717102
0.8161383867263794
0.20918352901935577
0.602843165397644
0.7149761915206909
0.2044789046049118
0.33067482709884644
0.36437350511550903
0.5670892000198364
0.5157080888748169
0.43516358733177185
0.2940937578678131
0.19427332282066345
0.7731035351753235
0.8287712335586548
0.43682605028152466
0.30118101835250854
0.2725951075553894
0.962302565574646
0.6195827126502991
0.998460590839386
0.6295839548110962
1.3903274536132812
0.3907642364501953
0.6972779631614685
0.2926064431667328
0.2882296144962311
0.7099698781967163
0.4902035593986511
0.3241828978061676
1.0299867391586304
0.531273603439331
0.9175077676773071
0.3556603789329529
0.2644669711589813
0.9474460482597351
0.7098010778427124
1.0230966806411743
0.6905226111412048
0.40449267625808716
0.5146706104278564
0.4862118363380432
0.27917739748954773
0.5247162580490112
0.4814479947090149
0.5538607835769653
0.6829620599746704
0.545577883720398
0.7213267087936401
0.47253862023353577
0.40035122632980347
0.5691381692886353
0.6934467554092407
0.5131960511207581
0.564807116985321
1.0558985471725464
0.7747228741645813
0.39463376998901367
0.9360159635543823
0.24606803059577942
0.5430641770362854
