0.44427815079689026
0.7525442242622375
0.2663412094116211
0.21785512566566467
0.22377219796180725
0.43988853693008423
0.6194266080856323
0.7272489666938782
0.9199848175048828
0.6082097887992859
0.39929652214050293
1.118942141532898
0.38785332441329956
0.35223230719566345
0.5160635709762573
0.5380117893218994
0.41498351097106934
0.6552672982215881
0.6838732957839966
0.3321988582611084
0.16506877541542053
0.5284618139266968
0.7551504969596863
0.5818844437599182
0.34945014119148254
0.538558304309845
0.5831311941146851
0.8072507977485657
0.5252261757850647
0.5890904068946838
0.42615610361099243
0.445730596780777
0.5969449877738953
0.2092183381319046
0.4131835401058197
0.32696354389190674
0.6039440035820007
0.6189436316490173
0.863806426525116
0.8078481554985046
0.303644597530365
0.5766359567642212
0.42061442136764526
0.6579115390777588
0.6298907995223999
0.9466184377670288
0.23859985172748566
0.49321889877319336
0.5617033243179321
0.4364239275455475
0.5049224495887756
0.503006637096405
0.2321842908859253
0.5300787687301636
0.7782211303710938
0.5563138723373413
0.6641626358032227
0.4988090991973877
0.4668343961238861
1.088053584098816
0.30599555373191833
0.45204171538352966
0.3582932949066162
0.6557300090789795
0.8289764523506165
0.4439420700073242
0.38044244050979614
0.7370437383651733
0.41020798683166504
0.1855495423078537
0.3095242381095886
0.6533569097518921
0.7125097513198853
0.1980723887681961
0.5710729360580444
0.37809911370277405
0.6435641050338745
0.9965669512748718
0.4980836510658264
0.7998489737510681
0.3610162138938904
0.47055283188819885
0.21052522957324982
0.34476369619369507
0.6767178773880005
0.2651289105415344
0.7897554636001587
0.4134386479854584
0.5316234827041626
0.9992963075637817
0.3201116621494293
0.5844843983650208
0.5675453543663025
0.3935549855232239
0.49335965514183044
0.7014515995979309
0.46422094106674194
0.5249040126800537
1.1243822574615479
0.6264640688896179
0.8164375424385071
0.648982584476471
0.6163581609725952
0.4703788161277771
0.6647452116012573
0.9177742004394531
0.47202301025390625
0.4099861979484558
0.4708235263824463
0.3349442780017853
0.6264598369598389
0.5785145163536072
0.49835094809532166
0.3613326847553253
0.28507575392723083
0.6731277704238892
0.6865834593772888
0.39122334122657776
0.08798807114362717
0.6856027841567993
0.4429580569267273
0.8465324640274048
0.45347970724105835
0.4976356625556946
0.5628901720046997
0.5707427263259888
0.471119225025177
0.5172685980796814
0.5131479501724243
0.459725558757782
0.3772672712802887
0.5642461776733398
0.40148186683654785
0.3780335783958435
0.5516420006752014
0.5162237882614136
0.9560073018074036
0.37907588481903076
0.3347424566745758
0.5291359424591064
0.4433351159095764
0.33405834436416626
0.2725289463996887
0.5635827779769897
1.061628818511963
0.6541815996170044
0.6829363107681274
0.762800395488739
0.24616822600364685
0.42339372634887695
0.8007270693778992
0.8189688920974731
0.48435163497924805
0.9780535697937012
0.46339526772499084
0.8209977149963379
0.4650781750679016
0.7700181603431702
0.5579854846000671
0.7621197700500488
0.8062710762023926
0.43651628494262695
0.6214401721954346
0.609176516532898
0.8897368311882019
0.2171446830034256
0.29679837822914124
1.0137202739715576
0.609622597694397
0.35759109258651733
0.4603777825832367
0.09789186716079712
0.32975924015045166
0.2671124041080475
0.3670807480812073
0.42535409331321716
0.5479519963264465
0.27939751744270325
0.6832659840583801
0.26032009720802307
0.5880070924758911
0.27335935831069946
0.4619084298610687
0.41385477781295776
0.6980022192001343
0.685016930103302
0.44084349274635315
0.7880111932754517
1.226007103919983
0.8690590858459473
0.5683183670043945
0.790725827217102
0.25615566968917847
0.462380588054657
0.3394200801849365
0.6938793063163757
0.3068426251411438
0.3118097186088562
0.2645460069179535
0.15732932090759277
0.6308170557022095
0.2547512650489807
0.739319920539856
0.3941187262535095
0.6215740442276001
0.8032277226448059
0.3389188349246979
0.44198089838027954
0.4993559420108795
0.8833805322647095
0.4012262225151062
0.6087583899497986
0.5610268712043762
0.3074052631855011
0.40930086374282837
0.5283679962158203
1.10890793800354
0.9391143918037415
0.5525535941123962
0.664849579334259
0.3801909387111664
0.8642077445983887
0.46292009949684143
0.308860719203949
0.32682710886001587
0.42816200852394104
0.23764002323150635
0.4309884011745453
0.5509933233261108
0.5995916128158569
0.3304959237575531
0.7140064835548401
0.5289924144744873
0.3147181570529938
0.629923939704895
0.31026366353034973
0.5814552903175354
0.31797337532043457
0.4949255585670471
0.2958672046661377
0.41533803939819336
0.6604934930801392
1.1468534469604492
0.3691658675670624
0.5016322731971741
0.52955561876297
0.3871692717075348
0.5196027159690857
0.40770357847213745
0.37400370836257935
0.3627933859825134
1.2022972106933594
0.7767305374145508
0.42403364181518555
0.2037469893693924
0.5654317140579224
0.42637816071510315
0.314622700214386
0.47281551361083984
0.564179539680481
0.6890159249305725
0.3851149082183838
0.38241448998451233
0.592166543006897
0.26975345611572266
0.6039551496505737
0.19498039782047272
0.6528929471969604
0.8770688772201538
0.26938867568969727
0.6576042175292969
0.35602107644081116
0.38133591413497925
0.28860387206077576
0.5945629477500916
0.6828234791755676
1.2858264446258545
0.657407283782959
0.5816634893417358
0.5192430019378662
0.39221686124801636
0.2784699499607086
0.8134520649909973
0.7179407477378845
0.3266231119632721
0.9028903841972351
0.6039167642593384
0.3809675872325897
0.5405148267745972
1.0931024551391602
0.6254310011863708
0.5498901009559631
0.5798228979110718
0.3984830677509308
0.25147491693496704
0.49114713072776794
0.44886237382888794
0.6657831072807312
0.3827052116394043
0.3102892339229584
0.4284738600254059
0.3392353653907776
0.2989543676376343
0.5243439674377441
0.5147707462310791
0.6491478681564331
0.38100486993789673
0.40716424584388733
0.44624534249305725
0.7328283190727234
0.6479599475860596
0.8083875775337219
0.6181260347366333
0.4630091190338135
0.2750202715396881
0.6951441764831543
0.43588265776634216
0.7314249873161316
0.8093724250793457
0.5282740592956543
0.2878749370574951
0.900985598564148
0.4655265808105469
0.6798852682113647
0.5492079854011536
1.1509041786193848
0.6633526086807251
0.40071845054626465
0.7222321033477783
0.3085814118385315
0.3300188183784485
0.8519678115844727
0.7644608616828918
0.29566654562950134
0.3729311525821686
0.48115912079811096
0.32650992274284363
0.5872568488121033
