0.4413991868495941
0.25645437836647034
0.5428699851036072
0.3450663983821869
0.27321046590805054
0.30941495299339294
0.3997165262699127
0.4274027943611145
0.3882996439933777
0.9736038446426392
0.32199186086654663
1.3130793571472168
0.501956582069397
0.4213217794895172
0.49125370383262634
0.36913567781448364
0.5880616903305054
0.7252313494682312
0.8592453002929688
0.5490328073501587
0.9609500169754028
0.6063209772109985
0.5395932197570801
0.34556061029434204
0.3726426661014557
0.21008062362670898
0.882660984992981
0.261605441570282
0.8018941879272461
0.514689028263092
0.47424954175949097
0.373095840215683
0.5330999493598938
0.34208956360816956
0.5686525106430054
0.8770858645439148
0.45076560974121094
0.4477298855781555
0.31930917501449585
0.7838670611381531
0.49710655212402344
0.34739890694618225
0.8081841468811035
1.023939847946167
0.8484114408493042
0.5876973867416382
1.0521812438964844
0.6101216077804565
0.4874350428581238
0.45512741804122925
0.4883905053138733
0.7572628259658813
0.24687767028808594
0.40836262702941895
0.28672847151756287
0.44000378251075745
0.6079047918319702
0.2805703580379486
0.6845688223838806
0.9768948554992676
0.6974806189537048
0.5458546876907349
0.4459614157676697
0.3957531452178955
0.3163646161556244
0.328090637922287
0.8194058537483215
0.2259126901626587
0.5536140203475952
0.5085197687149048
0.6284617185592651
0.5766750574111938
0.5570610761642456
0.35918956995010376
0.34324175119400024
0.525274932384491
0.6007698178291321
0.3771786093711853
0.5644396543502808
0.8895356059074402
0.3441632390022278
0.545854389667511
0.43645986914634705
0.8260185122489929
0.6022822856903076
0.5303541421890259
0.42470407485961914
0.5234742164611816
0.8023191690444946
1.1370890140533447
0.5545930862426758
0.5172324180603027
0.6088582277297974
0.794896125793457
0.5970538854598999
0.5886507034301758
0.4850289225578308
0.6187049746513367
0.35624441504478455
0.8285149335861206
0.3207148313522339
0.7929872274398804
0.2531302571296692
0.6328012347221375
0.3280499577522278
0.6626707911491394
0.4673618674278259
0.40010586380958557
0.9514249563217163
0.5636529922485352
0.3508957326412201
1.3147265911102295
0.9149761199951172
0.5976969599723816
0.26626473665237427
0.519778311252594
0.3090953528881073
0.7437837719917297
0.13974496722221375
0.4651036262512207
0.38992369174957275
0.47307753562927246
0.3536406457424164
0.5021933317184448
0.386336088180542
0.19050554931163788
0.5346783399581909
0.6409112811088562
0.3489908277988434
0.28075987100601196
0.2860747277736664
0.44825848937034607
0.47305887937545776
0.4676142632961273
0.4265090823173523
0.5321222543716431
0.42349153757095337
0.44192391633987427
0.360305517911911
1.0666053295135498
0.6056655049324036
0.4051518440246582
0.5271432399749756
0.6818262338638306
0.5934732556343079
0.41408663988113403
0.7081284523010254
0.22611144185066223
0.7615674734115601
0.41811877489089966
1.0009945631027222
0.4532527029514313
0.656269907951355
0.3485175669193268
0.9843453168869019
0.7475207448005676
0.898349404335022
0.3502923548221588
0.9646701812744141
0.4003772735595703
0.7906243205070496
0.6287723779678345
0.8583136796951294
0.4326288104057312
0.3935372233390808
0.5680675506591797
0.4491623044013977
0.45163601636886597
0.8555845022201538
0.6045553088188171
0.6910215616226196
0.5631240010261536
0.7925789952278137
0.44412118196487427
0.5611933469772339
0.5257322192192078
0.507466733455658
1.0692522525787354
0.2896668612957001
0.35379695892333984
0.804082989692688
0.4531915783882141
0.5451470017433167
0.3688456118106842
0.649605929851532
0.8526591062545776
0.2561558783054352
0.41784676909446716
0.5243480801582336
0.6160668730735779
0.2824171185493469
0.23345854878425598
0.6388077139854431
0.6131445169448853
0.6560896039009094
0.5362880825996399
0.3135184645652771
0.3703438341617584
1.0337648391723633
0.5342415571212769
0.3975348472595215
0.2327544391155243
0.49378567934036255
0.6400860548019409
0.5477665066719055
0.6639242172241211
0.16698773205280304
0.5090726017951965
1.007892370223999
0.6337860226631165
0.5341888666152954
0.3311470150947571
0.5858106017112732
0.3604899048805237
0.7874617576599121
0.5189951658248901
0.31947797536849976
0.24458639323711395
0.5204012989997864
0.41228723526000977
0.42730599641799927
0.3546074628829956
0.9266195297241211
0.19718581438064575
0.2639090120792389
0.3279503583908081
0.20029735565185547
0.4730754494667053
0.896135687828064
0.5762531757354736
0.7795085906982422
0.8731586337089539
0.5064842104911804
0.4533352851867676
0.7286347150802612
0.7642644643783569
0.5279680490493774
0.2726377844810486
0.5405611395835876
0.5955974459648132
0.6675189137458801
0.7339831590652466
0.24893930554389954
0.566889762878418
0.5701006650924683
0.45440950989723206
0.7795540690422058
0.2955572009086609
0.4359661638736725
0.46245795488357544
0.6564505696296692
0.27665311098098755
0.5245605707168579
0.31515002250671387
0.8527042269706726
0.6158854365348816
0.4492870271205902
0.31849440932273865
1.2613933086395264
0.3906466066837311
0.5296391248703003
0.48434314131736755
0.7836329340934753
0.6273199319839478
0.2744012773036957
0.5106062293052673
0.37695565819740295
0.9459159970283508
0.4653070569038391
0.6820325255393982
0.492451012134552
0.3751324415206909
0.5714346170425415
0.7045157551765442
0.4067811071872711
0.6278071403503418
0.30873578786849976
0.5033024549484253
0.22449174523353577
0.9087664484977722
0.587276816368103
0.4650541841983795
0.8479722738265991
0.8159516453742981
0.3489583134651184
0.340437114238739
0.3416452407836914
0.5168951749801636
0.6672210693359375
0.4389657974243164
0.46005696058273315
0.9148275256156921
0.7623279094696045
0.39191552996635437
0.5361288785934448
0.2277197390794754
0.41974887251853943
0.44409656524658203
0.2803037166595459
0.3930741846561432
0.5194514393806458
0.32453665137290955
0.2725560665130615
0.5219454169273376
0.34266260266304016
0.30855876207351685
0.43075400590896606
0.7824544906616211
0.7054523229598999
0.8125612139701843
0.5216219425201416
0.45275479555130005
1.028571367263794
0.4920036196708679
0.5166035890579224
0.19093699753284454
0.5554451942443848
0.2668801546096802
0.40014609694480896
0.6635614633560181
0.44055479764938354
0.45468226075172424
0.3774791955947876
0.5839278101921082
0.7026863694190979
0.13752630352973938
0.26072871685028076
0.3486037850379944
0.6137759685516357
0.4985277056694031
0.4119029641151428
0.7958992123603821
0.5786845088005066
0.525073230266571
0.7633703351020813
0.684190571308136
0.5646260380744934
0.6985273361206055
