0.6244421005249023
0.5991030931472778
0.4822607934474945
0.5315101742744446
0.6471223831176758
0.2639513909816742
0.19773586094379425
0.7430883646011353
0.3734184801578522
0.4400060772895813
0.48521310091018677
0.44448965787887573
0.646758496761322
0.3031004071235657
0.5862184762954712
0.47863656282424927
0.42164984345436096
0.8100854158401489
0.5526343584060669
0.3402565121650696
0.4302530288696289
0.2637399733066559
0.42130452394485474
0.9085310697555542
0.6552861928939819
0.278096467256546
0.45959368348121643
0.43879079818725586
0.7147465944290161
0.36006027460098267
0.7319355607032776
0.7030460238456726
0.5542510747909546
0.35304659605026245
0.5051782727241516
0.42595672607421875
0.5196171402931213
0.28430575132369995
0.4601835310459137
0.5654333829879761
0.6809495687484741
0.33578193187713623
0.3850761353969574
1.0952284336090088
0.4854656159877777
0.3813921809196472
0.404975563287735
0.34367382526397705
0.5031572580337524
0.47025567293167114
0.5498095750808716
0.6360161900520325
0.9842671155929565
0.7043667435646057
0.9368109703063965
0.5519353747367859
0.37599796056747437
0.31304410099983215
0.7064690589904785
0.5516660213470459
0.32052797079086304
0.45020008087158203
0.3602069020271301
0.6103065609931946
0.3840249478816986
0.3075534403324127
0.5808571577072144
0.486856073141098
0.3125391900539398
0.699338436126709
0.5252633094787598
0.26841163635253906
0.3661951720714569
0.3400246798992157
0.41492167115211487
0.8353110551834106
0.611361026763916
0.7492993474006653
0.4341798424720764
0.5113744139671326
0.40059393644332886
0.6225972175598145
0.357748419046402
0.4386240541934967
0.5513915419578552
0.6173298954963684
0.3417011499404907
1.2552121877670288
0.24081368744373322
0.3868991434574127
0.28780773282051086
0.34100478887557983
0.44361868500709534
0.9490629434585571
0.4949137568473816
0.7065121531486511
0.3094090521335602
0.31523221731185913
0.7902504205703735
0.7558104395866394
0.5923491716384888
0.5792880654335022
0.5965197086334229
0.2642050087451935
0.5072548985481262
0.6274420022964478
0.2863994240760803
0.3764813542366028
0.5845128297805786
0.9673154950141907
0.7446883916854858
1.0393537282943726
0.40308427810668945
0.4216643273830414
0.6315173506736755
0.601810097694397
0.3507406413555145
0.5053860545158386
0.33701545000076294
0.6153913736343384
0.2870280146598816
0.5301576852798462
0.7624245285987854
0.19913120567798615
0.4130128026008606
0.7016301155090332
0.3011116087436676
0.8537756204605103
0.40619832277297974
0.5191634893417358
0.5236610174179077
0.5508514642715454
0.5348803400993347
0.6383342146873474
0.6932422518730164
0.2977991998195648
0.8429919481277466
0.48899611830711365
0.6819396615028381
0.9644289016723633
0.3367706537246704
1.6286194324493408
0.3892837464809418
0.8910102844238281
0.5745944380760193
0.3228502869606018
0.5331794023513794
0.668634295463562
0.40791741013526917
0.5525623559951782
1.054693579673767
0.9364763498306274
0.7954018712043762
0.30623024702072144
0.4342568516731262
0.21791040897369385
0.5347398519515991
0.3348580300807953
0.9006441831588745
0.3016664981842041
0.48864859342575073
0.5194868445396423
0.4817613661289215
0.3003465533256531
0.31794729828834534
0.6732239723205566
0.2791214883327484
0.4048071503639221
0.5438081622123718
0.5543707013130188
0.5142894983291626
0.7004625201225281
0.4393685758113861
0.5618153810501099
0.697141170501709
0.7408934235572815
0.6140807867050171
0.5259073376655579
0.7536414265632629
0.4641726613044739
0.4647592008113861
0.3813749849796295
0.5404487252235413
0.4748097062110901
0.49324163794517517
0.3497459292411804
0.5916839838027954
0.5717235803604126
0.48231497406959534
0.6893093585968018
0.702459454536438
0.9703621864318848
0.839946448802948
0.44429340958595276
0.3020614981651306
0.3135986924171448
0.3590525984764099
0.5654499530792236
0.714918315410614
0.4797343313694
0.2680208384990692
0.8638052940368652
0.8401272892951965
0.5689569115638733
0.2604975700378418
0.5975586175918579
0.6081815958023071
0.4538026750087738
0.6658209562301636
0.8052347302436829
0.5742698907852173
0.6945553421974182
0.8249682188034058
0.4612829089164734
0.8487493395805359
0.9861969947814941
0.802568256855011
0.47038182616233826
0.4799918532371521
0.4662562310695648
0.8260308504104614
0.8181215524673462
0.6445846557617188
0.5573717355728149
0.4356535077095032
0.8780220150947571
0.7439232468605042
0.425981342792511
0.24705728888511658
0.5682608485221863
0.4455264210700989
0.4960086941719055
0.3570936322212219
0.5012713670730591
0.6228480339050293
0.20939138531684875
0.4771197736263275
0.4878053665161133
0.8651313781738281
0.5314511060714722
0.5930514335632324
0.3871549963951111
0.5824822187423706
1.2582803964614868
0.35152769088745117
0.7729201316833496
0.3843762278556824
1.1501609086990356
0.38192152976989746
0.3166656494140625
0.5553714632987976
0.4564782977104187
0.8011991381645203
0.6884683966636658
0.7359071373939514
0.3475715219974518
0.5313997864723206
0.47456178069114685
0.21862587332725525
1.0834691524505615
1.065415859222412
0.5531828999519348
0.6153377294540405
0.516243577003479
0.5052683353424072
0.2703569829463959
0.4025340974330902
0.5557573437690735
0.5628549456596375
0.5931013822555542
0.3848596215248108
0.5110448598861694
0.4738632142543793
0.5557316541671753
0.3445965349674225
0.37690356373786926
0.356088787317276
0.33235642313957214
0.7483360171318054
0.6345379948616028
0.32660847902297974
0.9096232652664185
0.6285936832427979
0.4489010274410248
0.27543821930885315
0.1686978042125702
0.6017732620239258
0.5858536958694458
0.6322895288467407
0.8817809820175171
0.41883763670921326
0.5107967257499695
0.34147632122039795
0.2817723751068115
0.3132857084274292
0.41119614243507385
0.6613985300064087
0.6530008912086487
0.4110390245914459
0.24080510437488556
0.5390195250511169
0.28499072790145874
0.3873016834259033
0.5504876375198364
0.2074645310640335
0.44415798783302307
0.7234228253364563
0.44652432203292847
0.5194247961044312
0.5233244895935059
0.8197501301765442
0.8370739221572876
0.7555817365646362
0.6305342316627502
0.2219843864440918
0.6158509850502014
0.6394168138504028
0.3297283947467804
0.3602631092071533
0.5872219800949097
0.597472071647644
0.4807009696960449
0.47009724378585815
0.4835847020149231
0.5415197014808655
0.6414526700973511
0.9112421870231628
0.5505002737045288
0.6589388847351074
0.5130731463432312
0.6676901578903198
0.5603769421577454
0.8144246935844421
0.6119569540023804
0.6259196996688843
0.36200568079948425
0.6423028707504272
1.6200727224349976
