0.42952990531921387
0.37345725297927856
0.28386828303337097
0.8062641024589539
0.5010887384414673
0.35453107953071594
0.28048834204673767
0.41720837354660034
0.43894991278648376
0.5448814630508423
0.6227250695228577
0.46418341994285583
0.9756795763969421
0.5002423524856567
0.4120882451534271
0.6296345591545105
0.21102753281593323
0.24178966879844666
0.8086937069892883
0.8435274362564087
0.5930946469306946
0.480699360370636
0.2067994326353073
0.26446276903152466
0.25103071331977844
0.6831598281860352
0.6726692914962769
0.2414369285106659
0.34257423877716064
0.7247887849807739
0.4386386275291443
0.6360952258110046
0.6464244723320007
0.9384130239486694
0.5921710133552551
0.6255769729614258
0.6578041315078735
0.30889204144477844
0.3380988538265228
0.39589932560920715
0.5275546908378601
0.3170182406902313
0.5876055955886841
0.6738331913948059
0.3104967474937439
0.30831488966941833
0.5807713270187378
0.5817083120346069
0.4910154342651367
0.5737895965576172
0.7712302803993225
0.37286320328712463
0.5282411575317383
0.3685525357723236
0.4361753463745117
1.1562672853469849
0.5597907304763794
0.30271556973457336
0.3935566544532776
0.9944463968276978
0.7077122330665588
0.17489789426326752
0.7128716707229614
0.5574785470962524
1.1294920444488525
0.6197048425674438
0.5045543313026428
0.5847196578979492
0.7028350234031677
0.970721423625946
0.33608564734458923
0.7505687475204468
0.35633617639541626
0.68800288438797
0.5792776346206665
0.5248994827270508
0.17611603438854218
0.38999447226524353
0.3230223059654236
1.3330801725387573
0.24456119537353516
0.42969322204589844
0.4682272970676422
0.478107213973999
0.6178391575813293
0.5948395729064941
0.5666646957397461
0.2932296395301819
0.7985782623291016
0.6226965188980103
0.7255813479423523
0.547570526599884
0.8338117599487305
0.7657984495162964
0.651695728302002
0.6467008590698242
0.5758212208747864
0.3733498454093933
0.8201030492782593
0.46227264404296875
0.6622567176818848
0.5082617998123169
0.530555248260498
0.30737724900245667
0.4391857087612152
0.2683255672454834
0.753067135810852
0.40226149559020996
0.924241840839386
0.6468798518180847
0.9220627546310425
0.5463684797286987
0.6921850442886353
0.5380160212516785
0.8451834917068481
0.5123646259307861
0.6615746021270752
0.531046986579895
0.4656321406364441
0.37030431628227234
0.4768839478492737
0.7880514860153198
0.28641921281814575
0.1962834596633911
0.38509315252304077
0.18411102890968323
0.5677015781402588
0.31954121589660645
0.4086915850639343
0.6102923154830933
0.8906521797180176
0.5896166563034058
0.34521275758743286
1.1402621269226074
0.34787315130233765
0.8208030462265015
0.564020037651062
0.5610650181770325
0.5481972694396973
1.154237985610962
0.34330323338508606
0.6458781361579895
0.3242220878601074
0.48422250151634216
0.3300929367542267
0.3964565396308899
0.5264682769775391
0.8451982736587524
1.3729896545410156
0.32710376381874084
0.5053941607475281
0.7214314341545105
0.9157970547676086
0.6774765849113464
0.5917719006538391
0.40706920623779297
0.29385119676589966
0.20747514069080353
0.3158426284790039
0.43372949957847595
0.4623374342918396
0.4968791902065277
0.2834160327911377
0.5310941338539124
0.460664838552475
0.4012351632118225
0.2753002643585205
0.6347759962081909
0.380652517080307
0.2945985198020935
0.7052972912788391
0.751970648765564
0.22581073641777039
0.5007491111755371
0.552813708782196
0.640275776386261
0.7190843224525452
0.482388973236084
0.4174842834472656
0.8530659675598145
0.9675122499465942
0.5477493405342102
0.3016590476036072
0.9859137535095215
0.5463070869445801
0.45203375816345215
0.4484593868255615
0.5222702026367188
0.2249138355255127
0.47574615478515625
0.9854635000228882
0.26185789704322815
0.36142802238464355
0.28817400336265564
0.3975975811481476
0.37121278047561646
0.8763524889945984
0.55414217710495
0.6138056516647339
0.4372466206550598
0.26935213804244995
0.5393512845039368
0.2714780271053314
0.2944295406341553
0.6026114225387573
0.458134263753891
0.7043855786323547
0.5185949206352234
0.3228146433830261
0.2407921850681305
0.4831100404262543
0.36667168140411377
0.7668855786323547
0.35140135884284973
0.6937271952629089
0.29927220940589905
0.1656206101179123
0.8062111735343933
0.19777311384677887
0.26460522413253784
0.39007118344306946
0.4265921711921692
0.7020307779312134
0.47133177518844604
0.6084684133529663
0.5097619295120239
0.44127947092056274
0.7383278608322144
0.610375165939331
1.101977825164795
0.8468334078788757
0.8623026013374329
0.4278751313686371
0.1796850562095642
0.48462095856666565
0.31655755639076233
0.6469463109970093
0.2649419605731964
0.34402996301651
0.198367178440094
0.3921167254447937
0.9662473797798157
0.375507116317749
0.34572547674179077
0.3601611256599426
0.432776540517807
0.5528044104576111
0.3523852825164795
0.701878011226654
0.4598596692085266
0.5248357653617859
0.6581439971923828
0.6190134882926941
0.4999156892299652
0.4901605248451233
0.6847249269485474
0.3562397360801697
0.2909584045410156
0.8764392137527466
1.0679969787597656
0.4382319450378418
0.48504838347435
0.5502374172210693
0.4624301791191101
0.2891751229763031
0.47798052430152893
0.15179850161075592
0.40247979760169983
0.415402889251709
0.6160379648208618
0.6313274502754211
0.3795982003211975
0.4906487464904785
0.3077808916568756
0.43995872139930725
0.6431103348731995
0.3391808867454529
0.34081873297691345
0.33433112502098083
0.425288587808609
0.6908888816833496
0.4024203419685364
0.19435380399227142
0.6437591314315796
1.0969678163528442
0.5457817316055298
0.23178763687610626
0.21935462951660156
0.746976375579834
0.22720399498939514
0.3822660446166992
0.33509236574172974
0.7374477386474609
0.3638823628425598
1.2226781845092773
0.47196120023727417
0.4631681442260742
0.6581071019172668
0.42853277921676636
0.48455262184143066
0.3048607110977173
0.5295427441596985
0.36688607931137085
0.3570505678653717
0.6482908725738525
0.2364952117204666
0.2690557837486267
0.7253339886665344
0.854884147644043
0.7868415713310242
0.5644491314888
0.45279359817504883
0.3944571018218994
0.3975161612033844
0.6109597682952881
0.24887898564338684
0.37534773349761963
0.3561646640300751
0.5661238431930542
0.48957404494285583
0.5045482516288757
0.365414559841156
0.47960957884788513
0.6037557721138
0.7407329678535461
0.4535242021083832
0.46046584844589233
0.42906150221824646
0.6695460081100464
0.7709108591079712
0.4814783036708832
0.5683916211128235
0.45030030608177185
1.3408935070037842
0.4092826247215271
0.6750882267951965
0.37570780515670776
1.3927892446517944
