0.9085086584091187
0.3448626399040222
0.44557228684425354
0.42261114716529846
0.8533794283866882
0.6068931818008423
0.46314162015914917
0.3912384510040283
0.8159210085868835
0.6912640929222107
0.573627233505249
0.5792554616928101
0.45055633783340454
0.36513930559158325
0.3495728671550751
0.6230787038803101
0.4607617259025574
0.7995214462280273
0.2535545229911804
0.6704505085945129
0.5993145704269409
0.658438503742218
0.45859289169311523
0.5672599673271179
1.1459184885025024
0.3627419173717499
0.4557783603668213
0.3493819832801819
0.5264514684677124
0.6447679996490479
0.9260597229003906
0.5173472762107849
0.490648090839386
0.4454612731933594
0.776298463344574
0.6171639561653137
0.42649346590042114
0.46680155396461487
0.4913243353366852
0.45237261056900024
0.39542102813720703
0.26445379853248596
0.30367597937583923
0.5676244497299194
0.47746580839157104
0.2185790091753006
0.5524082183837891
0.6016513109207153
0.612062931060791
0.3905809819698334
0.4005850851535797
0.68156898021698
0.7321244478225708
0.49070852994918823
1.2654646635055542
0.46078529953956604
0.5095940232276917
0.5110127925872803
0.44334205985069275
0.2971639037132263
0.8029900789260864
0.636590301990509
0.6984509229660034
0.18515382707118988
0.5491359233856201
0.2904322147369385
0.4213427007198334
0.9997919201850891
0.8549343943595886
0.6680002808570862
0.2843758463859558
0.5456142425537109
0.2923530042171478
0.45426130294799805
0.630433201789856
0.7749611735343933
0.7157613635063171
0.888046145439148
0.7362300157546997
0.6967209577560425
0.692707896232605
0.40227118134498596
0.1718977391719818
0.8799773454666138
0.2658848166465759
0.5251133441925049
0.19028949737548828
0.5159384608268738
0.4726347327232361
0.5177124738693237
0.3257374167442322
0.8655824661254883
0.4450107514858246
1.0019819736480713
1.0937986373901367
0.185828298330307
0.5952190160751343
0.7544636726379395
0.3666338324546814
0.2840663194656372
0.1750577688217163
0.18890976905822754
0.2655143141746521
0.49384698271751404
0.7546100616455078
0.7517845630645752
0.4984823167324066
0.4540364742279053
0.7125886082649231
0.7723912000656128
0.7167596817016602
0.7747127413749695
0.5032856464385986
0.3464283347129822
0.23042364418506622
0.2970151901245117
0.49815258383750916
0.5643078088760376
0.39999231696128845
0.6380859613418579
0.5886307954788208
0.316110759973526
0.9137961268424988
0.6001065969467163
0.26366251707077026
0.27008017897605896
0.45651131868362427
0.3782055377960205
0.3131294250488281
0.40795183181762695
1.1816730499267578
0.5545849204063416
0.4087584614753723
0.6528323888778687
0.8705180883407593
0.6098278164863586
0.16622629761695862
0.8372514843940735
0.7878011465072632
0.3630518913269043
0.8692232370376587
0.258466899394989
0.3027978539466858
0.3958030343055725
0.9028035402297974
0.9559561610221863
0.30162158608436584
0.18703611195087433
0.554766058921814
0.9438959956169128
0.34319815039634705
0.5198379755020142
0.4528971314430237
0.7755157947540283
0.7549542188644409
0.2671513259410858
0.35209476947784424
1.2516357898712158
0.7936789393424988
0.5106353759765625
0.5101054906845093
1.188493013381958
0.7631592750549316
1.1594126224517822
0.6906996965408325
0.566964328289032
0.5320947766304016
0.5818711519241333
0.7599499821662903
0.7196336984634399
0.29246705770492554
0.603945791721344
0.3861108422279358
0.4149024486541748
0.38650792837142944
0.18803608417510986
0.7750264406204224
0.576275110244751
0.8728471994400024
0.7011720538139343
0.31169015169143677
0.2694546580314636
0.18705949187278748
0.5610347986221313
0.6294001340866089
0.6136007308959961
0.6810154914855957
0.2912297248840332
0.46142682433128357
0.3571024537086487
1.0203214883804321
0.30994439125061035
1.2233912944793701
0.3206741213798523
0.36978083848953247
0.48678189516067505
0.5375148057937622
0.47795072197914124
0.9859752655029297
0.5525057911872864
1.0846352577209473
0.3855868875980377
0.8768273591995239
0.5083082318305969
0.6524662375450134
0.8028896450996399
0.5414125919342041
0.9498801231384277
0.5842201709747314
0.6411471962928772
0.399647980928421
0.6365810632705688
0.3621089458465576
0.9345690608024597
0.4127175807952881
0.486611932516098
0.3177301585674286
0.45429307222366333
0.5124444961547852
0.2623116075992584
0.38481321930885315
0.5461564064025879
0.29180392622947693
0.4619232714176178
0.2693597674369812
0.562936007976532
0.9335715174674988
0.5016593337059021
0.4966256022453308
0.5635820627212524
0.5190435647964478
0.5010362863540649
0.70511394739151
0.17393629252910614
0.6831289529800415
0.7443059086799622
0.48200663924217224
0.48956459760665894
0.4630732536315918
0.5037023425102234
0.4786246418952942
0.5522898435592651
0.9320552945137024
0.6853195428848267
0.5895808935165405
0.649319052696228
0.7197197079658508
0.1779700070619583
0.6335166096687317
0.5315027236938477
0.4467194974422455
0.8646737933158875
0.3670715391635895
0.5785048604011536
0.5848451852798462
0.6351588368415833
0.5331436395645142
0.6561678647994995
0.4090059697628021
0.41598910093307495
0.571334183216095
0.2561730742454529
0.7429777979850769
0.38630637526512146
0.3662201464176178
0.2420690953731537
0.44741687178611755
0.3036806881427765
0.3801284730434418
0.5549896359443665
0.5464193224906921
0.7709813117980957
0.4235597252845764
0.6521039009094238
0.3251887857913971
0.5161457657814026
0.2978265583515167
0.6135574579238892
0.46023112535476685
0.44337648153305054
0.419940322637558
0.37897753715515137
0.6709944009780884
0.4694189131259918
0.6708284616470337
1.4904872179031372
0.36583632230758667
0.8160093426704407
0.8434846997261047
0.445183664560318
0.47309407591819763
0.3355024456977844
0.413526713848114
0.8961678743362427
0.37870490550994873
0.23532462120056152
1.297814130783081
0.4436083436012268
0.6160499453544617
0.35562247037887573
0.2784786522388458
0.44936603307724
0.3442157506942749
0.43046122789382935
0.6380698680877686
0.31245481967926025
0.4870639741420746
0.40131884813308716
0.2774469256401062
0.4372827410697937
0.41354307532310486
0.6861945390701294
0.3348296582698822
0.6924045085906982
0.43616408109664917
0.5513020753860474
0.6946104764938354
0.5652176141738892
0.614504873752594
0.24182982742786407
0.612606406211853
0.6508018374443054
0.7021857500076294
0.7210156917572021
0.3328624665737152
0.29855218529701233
0.4041946530342102
0.8130409121513367
0.3286588191986084
0.4254893362522125
0.3469698131084442
0.47856220602989197
0.600893497467041
0.5205181837081909
0.28475505113601685
0.24359822273254395
1.0664931535720825
0.8937899470329285
