0.5258044600486755
0.6836318969726562
1.2539489269256592
0.6794722080230713
0.5656495094299316
1.5230846405029297
1.1800892353057861
0.7939645051956177
0.7077773809432983
0.8122811317443848
0.5448366403579712
0.5765961408615112
0.5796279907226562
0.8657625317573547
0.9221940040588379
0.9831545948982239
0.7621663212776184
0.7884234189987183
0.9360238909721375
0.8043525815010071
0.8397285342216492
0.79691481590271
0.6565108299255371
0.7956390380859375
0.6983820199966431
0.8333681225776672
0.4783408045768738
0.9906513094902039
0.5064209699630737
0.7844787240028381
0.8928284645080566
0.9304916262626648
0.8501125574111938
0.7267197966575623
0.7065443992614746
1.23995041847229
0.9945563077926636
0.6911166310310364
0.5509838461875916
0.8402808308601379
0.5916274785995483
0.9727126955986023
0.7826821208000183
0.9664734601974487
0.33743610978126526
0.5076524019241333
0.9381887316703796
0.9639150500297546
0.6799505949020386
0.6478493809700012
0.8633437156677246
0.8938002586364746
0.7029026746749878
1.023174524307251
0.8361939191818237
0.4591056704521179
0.59503573179245
0.8225862383842468
1.0636225938796997
0.6457239389419556
0.9338768720626831
0.9116595387458801
0.7911227345466614
0.9121477007865906
0.8931084871292114
0.46802347898483276
1.2408883571624756
0.8659988641738892
0.6695976257324219
0.644288182258606
1.0775123834609985
0.9953956604003906
0.8580912351608276
0.572742760181427
0.5332253575325012
0.9435248374938965
0.6893513798713684
0.8866208791732788
0.7866445779800415
0.916009783744812
1.1669256687164307
0.5034745931625366
0.6851340532302856
0.8170149922370911
0.46909475326538086
0.5744547247886658
0.6565021276473999
1.20303475856781
0.7414891719818115
0.6241031885147095
0.9330263137817383
0.6541627645492554
0.7535794377326965
0.6456918716430664
0.9244516491889954
0.9207903146743774
0.7998698353767395
0.8069972991943359
0.7955294847488403
1.1968624591827393
0.7292245030403137
0.7039366960525513
0.8028706312179565
0.645779013633728
1.0900623798370361
0.885309100151062
0.7376933097839355
0.732659637928009
0.5102642774581909
1.149482011795044
0.5358049869537354
0.5993599891662598
0.6559509038925171
1.5539734363555908
0.869040310382843
0.41687116026878357
0.6808530688285828
0.9598547220230103
0.5651747584342957
1.1084336042404175
0.9814462661743164
0.8703385591506958
0.7685505151748657
0.8149787187576294
0.981525719165802
0.8269691467285156
0.7597473859786987
0.7301385998725891
0.931297779083252
0.457993745803833
1.1167569160461426
0.5811380743980408
0.7483412623405457
0.7252708673477173
0.8179815411567688
0.5972927808761597
0.9321840405464172
0.6730682253837585
1.0569112300872803
0.4859392046928406
0.5777980089187622
0.7526834607124329
1.0671889781951904
0.6545482873916626
0.6574454307556152
0.7863302230834961
0.8563286066055298
0.6862328052520752
0.5227444767951965
0.9192922711372375
0.6475238800048828
0.7469278573989868
0.5550426244735718
0.6608859300613403
0.7975449562072754
1.2535970211029053
0.7652015686035156
0.8957757949829102
1.1512196063995361
0.783637523651123
0.4691053330898285
0.4714375436306
0.7789024114608765
0.8970621228218079
0.4549919664859772
0.5576861500740051
0.5422278642654419
0.9905771017074585
0.48501673340797424
0.5609410405158997
0.6517899036407471
0.89276522397995
0.49132800102233887
0.5121029615402222
0.6322314143180847
0.929060161113739
0.6532858610153198
0.9878476858139038
0.508306622505188
0.9145066142082214
0.6345312595367432
0.8059108853340149
0.8525010943412781
0.954094409942627
0.7313482165336609
0.6600663661956787
0.6008033156394958
0.6133005023002625
0.6579421162605286
0.7381380796432495
0.7317332029342651
0.7290633320808411
0.8699870109558105
0.47611457109451294
1.0722209215164185
1.1155400276184082
0.587591290473938
0.6906602382659912
0.4465774595737457
0.5364329218864441
0.4369218945503235
0.432636022567749
0.46563148498535156
0.8640965223312378
1.0943138599395752
0.6277368068695068
0.39623501896858215
0.5731537938117981
0.8349254727363586
0.6732974052429199
0.4419777989387512
0.39860936999320984
0.7144461870193481
0.8830674886703491
0.8101335763931274
0.7848457098007202
0.4132968485355377
0.6281542778015137
1.0469807386398315
1.2428271770477295
0.890792965888977
1.999502420425415
0.7973380088806152
0.8239142298698425
0.8980986475944519
0.7455770969390869
1.0239918231964111
0.6096380352973938
0.8748075366020203
0.7388501167297363
0.9749749898910522
0.6275343894958496
0.621117115020752
0.6461874842643738
0.7800827026367188
0.4462006092071533
0.7512470483779907
0.6505509614944458
0.90228271484375
0.7193291187286377
0.724956214427948
0.9532769918441772
0.8329822421073914
0.582539975643158
0.7056453824043274
0.7595373392105103
0.6319001317024231
0.7387040853500366
0.6880196332931519
1.098761796951294
0.7020047307014465
0.8925727605819702
0.7090676426887512
0.5810941457748413
1.0186492204666138
0.9035691022872925
0.8174780607223511
0.47805076837539673
0.692949116230011
0.999820351600647
0.7166132926940918
0.6517313122749329
0.9859055280685425
0.8494483828544617
0.5702994465827942
0.877841591835022
0.6488770842552185
0.8101471662521362
0.7565163373947144
0.5712227821350098
0.7535418272018433
0.5508545637130737
0.6730696558952332
0.5753108263015747
0.5120652318000793
0.7490553259849548
0.7716929316520691
0.9111236333847046
0.4598264694213867
0.9064443707466125
0.642606258392334
0.6418609023094177
0.6154773831367493
1.0598392486572266
0.623947024345398
0.738818883895874
0.3574579358100891
1.272264003753662
0.7252033352851868
0.6637813448905945
0.6261595487594604
0.8639147877693176
0.9384809732437134
0.4916868209838867
0.6416569352149963
0.7803457379341125
0.8811134099960327
0.8987842798233032
0.636529266834259
0.5947363972663879
0.4769434928894043
0.623033344745636
1.0743950605392456
0.9592531323432922
0.9796445965766907
0.8675897717475891
0.7806675434112549
0.5071424245834351
0.6829686164855957
0.4601981043815613
1.0818588733673096
0.5715301632881165
0.8690810203552246
0.5783647298812866
0.8572613000869751
0.48800182342529297
0.8771896362304688
1.0394318103790283
1.4250510931015015
0.6459405422210693
0.654086709022522
0.3748747408390045
0.46387022733688354
0.7597821354866028
0.9311591386795044
1.733350396156311
0.6672309041023254
0.6092949509620667
0.7278798818588257
0.599827229976654
0.7194602489471436
0.5950111150741577
0.8346688151359558
0.5508724451065063
0.6893613934516907
0.9844973683357239
0.8312589526176453
1.8311656713485718
