0.8974016308784485
0.4340054392814636
0.8377431631088257
0.9075462222099304
0.3842392563819885
0.6011722683906555
1.0735315084457397
0.5953955054283142
0.39550840854644775
0.4613551199436188
0.5537752509117126
0.2273954600095749
0.5810014009475708
0.7078288197517395
0.5657113790512085
0.5636266469955444
0.3831939697265625
0.3596104383468628
0.44141751527786255
0.8146970868110657
0.38750752806663513
0.8374007940292358
0.7838443517684937
0.475318968296051
0.29057490825653076
0.5640674829483032
0.5380855202674866
0.6202672719955444
0.514647364616394
0.639435887336731
0.5406250357627869
0.6105267405509949
0.529708743095398
0.5105544924736023
0.22005757689476013
0.6765359044075012
0.8951588869094849
0.6587713956832886
0.920263946056366
0.5285166501998901
0.397849977016449
0.2610141634941101
1.2543190717697144
0.41783079504966736
0.5084043741226196
0.6092681288719177
0.4775753915309906
0.628100574016571
0.4921172261238098
0.9394075274467468
0.4704347252845764
0.4418385624885559
0.7096366882324219
0.4803853929042816
0.8756532669067383
0.7143248319625854
0.44824281334877014
0.38668498396873474
0.4264933466911316
0.3677913546562195
0.34398412704467773
0.5352762341499329
0.21956045925617218
0.5886608362197876
0.4512459337711334
0.490572065114975
0.4092698097229004
0.5408179759979248
0.7503979802131653
0.5480051040649414
0.4529375433921814
0.34497350454330444
0.3068579435348511
0.2515929341316223
0.6162071824073792
0.6258803606033325
0.1149921640753746
0.5885814428329468
0.5551389455795288
0.45662155747413635
1.1488316059112549
0.8233030438423157
0.21558161079883575
0.5113875269889832
0.42001277208328247
1.0208097696304321
0.42732900381088257
0.41013002395629883
0.4439694285392761
0.46113985776901245
0.8537423014640808
0.4242515563964844
0.5697957277297974
0.7962134480476379
0.5521834492683411
0.6203072667121887
1.3723739385604858
0.2843269407749176
0.8283405303955078
0.43002796173095703
0.42371660470962524
0.5842024087905884
0.6057829856872559
0.4962579309940338
0.5200056433677673
0.6290345788002014
0.6953722238540649
0.3860726058483124
0.41286832094192505
0.5904040336608887
0.41135501861572266
0.5503756403923035
0.49102982878685
0.2931688129901886
0.5636809468269348
0.47215914726257324
0.49825701117515564
0.47845107316970825
0.5359303951263428
1.2117273807525635
0.8062604069709778
0.4013790190219879
0.27501726150512695
0.4241619110107422
0.7581616640090942
0.30258995294570923
0.6950640082359314
0.5134006142616272
0.2358447015285492
0.6990033388137817
0.534389317035675
0.35039612650871277
0.6054747104644775
0.5675394535064697
0.7275208234786987
0.20804134011268616
0.7695783972740173
0.41728073358535767
0.5867887735366821
0.3488529622554779
0.5368962287902832
0.37650707364082336
0.4429137706756592
0.6297727823257446
0.9199177622795105
0.5951840281486511
0.4921843409538269
0.37321263551712036
0.47423070669174194
0.4763643741607666
0.5088908076286316
0.7502009272575378
0.24500231444835663
0.7186890840530396
0.21396443247795105
0.7203748822212219
0.48776498436927795
0.35380110144615173
0.5157005786895752
0.6046075224876404
0.4070681631565094
0.3550102114677429
0.5391954183578491
0.3225129544734955
0.4329824447631836
0.8134545087814331
0.6575673818588257
0.22786755859851837
0.15484876930713654
0.5119948387145996
0.7941756844520569
0.5643482208251953
0.6064223647117615
0.660618007183075
0.3879145085811615
0.3007311522960663
0.6423071026802063
0.409430593252182
0.3873930871486664
0.5866850018501282
0.6778222918510437
0.5180562734603882
0.699549674987793
1.0738890171051025
0.42586785554885864
0.36709386110305786
0.971575915813446
0.7147324681282043
0.4686497747898102
0.3808749318122864
0.36996176838874817
0.5368302464485168
0.5961430072784424
0.28297245502471924
0.5427420735359192
0.5782702565193176
0.6151536107063293
0.2840680480003357
0.6676865816116333
0.6359959244728088
0.44279995560646057
0.3469226062297821
0.2340388000011444
0.33340179920196533
0.7965986132621765
0.4332613945007324
0.8096135258674622
0.2709072232246399
0.5818608403205872
0.5577906370162964
0.8073652982711792
0.5252186059951782
0.21454434096813202
0.3809930086135864
1.1754143238067627
0.2991359829902649
0.5679101943969727
0.3949522376060486
0.5679798722267151
0.40471524000167847
0.3537040054798126
0.5654886960983276
0.6470521092414856
0.5605655908584595
0.6182730197906494
0.5505791306495667
0.6569124460220337
0.3831169009208679
0.5375635027885437
0.47032156586647034
0.4013215899467468
0.5290581583976746
0.4927842617034912
0.3146381974220276
0.6731804609298706
0.8160086870193481
0.47643065452575684
0.4976442754268646
0.9593774080276489
0.6104521751403809
0.4833453297615051
0.36822134256362915
0.3988029360771179
0.499396950006485
0.5018914937973022
0.6705648899078369
0.3210758566856384
0.5371760129928589
0.4117242693901062
0.3385220468044281
0.33267807960510254
0.610763669013977
0.30341750383377075
0.6094394326210022
0.5852764844894409
0.3598267436027527
0.9136725664138794
0.8898853063583374
0.3671424388885498
0.7396773099899292
0.40120214223861694
0.4137643873691559
0.4032112956047058
0.5282284617424011
0.3338037431240082
0.7106487154960632
0.7515600919723511
0.41599756479263306
0.2911234498023987
0.8780345916748047
0.7376614809036255
0.9522793889045715
0.232773095369339
0.5250881314277649
0.301995187997818
1.0088589191436768
0.2497926652431488
0.8702813386917114
0.5329598188400269
0.23800191283226013
0.4212114214897156
0.706452488899231
0.6462293863296509
0.3811179995536804
1.0902817249298096
0.6329210996627808
0.4640680253505707
0.46956443786621094
0.4394609332084656
0.3121621310710907
0.18800213932991028
0.5250059366226196
0.6698279976844788
0.6544325947761536
0.46191850304603577
0.5620909929275513
0.4348783493041992
0.6720725297927856
0.35549989342689514
0.37100207805633545
0.5654335021972656
0.9184519052505493
0.3606948256492615
0.26426583528518677
0.4256521761417389
0.2659340798854828
0.5072025060653687
0.4986931383609772
0.450173556804657
0.3101133108139038
0.4200970530509949
0.8953354954719543
0.6356586217880249
0.5100423097610474
0.5521662831306458
0.5111899375915527
0.5143340229988098
0.4672223627567291
0.8241186141967773
0.38019049167633057
0.6684970259666443
0.2430770844221115
0.42637521028518677
0.311625599861145
0.23095712065696716
0.4625014364719391
0.642584502696991
0.3707577586174011
0.4168742597103119
1.0463086366653442
0.7435163259506226
0.1760554313659668
0.5450405478477478
0.5444833040237427
0.5769038200378418
0.5267078280448914
0.13559862971305847
1.0180400609970093
