0.6935604214668274
0.6095556020736694
0.43857869505882263
0.3970310688018799
0.28141602873802185
0.4115327000617981
0.48584920167922974
0.4520753026008606
0.4260161519050598
0.8474067449569702
0.24595776200294495
0.5289125442504883
0.3532121181488037
0.16325880587100983
0.7510552406311035
0.27105823159217834
0.621531069278717
0.5087445378303528
0.9978469610214233
0.48893460631370544
0.619219958782196
0.4930172860622406
0.2797890305519104
0.25518301129341125
0.8852383494377136
0.31328287720680237
0.3736535906791687
0.6664049625396729
0.2446938008069992
0.5180054306983948
0.3251090347766876
0.4918845295906067
0.7083021998405457
1.0250327587127686
0.41713985800743103
1.0432460308074951
0.666907012462616
0.7981377840042114
0.417607843875885
1.233818531036377
0.48426246643066406
1.0609514713287354
0.5851391553878784
0.23565807938575745
0.5872930288314819
0.525730311870575
0.5503349304199219
0.3141578733921051
0.9610936045646667
0.551159143447876
0.519741415977478
0.8475875854492188
0.5883191823959351
0.6137711405754089
0.8314627408981323
0.4188230037689209
0.40368109941482544
0.4693428575992584
0.20853400230407715
0.40218883752822876
0.5337757468223572
0.6006115674972534
0.3122395873069763
0.3390377461910248
0.3093228340148926
0.5861536860466003
0.545598566532135
0.41080132126808167
0.33201733231544495
0.8510974645614624
0.5192897915840149
0.5101396441459656
0.49283456802368164
0.4736963212490082
0.49415650963783264
0.7524489164352417
0.3743092119693756
0.23935739696025848
0.7157314419746399
0.6940730810165405
0.9697383642196655
0.5163440704345703
0.7615808844566345
0.6231757998466492
0.2697562575340271
0.8333969116210938
0.5439237952232361
0.5006360411643982
0.5724006295204163
0.2988046705722809
0.5945971012115479
0.6143511533737183
0.29951542615890503
0.2760104537010193
0.619977593421936
0.42861995100975037
0.4811874032020569
0.8060395121574402
0.7098051309585571
0.44815874099731445
0.4861280918121338
0.5652159452438354
0.45457249879837036
0.596624493598938
0.40374818444252014
0.598651111125946
0.24692878127098083
0.7345268130302429
0.5722078084945679
0.3729581832885742
0.3190675973892212
0.7565351724624634
0.34752291440963745
0.900658130645752
0.5283806324005127
0.6039978265762329
0.9017819166183472
0.25289252400398254
0.2915882170200348
0.37427061796188354
0.2793903350830078
0.41366511583328247
0.7927619218826294
0.26810428500175476
0.3953027129173279
0.3688228726387024
0.3091009259223938
1.0798680782318115
1.1795793771743774
0.3133166432380676
0.32144492864608765
0.7842963337898254
0.9776700735092163
0.315955251455307
0.4498283267021179
0.4335533082485199
0.3294311463832855
0.4412601590156555
0.5277674794197083
0.5286303162574768
0.6404604911804199
0.580935001373291
0.629562497138977
0.6412603259086609
1.0087560415267944
0.5538645386695862
0.5021593570709229
0.5239185690879822
0.5820707082748413
0.5322970747947693
0.3068597912788391
0.6775773167610168
0.6580451726913452
0.5035836696624756
0.401761531829834
0.5805882215499878
0.4448292851448059
0.46061158180236816
0.5828231573104858
0.34562861919403076
0.39645156264305115
0.7549374103546143
0.79070645570755
0.4085460305213928
0.8988403081893921
0.44798582792282104
0.6261363625526428
0.3666180968284607
0.7362236976623535
0.5000886917114258
0.5711514353752136
0.6803662180900574
0.6303242444992065
0.47857189178466797
0.7670071125030518
0.3729850649833679
0.5296577215194702
0.5553127527236938
0.6848701238632202
0.45881134271621704
0.2169860303401947
0.28815823793411255
0.3307298719882965
0.6474815607070923
0.6695054769515991
0.4397388994693756
0.43457865715026855
0.40930071473121643
0.4550654888153076
0.3497774600982666
0.7649854421615601
0.3163893222808838
0.4746200442314148
0.6779744029045105
0.30791693925857544
0.1834978461265564
0.9898182153701782
0.37366071343421936
0.5696746706962585
0.8230317831039429
0.5278953909873962
0.3031299114227295
0.675612211227417
0.9755541682243347
0.44343486428260803
1.0126068592071533
0.9929419755935669
1.3769848346710205
0.3571450114250183
0.43434959650039673
0.61927330493927
0.4790555536746979
0.6302348375320435
0.5611208081245422
0.48203563690185547
0.6624945402145386
0.5307227969169617
0.26757630705833435
0.4303063452243805
0.35912221670150757
0.8140033483505249
0.4332737922668457
0.4381362497806549
0.3706934154033661
0.6179203987121582
0.613310694694519
0.8599090576171875
0.49440401792526245
0.3921446204185486
0.18561598658561707
0.4636800289154053
0.29005166888237
0.5540080070495605
0.48512762784957886
0.7370857000350952
0.4896352291107178
0.12439770996570587
0.663447380065918
0.1610923707485199
0.3583112359046936
0.4647103250026703
0.47682666778564453
0.47343307733535767
0.3337465226650238
0.7833783030509949
0.4245707392692566
0.8739787936210632
0.2959999144077301
0.33444806933403015
0.9829726219177246
0.7577403783798218
0.7462913990020752
0.13854722678661346
0.37743082642555237
1.2718291282653809
0.782455563545227
1.3278228044509888
0.17437049746513367
0.44835442304611206
0.4755280017852783
0.1938462257385254
0.5127795338630676
0.3297652304172516
0.37868404388427734
0.46229782700538635
0.4592079222202301
0.9133928418159485
0.6131974458694458
0.8468456268310547
1.105143427848816
1.2798171043395996
0.6907251477241516
0.7261133790016174
0.26995763182640076
0.7343317866325378
0.7335591316223145
0.6837743520736694
0.3267199397087097
0.559648871421814
0.36178654432296753
0.41234248876571655
0.33902645111083984
0.38453957438468933
1.173162817955017
1.1279041767120361
0.8384424448013306
0.5005927085876465
0.5222484469413757
0.6338034868240356
0.3512142598628998
0.5561957359313965
0.4370233416557312
0.3758288621902466
0.4578997492790222
0.2513851821422577
0.39551591873168945
0.34435877203941345
0.3660547435283661
0.5353027582168579
0.29732102155685425
0.5552286505699158
0.3641887605190277
0.3409128785133362
0.658543050289154
0.6388757228851318
0.30626311898231506
0.6324630975723267
0.3537316918373108
0.23314189910888672
0.5528357625007629
0.6698637008666992
0.6084970235824585
0.6208735108375549
0.766584575176239
1.057133674621582
1.0540690422058105
0.5610989332199097
0.7051206231117249
0.4576168656349182
0.3400161862373352
0.2737334072589874
0.45855894684791565
0.3611822724342346
0.33681395649909973
0.7263109087944031
0.4074915945529938
0.9131028056144714
0.4454706311225891
0.638498067855835
0.8912985920906067
0.6677152514457703
0.24297726154327393
0.6658970713615417
0.4737536907196045
0.580729603767395
0.3085992932319641
1.2101753950119019
0.8026935458183289
