0.6196110844612122
0.4262573719024658
0.5213207602500916
0.5507000088691711
1.0960108041763306
0.6218705177307129
0.1964501291513443
0.32464247941970825
0.4333329200744629
0.268505722284317
0.4574575424194336
0.27922362089157104
1.101686716079712
0.20844058692455292
0.7603662610054016
0.6309440732002258
0.654231607913971
0.3810577988624573
0.6001025438308716
0.48335981369018555
0.5513290762901306
0.2253957986831665
0.46566763520240784
0.6217858791351318
0.6388447284698486
0.2822853922843933
0.615164041519165
0.652432382106781
0.7997156381607056
0.5532177686691284
0.6350281834602356
0.7000653147697449
0.4537535607814789
0.3939659893512726
0.5991966128349304
0.3325585722923279
0.33733662962913513
0.5287372469902039
0.3513966202735901
0.18781964480876923
0.6662606000900269
0.7979503273963928
0.4007720947265625
0.2799825370311737
0.5463099479675293
0.32239753007888794
0.6732214689254761
0.6677775382995605
0.5165749192237854
0.6971738338470459
0.4406585097312927
0.17924943566322327
0.4762206971645355
0.5628455281257629
0.4316072463989258
0.7323455810546875
0.45730090141296387
0.3320038914680481
0.3372376561164856
0.3182438015937805
0.5254558324813843
0.28043168783187866
0.5719340443611145
0.6583578586578369
0.2945820093154907
0.3288472294807434
0.6802272796630859
0.5006809830665588
0.5741904973983765
0.6673668622970581
0.5267946720123291
0.46780771017074585
0.9799596667289734
0.43817681074142456
0.9392938613891602
0.30018988251686096
0.5607872605323792
0.5547624826431274
0.766226053237915
0.576989471912384
0.4906443953514099
0.8630317449569702
0.9357138872146606
0.4183352589607239
0.32970282435417175
0.4471833109855652
0.41187119483947754
1.2387751340866089
0.26877933740615845
0.3665873110294342
0.5245363116264343
0.3530592918395996
0.38097649812698364
0.6543123126029968
0.3479008674621582
0.7046545743942261
0.6340125799179077
0.5426857471466064
0.7308546900749207
0.38583070039749146
0.34610500931739807
0.3990417420864105
0.8709090352058411
0.44540300965309143
0.2780918478965759
0.6813905239105225
0.4709489941596985
0.37628817558288574
0.3387995660305023
0.25570183992385864
0.6924956440925598
0.2546192705631256
0.591797947883606
0.7337647676467896
0.7311121821403503
0.6939095258712769
0.5898816585540771
0.4801507592201233
0.9821072816848755
0.3720620572566986
0.5959483981132507
0.46478739380836487
0.7192504405975342
0.4008650779724121
0.3204038739204407
0.6843516826629639
0.5805672407150269
0.7941316366195679
0.8159831762313843
0.48704513907432556
0.29434484243392944
0.4235992431640625
0.4947633743286133
0.18493595719337463
0.45106253027915955
0.6552804708480835
0.47541722655296326
0.4085696339607239
0.9965998530387878
0.33725324273109436
0.5017703771591187
0.48387473821640015
0.6897850632667542
1.2649204730987549
0.6503380537033081
0.8076407313346863
0.39790409803390503
0.5433917045593262
0.24382905662059784
0.6707283854484558
0.5598509907722473
1.0934871435165405
0.41586798429489136
0.5869845151901245
0.4299583435058594
0.44885826110839844
0.41768112778663635
0.3781123757362366
0.5894038677215576
0.6075043678283691
0.6399933099746704
0.24487709999084473
0.6294199228286743
0.653878390789032
0.7910478711128235
0.33456888794898987
0.6416265368461609
0.3916918933391571
0.44243305921554565
0.604339599609375
0.4507054388523102
0.5852941870689392
1.0200321674346924
0.36617511510849
0.8371695280075073
0.4544842839241028
0.6345984935760498
0.3985860049724579
0.6565394997596741
0.17828711867332458
0.49479198455810547
0.5537832975387573
0.9060309529304504
0.39424991607666016
0.22881777584552765
0.9556959271430969
0.9140755534172058
0.3922273516654968
0.971630871295929
0.2606436610221863
0.7486678957939148
0.4447457790374756
0.5256806015968323
0.5727822184562683
0.7762936353683472
0.7541342973709106
0.43285971879959106
0.5266793370246887
1.1468572616577148
0.4733238220214844
0.510703444480896
0.5313990712165833
1.3423210382461548
0.5884231925010681
0.2970999479293823
0.42462530732154846
1.056941270828247
0.35246366262435913
0.6906726956367493
0.43253764510154724
0.18673181533813477
0.344276487827301
0.7885095477104187
0.2241809368133545
0.394774466753006
0.2468569576740265
0.8097139596939087
0.4142303466796875
0.8218242526054382
0.43497663736343384
0.8894621133804321
0.32662519812583923
0.5353249311447144
0.7034597396850586
1.120286226272583
0.3107348084449768
0.5091258883476257
0.23632296919822693
0.408093124628067
0.49106287956237793
0.819683849811554
0.8797003030776978
0.40591946244239807
0.7733577489852905
0.6437175869941711
1.0239417552947998
0.12020039558410645
0.6782606840133667
0.4030422270298004
0.23464155197143555
0.6306300163269043
0.5352657437324524
0.9138004183769226
0.37329965829849243
0.38277381658554077
0.42192649841308594
0.3932286500930786
0.41255226731300354
0.7014397382736206
0.36092329025268555
0.5718197822570801
0.6124581098556519
0.5191364884376526
0.4523387551307678
0.48639434576034546
1.0021671056747437
0.38251519203186035
0.5320461392402649
0.2629416882991791
0.6553987264633179
0.7911182045936584
0.36065754294395447
0.48025959730148315
0.432997465133667
0.3266327381134033
0.5739981532096863
0.2706800103187561
0.4500586986541748
0.5259171724319458
0.8330157399177551
1.1176387071609497
0.7519131898880005
0.40356987714767456
1.3092143535614014
0.39070314168930054
0.4141719937324524
0.6466573476791382
0.5266488194465637
0.7733091115951538
0.6924542188644409
0.40556296706199646
0.7814385294914246
0.49080896377563477
0.34904587268829346
0.6171560287475586
0.44072240591049194
0.5829101204872131
0.3707912862300873
0.4949679374694824
0.9575386047363281
0.16104567050933838
0.6866490244865417
0.5288960337638855
0.9577032923698425
0.5718935132026672
0.39310741424560547
0.942404568195343
0.49427929520606995
0.3394332826137543
0.29716163873672485
0.4879792630672455
0.35191792249679565
0.2187153398990631
0.9909690618515015
0.4700660705566406
0.2348819226026535
0.5965346097946167
0.4292420744895935
0.21805188059806824
0.34968310594558716
0.3982331454753876
0.35138359665870667
1.3191436529159546
1.0780150890350342
1.1045676469802856
0.6432281136512756
0.43258827924728394
0.4536040425300598
0.7757722735404968
0.661312460899353
0.9114872217178345
0.44213777780532837
0.8094104528427124
0.5215240716934204
0.7671387195587158
0.4859679341316223
0.6064536571502686
0.2595996856689453
0.3025098145008087
0.3028948903083801
0.6289499998092651
0.3943636417388916
0.7651514410972595
0.6260439157485962
0.5405726432800293
0.3785359263420105
0.6046234965324402
0.3653271198272705
