0.48364025354385376
0.43272534012794495
1.0891622304916382
0.9295355081558228
0.7780717611312866
0.3599890470504761
0.4786387085914612
0.6646348237991333
0.6101174354553223
0.3427095413208008
0.335591197013855
0.6006346344947815
0.5448725819587708
0.11972485482692719
0.4058341085910797
0.4390723705291748
0.4024553894996643
0.6177726984024048
1.212281584739685
0.6285552382469177
0.4741179347038269
0.8278504610061646
0.38321733474731445
0.5574380159378052
0.7712334394454956
0.37342074513435364
0.3469623625278473
0.7555118799209595
0.5679746270179749
0.46467167139053345
0.428518682718277
1.23445725440979
0.3444083333015442
0.8364909887313843
0.557087779045105
0.4749048352241516
0.5333536863327026
0.3938426971435547
0.5947748422622681
0.5896956324577332
0.23683221638202667
0.3570707440376282
0.3577738404273987
0.599136233329773
0.9347661733627319
0.8313214182853699
0.9334155321121216
0.3919452428817749
0.4230824410915375
0.5334957838058472
0.402310848236084
0.7590139508247375
0.433145672082901
0.8881551623344421
0.7573503255844116
0.6825645565986633
1.2013604640960693
0.3231468200683594
0.30173152685165405
0.41346651315689087
0.8826926946640015
0.9149038195610046
0.5497968792915344
0.38898560404777527
0.19883732497692108
0.36102569103240967
0.6580381989479065
0.41360849142074585
0.19970324635505676
0.5519846081733704
0.4256499707698822
0.18908700346946716
0.7195626497268677
0.4990614056587219
0.46659260988235474
0.4458557963371277
0.3706758916378021
0.8195989727973938
0.7663241624832153
0.2854236364364624
0.5774316191673279
0.3553929924964905
0.34374743700027466
0.5060534477233887
0.5512573719024658
1.0669357776641846
0.15094956755638123
0.1995868682861328
0.5226848125457764
0.7581485509872437
0.9033246040344238
0.36148664355278015
0.7551957368850708
0.5960968732833862
0.39974352717399597
0.39267244935035706
0.4475344717502594
0.8036808967590332
0.3546627163887024
0.31749385595321655
0.47772297263145447
0.6550105214118958
1.1039526462554932
1.1632095575332642
0.5508800745010376
0.5509044528007507
0.6424757242202759
0.44468778371810913
0.5233675241470337
0.6863025426864624
0.5182363986968994
0.879513144493103
0.6425295472145081
0.37970224022865295
0.6877363920211792
0.6269515156745911
0.42342859506607056
0.5944259166717529
0.7573458552360535
0.40650996565818787
0.6546069383621216
0.1917530745267868
0.24407155811786652
0.19536671042442322
0.3517581820487976
0.7131972908973694
0.5063136219978333
0.26317137479782104
0.464275985956192
0.5652320384979248
0.4791244566440582
0.3929068446159363
0.5778564214706421
0.45987361669540405
0.3474988341331482
0.5176097750663757
0.40007415413856506
1.138237714767456
0.9107521176338196
0.5226888656616211
0.2436314821243286
0.8359745144844055
0.37067800760269165
0.37217801809310913
0.34263303875923157
0.5036443471908569
0.9566802978515625
0.3461865782737732
0.8541160821914673
0.20670375227928162
0.42959365248680115
0.339081734418869
0.5087711215019226
0.2602783143520355
0.8260906338691711
0.4127027988433838
0.18389436602592468
0.42004138231277466
0.6523323059082031
0.3689761161804199
0.3544843792915344
0.5611793994903564
0.5594757795333862
0.8837884664535522
0.4549473822116852
0.4273030757904053
0.5456487536430359
0.44613170623779297
0.41971510648727417
0.370537132024765
0.863010048866272
0.2022346556186676
0.35974887013435364
0.8132634162902832
0.38597315549850464
0.5635207891464233
0.44030675292015076
0.18906383216381073
0.5334294438362122
0.4886299967765808
0.46566829085350037
0.46973785758018494
0.5031026005744934
0.6508563160896301
0.49707740545272827
0.4332354962825775
0.26882633566856384
0.7665956616401672
0.43695226311683655
0.43767279386520386
0.4092327654361725
0.4008151888847351
0.6473156213760376
0.7068206667900085
0.37403517961502075
0.37968909740448
0.1561162769794464
0.4760105013847351
0.6641591787338257
0.3041772246360779
0.77043217420578
0.41801080107688904
0.44077783823013306
1.0498325824737549
0.7224957942962646
0.3625335097312927
0.36803826689720154
0.41641339659690857
0.6926461458206177
0.5517630577087402
0.9119594693183899
0.3452250063419342
0.3040409982204437
0.5967444777488708
0.6483896970748901
0.7280241847038269
0.5951396822929382
0.7462064623832703
0.33282551169395447
0.3823757767677307
0.47053584456443787
0.3800114393234253
0.8208833932876587
0.4225608706474304
0.46370482444763184
0.3682045042514801
0.7293306589126587
0.37949568033218384
0.8773533701896667
0.31715843081474304
0.4433818757534027
0.6300197839736938
0.6937454342842102
0.8019582629203796
0.5146328210830688
0.30759096145629883
0.36943700909614563
0.41835880279541016
0.8807734251022339
1.228111982345581
0.7655450701713562
1.0005838871002197
1.0000265836715698
0.4253925383090973
0.49144744873046875
0.547059953212738
0.4065665304660797
0.24721360206604004
0.5181535482406616
0.6527742743492126
0.6576210856437683
0.5830242037773132
0.3760495185852051
0.30501577258110046
0.44930368661880493
1.0293666124343872
0.3744370639324188
0.3506738543510437
0.7284453511238098
0.4877573847770691
0.5094788670539856
0.4154427647590637
0.43902021646499634
0.3835378885269165
0.34203439950942993
0.31455865502357483
0.5557630658149719
0.3544044494628906
0.24283573031425476
0.251984179019928
0.44540923833847046
0.6168354153633118
0.7480451464653015
0.5747305750846863
0.4493246078491211
0.5949025750160217
0.6085302233695984
0.29043811559677124
0.41533994674682617
0.2856762707233429
0.48986873030662537
0.7185373306274414
0.7307268381118774
0.5654788613319397
0.7934423685073853
0.661819577217102
1.0228382349014282
0.7277251482009888
0.8943167924880981
0.40310630202293396
0.39490610361099243
0.4700465202331543
0.46601876616477966
0.7744941711425781
0.468392938375473
1.0809972286224365
0.386197030544281
0.8895168304443359
0.44685134291648865
0.2915477156639099
0.6271207928657532
0.8442084193229675
0.9753525853157043
0.5882937908172607
0.4855993390083313
0.8935210108757019
0.21528296172618866
0.9307920336723328
0.29120883345603943
0.6371774673461914
0.46955686807632446
0.6555331945419312
0.198064386844635
0.5186575055122375
0.5345115661621094
0.25328683853149414
0.406821072101593
0.461209774017334
0.35997381806373596
0.45763206481933594
0.6312920451164246
0.34345752000808716
0.4244329333305359
0.6840528845787048
0.45939216017723083
0.39001718163490295
1.0776723623275757
0.5847052335739136
0.5550795793533325
0.2617674469947815
0.2921297550201416
0.30850523710250854
0.2800407409667969
0.5720549821853638
0.8697260022163391
0.6965519189834595
0.6082793474197388
2.1607112884521484
