0.4372480511665344
0.45308780670166016
0.831961452960968
0.42756977677345276
1.1361788511276245
0.19929049909114838
0.23746781051158905
0.5590029358863831
0.601642906665802
0.5713116526603699
0.2289796769618988
0.46785402297973633
0.5637400150299072
0.44588279724121094
0.5978426337242126
0.9354133605957031
0.3422977328300476
0.6457778811454773
0.1476074904203415
0.41504985094070435
0.7320373058319092
0.3794565200805664
0.3926498293876648
0.8587900996208191
0.25978922843933105
0.4198780059814453
0.3404746651649475
0.25771981477737427
0.51005619764328
0.6388031840324402
0.40735897421836853
0.7217955589294434
0.550167977809906
0.387103796005249
0.35713261365890503
0.21106617152690887
0.525420069694519
0.36958980560302734
0.6712354421615601
0.47111597657203674
0.7302861213684082
0.6984485983848572
0.4866720139980316
0.4943183958530426
0.42198771238327026
0.4200950562953949
0.5103515386581421
0.7118807435035706
0.390344500541687
0.3806011378765106
0.4683707356452942
0.27749353647232056
0.47036346793174744
0.6713797450065613
0.9392369985580444
0.4301375448703766
0.4802967607975006
0.33304500579833984
0.347339391708374
0.6496953368186951
0.670436680316925
0.39942261576652527
0.6493159532546997
0.7550846338272095
0.7215898036956787
0.5776450037956238
0.7390502691268921
0.7869225740432739
0.5040558576583862
0.8612140417098999
0.39053410291671753
0.7400208711624146
0.7214180827140808
0.5047136545181274
0.4650503098964691
0.35733893513679504
0.44899415969848633
1.2781145572662354
0.7690848112106323
0.4780188500881195
0.849261462688446
0.2405153512954712
0.4745498299598694
0.6409798264503479
0.5506817102432251
0.2740239202976227
0.5932707190513611
0.6417490243911743
0.37641143798828125
0.556944727897644
0.5969329476356506
1.0660550594329834
0.3551715016365051
0.4848420023918152
0.856573760509491
0.7945986986160278
0.8972644805908203
0.2944543957710266
0.3013634979724884
0.5655204057693481
0.6219086647033691
0.42416924238204956
0.26153430342674255
0.3227440118789673
0.6323031187057495
0.40620294213294983
0.2776277959346771
0.7887561321258545
0.5447006225585938
0.35497042536735535
0.6122217178344727
0.4887358248233795
1.30524742603302
0.28771039843559265
0.6382180452346802
0.82390958070755
0.31353434920310974
0.4171196520328522
1.0481846332550049
0.6167173385620117
0.2721831202507019
0.8037346005439758
0.4951968789100647
0.19840385019779205
0.5313984155654907
0.5726726651191711
0.5187681913375854
0.30913013219833374
0.2592039704322815
0.4649796485900879
0.2150290459394455
0.5762196779251099
0.31204742193222046
0.5838789343833923
0.5321747064590454
1.0635555982589722
0.45365625619888306
0.4285617768764496
0.6376277804374695
0.73691326379776
0.48749399185180664
0.6391183733940125
0.46612924337387085
0.5014091730117798
0.8071576952934265
0.26164549589157104
0.3131241202354431
0.22605791687965393
0.8088726997375488
0.710324764251709
0.2412896454334259
0.7086091041564941
0.6050505638122559
0.28225836157798767
0.4635655879974365
0.21665725111961365
0.5923581719398499
0.3943151533603668
0.10765552520751953
0.40280699729919434
1.2009754180908203
0.6075270771980286
0.8712355494499207
0.4377985894680023
0.3127935528755188
0.8379999995231628
0.3321482539176941
0.2593684792518616
0.35049381852149963
0.43201857805252075
0.5979920625686646
0.34465116262435913
0.5211911797523499
0.3760766386985779
0.47784024477005005
0.2661251425743103
0.5374274253845215
0.34626778960227966
0.8706933856010437
0.4308060109615326
0.3820301592350006
0.430624395608902
0.5497550964355469
0.4172350764274597
0.38089293241500854
0.26796185970306396
0.6111675500869751
0.3831450343132019
0.5473533272743225
0.39697766304016113
0.5608178973197937
0.3855694532394409
0.6781381368637085
1.2263517379760742
0.589964747428894
0.48694974184036255
0.29966050386428833
0.2715180218219757
0.8138450384140015
0.35620352625846863
0.7439443469047546
0.5109782814979553
0.6407001614570618
0.4477905333042145
0.8395211100578308
0.6988860964775085
0.4859057366847992
0.6771804094314575
0.43253764510154724
0.7650634050369263
0.7860317230224609
0.5484459400177002
0.5496574640274048
0.9711983799934387
0.7593269348144531
0.3293166756629944
0.5114945769309998
0.4367527961730957
0.28534573316574097
0.41776418685913086
0.8082954287528992
0.3651502728462219
0.6076934337615967
0.5129947662353516
0.5799868106842041
0.36857038736343384
0.5938183069229126
0.48847323656082153
0.7930929064750671
0.14521512389183044
0.2745506763458252
0.30422359704971313
0.39468079805374146
0.8738287091255188
0.5951328277587891
0.4969348907470703
0.5350888967514038
0.4127042293548584
0.25263625383377075
0.26229891180992126
1.0488898754119873
0.40681108832359314
0.8867834806442261
1.0814565420150757
0.3442481756210327
0.8886693120002747
0.42479071021080017
0.6195370554924011
0.28920385241508484
0.8998094797134399
0.22030174732208252
0.2297716587781906
1.2030837535858154
0.6167519688606262
0.5366150140762329
0.5306988954544067
0.5308210253715515
0.6503141522407532
0.6450003385543823
0.514075756072998
0.9973699450492859
0.45774441957473755
0.4231778085231781
0.18201938271522522
0.3828889727592468
0.19250670075416565
0.6871777176856995
0.2169000804424286
0.7841642498970032
0.3194284737110138
0.907425045967102
0.6761054396629333
0.3828527331352234
0.4260634481906891
0.2816758155822754
0.7861400842666626
0.4593544900417328
0.7774019241333008
0.9210429191589355
0.47340792417526245
0.5156986713409424
0.7085075974464417
0.5502168536186218
0.5138673782348633
0.48204201459884644
0.45253849029541016
0.7198212742805481
0.4377668797969818
0.3194400668144226
0.48625659942626953
0.4898112416267395
0.5692513585090637
0.545374870300293
0.27261942625045776
0.37607085704803467
0.20397011935710907
1.4157021045684814
0.541724443435669
0.31226176023483276
0.23827199637889862
0.4439658224582672
0.9063457250595093
0.23438115417957306
0.8909128904342651
0.44780635833740234
0.2424691617488861
0.44762882590293884
0.8889870643615723
0.16536828875541687
0.3814491629600525
0.5941502451896667
0.6890736222267151
0.382321834564209
0.23208384215831757
0.3663773238658905
0.38634204864501953
0.4839710593223572
1.081300139427185
0.185678169131279
0.42896920442581177
0.8126975893974304
0.741025447845459
0.3161618113517761
0.49799054861068726
0.3898007273674011
0.7972623109817505
0.8562148809432983
0.4227977693080902
0.6307300925254822
0.46765050292015076
0.7913386821746826
0.626495361328125
0.40864649415016174
0.7057400345802307
0.193386048078537
0.9423587918281555
0.4454190135002136
0.23023010790348053
