0.39418748021125793
0.3654201030731201
0.9422798156738281
0.411611407995224
0.33894333243370056
0.6757351756095886
0.67095947265625
0.34452366828918457
0.4725148677825928
0.42540907859802246
0.7311305999755859
0.6186329126358032
0.24810099601745605
0.3101653456687927
0.3465712070465088
0.3400229811668396
0.30069699883461
0.924111008644104
0.6225882768630981
0.5733248591423035
0.7755986452102661
0.5640980005264282
0.27268245816230774
0.33245453238487244
0.21546800434589386
0.40593037009239197
0.3503113090991974
0.5866912603378296
0.40066900849342346
0.4898499548435211
0.5944774150848389
0.1898946464061737
0.5083030462265015
0.4273533821105957
0.5137844085693359
0.44575315713882446
0.5090392231941223
0.8037227392196655
0.47400394082069397
0.33733710646629333
0.26650071144104004
0.37314051389694214
0.3217269480228424
0.5573704242706299
0.42528876662254333
0.5612750053405762
1.0042431354522705
0.4026363492012024
0.4554409086704254
0.5809815526008606
0.5287030339241028
0.5104731321334839
0.636838972568512
0.4945859909057617
0.6821860671043396
0.5570238828659058
0.6135598421096802
0.5030180811882019
0.31407615542411804
0.5822430849075317
0.505682110786438
0.6215852499008179
1.012298345565796
0.548035204410553
0.17720869183540344
0.5090796947479248
0.4941941201686859
0.852709949016571
0.46287813782691956
0.30044931173324585
0.4940721392631531
0.7992879152297974
0.8622615933418274
0.41240715980529785
0.8816130757331848
0.6036219596862793
0.46110767126083374
0.23439840972423553
0.666077733039856
0.440168559551239
0.2638862133026123
0.3535057008266449
0.8162482380867004
0.41232508420944214
0.5218351483345032
0.7528333067893982
0.7361041307449341
0.31421512365341187
0.5639263391494751
0.4052673280239105
0.7420949935913086
0.4343440532684326
0.8099791407585144
0.4392896592617035
0.7135002613067627
0.5692945122718811
0.341317743062973
0.44801387190818787
0.42237967252731323
0.3274684548377991
0.3333747684955597
0.34210869669914246
0.6644884943962097
0.3992553949356079
0.5054672956466675
0.4487081468105316
0.6060090065002441
0.5733211636543274
0.38790255784988403
0.2869701683521271
0.3933325707912445
0.8050959706306458
0.7905656695365906
0.565807044506073
0.6554495096206665
0.2290145456790924
0.45065364241600037
0.8267822265625
0.6501243710517883
0.31473395228385925
0.7539280652999878
0.5619335174560547
0.436400830745697
1.2452855110168457
0.8199272155761719
0.6895238161087036
0.8932420611381531
0.713614821434021
0.5720051527023315
0.44235849380493164
0.507270336151123
0.2506255805492401
0.4187299311161041
0.4598521292209625
0.4311719536781311
0.6708121299743652
0.5614345669746399
0.43238601088523865
0.21518108248710632
0.8755507469177246
0.7132648229598999
1.2250864505767822
0.7631035447120667
0.9695208668708801
0.2842469811439514
0.6122002005577087
0.6278588175773621
0.6510154604911804
0.6401811838150024
0.4917084574699402
0.5728617310523987
0.2870914340019226
0.6788575053215027
0.40320855379104614
0.6616799831390381
0.22230029106140137
0.5915126800537109
0.5720140933990479
0.5636242628097534
0.2772628664970398
0.5842821002006531
0.7712334990501404
0.6362142562866211
0.22208282351493835
0.23413090407848358
0.46125784516334534
0.485944926738739
0.2178100049495697
0.5920720100402832
0.33026137948036194
0.4624452590942383
0.33681467175483704
0.45819932222366333
0.5902317762374878
0.404816210269928
0.3030879497528076
0.22117240726947784
0.47297030687332153
0.44100460410118103
0.5456196665763855
0.5602132678031921
0.6425286531448364
0.5655893087387085
0.47778528928756714
0.4734523892402649
0.5866521000862122
0.4103444516658783
0.33487385511398315
0.6307643055915833
0.5699751973152161
0.49868860840797424
0.4104064106941223
0.7798438668251038
0.645691990852356
0.7455958724021912
0.9183764457702637
0.3730151057243347
0.7158178687095642
0.35365065932273865
1.1340810060501099
0.5772829651832581
0.37472206354141235
1.258427619934082
0.8247350454330444
0.3720235228538513
0.40573495626449585
0.8341999053955078
0.36141881346702576
0.31869298219680786
0.8043185472488403
0.3436518907546997
0.6414962410926819
0.6380902528762817
0.260135680437088
0.32067447900772095
0.46698206663131714
0.2677936553955078
0.9841827154159546
0.548904299736023
0.6136096715927124
0.5910086035728455
0.7250901460647583
0.5261801481246948
0.5162527561187744
0.5013209581375122
0.9955263137817383
0.5497897267341614
0.3504907786846161
0.3472013771533966
0.742695152759552
0.25507697463035583
0.24636106193065643
0.5736424326896667
1.2082006931304932
0.28621646761894226
0.35265424847602844
0.5421449542045593
0.7799988985061646
0.5335918664932251
0.2974863052368164
0.9730660319328308
0.4912738800048828
0.565872073173523
0.1894095093011856
0.6467078924179077
0.4625241160392761
0.2605709433555603
0.40380412340164185
0.35089653730392456
0.5278096199035645
0.6422510147094727
0.5272266268730164
0.9402083158493042
0.5601207613945007
0.6310065984725952
0.39580583572387695
0.5165557265281677
0.6687094569206238
1.068562388420105
0.5399253964424133
0.4866803288459778
0.5020679831504822
0.25851887464523315
0.8280223608016968
0.40611037611961365
0.35250553488731384
0.6409879922866821
0.5730937719345093
0.579616367816925
0.49588075280189514
0.6122651100158691
0.6420671343803406
0.9552092552185059
0.6513243913650513
0.8493534326553345
0.43524473905563354
0.5500962138175964
0.4038447439670563
0.3719903528690338
0.31901246309280396
0.33063048124313354
0.5990842580795288
0.47108131647109985
0.674361526966095
0.25323253870010376
0.4258638322353363
0.9012174606323242
0.3846586346626282
0.7431653738021851
0.9244443774223328
0.5800091028213501
0.4396763741970062
0.3487854599952698
0.6087024807929993
0.6563249230384827
0.4702919125556946
0.42280954122543335
0.18221354484558105
0.4420250952243805
0.8220752477645874
0.31592684984207153
0.39014655351638794
0.26667293906211853
0.921308696269989
0.47551029920578003
0.8884461522102356
0.3135530948638916
0.7012208104133606
0.70191490650177
0.6076374053955078
0.6127334237098694
0.5072495937347412
0.5468398928642273
0.44156399369239807
0.6035606265068054
0.3166868984699249
1.2153068780899048
0.6948710680007935
0.26618462800979614
0.38796356320381165
0.3540396988391876
0.6302401423454285
0.9843900799751282
0.421907514333725
0.4129195213317871
0.7056547403335571
0.6010139584541321
0.8512536883354187
0.3286002278327942
0.35000544786453247
0.22333677113056183
0.6075376868247986
0.24445030093193054
0.5944152474403381
0.5071226954460144
0.44501692056655884
0.4332617223262787
0.5745059847831726
