0.3798537850379944
0.38683241605758667
0.4137495458126068
0.5746167898178101
0.7300698757171631
0.5715047121047974
0.45852798223495483
0.3819921612739563
0.4746793210506439
0.5064898729324341
0.3082285225391388
0.5104146003723145
0.6552678346633911
0.72301185131073
0.36210957169532776
0.6549814343452454
0.2860347628593445
0.3811989426612854
0.8446843028068542
0.727861762046814
0.9506424069404602
0.27051106095314026
0.9867738485336304
0.6162351369857788
0.7242140173912048
0.7259244322776794
0.47085514664649963
1.3570449352264404
0.5337216854095459
0.6627623438835144
0.5184275507926941
0.30005186796188354
0.8943989872932434
0.4573877453804016
0.9646377563476562
0.461215078830719
0.6391180753707886
0.8340948224067688
0.49946364760398865
0.5045749545097351
0.3507451117038727
0.2532489597797394
0.527404248714447
0.9990520477294922
0.2928914427757263
0.5210126638412476
0.5324010848999023
0.19979867339134216
0.35524290800094604
0.6989908218383789
0.3319631516933441
0.6453167200088501
0.5720632076263428
0.39476194977760315
0.2347516566514969
0.5594130158424377
0.31009870767593384
0.5677469968795776
0.284808486700058
0.474958598613739
1.0667855739593506
0.5620530843734741
0.2744610905647278
0.29275548458099365
0.7696524858474731
0.7399738430976868
0.6194413900375366
0.3205987811088562
0.5660097002983093
0.6451276540756226
0.3303624391555786
0.8063548803329468
0.67303466796875
0.40892037749290466
0.4351266324520111
0.3548148572444916
0.7674909830093384
0.609049379825592
0.28971606492996216
0.3432886600494385
0.5775227546691895
0.49873942136764526
0.9050350189208984
0.2906745374202728
0.5024844408035278
0.22561374306678772
0.30231285095214844
0.8461397290229797
0.3639236390590668
0.5210585594177246
0.8924127817153931
0.29266422986984253
0.7515148520469666
0.5035462379455566
0.2566996216773987
0.42924976348876953
0.5390099287033081
0.4806976914405823
0.41514500975608826
0.46261462569236755
1.102702260017395
0.9848865270614624
0.7204755544662476
0.43726080656051636
0.3883463740348816
0.4447178840637207
0.49572476744651794
0.4118134081363678
0.5567259192466736
0.21461382508277893
0.31381887197494507
0.9205710291862488
0.5767725706100464
0.4466680586338043
0.5291357040405273
0.46702107787132263
0.36310115456581116
0.5558826327323914
0.25212445855140686
0.4845119118690491
0.4213513731956482
0.3388918340206146
0.4079055190086365
0.39660438895225525
0.45699334144592285
0.7337878942489624
0.6363188028335571
0.5556841492652893
0.6701143980026245
0.4164661765098572
0.7778933644294739
0.33776339888572693
0.32827675342559814
0.1905398815870285
0.7797978520393372
0.4969455301761627
0.6789838075637817
0.3280285894870758
0.9877513647079468
0.7980786561965942
0.46761927008628845
0.5174623727798462
0.6430000066757202
0.7069223523139954
0.35422906279563904
0.46226224303245544
0.4572474956512451
0.37762361764907837
0.5532572865486145
1.3517706394195557
0.6468561887741089
0.9578884840011597
0.45971065759658813
0.5887670516967773
0.671978771686554
0.44276732206344604
0.2537616193294525
0.6530845165252686
0.3924207091331482
0.597964882850647
0.6722046732902527
0.51915442943573
0.3972805142402649
0.7471098303794861
0.5393227338790894
0.46481743454933167
0.4970596432685852
0.48884910345077515
0.4928152561187744
0.8894227147102356
0.3763243556022644
0.3043719530105591
0.6322597861289978
0.4278790056705475
0.37884339690208435
0.34815874695777893
0.8389617800712585
0.3267982602119446
0.23533198237419128
0.8589868545532227
0.6335757970809937
0.3430598974227905
0.7189813852310181
0.5903576612472534
0.3270067870616913
0.2864583134651184
0.25451022386550903
0.464252769947052
0.35826772451400757
0.48104533553123474
0.3293030261993408
0.24507543444633484
0.5001646280288696
0.5863458514213562
0.8289241790771484
0.5064201354980469
0.446267306804657
0.9069159626960754
1.147675633430481
0.4609127640724182
0.2824277877807617
0.4469727575778961
0.3716445863246918
0.5024513006210327
0.5988251566886902
0.340180367231369
0.33267685770988464
0.4211156964302063
0.49772071838378906
0.28273776173591614
0.35047823190689087
0.34529978036880493
0.13407893478870392
0.3662707209587097
0.22382378578186035
0.29659366607666016
0.23273733258247375
0.39363688230514526
0.6196117401123047
0.30922263860702515
0.3995976150035858
0.868346095085144
0.667564332485199
0.4396401345729828
0.419328510761261
0.353994220495224
0.7365881204605103
0.6567227244377136
0.6505606770515442
0.5257595181465149
0.6000012159347534
0.2910988926887512
0.5706790089607239
0.4843241572380066
0.40092724561691284
0.3540133535861969
0.5530096292495728
0.7804899215698242
0.28494182229042053
0.41733813285827637
0.6036946177482605
0.48428064584732056
0.6292327642440796
0.8072296977043152
0.703027606010437
0.456845760345459
0.8551011085510254
0.7487524747848511
0.9588152170181274
0.5844337344169617
0.6468054056167603
0.4932129383087158
0.5506609678268433
0.48348912596702576
0.3626580834388733
0.46659916639328003
0.5442487597465515
1.2878252267837524
0.8316580653190613
0.596462070941925
0.4776183068752289
0.37407225370407104
0.4335513114929199
0.43276888132095337
0.8423467874526978
0.33332937955856323
0.5083896517753601
0.4495105743408203
0.5062872767448425
0.589436411857605
0.7382216453552246
0.4778515696525574
0.5218343734741211
1.381436824798584
0.455768883228302
0.46409687399864197
0.28612756729125977
0.4400016665458679
0.26481491327285767
0.6570420861244202
0.5702406764030457
0.6742305755615234
0.3137820363044739
0.6338857412338257
0.6716737151145935
0.42636650800704956
0.6661719083786011
0.7707071304321289
0.5519005060195923
0.8017131686210632
0.5159338712692261
0.25268983840942383
0.42126235365867615
0.27684640884399414
0.731549084186554
0.4727505147457123
0.5882630348205566
0.3571872413158417
0.9834690093994141
0.25305089354515076
0.5760013461112976
0.49484601616859436
0.3482196033000946
0.5768312215805054
1.1025257110595703
0.9461000561714172
0.27354827523231506
0.4861319959163666
0.635318398475647
0.737645149230957
0.5838907361030579
0.42347559332847595
0.3672277331352234
0.4949949383735657
0.6460195779800415
0.7540630102157593
0.11867575347423553
0.30021825432777405
0.3292219042778015
0.2559491693973541
0.42274126410484314
0.6640528440475464
0.9398624300956726
0.8671966791152954
0.7188856601715088
0.7781391739845276
0.5079930424690247
0.26729512214660645
0.5941226482391357
0.3353364169597626
1.1125307083129883
0.8692925572395325
0.348580539226532
0.6516906023025513
0.3070691227912903
0.32759493589401245
0.5573010444641113
0.9862325191497803
