0.5676338076591492
0.3264414668083191
0.6524062156677246
0.8233413696289062
0.42843788862228394
0.6880641579627991
0.2913655936717987
0.8880788683891296
0.5173244476318359
0.8256596326828003
0.4301564693450928
0.3355649411678314
0.27196061611175537
0.5666103363037109
0.4594041705131531
0.20099201798439026
0.25783246755599976
0.6799769997596741
0.5836830139160156
0.25256186723709106
0.3730818033218384
0.48089924454689026
0.726186990737915
0.6536155939102173
0.47436338663101196
0.5951467752456665
0.34140926599502563
0.3721456229686737
0.43289676308631897
0.4888628125190735
0.7112373113632202
0.5424469113349915
0.5602452158927917
0.5174068212509155
0.49537888169288635
0.18905873596668243
0.47501063346862793
0.2810586094856262
0.9168291091918945
0.6158512830734253
0.5274079442024231
0.19452336430549622
0.5860075950622559
0.688698410987854
0.6023260354995728
0.26186469197273254
0.9554422497749329
0.5624655485153198
0.4775109887123108
0.5213107466697693
0.42748624086380005
0.353959858417511
0.6413953900337219
0.1938251107931137
0.5722970366477966
0.7069323658943176
0.47409605979919434
0.3563435971736908
0.8363563418388367
0.4905267357826233
0.39473485946655273
0.3149588704109192
0.7656159996986389
0.4563046097755432
0.34780460596084595
0.31989985704421997
0.8804739117622375
0.6113083362579346
0.7587465047836304
0.6002610325813293
0.24465937912464142
0.7671948671340942
1.0706857442855835
0.5682163238525391
0.4809757173061371
0.3090807795524597
0.6285682916641235
0.38910776376724243
0.5120153427124023
0.5295835733413696
0.5704231262207031
0.6024879217147827
0.31667694449424744
0.3971063196659088
0.6787770986557007
0.5503631830215454
0.372252881526947
0.16698384284973145
0.6860055923461914
0.3008314371109009
0.2579001486301422
0.42773252725601196
0.24124670028686523
0.7667749524116516
0.5815176963806152
0.94377201795578
0.4607047438621521
0.3947392404079437
0.9459022283554077
0.30697065591812134
0.5512225031852722
0.3240779936313629
0.38948383927345276
0.4838975965976715
0.4850030541419983
0.46330180764198303
0.7121063470840454
0.2685079276561737
0.42009592056274414
0.8012931942939758
0.47446131706237793
1.0166126489639282
0.667915940284729
0.4433284401893616
0.36641788482666016
0.7647103071212769
0.281604528427124
0.6299852132797241
0.5890024900436401
0.48857203125953674
0.3834656774997711
0.5052946209907532
0.6760122776031494
0.5431190729141235
0.24815241992473602
0.5230457186698914
0.5026974678039551
0.927590012550354
0.6943203806877136
0.6909412145614624
0.6738561391830444
0.23627686500549316
0.8014070391654968
0.30634230375289917
0.250653475522995
0.47178688645362854
0.4758818745613098
0.5371036529541016
0.55845046043396
1.0064637660980225
0.6104727387428284
0.9179052114486694
0.5695840120315552
0.6969048380851746
0.3344283103942871
0.49219775199890137
0.4828651547431946
0.6199725270271301
0.5019545555114746
0.5261138081550598
0.8354593515396118
1.1017037630081177
0.29134100675582886
0.5377158522605896
0.6207658052444458
1.2379648685455322
0.5977712869644165
0.7703324556350708
0.599790632724762
0.43592238426208496
0.6224741339683533
0.7918692827224731
1.0183050632476807
0.9939891695976257
0.7990893721580505
0.4204975962638855
0.8567577600479126
0.28571194410324097
0.44545015692710876
0.7431665658950806
0.43719521164894104
0.4181169867515564
0.16094161570072174
0.5011379718780518
0.42395511269569397
0.7468303442001343
0.6644598245620728
0.695708155632019
0.5566466450691223
0.41916924715042114
0.41794663667678833
0.34303393959999084
0.30816584825515747
0.4584483206272125
0.785993218421936
0.8942510485649109
0.4224516749382019
0.6398767828941345
0.32215479016304016
0.5677855610847473
0.3841514587402344
0.5505377650260925
0.6530729532241821
0.8129708170890808
0.5095571279525757
0.5525062680244446
0.7745777368545532
0.39506253600120544
0.4477044939994812
0.5800216794013977
0.31287336349487305
1.0587046146392822
0.24610748887062073
0.6271141171455383
0.6202971339225769
0.3653799593448639
0.4636269211769104
0.4593634605407715
0.6687605977058411
0.48962682485580444
0.23813049495220184
1.2947123050689697
0.19889751076698303
0.6259661912918091
0.45308127999305725
0.26808473467826843
0.8298368453979492
0.48367443680763245
0.33688536286354065
0.7706031203269958
0.7569698691368103
0.5988888144493103
0.24906401336193085
0.42597541213035583
0.4363386034965515
0.3388831913471222
0.44515371322631836
0.7991454005241394
0.6607710123062134
0.44351816177368164
0.3713376522064209
0.370821475982666
0.43452247977256775
0.2968546748161316
0.5551011562347412
0.6601096987724304
0.2516690790653229
0.8427726626396179
0.5943567156791687
0.5701351165771484
0.46363696455955505
0.46145710349082947
0.37064605951309204
0.5843387842178345
0.4371967315673828
0.6158588528633118
0.9440444111824036
0.863490879535675
0.7706318497657776
0.26107683777809143
0.5461974740028381
0.6963747143745422
0.5978940725326538
0.25956991314888
0.5206921696662903
0.39054450392723083
0.3209644854068756
0.46270012855529785
0.38065266609191895
0.705514132976532
0.9323537945747375
0.7782379388809204
0.2908385396003723
0.5022348165512085
0.8369235992431641
0.28956207633018494
0.7815917730331421
0.3540242314338684
0.4521476626396179
0.42477813363075256
0.39455610513687134
0.21203994750976562
0.5718259811401367
0.5873192548751831
0.7541776895523071
0.2933754324913025
0.8127267956733704
0.9964903593063354
0.6216697096824646
1.210519552230835
0.3694082498550415
0.31740397214889526
0.7889114618301392
0.3648650646209717
0.4640325903892517
0.2719431519508362
0.7120374441146851
0.661417543888092
0.7232300043106079
0.6312179565429688
0.7464512586593628
0.38047659397125244
0.3037084639072418
0.28792881965637207
1.4194085597991943
0.7350457310676575
1.0036182403564453
0.30972009897232056
0.2755090892314911
0.6771281957626343
0.4513632357120514
0.6276882886886597
0.2098558396100998
0.801118016242981
0.20487475395202637
0.36059749126434326
0.5278372764587402
0.37143781781196594
0.5885382890701294
0.23286156356334686
0.5131858587265015
0.6153225898742676
0.4039429724216461
0.7043452262878418
0.7705068588256836
0.871332049369812
0.8683739900588989
0.5579546689987183
0.6629762649536133
0.32207292318344116
0.469515860080719
0.7502549886703491
0.22694173455238342
0.24717316031455994
0.3522450625896454
0.3825088143348694
0.5403825640678406
0.6262645721435547
0.40458565950393677
0.5525494813919067
0.5324687957763672
0.3324575424194336
0.32691842317581177
0.7550514936447144
0.3215300142765045
0.35514694452285767
0.522437334060669
0.18283598124980927
