0.4715012013912201
0.45274797081947327
0.6138579249382019
0.26973623037338257
1.0081508159637451
0.6035376787185669
0.41993170976638794
0.4262624680995941
0.3877282738685608
0.534141480922699
0.6489241719245911
0.6812475323677063
0.3276306688785553
0.22523298859596252
0.2815972864627838
0.9222822189331055
0.31194502115249634
0.5910905003547668
0.5628063082695007
0.779096245765686
0.2761400640010834
0.885869026184082
0.3510201573371887
0.8805511593818665
0.7501710653305054
0.5573263168334961
0.528724730014801
0.8610178232192993
0.16147685050964355
0.5213724970817566
0.668542206287384
0.7287846803665161
0.7081996202468872
0.6772782206535339
0.27980127930641174
1.0812902450561523
0.4660867750644684
0.5079294443130493
0.33584779500961304
0.4962732195854187
0.5186627507209778
0.3561388850212097
0.800205409526825
0.7550244331359863
0.6610714793205261
0.4149842858314514
0.2887398898601532
0.35582512617111206
0.9645429849624634
1.3140208721160889
0.32755574584007263
0.8173632621765137
0.6051185727119446
0.6840873956680298
0.7661727666854858
0.5067254304885864
0.5374183058738708
0.49801111221313477
0.5012098550796509
0.3817576766014099
0.6146677136421204
0.26976457238197327
0.9746423959732056
0.4752030372619629
0.5729072690010071
0.45561131834983826
0.6384066939353943
0.7385088205337524
0.3118390440940857
0.4983692169189453
0.56269770860672
0.341736376285553
0.5026552677154541
0.4796477258205414
0.2205405980348587
0.49585407972335815
0.7334680557250977
0.2933777868747711
0.1712096929550171
0.31719088554382324
0.37176504731178284
0.6385441422462463
0.4031732678413391
0.3583396375179291
0.48054346442222595
0.7583964467048645
0.42371320724487305
0.4951792359352112
1.0514200925827026
0.3880862295627594
0.4733104109764099
0.7597482800483704
0.2505795955657959
0.4593682289123535
0.7901045680046082
0.626064121723175
0.4910248816013336
0.3858274221420288
0.5344133377075195
0.33596616983413696
0.23247626423835754
0.4890877604484558
0.6672140955924988
0.2682144343852997
0.6576694250106812
0.5757710933685303
0.47802621126174927
0.6555479764938354
0.6669681072235107
0.7685491442680359
0.7509278655052185
0.6918965578079224
0.5377374887466431
0.7190721035003662
0.9612404704093933
0.5144237279891968
0.3689432740211487
0.31057554483413696
0.960776150226593
0.39548417925834656
0.6364889144897461
0.5830012559890747
0.7722214460372925
0.6878229975700378
0.18147054314613342
0.5973495244979858
0.5732313394546509
0.649126410484314
0.319780170917511
0.31134912371635437
0.6612343192100525
0.5232179760932922
0.4632835388183594
0.46672630310058594
0.37764889001846313
0.4604875147342682
0.47388380765914917
0.6438749432563782
0.44863709807395935
0.684820294380188
0.508833110332489
0.31652361154556274
0.9634849429130554
0.7496398687362671
0.5684962868690491
0.3570998013019562
0.45687437057495117
0.27480095624923706
0.6914830803871155
0.40960341691970825
0.2507820725440979
0.2604605257511139
0.7429684400558472
0.5181670188903809
0.8460529446601868
0.4758296012878418
0.3226833939552307
0.6752123832702637
0.2843974232673645
0.6670408248901367
0.5643919110298157
0.8147110939025879
0.7928796410560608
0.8517475128173828
0.254856139421463
0.39669227600097656
0.6185795068740845
0.31967681646347046
0.4197542071342468
0.6045098304748535
0.5825892686843872
0.4062903821468353
0.7106270790100098
0.6150140762329102
0.4434393346309662
0.837394118309021
0.7519116401672363
0.8757638931274414
0.2825762927532196
0.5970646142959595
0.7072661519050598
0.4787589907646179
0.4087645411491394
0.5950413942337036
0.36058321595191956
0.3356582820415497
0.5352031588554382
0.7384515404701233
1.128491997718811
0.8566029667854309
0.39495572447776794
0.6845629811286926
0.40291905403137207
0.7802169919013977
0.4178895950317383
0.3969978988170624
0.7932056188583374
0.470729261636734
0.6324107646942139
0.19699199497699738
0.2558767795562744
0.46399325132369995
0.2659255564212799
0.5662392377853394
0.464742511510849
0.6031567454338074
0.35632091760635376
0.6829994916915894
0.7031055688858032
0.4455852508544922
0.5042625665664673
0.6321966052055359
0.4089793264865875
0.7562130689620972
0.35609692335128784
0.6704369187355042
0.2980225682258606
0.3020780682563782
0.8690707087516785
0.773912787437439
0.8605205416679382
0.3062031865119934
0.7457762360572815
0.4586058259010315
0.4963833689689636
0.24551665782928467
0.6015424728393555
0.9117767214775085
0.5498199462890625
0.3913889527320862
0.6556631326675415
0.8635263442993164
0.5751333236694336
0.24059998989105225
0.20344626903533936
0.523860514163971
0.20709125697612762
0.2818273603916168
0.7752799391746521
1.0474402904510498
0.37118497490882874
1.1473603248596191
0.6630650758743286
0.7235159873962402
0.43355971574783325
0.38650768995285034
0.2909892499446869
0.43600574135780334
0.2377508133649826
0.23156972229480743
0.34567052125930786
0.6400286555290222
0.5318195819854736
0.2775231897830963
0.5024430155754089
0.3042055666446686
0.22856254875659943
0.5464853048324585
0.38619863986968994
0.40456342697143555
0.4451356828212738
0.5432525873184204
0.4136280417442322
0.45036211609840393
0.4553224444389343
0.5710937976837158
0.46301040053367615
0.6220389604568481
0.39325475692749023
0.5395373106002808
0.5665308833122253
0.3725084960460663
0.6230087280273438
1.4429640769958496
0.4882548451423645
0.7635752558708191
0.6851776838302612
0.609749436378479
0.33344101905822754
0.3239305913448334
0.4946284890174866
0.6130779385566711
0.6594147086143494
1.1175050735473633
0.39627495408058167
0.8609498143196106
0.5123180150985718
0.28894591331481934
1.0772693157196045
0.21891078352928162
0.37921977043151855
0.9544997215270996
0.5954150557518005
1.0232247114181519
0.3815130591392517
0.4040658473968506
0.8264958262443542
0.8159371614456177
0.43326014280319214
0.855617344379425
0.6006197929382324
0.4943319261074066
0.4731837213039398
0.5809731483459473
0.2373712956905365
1.0669901371002197
1.0419600009918213
0.6849436163902283
0.7878932356834412
0.29355770349502563
0.36383968591690063
0.4606395661830902
0.2946407198905945
0.3107614815235138
0.3806392550468445
0.3010852634906769
0.6353694200515747
1.0939050912857056
0.4872795045375824
1.133109211921692
0.7069944739341736
0.8794983625411987
0.3115592896938324
0.5129720568656921
0.7178868651390076
0.3304239809513092
0.739896833896637
0.3525252938270569
0.5843091607093811
0.48387497663497925
0.3535896837711334
1.2543745040893555
0.7219995856285095
0.4861149787902832
0.5849470496177673
0.3837850093841553
0.5888907313346863
0.3906095027923584
