0.6366890668869019
0.4254506528377533
0.20371130108833313
0.36108750104904175
0.57883220911026
0.5220797657966614
0.8472515344619751
0.4049719274044037
0.377485066652298
0.9541118741035461
0.6477323770523071
0.4051661491394043
0.36717697978019714
0.6268011331558228
0.3846023678779602
0.8290895223617554
0.6297904253005981
0.6856010556221008
0.5650415420532227
0.8341449499130249
0.29521822929382324
0.37236303091049194
0.5783284902572632
0.42336493730545044
0.2409532517194748
0.4714962840080261
0.509940505027771
0.9036853909492493
0.3372957706451416
0.30733227729797363
0.40546053647994995
0.32534271478652954
0.3523535430431366
0.5377328395843506
0.44701510667800903
0.43264681100845337
0.381866991519928
0.6516923904418945
0.4470422863960266
0.20264463126659393
0.5394516587257385
0.6866453289985657
0.7301464676856995
0.8889870643615723
0.7112118005752563
0.485200971364975
0.6883494257926941
0.6836603283882141
0.4509236812591553
0.6279370188713074
0.571440577507019
0.675155758857727
0.49763232469558716
0.3572395443916321
0.30265745520591736
0.3691624701023102
0.8480164408683777
0.3615184724330902
0.5049459338188171
0.3433859348297119
1.272359013557434
0.16665124893188477
0.4464687407016754
0.5568571090698242
0.33409810066223145
0.22165434062480927
0.3028103709220886
0.45206132531166077
0.6217178702354431
0.30707865953445435
0.3936674892902374
0.3881691098213196
0.3818639814853668
0.5997491478919983
0.5418170690536499
0.42109736800193787
0.6988881826400757
0.5031193494796753
0.2986653745174408
0.4620063900947571
0.41997647285461426
0.330401748418808
0.583127498626709
0.6956800818443298
0.7799129486083984
0.8850564956665039
0.8248087167739868
0.8016384243965149
1.1556482315063477
0.5386034250259399
1.0874229669570923
0.7277511358261108
0.4445667266845703
0.6137979626655579
0.5144482851028442
0.9252148866653442
0.5895366072654724
0.5552293062210083
0.2786335349082947
0.624126136302948
0.6387614011764526
0.9574084281921387
0.31870037317276
0.26986169815063477
0.6527674198150635
0.33549103140830994
0.5939623713493347
0.478909432888031
0.4158986210823059
0.404014527797699
0.5929272174835205
0.28749316930770874
0.4061071276664734
0.603979766368866
0.7536791563034058
0.38475579023361206
0.6288275122642517
0.5489777326583862
0.30114996433258057
0.39301469922065735
0.4512907862663269
0.853042721748352
1.125218152999878
0.9499017000198364
0.36685359477996826
0.4324738383293152
0.46037617325782776
0.25620192289352417
0.3821261525154114
0.9358132481575012
0.7218979001045227
0.5268629789352417
0.35866779088974
0.963221549987793
0.5013130307197571
0.6597298383712769
0.440448135137558
0.40298691391944885
0.32610708475112915
0.3269246220588684
0.6507906913757324
0.8353205919265747
0.22765183448791504
0.6422675848007202
0.44891485571861267
0.4245949685573578
0.2949424088001251
0.33421215415000916
0.23051485419273376
0.7140007615089417
0.8021419644355774
0.30071690678596497
0.323539674282074
0.5605514645576477
0.8675497174263
0.7171008586883545
0.9065488576889038
0.7112229466438293
0.42262333631515503
0.3633207678794861
0.5173968076705933
0.5973322987556458
0.9940983057022095
0.9835259318351746
0.35249435901641846
0.41277581453323364
0.4409310221672058
0.5879188776016235
0.3859148621559143
0.3719332814216614
0.49151474237442017
0.49827685952186584
0.6808784604072571
0.4396030306816101
0.5383291840553284
0.25790777802467346
0.3099403977394104
0.5202059745788574
0.653830885887146
0.43290653824806213
0.42925867438316345
0.6484797596931458
0.38848719000816345
1.1061986684799194
0.5195636749267578
1.0450963973999023
0.3932052254676819
1.015686273574829
0.6223263740539551
0.24065017700195312
0.48470935225486755
0.284106969833374
0.6769072413444519
0.6384416818618774
0.6104616522789001
0.9641305804252625
0.18965394794940948
0.8015912771224976
0.6016116738319397
0.3515635132789612
0.820614218711853
0.739886462688446
0.246664360165596
0.6605841517448425
0.364922434091568
0.5233582258224487
1.1947345733642578
0.5520726442337036
0.6219761967658997
0.3353450894355774
0.6619890332221985
0.3192589581012726
0.48073261976242065
0.48874378204345703
0.41782981157302856
0.6080265045166016
0.8065255880355835
0.35716384649276733
0.5921505689620972
0.3338254392147064
0.7962464094161987
0.26692232489585876
0.40917277336120605
0.6082714796066284
0.344870388507843
0.15548811852931976
0.4261806607246399
0.6924298405647278
0.5952962636947632
0.679706871509552
0.34516578912734985
0.7158554792404175
0.6062254309654236
0.9503363370895386
0.5445746779441833
0.4735616147518158
1.0890350341796875
0.40109434723854065
0.32899209856987
0.4719880223274231
0.8057687878608704
0.4532245695590973
0.46464744210243225
0.5160602331161499
0.6862171292304993
0.28046590089797974
0.4439806342124939
0.21456262469291687
0.4280068278312683
0.38195115327835083
0.435265451669693
0.6332230567932129
0.7136608362197876
0.5520829558372498
0.4715088903903961
0.43754735589027405
0.6635904312133789
0.6293789744377136
0.5256101489067078
0.44615012407302856
0.6330207586288452
0.3035034239292145
0.3747516870498657
0.48177260160446167
0.48866748809814453
0.31364965438842773
0.7774001359939575
0.13158658146858215
0.9356952905654907
0.36806392669677734
0.33733755350112915
0.9576058387756348
0.4522107243537903
0.3578408360481262
0.4943651258945465
0.4054000973701477
0.8407871127128601
0.5146132111549377
0.2704477310180664
0.5095975995063782
0.4479307532310486
0.7254213094711304
0.5668366551399231
0.23811861872673035
0.4024946093559265
0.8100525736808777
0.41293153166770935
0.3087303042411804
0.46119579672813416
0.6482841372489929
0.7476768493652344
0.9892996549606323
0.3150860667228699
0.6154929399490356
0.31362590193748474
0.4277803301811218
0.84539395570755
0.5841653943061829
0.5218991041183472
0.42667627334594727
0.2655889391899109
0.3601202070713043
0.8108493089675903
0.3826771378517151
0.31143897771835327
0.4349370002746582
0.6525744199752808
1.1171543598175049
0.6368913054466248
0.29154250025749207
0.38748323917388916
0.6374379396438599
0.31482774019241333
0.5828725695610046
0.47710204124450684
0.3833546042442322
0.44289398193359375
0.337553471326828
0.3216328024864197
0.5052794218063354
0.5580018162727356
0.4075489938259125
0.46466320753097534
0.48958343267440796
0.6242060661315918
0.4930039048194885
1.3133680820465088
0.9700301289558411
0.6559459567070007
0.168599471449852
0.42502012848854065
0.7523925304412842
0.5305566787719727
0.4022257924079895
0.6849119067192078
0.8235725164413452
1.0729855298995972
0.7755227088928223
