0.5300817489624023
0.631926953792572
0.5598686933517456
0.5300062894821167
0.852911114692688
1.4093573093414307
1.9222652912139893
1.734642744064331
0.49182167649269104
0.5531137585639954
0.6794233322143555
0.8018240928649902
0.5184741616249084
0.7608415484428406
0.6155534982681274
0.8297137022018433
0.8511878848075867
0.6688184142112732
0.6000436544418335
1.1935278177261353
0.7831462621688843
0.8788262605667114
0.6649479269981384
0.4458981454372406
0.845594048500061
0.5013683438301086
0.6705218553543091
0.6959022283554077
0.6912806630134583
0.9492316246032715
0.5906350016593933
0.489022433757782
0.6853392720222473
1.294014573097229
0.9027473330497742
0.5956418514251709
1.1099075078964233
0.7608729600906372
0.8852438926696777
0.7539061307907104
0.4755873680114746
0.6356768012046814
0.718000590801239
0.9509650468826294
0.7470657229423523
0.668133556842804
0.47248321771621704
0.6625264883041382
0.6960353255271912
0.8010936975479126
0.7643946409225464
0.5703409910202026
0.6756854057312012
0.42647838592529297
0.9136323928833008
0.7301591634750366
0.5684927105903625
0.5064640045166016
0.5938841700553894
0.9750585556030273
0.5442476868629456
1.4691044092178345
1.0671395063400269
0.7575236558914185
0.9984733462333679
0.6311167478561401
1.2924034595489502
0.7411340475082397
0.4435960352420807
0.617978036403656
0.8966644406318665
0.9087085723876953
0.6290472745895386
0.5810656547546387
0.5525948405265808
0.6462939977645874
0.5933195352554321
0.7927342057228088
0.5685308575630188
0.9127129316329956
0.6378857493400574
0.5144044160842896
0.638203501701355
0.9429317712783813
0.9239789843559265
0.7638615369796753
0.5804076790809631
0.6300956010818481
0.8924320340156555
1.5926393270492554
0.7905033826828003
0.5458245277404785
0.8934677243232727
0.8028817176818848
1.2683722972869873
0.775656521320343
0.49511831998825073
0.7910293340682983
0.7541838884353638
0.6822029948234558
0.6809166073799133
0.8812023401260376
0.766254186630249
0.8189264535903931
0.4858924448490143
1.0812621116638184
0.6774560213088989
0.8866907358169556
1.4027849435806274
1.1264737844467163
0.8375594019889832
0.5814293622970581
0.8727712631225586
1.162833571434021
1.4195667505264282
1.3197282552719116
0.699199914932251
0.7534415125846863
1.1619493961334229
0.48944488167762756
0.813177764415741
0.767509937286377
0.4971315264701843
0.49969419836997986
0.6620638966560364
0.6920121908187866
0.7280749678611755
1.1999626159667969
0.8284028768539429
0.7498219609260559
0.8467617034912109
1.1207001209259033
0.7714499235153198
0.9769832491874695
0.6022330522537231
0.670913577079773
1.1836035251617432
1.0319182872772217
0.7285853624343872
0.9113566279411316
0.7651265263557434
1.3048906326293945
0.7857643961906433
0.8006201982498169
0.6445514559745789
0.6465286016464233
1.0017160177230835
0.9228989481925964
0.7793018221855164
0.6065796613693237
0.8413335084915161
1.0229722261428833
0.7963635325431824
0.6961163282394409
0.5617705583572388
0.7560004591941833
0.7457774877548218
0.6191299557685852
0.6014163494110107
0.9289762377738953
1.2682812213897705
0.6619100570678711
0.8316736221313477
0.6997047662734985
0.4944520592689514
0.6746947169303894
1.5391165018081665
0.8115571141242981
0.4454118609428406
0.633914589881897
0.8088340759277344
0.5746817588806152
0.5848124027252197
0.4049450755119324
0.8679690361022949
0.5817018747329712
0.6594480276107788
0.916659951210022
1.1915233135223389
0.35312971472740173
0.8937948346138
1.1657097339630127
0.6911541223526001
0.7373257875442505
1.0087594985961914
1.0334885120391846
0.9058237075805664
0.5778623223304749
0.7700067758560181
0.6650151610374451
0.7308892607688904
0.8063253164291382
0.751947820186615
0.48531657457351685
0.523314893245697
0.6392532587051392
0.7081976532936096
1.2918425798416138
0.9994751214981079
0.668494462966919
0.86060631275177
0.8154541254043579
0.7799137234687805
0.6853312849998474
0.6928151249885559
1.0752240419387817
0.8507254719734192
0.5783518552780151
0.7956563234329224
0.9510865211486816
0.7353605628013611
0.6837156414985657
0.7546596527099609
0.9617815017700195
0.6611043214797974
0.507051944732666
0.646551251411438
0.5183550715446472
0.9339024424552917
0.7806332111358643
0.5507065653800964
1.079153060913086
0.7577676773071289
1.0360548496246338
0.4351101815700531
0.5538436770439148
0.7253289222717285
0.6152158975601196
0.6915115118026733
0.9326027631759644
0.5642924308776855
1.0216033458709717
0.6044336557388306
1.2249809503555298
0.9993243217468262
0.956697940826416
0.5747268199920654
0.7558469772338867
0.939681351184845
0.7350021600723267
0.7261091470718384
0.8693332672119141
0.7060099244117737
0.5443010330200195
0.7249315977096558
0.6364001035690308
0.6314112544059753
0.5666124224662781
1.043964147567749
0.6481610536575317
0.6674439311027527
0.6311038732528687
0.7006107568740845
0.7887293100357056
1.1371599435806274
0.9012511968612671
0.5805224180221558
0.8723104596138
0.7049006223678589
0.760343074798584
0.5558938980102539
0.6891201138496399
0.7367526888847351
0.6771548986434937
0.6852113604545593
0.4615868926048279
0.48927468061447144
0.8384599685668945
0.5246397852897644
0.5346904993057251
0.8523104786872864
0.5938904881477356
0.5373762845993042
0.7394793629646301
0.9041200876235962
0.45711550116539
0.6604209542274475
0.8396472930908203
0.8033885955810547
0.6277633905410767
1.0311028957366943
1.0144984722137451
0.6426182985305786
0.6168590784072876
0.49489203095436096
0.5066008567810059
1.0260149240493774
1.1952028274536133
0.671981692314148
0.6832295060157776
1.2778369188308716
0.6325510740280151
0.7703448534011841
0.7477359175682068
1.246169924736023
0.6560155153274536
0.5605474710464478
0.5881017446517944
0.827806293964386
0.7148970365524292
0.5137260556221008
0.7327373623847961
0.3526533246040344
0.8665912747383118
1.007629632949829
0.7581378817558289
0.9375578761100769
0.46179676055908203
0.9501950144767761
0.5183029174804688
0.9596908688545227
1.13224458694458
0.5181617736816406
0.753943145275116
0.7036943435668945
0.9385326504707336
0.8040564656257629
0.5626705288887024
0.9634016752243042
0.6849548816680908
0.9328983426094055
0.9652116894721985
0.9025301933288574
0.5384396910667419
0.820832371711731
0.8914424180984497
1.3406177759170532
0.47273096442222595
0.7992205619812012
0.7247179746627808
0.9020185470581055
1.089721918106079
0.6926416158676147
0.5300925374031067
0.6960509419441223
0.48155221343040466
0.7174421548843384
1.1327223777770996
