0.20615188777446747
0.46131888031959534
0.26899224519729614
0.5775502324104309
0.645187497138977
0.38033929467201233
0.4690287709236145
0.327061265707016
0.5706994533538818
0.3741535246372223
0.287759006023407
0.6230195760726929
0.3963734209537506
0.8743891716003418
0.5560382604598999
0.32081931829452515
0.3563145399093628
0.781408429145813
0.2917686700820923
0.7955731153488159
0.42126569151878357
0.44758233428001404
0.570052981376648
1.185928463935852
0.9856739044189453
0.8838133811950684
0.40496912598609924
0.5550171136856079
0.33571845293045044
0.43660110235214233
0.7927250862121582
0.8942965269088745
0.5162391066551208
0.34630751609802246
0.550590991973877
0.7794328331947327
0.512519359588623
0.41393905878067017
0.2596903443336487
0.4254363179206848
0.4245753884315491
0.7431522607803345
0.7878767251968384
0.3251556158065796
0.7448743581771851
0.3607836067676544
0.24746949970722198
0.5015208125114441
0.6433405876159668
0.5309906005859375
0.39053264260292053
0.2643302083015442
0.7481784820556641
0.8883498907089233
0.4307214617729187
0.7877449989318848
0.8578485250473022
0.47042638063430786
0.4412575364112854
0.7214018106460571
0.5138916969299316
0.7089769244194031
0.5471659898757935
0.21095147728919983
0.7864965796470642
0.43968281149864197
0.7369486689567566
0.16227379441261292
0.49958306550979614
0.35156333446502686
0.6149779558181763
1.109100103378296
0.6411443948745728
0.780574381351471
0.5824998617172241
0.7820906639099121
0.4302598536014557
0.9102853536605835
0.583713173866272
0.2108299732208252
0.4856674075126648
0.6000488996505737
0.33339327573776245
0.31803014874458313
1.1614772081375122
0.803575873374939
0.49154919385910034
1.1133577823638916
0.7204849720001221
0.44066959619522095
0.3618241548538208
0.28765133023262024
0.3554672300815582
0.7528759241104126
0.3345063328742981
0.6138051748275757
0.3201538920402527
0.30277201533317566
0.4450201094150543
1.0700814723968506
0.4238665699958801
0.5308526158332825
1.136740803718567
0.5397917032241821
1.0206170082092285
0.625178873538971
0.8886221051216125
0.4585553705692291
0.31017622351646423
0.42883625626564026
0.8928766250610352
0.3117446005344391
0.41609030961990356
0.7316113114356995
0.4433845579624176
0.1910267174243927
0.7452449202537537
0.48032957315444946
0.4096725881099701
0.6620423197746277
0.23344726860523224
0.6086356043815613
0.7578175663948059
0.25594836473464966
0.3593296706676483
0.4663464426994324
0.4249964654445648
0.5394374132156372
0.5600312352180481
1.0918506383895874
0.5691584348678589
0.6722202301025391
0.2614084482192993
0.7731178998947144
0.8470449447631836
0.4767332077026367
0.27788206934928894
0.9970970153808594
0.4239993095397949
0.32029032707214355
0.41260281205177307
0.3646121323108673
0.34600216150283813
0.26158279180526733
0.5274521112442017
0.47818031907081604
0.24978336691856384
0.44469594955444336
0.5293716788291931
0.3666532635688782
0.591026782989502
0.7356581687927246
0.3647385239601135
0.9966369867324829
0.3025422692298889
0.4686129689216614
0.4646204113960266
0.5444326400756836
0.37256747484207153
0.3707456886768341
0.4028068482875824
0.3757564425468445
0.4219103455543518
0.537414014339447
0.28766685724258423
0.736187756061554
0.6314197778701782
0.6123512983322144
0.32602518796920776
0.7460557818412781
0.40106305480003357
0.6046354174613953
0.6373955011367798
0.5843092799186707
0.47297611832618713
0.7281084060668945
0.5067359209060669
0.5414605736732483
0.8863884210586548
0.1773560345172882
0.8421629071235657
0.7389966249465942
0.2729993760585785
0.46172961592674255
0.5429486036300659
0.7116987109184265
0.8931722640991211
0.41783857345581055
0.36311691999435425
0.3690904974937439
0.604040265083313
0.605005145072937
0.23991036415100098
0.4171237051486969
0.8165726661682129
0.663711428642273
0.37541067600250244
0.9173150062561035
0.5397294163703918
0.6841248869895935
0.42595037817955017
0.785388171672821
0.6172415614128113
0.45194682478904724
0.43645748496055603
0.5823535919189453
0.632222056388855
0.4189299941062927
0.6582638621330261
0.8274364471435547
0.3331269323825836
1.0908637046813965
0.5104771852493286
1.0645267963409424
0.45169490575790405
0.5115922093391418
0.7746066451072693
0.5554070472717285
0.6436482071876526
0.19247058033943176
0.3895132541656494
0.5583410263061523
0.7100839018821716
0.32835549116134644
0.2713215947151184
0.7122841477394104
0.5668665766716003
0.3526734709739685
0.15505436062812805
0.3625665307044983
0.2574217915534973
0.39286038279533386
0.49542921781539917
0.7103613615036011
0.4746578335762024
0.8599388003349304
0.5510193109512329
0.7839353084564209
0.5785204172134399
0.412747859954834
0.3132311701774597
0.3723965287208557
0.48514336347579956
0.6457498073577881
0.5277392268180847
0.34676653146743774
0.5517352819442749
1.0240161418914795
0.35981205105781555
0.6371782422065735
0.43527159094810486
0.1603158712387085
1.3677279949188232
0.32798418402671814
0.5377827286720276
0.6170769929885864
0.2290991246700287
0.5165682435035706
0.3896535038948059
0.34511369466781616
0.5505403280258179
0.39130884408950806
0.4799298346042633
0.31513792276382446
0.3445202112197876
1.4518160820007324
0.3125057518482208
0.7462630271911621
0.8190890550613403
0.8925405740737915
0.28294628858566284
0.32803529500961304
0.3085111081600189
0.47691208124160767
0.6191657185554504
0.42402729392051697
0.47442761063575745
1.165906310081482
1.356114149093628
0.9671056866645813
0.6575912833213806
0.4784758687019348
0.4981100559234619
0.2726326286792755
0.4574653208255768
0.9466035962104797
0.6141626238822937
0.799720287322998
0.3163277506828308
0.6690994501113892
0.4762328267097473
0.44601982831954956
0.4285203814506531
0.6040598154067993
0.2802007496356964
0.14835776388645172
0.4506952166557312
0.8672268986701965
0.6238347887992859
0.2773921489715576
0.5187350511550903
0.5993922352790833
0.4601801931858063
0.7702081799507141
0.4182813763618469
0.5187435746192932
0.4140050411224365
0.6317018866539001
0.43745023012161255
0.5070345997810364
0.5607823133468628
0.44373902678489685
0.8881063461303711
0.487396240234375
0.35414791107177734
0.32295483350753784
0.4819771647453308
0.5954785346984863
0.5464993715286255
0.4725078046321869
0.6184091567993164
0.41587844491004944
0.3389591574668884
0.30990251898765564
0.8480852246284485
0.3799193203449249
0.6829806566238403
0.6390278935432434
0.3698646128177643
0.37525299191474915
0.8295050859451294
0.2995469868183136
0.7926353216171265
0.39493462443351746
0.9878679513931274
0.6558912396430969
0.3253314793109894
0.5317106246948242
