0.485431432723999
0.5018885731697083
0.5799049139022827
0.6458889842033386
0.22818699479103088
0.5342267155647278
0.6879231333732605
0.4474574625492096
0.3249724209308624
1.2081336975097656
1.1190602779388428
0.4294954240322113
0.6778401136398315
0.5375316739082336
0.2678069472312927
0.510545551776886
0.4904138147830963
0.7268516421318054
0.9383331537246704
0.5695812702178955
0.5933666229248047
0.30076470971107483
0.2488495409488678
0.20537428557872772
0.4205717146396637
0.37343528866767883
0.6109059453010559
0.42240580916404724
0.29738032817840576
0.9948701858520508
0.6730164289474487
0.2621380686759949
0.5340539813041687
0.45042896270751953
0.40020519495010376
0.9924157857894897
0.4237590432167053
1.2404811382293701
0.8687945604324341
0.35381409525871277
0.3490508198738098
0.7168735861778259
0.46186718344688416
0.4360239505767822
0.3887597322463989
0.44849807024002075
0.6146281361579895
1.0352729558944702
0.7330831289291382
0.46422427892684937
0.878207802772522
0.3422161042690277
0.43182048201560974
0.5840331315994263
0.7126694917678833
0.6083971858024597
0.8379834890365601
0.2727997601032257
0.5459154844284058
0.5688704252243042
0.4631294310092926
0.3608367443084717
0.48851966857910156
0.4567318558692932
0.8920111656188965
0.6339690089225769
0.3080288767814636
0.38707417249679565
0.3356461524963379
0.6241407990455627
0.3052196502685547
0.9102376699447632
0.48799020051956177
0.3673245906829834
0.3334154784679413
0.22380289435386658
0.5192756056785583
0.7240964770317078
0.5564271211624146
0.4042913317680359
0.7318267822265625
0.9410520792007446
0.7655943036079407
0.4691315293312073
0.2897849977016449
0.7694023847579956
0.3185870051383972
0.2858351469039917
0.20105881989002228
0.4427362382411957
0.6489102244377136
0.29339149594306946
0.7365037202835083
0.4183058738708496
0.6249856948852539
0.8318895101547241
0.2947160303592682
0.8952393531799316
0.4034325182437897
0.3247511386871338
0.5292234420776367
0.7450708150863647
0.793032169342041
0.5418039560317993
0.9370479583740234
0.4405784606933594
0.5082123279571533
0.48349887132644653
0.22631792724132538
0.4673437178134918
0.9348613619804382
0.674848198890686
0.42902231216430664
0.2654258608818054
0.4761931002140045
0.49608173966407776
0.4414898753166199
0.5789791345596313
0.6438035368919373
0.5199635624885559
0.43106088042259216
0.6902769804000854
0.3284156918525696
0.30378350615501404
0.4111086428165436
0.41681352257728577
0.3241204023361206
0.670742928981781
0.7767800092697144
0.7615267038345337
0.3508150577545166
0.5132235288619995
0.5015769004821777
0.7460452318191528
0.4573113024234772
0.6774561405181885
0.5321530103683472
0.30903974175453186
0.4914424419403076
0.34586864709854126
0.5223527550697327
0.3234257102012634
1.0939801931381226
0.528155505657196
0.5022249221801758
0.44868946075439453
0.6392015814781189
0.5945178270339966
0.35553616285324097
0.528860330581665
0.3156576156616211
0.35850563645362854
0.41540804505348206
0.44161325693130493
0.20327743887901306
0.3200851082801819
0.26397186517715454
0.34985339641571045
0.596335768699646
0.46417227387428284
0.6410188674926758
0.5122223496437073
0.6955092549324036
0.5589264631271362
1.6515190601348877
0.2931840717792511
0.40063777565956116
0.7713727951049805
0.41410383582115173
0.5643797516822815
0.4992311894893646
0.5949667096138
0.417034387588501
0.31654977798461914
0.5074950456619263
0.6367679834365845
0.4742031693458557
0.41354089975357056
0.5000817179679871
0.6309752464294434
0.6691120862960815
0.37694305181503296
0.6378782391548157
0.5631381273269653
0.6534340381622314
0.6052584648132324
0.5195852518081665
0.2921772599220276
0.392591655254364
0.38651061058044434
0.4585409164428711
0.3253372609615326
0.5929953455924988
0.4873197078704834
0.4170609414577484
0.33515024185180664
0.21006134152412415
0.5102769732475281
0.6426829099655151
0.40063923597335815
0.9522350430488586
0.7223803997039795
0.45368942618370056
0.9541140794754028
0.3009181022644043
0.4376218914985657
0.2795756459236145
1.013668417930603
0.477263867855072
0.4992103576660156
0.7686015963554382
0.24809184670448303
0.19387009739875793
0.4483950734138489
0.20511837303638458
0.47966939210891724
0.8182451128959656
1.0358195304870605
0.3458377718925476
0.16094081103801727
0.6998099088668823
0.4645039439201355
0.3614022433757782
0.5425893068313599
0.3172417879104614
0.40568727254867554
0.5947624444961548
0.3959723711013794
0.7395635843276978
0.82891446352005
0.7702571153640747
0.32428812980651855
0.414137601852417
0.32175636291503906
0.45172348618507385
0.67702716588974
0.5116373300552368
0.7416833639144897
0.6351362466812134
0.3794404864311218
0.24660181999206543
0.712313711643219
0.6664677858352661
0.7777745127677917
0.6383459568023682
0.4402068257331848
0.4439748227596283
0.9984025955200195
0.6639033555984497
0.3618010878562927
0.8903139233589172
0.4953099191188812
0.21044135093688965
0.6123894453048706
0.375243604183197
0.8101270794868469
0.5285986661911011
0.3512401878833771
0.65845787525177
0.451237291097641
0.4844377636909485
0.35505297780036926
1.0762335062026978
0.7137113809585571
0.5476979613304138
0.5223566293716431
1.1422104835510254
1.0347851514816284
0.6803639531135559
0.4617958962917328
0.4708714485168457
0.7204238772392273
0.5482931733131409
0.7532531023025513
0.3507266342639923
0.3542463183403015
0.5494786500930786
0.6423929333686829
0.5271154046058655
0.37954944372177124
1.4809092283248901
0.5696993470191956
0.4810367524623871
0.2547551989555359
0.3055257201194763
0.6505077481269836
0.32490473985671997
0.47191309928894043
0.2265913188457489
0.5612653493881226
0.5136669874191284
0.6822935342788696
1.0903199911117554
0.5392633080482483
0.35858339071273804
0.3337613344192505
0.540762722492218
0.7457830309867859
0.5059801340103149
0.5862294435501099
0.26488012075424194
0.36944204568862915
0.6737611889839172
1.05007004737854
0.47837167978286743
0.4425843358039856
0.34820127487182617
0.45626363158226013
0.6105836629867554
0.6086918115615845
0.3749425411224365
0.650425910949707
0.7267622947692871
0.6203239560127258
0.47477036714553833
0.7262951135635376
0.5947944521903992
0.793121337890625
0.321845144033432
0.668552577495575
0.46894583106040955
0.4836105406284332
0.47510942816734314
0.23139873147010803
0.4751608967781067
0.6791077256202698
0.5721768140792847
0.8059722781181335
0.4071504473686218
0.8386756777763367
0.43910759687423706
0.4737885594367981
0.8751943707466125
0.4177418351173401
0.49330657720565796
0.5023035407066345
0.5350664258003235
0.6078361868858337
