0.7412170171737671
0.6707078814506531
0.25819745659828186
0.41957420110702515
0.6569533348083496
0.23620323836803436
0.6705188751220703
0.3980698585510254
0.6531606912612915
0.6422075033187866
0.5278431177139282
0.676196277141571
0.30191653966903687
0.8220455050468445
0.4649840295314789
0.3515058159828186
0.6781797409057617
0.3857300281524658
0.5613552927970886
0.5058609247207642
0.41448649764060974
0.27837949991226196
0.3294411301612854
0.5234299898147583
0.6503826379776001
0.44540244340896606
0.23563289642333984
0.3539148271083832
0.6529862284660339
0.8434208035469055
0.5988557934761047
0.8775647878646851
0.4773980677127838
0.601403534412384
0.5194411277770996
0.35589873790740967
0.5602715611457825
0.6031993627548218
0.5737549066543579
0.5228607654571533
0.5030497312545776
0.37987813353538513
0.35823026299476624
0.5383466482162476
0.5652355551719666
0.7043359279632568
0.49527430534362793
1.1360222101211548
0.5687845945358276
0.6988503932952881
0.28703027963638306
0.7018507719039917
0.6304332613945007
0.593061625957489
0.5409804582595825
0.4529525637626648
1.20621657371521
0.5659807324409485
0.502496063709259
0.6989679932594299
0.4228953421115875
0.5111629366874695
0.6635861396789551
0.5077766180038452
0.3888898491859436
0.5124551057815552
0.5171241164207458
0.5975895524024963
0.5897821187973022
0.4906094968318939
0.5904170870780945
0.16874255239963531
0.6130239367485046
0.5785072445869446
0.8245029449462891
0.6232864856719971
0.4756697714328766
0.20107920467853546
0.38715943694114685
0.5852944850921631
0.688856303691864
0.41517525911331177
0.19164954125881195
0.8296045064926147
0.3371218144893646
0.3015017807483673
0.32122692465782166
0.2543850541114807
0.6146339178085327
0.37232115864753723
0.5442220568656921
0.24961444735527039
0.5096240043640137
0.4372562766075134
0.5081587433815002
0.8666219711303711
0.4061262011528015
0.5793439149856567
0.7452770471572876
0.914598822593689
0.20057249069213867
0.3912395238876343
0.5497840046882629
0.7575993537902832
0.1812930405139923
0.2603178918361664
0.6918378472328186
0.4176441729068756
0.5213018655776978
0.5344928503036499
0.3826445937156677
0.40173664689064026
0.6026581525802612
0.48012566566467285
0.41070252656936646
0.650748074054718
0.5052510499954224
0.7903999090194702
0.8160685300827026
0.19429919123649597
0.4976338744163513
0.4271929860115051
0.6028221249580383
0.5140665769577026
0.7430175542831421
0.23858442902565002
0.6998289227485657
0.26555269956588745
0.6154595613479614
0.5288044810295105
0.5941807627677917
0.4887402653694153
0.2566388249397278
0.5909131169319153
0.5496341586112976
0.5014272928237915
0.36034277081489563
0.5726987719535828
0.4196891784667969
0.7477515935897827
0.46064701676368713
0.49872010946273804
0.9300830960273743
0.5678033828735352
0.992566704750061
0.7209990620613098
0.7737624049186707
0.38656216859817505
0.2753521502017975
0.7993649244308472
0.19794686138629913
0.3533596396446228
0.239288330078125
0.8269039392471313
0.17375051975250244
0.3426498472690582
0.3682935833930969
0.6570696830749512
0.7210255265235901
1.0489054918289185
0.7335792779922485
0.8232380747795105
0.7993533611297607
0.9779813885688782
0.4751467704772949
0.5022254586219788
1.2502840757369995
0.32585620880126953
0.39310917258262634
0.47273188829421997
0.8720593452453613
0.5654451251029968
0.7302232384681702
0.923743724822998
0.6369354128837585
0.35504549741744995
0.8622361421585083
0.4825921952724457
0.2403184473514557
0.6392883062362671
0.6432235836982727
0.6110047101974487
0.3526121973991394
0.5515642166137695
0.9123954772949219
0.3770558834075928
0.5143890380859375
0.37632647156715393
0.9364382028579712
0.5723600387573242
0.4236367344856262
0.43854770064353943
0.6928711533546448
0.5429278612136841
0.4054573178291321
1.0073250532150269
0.7248208522796631
0.6278980374336243
0.7782394289970398
0.5634149312973022
0.37807613611221313
0.6053992509841919
0.6295722126960754
0.2409648597240448
0.21217021346092224
0.7158576846122742
0.474572092294693
0.5691062211990356
0.7770134806632996
1.1436964273452759
0.4645838141441345
0.4980956017971039
0.5420022010803223
0.9099836349487305
0.3969973921775818
1.2293198108673096
0.5351135730743408
0.5725170373916626
0.8152572512626648
0.4654597342014313
0.300586462020874
0.4526363015174866
0.6074914932250977
0.545049786567688
0.9677698016166687
0.4290384352207184
0.565599262714386
0.41288119554519653
0.5792244672775269
1.0464890003204346
0.4854739308357239
0.4313032627105713
0.5167840719223022
0.23501193523406982
0.4291892945766449
0.7629535794258118
0.4393223226070404
0.5818882584571838
0.5959843993186951
0.5544196963310242
0.32879653573036194
0.7322577238082886
0.2616894245147705
0.9265998005867004
0.564050018787384
0.5740124583244324
0.5340934991836548
0.4398975968360901
1.1560777425765991
0.21483221650123596
0.7236303091049194
0.7321434617042542
0.9523700475692749
0.526098370552063
0.5368162393569946
0.637302041053772
0.4537966847419739
0.9237650632858276
0.3995770215988159
0.44238346815109253
0.5739867687225342
0.8641729354858398
0.6628333330154419
0.7475127577781677
0.26894718408584595
0.31493228673934937
0.46833547949790955
1.1172845363616943
0.5292171239852905
0.6693868041038513
0.46896567940711975
0.4071325361728668
0.7438939213752747
0.5137270092964172
0.6563682556152344
0.32615306973457336
0.4272737503051758
0.3687952160835266
0.40196552872657776
0.2655763030052185
0.5739907026290894
0.6833071112632751
0.5281285047531128
0.536264955997467
0.47721225023269653
0.23890551924705505
0.24027451872825623
0.3398088812828064
0.2680888772010803
0.911838173866272
0.5073278546333313
0.8204740285873413
0.4003083109855652
0.5599546432495117
0.5694441199302673
0.5624896287918091
0.33278003334999084
0.4331640601158142
0.8247689008712769
0.5965137481689453
0.6310858130455017
0.3366124629974365
0.5270196199417114
0.26713937520980835
0.19636812806129456
0.8904438018798828
0.48774272203445435
0.36233240365982056
0.45924311876296997
0.32996830344200134
0.29405346512794495
0.3633873760700226
0.5137017965316772
0.4945133328437805
0.6004969477653503
0.5115676522254944
0.503814697265625
0.6587988138198853
0.5149217844009399
0.2841827869415283
0.21987807750701904
0.5064135789871216
0.5724039673805237
0.2739948332309723
0.25685396790504456
0.5128196477890015
0.5768104791641235
0.6845666766166687
0.35056203603744507
0.9066373109817505
0.3708356022834778
0.4736660122871399
0.50106281042099
0.3658239543437958
0.42930150032043457
0.5447778701782227
0.778172492980957
0.4091905355453491
