0.7185755968093872
0.45883503556251526
0.7242521047592163
0.5552448034286499
0.6354833841323853
0.1972104012966156
0.4091615080833435
0.3246394097805023
0.5449705123901367
0.7504303455352783
0.34340232610702515
0.3293226957321167
0.46916061639785767
0.25464102625846863
0.7100387215614319
0.7678848505020142
0.5878307819366455
0.39906662702560425
0.7786890864372253
0.38391169905662537
0.39140111207962036
0.38632187247276306
0.22999219596385956
0.3298812508583069
0.7871185541152954
0.4908486306667328
0.3651495575904846
0.44538530707359314
0.5380855202674866
0.24693796038627625
0.8539915084838867
0.46096715331077576
0.45351237058639526
0.32268860936164856
0.6282303333282471
0.6034954786300659
0.6192340850830078
0.8754764795303345
0.46277952194213867
0.3665086030960083
0.3082488775253296
0.3777611255645752
0.4807704985141754
0.391624391078949
0.3917529284954071
0.3236331343650818
0.680959165096283
0.7437280416488647
0.7224394083023071
0.40513134002685547
0.6017504930496216
0.48115459084510803
0.5578547120094299
0.7304810881614685
1.0594933032989502
0.4439633786678314
0.4967799186706543
0.2676970064640045
0.18872611224651337
0.47961515188217163
0.6940795183181763
0.39259785413742065
0.07469677925109863
0.5983087420463562
0.6438781023025513
0.5937453508377075
0.36581239104270935
0.6851166486740112
0.7870447039604187
0.5117299556732178
0.5561597347259521
0.3148660957813263
0.2669505476951599
0.6424384117126465
0.44026708602905273
0.38664498925209045
0.46610885858535767
0.7373513579368591
0.45552271604537964
0.397977739572525
0.6288686990737915
0.9542096257209778
0.4498381018638611
0.44008350372314453
0.47377127408981323
0.5885971188545227
0.6990114450454712
0.47544217109680176
0.42121821641921997
0.48715656995773315
0.6307584047317505
0.42522114515304565
0.4849804937839508
0.3864555358886719
0.3290773928165436
0.6757940649986267
0.7790662050247192
0.4351678788661957
0.7297616004943848
0.4003046452999115
0.8412041664123535
1.0120620727539062
0.6671546101570129
0.4843568205833435
0.41937264800071716
0.5319172739982605
0.8142217397689819
0.3617873191833496
0.2831919193267822
0.5102977752685547
0.373541921377182
0.8899074792861938
0.676236093044281
0.36128973960876465
0.4053906798362732
0.7959222793579102
0.32074031233787537
0.5667511224746704
0.20438459515571594
0.466587632894516
0.23861917853355408
0.3475382328033447
0.47145119309425354
0.5048142075538635
0.5738752484321594
0.4582473337650299
0.7561001777648926
0.4771037995815277
0.3408898413181305
0.6188084483146667
0.3043610155582428
1.0709757804870605
0.6899293661117554
0.84759521484375
0.9209696054458618
0.24497811496257782
0.32439231872558594
0.3230525851249695
0.6910859942436218
0.40994253754615784
0.5206643342971802
0.6090937852859497
0.38836339116096497
0.49196022748947144
0.3630430996417999
0.9947309494018555
0.3128174841403961
0.8054950833320618
0.6434175372123718
0.5923887491226196
0.7621287107467651
0.4074892997741699
0.4096890985965729
0.5517240166664124
0.3458714187145233
0.7050862908363342
0.37191876769065857
0.2820155620574951
0.5472127795219421
0.7766989469528198
0.48211008310317993
0.4910140931606293
0.44042882323265076
0.6492844820022583
0.6089009642601013
0.33468449115753174
0.3335340619087219
0.5944901704788208
0.5437964797019958
0.23698291182518005
0.8482038378715515
0.6607052087783813
0.23805458843708038
0.27871257066726685
0.7203978300094604
0.36333006620407104
0.5202057957649231
0.5123216509819031
0.8108593225479126
0.5431298017501831
0.4432627260684967
0.4439511299133301
0.4980546832084656
0.6552104949951172
0.2823939919471741
0.31950026750564575
0.45677241683006287
0.7990888357162476
0.4255881905555725
0.7876432538032532
0.8760758638381958
0.652581512928009
0.6932256817817688
0.6027013659477234
0.5232961773872375
0.37479686737060547
0.3832354247570038
0.8531856536865234
0.5084633231163025
0.6074646711349487
0.5436308979988098
0.3648723065853119
0.7329989671707153
0.602436900138855
0.5630925893783569
0.4924875795841217
0.4496585428714752
0.3411768078804016
0.572065532207489
0.28440552949905396
0.5578837990760803
0.3878161907196045
0.8446880578994751
0.4359329640865326
0.43606051802635193
0.36768999695777893
0.7026219964027405
0.3515586256980896
0.5730998516082764
0.8782113194465637
0.553261935710907
0.7508821487426758
0.5284351706504822
0.4557865262031555
0.721963107585907
0.9869510531425476
1.1221853494644165
0.513002336025238
0.30324751138687134
1.2545486688613892
0.38525277376174927
0.8420092463493347
0.3038753867149353
0.29959338903427124
0.2711291015148163
0.329550176858902
0.47646838426589966
0.38540753722190857
0.7237315773963928
0.2781553864479065
0.397264301776886
0.5646376609802246
1.3109813928604126
0.7315390706062317
0.43684816360473633
0.8085667490959167
0.3224059045314789
0.5777772665023804
0.44364696741104126
0.1427178680896759
0.43205586075782776
0.39980342984199524
0.7714447975158691
0.803885281085968
0.5323888659477234
0.9052170515060425
0.6592458486557007
0.9063243865966797
0.2924535870552063
0.6649112701416016
0.28778988122940063
1.19142746925354
0.23204293847084045
0.5193687677383423
0.505376398563385
0.43819180130958557
0.41416144371032715
0.5212140679359436
0.3288470208644867
0.8311033248901367
0.41649413108825684
0.49143534898757935
0.6237195730209351
0.6346146464347839
0.2778415083885193
0.9356344938278198
0.3678690493106842
0.5557934045791626
1.295063853263855
0.25865036249160767
0.3598024249076843
0.704254686832428
0.4504779279232025
0.33815497159957886
0.4295625686645508
0.42081838846206665
0.46603354811668396
0.7237102389335632
0.35093212127685547
0.7147062420845032
0.6195422410964966
1.0601805448532104
1.0691924095153809
0.4907999038696289
0.5453653335571289
0.2195945680141449
0.3461120128631592
0.636961042881012
0.39231449365615845
0.680301308631897
0.5949845314025879
0.5772609710693359
0.4442192018032074
0.5014922022819519
0.8063270449638367
0.4020071029663086
0.3949618637561798
0.6852179765701294
0.45418843626976013
0.7212454080581665
0.44361430406570435
0.4037851393222809
0.5034010410308838
0.4359684884548187
0.4648567736148834
0.5305668115615845
0.28859347105026245
0.548970103263855
0.6305570006370544
0.9761260151863098
0.4777921736240387
0.43668538331985474
0.2754115164279938
0.6067098379135132
0.5684207677841187
0.2881503701210022
0.2734144628047943
0.4205032289028168
0.5518642067909241
0.9295775294303894
0.570956826210022
0.5380457639694214
0.3887236714363098
0.24967651069164276
0.8504846692085266
0.669813871383667
0.4230758547782898
0.6213794350624084
