0.8184109926223755
0.6223439574241638
0.3124319314956665
0.3332430422306061
0.44904032349586487
0.5369538068771362
0.5161917805671692
0.6042656898498535
0.4643023908138275
0.33258256316185
0.49888840317726135
0.11367150396108627
0.7415497303009033
0.6323055028915405
0.5796180367469788
0.4436206817626953
0.7144197821617126
0.2978851795196533
0.7832947373390198
0.5918044447898865
0.5472307801246643
0.32332655787467957
0.39022883772850037
0.3429020345211029
0.44146841764450073
0.5172348022460938
0.2840116024017334
0.7593820691108704
0.8346675038337708
0.38717785477638245
0.47584134340286255
0.5604809522628784
0.6746655702590942
0.45681315660476685
0.33935147523880005
0.34108537435531616
0.3016437888145447
0.5846067667007446
0.6797778010368347
0.5116717219352722
0.38269880414009094
0.47568950057029724
0.21124479174613953
0.2133486568927765
0.5900043249130249
0.7514158487319946
0.6222605109214783
0.7849622368812561
0.37629440426826477
0.3541657626628876
0.32148367166519165
0.8173587918281555
0.5823917388916016
0.6678546071052551
0.4673840403556824
0.7898996472358704
0.6028703451156616
0.24135911464691162
0.34503036737442017
0.6110360026359558
0.26725441217422485
0.6438717246055603
0.5868107080459595
0.3828093707561493
0.7820126414299011
0.536696195602417
0.431008905172348
0.7614189982414246
0.3570694625377655
0.3350223898887634
0.29115715622901917
0.25708889961242676
0.5024350881576538
0.397295743227005
0.31334152817726135
0.3344317078590393
0.6773804426193237
1.0277332067489624
0.8125097155570984
0.5621026158332825
0.32022276520729065
0.13102282583713531
0.7230433821678162
0.43965619802474976
0.4213990271091461
0.4506825804710388
0.3780006766319275
0.39784878492355347
0.7222445607185364
0.20806613564491272
0.7013393640518188
0.7684297561645508
0.4549851417541504
1.22383713722229
0.21655520796775818
0.4624251425266266
0.5202804803848267
0.5127110481262207
0.5658330321311951
0.6993337869644165
0.7263409495353699
0.9562767148017883
0.830826461315155
0.5649479031562805
0.4457114636898041
0.4085461497306824
0.3326554000377655
0.8626877665519714
0.32781344652175903
0.5516518354415894
0.4683302342891693
0.5630620121955872
0.5768990516662598
0.8261502981185913
0.520641565322876
0.899504542350769
0.46394863724708557
0.5863795876502991
0.34482407569885254
0.530030369758606
0.5308536887168884
0.19897925853729248
0.23350343108177185
0.6533887386322021
0.5628913044929504
0.8037111163139343
0.3955143392086029
0.4776911735534668
0.6054161190986633
0.3482435345649719
0.7879900932312012
0.3549642860889435
0.3577578663825989
0.19904063642024994
0.6836185455322266
0.5967251062393188
0.41106706857681274
0.534827709197998
0.39089375734329224
0.603385329246521
0.34607091546058655
0.5586177110671997
0.23383653163909912
0.41367846727371216
0.2733657956123352
0.436594158411026
0.2603890597820282
0.34064316749572754
0.7696593999862671
0.12558826804161072
0.9330183267593384
0.3379528224468231
0.264451801776886
0.5628450512886047
0.4125002324581146
0.3278319239616394
0.4818679690361023
0.7487723231315613
0.9715307354927063
0.39571112394332886
0.7746533751487732
0.30279549956321716
0.39073893427848816
0.28955376148223877
0.2853181064128876
0.4882989525794983
0.5867560505867004
0.605070948600769
0.3414998948574066
0.7852395176887512
0.48281383514404297
0.5733153223991394
0.8455878496170044
0.5191105008125305
0.28183966875076294
0.6493115425109863
0.7696577906608582
0.7448784112930298
0.5790037512779236
0.3572804629802704
0.5161779522895813
0.4653630256652832
0.4062670171260834
0.2266545295715332
0.23072227835655212
0.6013866662979126
0.7065861225128174
0.46715813875198364
0.5525994300842285
0.41097068786621094
1.1095633506774902
0.677985668182373
0.9695419073104858
0.19195663928985596
0.6191430687904358
0.5912870764732361
0.325443834066391
0.6613861322402954
0.2552400231361389
1.4023609161376953
0.13540752232074738
0.5650312900543213
0.7727400064468384
0.9873674511909485
0.6630555987358093
0.6566728353500366
0.6086748838424683
0.7643668055534363
0.4880582392215729
0.39705690741539
0.5482984185218811
0.4445230960845947
0.8171586990356445
0.38783711194992065
0.47717562317848206
0.31402334570884705
0.3856474757194519
0.4260103106498718
0.7013407945632935
0.4019211232662201
0.48282599449157715
0.5405036807060242
0.61078280210495
0.4850139021873474
0.2713853418827057
0.5361923575401306
0.3300541937351227
1.0181496143341064
0.6320592761039734
0.2322596311569214
0.4049408435821533
0.5785578489303589
0.5960858464241028
0.5280662775039673
0.5415152311325073
0.8567217588424683
1.032778024673462
1.0240650177001953
0.1575467586517334
0.6647170782089233
0.4894413948059082
0.9181482195854187
0.5985573530197144
0.4001637101173401
0.8594037294387817
0.3922169804573059
0.833094596862793
0.19243480265140533
0.5410304069519043
0.949661135673523
0.5399786233901978
0.3540817201137543
0.3094770908355713
0.3432350754737854
0.3640719950199127
0.4026206135749817
0.24527785181999207
0.26829516887664795
0.7002431154251099
0.8343188166618347
0.6374526023864746
0.5439488291740417
0.7997487783432007
0.26315081119537354
0.6395806074142456
0.25473636388778687
0.6184059977531433
0.6376876831054688
0.6924474835395813
0.48508119583129883
1.0852091312408447
0.7519222497940063
0.5113680958747864
0.355131059885025
0.46503502130508423
0.6854790449142456
0.47405821084976196
0.6146305203437805
0.37757131457328796
1.0136369466781616
0.5111219882965088
1.2436920404434204
0.41043728590011597
0.653139054775238
0.4072767198085785
0.44168853759765625
0.6066409945487976
0.5431903600692749
0.6552020311355591
0.6690877676010132
0.4621138572692871
0.6445220112800598
0.539229691028595
1.1814782619476318
0.46937504410743713
0.2557257115840912
0.3156486451625824
0.6808263659477234
0.5449150204658508
0.4482206702232361
0.5263802409172058
0.29088127613067627
0.4592832922935486
0.2993355393409729
0.37828680872917175
0.9190596342086792
0.20975828170776367
0.6996414065361023
0.5952720642089844
0.5521944165229797
0.5299749374389648
0.6183310151100159
0.558212399482727
0.4701663851737976
0.2454422414302826
0.7230414152145386
0.3917374014854431
0.5584450960159302
0.21804049611091614
0.13565029203891754
0.9043123126029968
0.34856826066970825
0.5079959034919739
0.8747177124023438
0.3706963062286377
0.7825775742530823
0.8501195907592773
0.3263600468635559
0.6946682929992676
0.7132276296615601
0.5511152744293213
0.1945926696062088
0.48644861578941345
0.39129960536956787
0.34167370200157166
0.3883814811706543
0.6506267786026001
0.8045051693916321
