0.47508740425109863
0.574543833732605
0.3616448938846588
0.20392167568206787
0.6344364285469055
0.46481457352638245
0.4689960479736328
0.4569949209690094
0.8236106038093567
0.6669546365737915
0.22326235473155975
0.3617883622646332
0.6361767053604126
0.3994885981082916
1.0697543621063232
0.5248842239379883
0.3699614107608795
0.39299774169921875
0.4112728238105774
0.39798349142074585
0.40964072942733765
0.5359936356544495
0.9337409734725952
0.6625844240188599
0.9216268658638
0.665470540523529
0.5808504223823547
0.34343966841697693
0.559950590133667
0.8140491247177124
0.42976802587509155
0.8293429613113403
0.28287947177886963
0.35881873965263367
0.23267380893230438
0.6918477416038513
0.6202998161315918
0.4040442407131195
0.9292696118354797
0.3614034354686737
1.0113506317138672
0.7437322735786438
0.30922731757164
0.3902851939201355
0.31153011322021484
0.29244905710220337
0.42396870255470276
0.5985840559005737
0.6194935441017151
0.39242058992385864
0.3816763758659363
0.35050466656684875
0.36254772543907166
1.0863378047943115
0.47450384497642517
0.477506160736084
0.29724007844924927
0.6961005926132202
0.33321240544319153
0.5210622549057007
0.4024840295314789
0.43100056052207947
0.36158671975135803
0.6671505570411682
1.2286781072616577
0.26399263739585876
0.23560556769371033
0.7225360870361328
1.0559498071670532
0.46772441267967224
0.6766168475151062
0.637459933757782
0.43352794647216797
0.45893916487693787
0.5535082221031189
0.496279776096344
0.5328733325004578
0.7906252145767212
0.41077518463134766
0.35246777534484863
0.2833048701286316
0.843218982219696
0.37481024861335754
0.3100634217262268
0.35661688446998596
0.5071883201599121
0.2641438841819763
0.19497841596603394
0.7736403942108154
0.5800889134407043
0.32524266839027405
0.49408531188964844
0.5237870216369629
0.6660616397857666
0.47700685262680054
0.4035246968269348
0.5065568685531616
0.7562661170959473
0.438527911901474
0.31677162647247314
0.6522665023803711
0.46007829904556274
0.589484453201294
0.17029710114002228
0.2499680519104004
0.3134264647960663
0.7216606736183167
0.5352690815925598
0.7153975367546082
0.4942564070224762
0.34473657608032227
0.38475847244262695
0.45779067277908325
0.42508310079574585
0.6619259715080261
0.6070481538772583
0.44816818833351135
0.4824863076210022
0.8100813031196594
0.6235920786857605
0.38131609559059143
1.180261254310608
0.38614991307258606
0.8173866271972656
0.32488059997558594
0.4957870543003082
0.378866970539093
0.7949375510215759
0.7605828046798706
1.0027239322662354
1.551588535308838
0.3910374045372009
0.27699655294418335
0.8727248907089233
0.4631655812263489
0.33690425753593445
1.1092004776000977
0.42975735664367676
0.48782968521118164
0.856266975402832
0.2704283893108368
0.3800734281539917
0.3205704689025879
1.1638697385787964
0.3541089594364166
0.9139924049377441
0.9723567962646484
0.19906042516231537
0.47235941886901855
0.5446116328239441
0.603542685508728
0.2438104897737503
0.522577702999115
0.45819926261901855
0.5907799005508423
0.6177927255630493
0.46435546875
0.5470873117446899
0.5493544936180115
0.5549741983413696
0.4617522358894348
0.6124623417854309
0.702243983745575
0.49573707580566406
0.3557669520378113
0.4049854874610901
0.39770814776420593
0.9768470525741577
0.7844537496566772
0.6559675335884094
0.5474473237991333
0.8690905570983887
0.7876231670379639
0.31335997581481934
0.6753588914871216
0.4562138617038727
0.6034064292907715
0.5270681977272034
0.47361984848976135
0.26213499903678894
0.317868173122406
0.44113245606422424
0.4974130094051361
0.6383755803108215
0.6300263404846191
0.44348302483558655
0.467701256275177
0.45452508330345154
0.4449942708015442
0.33983325958251953
0.866236686706543
0.4289683699607849
0.9823387265205383
0.5774048566818237
0.413752019405365
0.19815535843372345
0.8553491830825806
0.6480246782302856
0.3112032115459442
0.698398232460022
0.26325178146362305
0.7476261854171753
0.21924249827861786
0.4991815686225891
0.5843667387962341
0.53608638048172
0.3977169394493103
0.5452196002006531
0.6270138621330261
0.683800220489502
0.45843619108200073
0.7856267690658569
1.0161393880844116
0.394235223531723
0.5823794603347778
0.9341489672660828
0.4736650884151459
0.7989908456802368
0.568046510219574
0.46183329820632935
0.8653891682624817
0.6930111050605774
0.7137361764907837
0.44631844758987427
0.6945492625236511
0.48154449462890625
0.3347426950931549
1.2659006118774414
0.583990216255188
0.4189890921115875
0.648446261882782
0.24387642741203308
0.6496895551681519
0.4333190321922302
0.5468848943710327
0.530333399772644
0.2668271064758301
0.2035110741853714
0.3173423707485199
0.6652486324310303
0.4171122908592224
1.5745807886123657
0.5708072781562805
1.0530731678009033
0.4531926214694977
0.9219499826431274
0.4790521264076233
0.5528460741043091
0.8183515667915344
0.3459194302558899
0.6262250542640686
0.41140666604042053
0.4408755898475647
0.6435300707817078
0.4041396975517273
0.7465852499008179
0.6225402355194092
1.1575114727020264
0.765792965888977
0.5290080308914185
0.8535232543945312
0.6521472930908203
0.20477154850959778
0.7400650978088379
0.31497693061828613
0.38060659170150757
0.5458066463470459
0.628308117389679
1.0706775188446045
0.49744653701782227
0.35637059807777405
0.611147403717041
0.7003887891769409
0.6868826150894165
0.5197817087173462
0.5753718614578247
0.6228171586990356
0.2547384798526764
0.599774181842804
0.5783341526985168
0.4389612078666687
0.42144688963890076
0.46225422620773315
0.49257737398147583
0.4340553879737854
0.6938242316246033
0.7661216855049133
0.8227880597114563
0.39064332842826843
0.4048052430152893
0.43485531210899353
0.4033627510070801
0.6975189447402954
0.7814311385154724
0.4012852609157562
0.579062283039093
0.4325116276741028
0.8533635139465332
0.33130916953086853
0.25387829542160034
0.2839258909225464
0.4271202087402344
0.3147771954536438
0.4039127230644226
0.3923495411872864
0.24750916659832
0.503931999206543
0.9009879231452942
0.2969014048576355
0.9409181475639343
0.5009208917617798
0.5304747819900513
0.5016476511955261
0.3292098641395569
0.6974846124649048
0.604159951210022
0.46285170316696167
0.42158347368240356
0.6919141411781311
0.5250336527824402
0.6579241752624512
0.6685368418693542
0.24776586890220642
0.31059953570365906
0.8122371435165405
0.8681221008300781
0.4751177430152893
0.5428364872932434
0.5945469737052917
0.29094284772872925
0.7860093116760254
0.7133214473724365
0.7309610247612
0.4001482427120209
0.7683098316192627
0.24983522295951843
0.6633216738700867
0.4969731271266937
