0.5465215444564819
0.4372290074825287
0.5675252676010132
0.787408709526062
0.2766423225402832
0.8625179529190063
0.5687257647514343
0.7763860821723938
0.47875723242759705
1.1988317966461182
0.6482506990432739
0.34528034925460815
0.4159031808376312
0.5396555066108704
0.44922152161598206
0.7500756978988647
0.7309505343437195
0.4759386479854584
0.3066536784172058
0.6233005523681641
0.41825056076049805
0.8613373637199402
0.4150769114494324
0.8106955289840698
0.3496483862400055
0.9076296091079712
0.44308146834373474
0.31049031019210815
0.3416178524494171
0.44048061966896057
0.9573554992675781
0.9614211916923523
0.5772384405136108
0.25467032194137573
0.5744512677192688
0.4841378331184387
0.2765994071960449
0.4836960434913635
0.729716956615448
0.5738177299499512
1.1960768699645996
0.2602214217185974
0.5493232011795044
0.372768759727478
0.4032907485961914
0.5569500923156738
0.47732019424438477
0.9154292345046997
0.60731440782547
0.2829190492630005
0.4145563244819641
0.27029675245285034
0.4823306202888489
0.41591429710388184
0.5679873824119568
0.4959144592285156
0.43910351395606995
0.5112760066986084
0.42884787917137146
0.47148531675338745
0.47303247451782227
0.21910648047924042
0.7893705368041992
1.2078702449798584
0.7857510447502136
0.5789111256599426
0.7541249990463257
0.4253227114677429
0.5145662426948547
0.30102553963661194
0.311847448348999
0.45913973450660706
0.5672653317451477
0.5301936864852905
0.8880456686019897
0.31307411193847656
0.3210431933403015
0.5918723344802856
0.3888617157936096
0.3918408155441284
0.2677568197250366
0.4596624970436096
0.3847934603691101
0.2384573221206665
0.6787900924682617
0.3069632649421692
0.8113754987716675
0.5497633218765259
1.4285379648208618
0.281268447637558
0.3964973986148834
0.5894824266433716
0.6919288635253906
0.3857034742832184
0.6267669200897217
0.21845805644989014
0.6149015426635742
0.6213342547416687
0.5797499418258667
0.5509189963340759
0.9202383160591125
0.4005855619907379
0.31004124879837036
0.5112214088439941
0.3025878071784973
0.22967174649238586
0.8879823684692383
0.3082943260669708
0.3727022707462311
0.48128262162208557
0.6387174725532532
0.21077778935432434
0.39824193716049194
0.6029260754585266
0.4681550860404968
0.49084368348121643
0.6724239587783813
0.9886664152145386
0.7660333514213562
0.28753194212913513
0.550739586353302
0.7812155485153198
0.2404552400112152
0.2656438946723938
0.37646055221557617
0.5070188045501709
0.6675035357475281
0.8013284802436829
0.2831163704395294
0.49520617723464966
0.5686925649642944
0.3087417185306549
0.7969887852668762
0.9213956594467163
0.4492912292480469
0.9694860577583313
0.3581239581108093
0.9032553434371948
0.9069995880126953
0.5241498351097107
0.23595170676708221
0.7391834259033203
0.2240418642759323
0.6309415698051453
0.48432692885398865
0.6229981780052185
0.3941285312175751
0.6172724962234497
0.3726736903190613
0.5181204676628113
0.6482311487197876
0.24882164597511292
0.4502696096897125
0.159340962767601
0.34065088629722595
0.31634920835494995
0.3916979730129242
0.6110410690307617
0.5175166130065918
0.5926340818405151
0.2885652184486389
0.4896206259727478
0.4705783426761627
0.7561062574386597
0.5406568646430969
0.4507225453853607
0.2589777410030365
1.0735085010528564
0.9205760955810547
1.1612735986709595
0.33063843846321106
0.4800559878349304
0.713690459728241
0.8141406774520874
0.458484023809433
0.6380627751350403
0.43489471077919006
0.46960943937301636
0.7988181710243225
1.031350016593933
0.26480671763420105
0.5015210509300232
0.2650543451309204
0.4315526485443115
0.3573012351989746
0.7142102718353271
0.5292733907699585
0.8865102529525757
0.5260947942733765
0.38373467326164246
0.7592002153396606
0.732107400894165
0.41385751962661743
0.2720833420753479
1.06082022190094
0.4608588218688965
0.465359628200531
0.6918259859085083
0.6514917612075806
0.383991539478302
0.33954209089279175
0.37797001004219055
0.1976521909236908
0.24320408701896667
0.5878812074661255
0.2981632351875305
0.338767945766449
0.7854698300361633
0.6408965587615967
0.4263453483581543
0.3277722895145416
0.6220697164535522
1.1168683767318726
0.647371768951416
0.5398418307304382
0.4327310621738434
0.40980562567710876
0.6958456039428711
0.46316805481910706
0.655804455280304
0.764646053314209
0.45623859763145447
0.5604049563407898
0.5990318059921265
0.4703599810600281
0.3284306526184082
0.5260494351387024
0.38766711950302124
1.094558835029602
1.0392570495605469
0.48963823914527893
0.5350999236106873
0.6981583833694458
0.503118634223938
0.636507511138916
0.8528321385383606
0.3511480689048767
0.6622538566589355
0.2985973358154297
0.48474979400634766
0.5110843181610107
0.3054857850074768
0.7006454467773438
0.508945107460022
0.5075495839118958
0.2953435778617859
0.3364129066467285
0.8840817213058472
0.6936923265457153
0.578349232673645
0.4442429542541504
0.3604452610015869
0.6129480004310608
0.6503235101699829
0.6469755172729492
0.6933501958847046
0.3650362491607666
0.8714407682418823
0.3840487599372864
1.336673617362976
0.39015546441078186
0.5025416612625122
0.7809816002845764
0.4789172112941742
0.3365073502063751
0.3717154860496521
0.3873426616191864
0.8891568183898926
0.3986593186855316
0.6146348714828491
0.5174731612205505
0.4062803387641907
0.4693068861961365
0.20446760952472687
0.7724183797836304
0.5457724332809448
0.3326692581176758
0.3709142804145813
0.5896667838096619
0.4812169075012207
0.39208701252937317
0.23422817885875702
0.9172471165657043
0.25139784812927246
0.4974808692932129
0.4407162666320801
0.3923768103122711
0.40022698044776917
0.4592970907688141
0.5713160634040833
0.5895041227340698
0.3316660523414612
0.8586218953132629
0.5493543744087219
0.6830787658691406
0.42116913199424744
0.5161248445510864
0.38020965456962585
0.2579304277896881
0.1918274462223053
0.4386633038520813
0.29285526275634766
0.28959721326828003
0.6773366332054138
0.1928759068250656
0.3599882125854492
0.3128933310508728
0.8072951436042786
0.45565372705459595
0.5208548903465271
0.40763673186302185
0.7604507207870483
0.608051598072052
0.20064468681812286
0.5190981030464172
0.30390891432762146
0.3309791684150696
0.3884163200855255
0.5126582384109497
0.2782357633113861
0.4840560853481293
0.3039681017398834
0.9968026876449585
0.6696422100067139
0.7652565240859985
0.2970034182071686
0.9802454113960266
0.3913159966468811
0.46177929639816284
0.6897083520889282
0.5436965227127075
0.5908377170562744
0.4886336326599121
0.5298293232917786
0.7420452833175659
0.2670144736766815
0.4364771246910095
0.5675920844078064
