0.5216028690338135
0.6171427965164185
0.3301898241043091
0.4420068860054016
0.5915319323539734
0.37602463364601135
0.3090224862098694
0.4313650131225586
0.45512938499450684
0.57197505235672
0.6825485229492188
0.39005163311958313
0.7243518233299255
0.5383899211883545
0.9207248687744141
0.18869955837726593
0.4936215281486511
0.6377696990966797
0.43302208185195923
0.6220776438713074
0.4531673789024353
0.18748489022254944
0.3257609009742737
0.7935515642166138
0.35793036222457886
0.20217075943946838
0.6882820725440979
0.47780951857566833
0.5057946443557739
0.2394307553768158
0.5139196515083313
0.14528107643127441
0.3598191738128662
0.5963797569274902
0.4895075857639313
0.2013327181339264
0.6452048420906067
0.7119065523147583
0.5546665787696838
0.48320889472961426
0.4825213551521301
0.8361526727676392
0.5065901875495911
0.48822933435440063
0.6812897324562073
0.2950093150138855
0.7754409313201904
0.254191517829895
0.421638160943985
0.5363744497299194
0.7965686917304993
0.2716885209083557
0.6475569009780884
0.4987642765045166
0.2411969006061554
0.8617838025093079
0.5218173265457153
0.5709826350212097
0.27283093333244324
0.6002402305603027
0.8882396817207336
0.5175115466117859
0.7588320970535278
0.4753149151802063
0.3415871262550354
0.5456095933914185
0.34143397212028503
0.621180534362793
0.29376643896102905
0.5276838541030884
0.5791118144989014
0.282297283411026
0.4157317578792572
0.34155604243278503
1.026698350906372
0.6564502716064453
0.6515506505966187
0.7630326151847839
1.3664638996124268
0.3053821623325348
0.7527920007705688
0.3474072515964508
0.23502106964588165
0.3704529404640198
0.8254817128181458
0.6491684317588806
0.590569019317627
0.40369099378585815
0.4350540041923523
0.4974122643470764
0.8869400024414062
0.7770536541938782
0.665986180305481
0.43239307403564453
1.0773777961730957
0.3649597764015198
0.5624592900276184
0.634956955909729
0.29546207189559937
0.2584860920906067
0.40453213453292847
0.8147826194763184
0.4903721809387207
0.22742000222206116
0.2716250419616699
0.7063088417053223
0.40181785821914673
0.4611123502254486
0.7398324012756348
0.6823080778121948
0.6935485005378723
0.27291733026504517
0.4896984100341797
0.4570712149143219
0.4810025691986084
0.22330942749977112
0.6682893633842468
1.0182520151138306
0.8946846127510071
0.7616792321205139
0.3883688151836395
0.217117577791214
0.5122091770172119
0.6307343244552612
0.33817535638809204
0.42099055647850037
0.3271808624267578
0.8304014205932617
0.3626914620399475
0.2734222412109375
0.521232008934021
0.20219147205352783
0.6335532665252686
0.5510987043380737
0.309396356344223
0.4379364848136902
0.3570419251918793
0.4616573750972748
0.42298179864883423
0.5526024103164673
0.47593188285827637
0.9079829454421997
0.7000933885574341
0.7470418810844421
0.3782557547092438
0.7490690350532532
0.3415769636631012
0.5623287558555603
0.30022329092025757
0.26390454173088074
0.5497089624404907
0.42882171273231506
0.587183952331543
0.41196638345718384
0.507106363773346
1.1212128400802612
0.4778813421726227
0.23489859700202942
0.5496666431427002
0.6739186644554138
0.6396382451057434
0.45099496841430664
0.30062729120254517
0.9346739649772644
0.8729227185249329
0.470442533493042
0.4788832664489746
0.7289308309555054
0.6656908988952637
1.0619462728500366
0.8707677125930786
0.5634117126464844
0.5878525972366333
0.4624593257904053
0.634637176990509
0.45388278365135193
0.28455787897109985
0.6536247134208679
0.38306963443756104
0.6488208770751953
0.3917510509490967
0.4699098467826843
0.397773802280426
0.5735937356948853
0.4518089294433594
0.3514231741428375
0.48814553022384644
0.29035839438438416
0.8164013028144836
0.6045358180999756
0.6308838129043579
0.6559391021728516
0.2648906111717224
0.4962076246738434
0.31852561235427856
0.3101486563682556
1.8093178272247314
0.542019248008728
0.40814608335494995
0.16625770926475525
0.4892801344394684
0.25044527649879456
0.5441825985908508
0.8977839350700378
0.529983639717102
0.33326560258865356
0.47255605459213257
0.5311751961708069
0.4464530944824219
0.5911058187484741
1.042426347732544
0.5282071828842163
0.6062070727348328
0.34346503019332886
0.745540976524353
0.712918758392334
0.3434997797012329
0.5393461585044861
0.8964179158210754
0.8711835741996765
0.3101082444190979
0.683857262134552
0.5114483833312988
0.7869377136230469
0.28843483328819275
0.5713955760002136
0.7074106931686401
0.6953995823860168
0.5963179469108582
0.2344563752412796
0.38070088624954224
0.6993275284767151
0.8336032629013062
0.2503688335418701
0.48039498925209045
0.9375265836715698
0.5730720162391663
0.7597227692604065
0.4728046953678131
0.4169405400753021
0.39141973853111267
0.6170278787612915
0.43419742584228516
0.5800076723098755
0.20373213291168213
0.29736757278442383
0.38586586713790894
0.6362550258636475
0.6587006449699402
0.4905741214752197
0.4128630757331848
0.6069090962409973
0.40741148591041565
0.4823440611362457
0.7635414600372314
0.259971559047699
0.26189273595809937
0.8846977949142456
0.520358681678772
0.4001968502998352
0.6194155216217041
0.6038399338722229
0.20846109092235565
0.6247152090072632
0.2793358266353607
0.6315313577651978
0.3411015570163727
0.7207212448120117
0.324372798204422
0.7746819853782654
0.39890578389167786
0.7302547693252563
0.6701583862304688
0.6650107502937317
0.3701479434967041
0.3193452060222626
0.7446882128715515
0.4307398200035095
0.6168972849845886
0.5433645248413086
0.5645382404327393
0.39625149965286255
0.9243627786636353
0.4422536790370941
0.661971926689148
0.5851184725761414
0.27342042326927185
0.2759263217449188
0.7737525701522827
0.44282597303390503
0.4107596278190613
0.7230948209762573
0.23310038447380066
0.4803488850593567
0.4332614839076996
0.5397258400917053
0.38313138484954834
0.5878139138221741
0.40691059827804565
1.090482234954834
0.7605265378952026
0.39082828164100647
0.3332059979438782
0.9782660603523254
0.4568498730659485
0.38212916254997253
0.3472352623939514
0.4689372181892395
0.6876522898674011
0.8852616548538208
0.2351321280002594
0.5501235723495483
0.5156539082527161
0.883609414100647
0.5766931772232056
0.5023808479309082
0.5256855487823486
0.29214411973953247
1.0467060804367065
0.332115113735199
0.4824756681919098
0.2910245954990387
0.3344275951385498
0.2854648232460022
0.9968183636665344
0.450117290019989
0.3535352647304535
0.35686904191970825
0.5826295018196106
0.298031747341156
0.21975240111351013
0.3350493907928467
0.8256367444992065
0.41723114252090454
0.4930546283721924
1.2303093671798706
0.621417760848999
0.5596539974212646
