0.5694781541824341
0.4473840594291687
0.5320191383361816
0.4880451261997223
0.22043578326702118
0.4396948218345642
0.14193610846996307
0.5386983156204224
0.5808060765266418
0.6031586527824402
0.3174366354942322
0.28347301483154297
0.5607255101203918
0.4010353088378906
0.7566189169883728
0.633588969707489
0.35624685883522034
1.1181977987289429
0.7888152003288269
1.3582192659378052
0.5117384195327759
0.6929907202720642
0.3087271749973297
0.24747562408447266
0.2801012694835663
0.5536407232284546
0.17427968978881836
0.25897932052612305
0.7636759877204895
0.33116644620895386
0.5784894227981567
0.21754619479179382
0.5114614367485046
0.6956000328063965
0.38685867190361023
0.3434104323387146
0.8004177212715149
0.43144965171813965
0.44824475049972534
0.411053329706192
0.570268452167511
0.7404347658157349
0.5682048797607422
0.2848058342933655
0.4316693842411041
1.0267579555511475
0.6238373517990112
0.559179961681366
0.3201269805431366
0.581532895565033
1.1059433221817017
0.2520090937614441
0.5509702563285828
0.1892951875925064
0.4795681834220886
0.6613146066665649
0.7255155444145203
1.6325725317001343
0.2912793755531311
0.34822505712509155
0.7486142516136169
1.0554044246673584
0.5760126709938049
0.18569527566432953
0.7190108895301819
0.7457464337348938
1.0361922979354858
0.2685857117176056
0.5014351010322571
0.33642783761024475
0.3384055495262146
0.3333119750022888
0.2889387011528015
0.5363507866859436
0.38747870922088623
0.3273294270038605
0.32886311411857605
0.6490471959114075
1.2819221019744873
0.5752482414245605
0.446524053812027
0.8267415165901184
0.4640091061592102
0.6793346405029297
1.311889410018921
0.4375081956386566
0.629459023475647
0.45528316497802734
0.891335129737854
0.6517716646194458
0.32819318771362305
0.6351101994514465
0.41622194647789
1.0791771411895752
0.6009312868118286
0.468893826007843
0.5840673446655273
0.4167366623878479
0.4375869631767273
0.6259201169013977
0.754456639289856
0.3161401152610779
0.35386922955513
0.2109900265932083
0.580888032913208
0.4425256848335266
0.2751010060310364
0.5883347988128662
0.615792989730835
0.26129651069641113
0.5161893963813782
0.3964524567127228
0.7117730379104614
0.44698566198349
0.39567917585372925
0.4945184290409088
0.4170305132865906
0.35585901141166687
0.5841161012649536
0.3794465661048889
0.3844769597053528
0.587181568145752
0.5672257542610168
0.6102010011672974
0.5824140310287476
1.1564340591430664
0.39179864525794983
0.6105270385742188
0.7254031896591187
0.5416386127471924
0.43028491735458374
0.9827292561531067
0.7752448320388794
0.36767321825027466
0.6402443051338196
0.5212711095809937
0.34656399488449097
0.3881600797176361
0.5923693776130676
0.5499076843261719
0.2772955000400543
0.6483111381530762
0.6641695499420166
0.46904581785202026
0.4428855776786804
0.509663462638855
0.35420486330986023
0.42197293043136597
0.5242782831192017
0.8754032254219055
0.5173234939575195
0.46253713965415955
0.2923826575279236
0.9544141888618469
0.6288252472877502
0.39526206254959106
0.4437061846256256
0.43950027227401733
0.5324083566665649
0.851793646812439
0.7956880331039429
0.4568856656551361
0.3966674208641052
0.4675768315792084
0.5372563004493713
0.6816366314888
0.6042030453681946
0.4334608018398285
0.49719658493995667
0.729477047920227
0.4301758408546448
0.5529478788375854
0.33069273829460144
0.44564133882522583
0.2485155612230301
0.23451177775859833
0.4115222990512848
0.18639293313026428
0.8881629109382629
1.08297598361969
0.6205282807350159
0.2335260808467865
0.4277634620666504
0.43405550718307495
0.5357368588447571
0.4760647714138031
0.4285731315612793
0.6916462779045105
0.5044143795967102
0.36816468834877014
0.41704243421554565
0.3214004933834076
0.6322802305221558
0.752008318901062
0.17378178238868713
0.5647633671760559
0.8424311876296997
0.40494951605796814
0.3750850558280945
0.843483567237854
0.7447026371955872
0.5515270829200745
0.8609225153923035
0.1474960297346115
0.49267658591270447
0.42702722549438477
0.7247310876846313
0.5182751417160034
0.7314060926437378
0.40706080198287964
0.3508361279964447
0.8845556974411011
0.3421993851661682
0.5341849327087402
0.7645575404167175
0.5924695134162903
0.6200297474861145
0.6249380111694336
0.6025660634040833
0.8909730911254883
0.6613283157348633
0.5593559145927429
0.5525873303413391
0.35200977325439453
0.5272640585899353
0.5590645670890808
0.3646300733089447
0.5471506714820862
0.430368572473526
0.6433696746826172
0.44267359375953674
0.7525814175605774
0.5016047954559326
0.6195188164710999
1.1250361204147339
0.4080585837364197
0.7374077439308167
0.6100541353225708
0.7616380453109741
0.562197208404541
0.19176729023456573
0.5186500549316406
0.3891083300113678
0.4821041226387024
0.35697829723358154
0.48036351799964905
0.4119340777397156
0.47156697511672974
0.25580793619155884
0.4439544677734375
0.2334531545639038
0.4063226580619812
0.37989869713783264
0.7430762052536011
0.7287477850914001
0.6510677337646484
0.5800286531448364
0.8639939427375793
0.5393344759941101
0.6379209160804749
0.8600155711174011
0.41560015082359314
0.4646883010864258
0.2924751341342926
0.2857513725757599
0.48495882749557495
0.6229528188705444
0.5849324464797974
0.39501112699508667
0.38695597648620605
0.3643421232700348
0.5370458364486694
0.6430267095565796
0.5066239833831787
0.3913535475730896
0.48712101578712463
0.5335370302200317
0.44320839643478394
0.6140748858451843
0.5983307957649231
0.5917184352874756
0.6868785619735718
0.6441589593887329
0.6093326807022095
1.019460678100586
0.6373796463012695
0.5348581075668335
0.36439719796180725
0.4243268072605133
0.3660256266593933
0.5375797748565674
0.2997029721736908
0.621519923210144
0.5930172801017761
0.8193829655647278
0.6511688828468323
0.4374970495700836
0.6250063180923462
0.7833250761032104
0.5689036846160889
0.892020583152771
0.24159614741802216
0.6432116627693176
0.7378513216972351
0.4829455316066742
0.5074948072433472
0.5018817782402039
0.6768950819969177
0.34682536125183105
0.5327188968658447
0.5158025026321411
0.36418986320495605
0.5301935076713562
0.44672903418540955
1.008936882019043
0.4190025329589844
0.7468603849411011
0.4574580192565918
0.41976410150527954
0.3529714047908783
0.5812168121337891
0.7738078832626343
1.06269109249115
0.686625063419342
0.3863030970096588
0.27912646532058716
0.3696700930595398
0.5777829885482788
0.5507371425628662
0.2982187569141388
0.5484367609024048
0.20794200897216797
0.23141372203826904
0.3763367533683777
0.5157830119132996
0.5516772866249084
0.7477073073387146
0.1909765601158142
