0.7495663166046143
0.33719199895858765
0.3235093951225281
0.38236692547798157
0.7092586755752563
0.34335267543792725
0.4234985411167145
1.1998653411865234
0.862261950969696
0.4834882318973541
0.513961672782898
0.2542470395565033
0.4263601303100586
0.6547950506210327
0.7552386522293091
0.5752812623977661
1.2780413627624512
0.7437301874160767
0.5213860869407654
0.4989245533943176
0.8747762441635132
0.4244815707206726
0.36820346117019653
0.4081273674964905
0.711870551109314
0.5766268372535706
0.9939241409301758
0.5124039649963379
0.5149459838867188
0.6224960088729858
0.4277595579624176
0.5895191431045532
0.6434292793273926
0.4548536241054535
0.3898906409740448
0.36492639780044556
0.46391621232032776
0.6622272729873657
0.8707069158554077
0.3829215168952942
0.8186042904853821
0.24543610215187073
0.4722919464111328
0.2536454200744629
1.008658766746521
0.38781920075416565
1.4769076108932495
0.5127981305122375
0.6948785185813904
1.0192674398422241
0.5879292488098145
0.37322255969047546
0.2283959686756134
0.15635527670383453
0.600944995880127
0.52564936876297
0.5779140591621399
0.679914116859436
0.8753191232681274
0.3944624960422516
0.6653206944465637
0.5190348625183105
0.4437825083732605
0.8575180172920227
0.9815311431884766
0.5392435789108276
0.2694377899169922
0.3244793713092804
0.5539408922195435
0.668667197227478
0.3673766553401947
0.6900951862335205
0.4584428668022156
0.5005591511726379
0.6727575659751892
0.8393256068229675
0.6116715669631958
0.38481616973876953
0.6514381766319275
0.9393752217292786
0.5677044987678528
0.586711049079895
0.5764366388320923
0.25407058000564575
0.40704306960105896
0.8335533142089844
0.3063057065010071
0.3740292489528656
0.4585331082344055
0.3210082948207855
0.7741026282310486
0.7141317129135132
0.9958658218383789
0.41514167189598083
0.6836379766464233
0.43254509568214417
0.7480003237724304
0.47277402877807617
0.8859068155288696
0.6050704717636108
0.621883749961853
0.37734466791152954
0.3135932683944702
0.8613894581794739
0.6208838224411011
0.5362202525138855
0.33824294805526733
0.41164952516555786
0.6125856637954712
0.775382936000824
0.787700355052948
0.46904468536376953
0.4717726707458496
0.6417258381843567
0.6057772636413574
0.35015490651130676
0.48399749398231506
0.34637993574142456
0.3696915805339813
0.5876749157905579
0.4116169810295105
0.2243938446044922
0.5607292652130127
0.3143324851989746
0.457662969827652
0.7597783207893372
1.1458393335342407
0.34093785285949707
0.3556536138057709
0.3753843307495117
0.48025304079055786
0.39451441168785095
0.613758385181427
0.5997843742370605
0.4761947691440582
0.40882354974746704
0.9306148290634155
0.42867445945739746
0.26761555671691895
0.6517800688743591
0.564572811126709
0.4404980540275574
0.2962842583656311
0.7618335485458374
0.30598288774490356
0.8729402422904968
1.1894376277923584
0.249386265873909
0.5558150410652161
0.5506295561790466
0.53337162733078
0.24230346083641052
0.6323115825653076
0.3459610044956207
0.19407542049884796
0.37742912769317627
0.8998859524726868
0.4584168791770935
0.5967480540275574
0.4960576891899109
0.5726265907287598
0.5392974019050598
0.18063195049762726
0.5563080310821533
0.354104220867157
0.42492562532424927
0.5607185363769531
0.28667670488357544
0.41068944334983826
0.7479317784309387
0.4295803904533386
0.7023968696594238
0.7938054203987122
0.44508713483810425
0.6246542930603027
1.1373279094696045
0.6861231327056885
0.7528500556945801
0.33026382327079773
0.4142912030220032
0.4632565379142761
0.49213066697120667
1.3850433826446533
0.5218791961669922
1.0393688678741455
0.6702709197998047
0.42235732078552246
0.8679686784744263
0.24973051249980927
0.3243716061115265
0.5260511040687561
0.5891351699829102
0.1040416955947876
0.8741527795791626
0.33156609535217285
0.35756993293762207
0.6314951777458191
0.16594156622886658
0.45617184042930603
0.3913933038711548
0.5531946420669556
0.36897116899490356
0.3700854480266571
0.5807687044143677
0.34119072556495667
0.8527196645736694
0.517767608165741
0.39837324619293213
0.3935789465904236
0.8651522397994995
0.5249396562576294
0.8089826703071594
0.22262850403785706
0.5732550621032715
0.5005870461463928
0.7905758619308472
0.5214449763298035
0.41551369428634644
0.5743705630302429
0.8242815732955933
0.7404983043670654
0.48594480752944946
0.23875650763511658
0.8015609979629517
0.8161947131156921
0.6988081932067871
0.4039701521396637
0.424811989068985
1.354577898979187
0.6532636284828186
0.40558457374572754
0.30603423714637756
0.3330119252204895
0.5805892944335938
0.3679577112197876
0.4204263687133789
0.7327789068222046
0.4789140224456787
0.4386611878871918
0.3566643297672272
0.45900383591651917
0.44133424758911133
0.6948148012161255
0.5096456408500671
0.45338505506515503
0.17666490375995636
0.42803603410720825
0.44856205582618713
0.3670652508735657
0.6906790733337402
0.5007908344268799
0.262167751789093
0.48802924156188965
0.34246253967285156
0.2522769570350647
0.24174530804157257
0.5842353105545044
0.6070581674575806
0.761585533618927
0.45502132177352905
0.6904746890068054
0.699198842048645
0.8435965776443481
0.7467315793037415
0.6948903799057007
0.5706236958503723
0.6128132343292236
0.49071836471557617
0.3374750018119812
0.2715494632720947
0.482428640127182
0.31231778860092163
0.3858683109283447
1.077636480331421
0.2559855878353119
0.7058061361312866
0.4499451518058777
0.6455504298210144
0.2841791808605194
0.8655115365982056
0.5543438196182251
0.34362635016441345
0.4127469062805176
0.5741198658943176
0.7579079866409302
0.2927391529083252
0.5987057685852051
0.591713547706604
0.43563681840896606
0.476274311542511
0.3155099153518677
0.6438037753105164
0.4411836564540863
0.1576906144618988
1.1225769519805908
0.5715011358261108
0.6442632675170898
0.3896929621696472
0.7665332555770874
0.30222225189208984
0.3489212989807129
0.7741779088973999
0.24585938453674316
0.5173900127410889
0.3918571472167969
0.5028239488601685
0.4333145022392273
0.36638563871383667
0.6886521577835083
0.5129825472831726
0.6803940534591675
0.32570546865463257
0.9530929327011108
0.5444648265838623
0.2655242085456848
0.5052341222763062
0.36989790201187134
0.7015886306762695
0.3999990224838257
0.3386687636375427
0.5003722310066223
0.6079515814781189
0.6620904207229614
0.45223483443260193
0.38058146834373474
0.937209963798523
0.5741831660270691
0.6378419995307922
0.8071673512458801
0.7524511814117432
0.756888747215271
0.28312402963638306
0.2518843710422516
0.77933269739151
0.34412357211112976
0.39093145728111267
0.6682178974151611
0.25806188583374023
