0.728556752204895
0.6388724446296692
0.4109489917755127
0.7176910042762756
1.0181465148925781
0.7489299178123474
0.6890468001365662
0.5799252986907959
0.7499793767929077
1.0477781295776367
1.205399513244629
0.790583610534668
0.4719441533088684
0.7509415149688721
0.6906359195709229
0.8646531105041504
0.9319556951522827
0.8187416791915894
0.8732013702392578
0.5402518510818481
0.7215703129768372
0.5567501783370972
0.7883901596069336
0.5204175710678101
0.5021436810493469
0.8684065937995911
1.0850436687469482
0.8375962972640991
1.3907251358032227
1.1666492223739624
0.7325378656387329
0.7006386518478394
0.5670725107192993
0.6000401973724365
0.7290708422660828
0.9149724245071411
0.6475734114646912
1.113769292831421
0.5316012501716614
0.9944431185722351
0.5579562187194824
0.6960135698318481
0.5830222964286804
0.5249166488647461
0.7828546762466431
0.7251860499382019
0.6614518761634827
0.5904284119606018
0.532522439956665
0.5641054511070251
0.7569788694381714
0.5764272212982178
0.6195670962333679
1.1330616474151611
0.8160872459411621
1.051509141921997
0.6384340524673462
0.616774320602417
0.85052490234375
0.558244526386261
0.6415382623672485
0.6799889206886292
0.5679687261581421
0.6473601460456848
0.8442131280899048
0.356285035610199
0.5683518648147583
0.9967609643936157
0.800189197063446
1.0081247091293335
1.1266214847564697
0.5591064691543579
0.7248554229736328
0.7658501863479614
0.8776318430900574
1.031320333480835
0.46896466612815857
0.5536082983016968
1.0269029140472412
1.097621202468872
0.7660049200057983
0.7229407429695129
0.831020712852478
0.9871605038642883
1.1091874837875366
0.888565182685852
1.188575029373169
0.6437361836433411
1.082744836807251
0.7484060525894165
0.8142275810241699
0.6630664467811584
0.6961418390274048
0.5808403491973877
0.8954745531082153
0.696866512298584
0.6608492136001587
0.5089854598045349
0.651295006275177
0.8262685537338257
0.5636029243469238
0.8078889846801758
0.8035269975662231
0.6452617049217224
0.5189309120178223
1.2499229907989502
0.509942352771759
1.013776183128357
1.081830620765686
0.8381211161613464
0.7611246705055237
0.7952885031700134
1.161529541015625
0.9985038042068481
1.3426018953323364
1.0080393552780151
0.5013940930366516
0.8499883413314819
0.3914663791656494
0.8032957315444946
0.8209382891654968
0.762680172920227
0.8592463731765747
0.8682447671890259
0.6493211984634399
0.7864402532577515
0.6038564443588257
0.8282057642936707
0.6072830557823181
0.7272660136222839
0.4594983160495758
0.8817329406738281
0.7151445746421814
0.6306329369544983
0.6196257472038269
0.5312918424606323
0.6687599420547485
0.7627103328704834
0.4958576261997223
0.6706745028495789
0.6916832327842712
0.4747115969657898
0.7060260772705078
0.5505459904670715
1.1012996435165405
0.7252832651138306
0.6704978346824646
0.9039666056632996
0.8091694116592407
0.6844595074653625
0.42988285422325134
0.8436199426651001
0.5472877621650696
0.5618797540664673
1.1467187404632568
0.7266575694084167
1.048656702041626
0.6454522013664246
0.7169159054756165
0.8284915089607239
0.5049355030059814
0.5655471682548523
0.5451764464378357
0.4763209819793701
0.7294913530349731
1.108465313911438
0.762342631816864
0.7190638780593872
0.3965205252170563
0.9296174049377441
0.6400114297866821
0.7056369781494141
0.6887310743331909
0.8889543414115906
0.7118226289749146
0.47304850816726685
0.7016752362251282
1.0274522304534912
1.012800693511963
0.806744396686554
0.39615288376808167
0.7828100919723511
0.6262891888618469
0.5273507833480835
0.6469444036483765
0.534542441368103
0.7805556058883667
0.489280641078949
0.9930800199508667
1.2327131032943726
0.5672282576560974
0.8870468139648438
0.9263609051704407
0.9128293991088867
0.8673930168151855
0.8791982531547546
1.3763834238052368
0.8694124221801758
0.9558884501457214
0.9215132594108582
0.6059063076972961
0.7206369638442993
0.8344563245773315
0.3551691472530365
0.8016489148139954
0.5888263583183289
0.7233244180679321
0.7896657586097717
0.9486420750617981
0.6106046438217163
0.9392333030700684
0.7206659317016602
0.8320916295051575
0.5530603528022766
0.5343108177185059
0.9226124882698059
0.6232079267501831
0.5212599039077759
1.1406407356262207
0.9935547709465027
0.5293323397636414
0.505778431892395
0.43244656920433044
0.7673717737197876
0.7238138914108276
0.9816997647285461
0.7111603617668152
1.1581238508224487
1.0821549892425537
0.7095462679862976
1.109238862991333
0.8397485613822937
1.1135571002960205
0.6066650748252869
1.2243276834487915
0.6336139440536499
0.5672646760940552
0.5139363408088684
0.6406863331794739
0.8704268336296082
0.9726227521896362
0.5327745079994202
0.6329485774040222
0.7090508341789246
0.5493863224983215
1.1520206928253174
0.8090046048164368
0.6401948928833008
1.010949969291687
0.6809983253479004
0.7557333111763
0.8813998103141785
0.8353617787361145
0.8801555633544922
0.5367010235786438
0.9847676157951355
1.026265263557434
0.7953138947486877
0.653613269329071
0.6106974482536316
0.8710670471191406
0.852148175239563
0.702316403388977
1.0044392347335815
1.3329131603240967
0.9279390573501587
0.8363218307495117
0.7587538361549377
0.7172393202781677
0.7124089002609253
1.045454978942871
0.750420868396759
1.0079363584518433
0.4582880139350891
0.4144655168056488
1.4007618427276611
0.42365533113479614
0.6738667488098145
1.2982722520828247
0.9645071029663086
1.4612345695495605
0.6713297963142395
0.5808626413345337
0.8028157353401184
0.8516985177993774
0.6831356883049011
1.035263180732727
0.6190372705459595
0.5746976733207703
0.3321608006954193
0.9161993265151978
0.9084376096725464
0.7296637892723083
0.703808605670929
0.7856935262680054
1.0879688262939453
0.5749382376670837
0.9754241704940796
0.6180342435836792
0.548160195350647
0.799540638923645
0.5897437930107117
0.8031589388847351
0.873988151550293
1.0014688968658447
0.6069796681404114
0.7101292014122009
0.42862647771835327
0.6143393516540527
0.7652689218521118
0.7053519487380981
0.6211525201797485
0.885397732257843
0.6622395515441895
0.5324913263320923
0.48183661699295044
1.5796458721160889
1.0153201818466187
0.7293215990066528
0.6487122774124146
0.9569609761238098
0.829685389995575
0.7476628422737122
0.8556326627731323
0.8189492225646973
0.42453354597091675
0.8598311543464661
1.0057868957519531
0.7709134817123413
0.6337758302688599
0.9296153783798218
1.063728928565979
0.9538467526435852
0.6302396655082703
1.0916236639022827
0.5563392043113708
0.47709742188453674
1.3732017278671265
