0.27430909872055054
0.7635557651519775
0.1997540444135666
0.5467060804367065
0.6105678081512451
0.3807792067527771
0.741297721862793
0.21678964793682098
1.0598289966583252
0.5312978625297546
0.5794078707695007
0.6600574254989624
0.5734392404556274
0.33476191759109497
0.5494521260261536
0.35128065943717957
0.2060396671295166
0.3665124773979187
0.37391993403434753
0.4486953318119049
0.7038790583610535
0.4833698272705078
0.6243287324905396
0.5178025960922241
0.5144622921943665
0.5264376401901245
0.5659999251365662
0.5754749178886414
0.385328471660614
0.5249868631362915
0.456254243850708
0.5397818684577942
0.7869660258293152
0.56954425573349
0.45984166860580444
0.533517599105835
0.4913579821586609
0.9451841115951538
0.4207023084163666
0.48319506645202637
0.5130755305290222
0.544120728969574
0.4437951445579529
0.4085058271884918
0.7648828625679016
0.7896602749824524
0.5495105981826782
0.5190739035606384
0.647278904914856
0.4682007431983948
0.3367692530155182
0.5317500233650208
0.23368945717811584
0.3290852904319763
0.32246750593185425
0.3346642553806305
0.5646475553512573
0.37989550828933716
0.7031381130218506
0.5811695456504822
0.6084246635437012
0.3961016833782196
0.7324612736701965
1.4692203998565674
0.43838605284690857
1.1975233554840088
0.3996974229812622
0.404754102230072
0.7779125571250916
0.7089383006095886
0.4045600891113281
0.5326071977615356
0.9054896235466003
1.3827869892120361
0.5967423319816589
0.4057941436767578
0.6838251948356628
0.32898053526878357
0.5444527864456177
0.5750043392181396
0.9284701347351074
0.5567728281021118
0.3486235737800598
0.45038390159606934
1.0106174945831299
0.5184007883071899
0.716932475566864
0.665023922920227
0.35869869589805603
0.6898802518844604
0.3172837793827057
0.909518837928772
0.641819417476654
0.6237970590591431
0.31504392623901367
0.6011946797370911
0.44153332710266113
0.3827076554298401
0.2486102133989334
0.5356771349906921
0.5991493463516235
0.26559609174728394
0.6154590249061584
0.34899964928627014
0.7889255285263062
0.5822980999946594
0.5432535409927368
0.2703418731689453
1.0147244930267334
0.2564517855644226
0.813583254814148
0.5483222007751465
0.23513612151145935
0.4793047308921814
0.8381000757217407
1.6485111713409424
0.4216242730617523
0.5221870541572571
0.5077574253082275
0.9524002075195312
0.5868308544158936
0.5929601192474365
0.5561221241950989
0.49400073289871216
0.31057459115982056
0.33605289459228516
0.524807333946228
0.7542654275894165
0.5454221963882446
0.38038283586502075
0.4910423159599304
0.3219318985939026
0.8511652946472168
0.5568410158157349
0.7252910733222961
0.5391644835472107
0.32020729780197144
0.7479935884475708
0.6161330342292786
0.5774942636489868
0.4341370463371277
0.4306640625
0.4964373707771301
0.3899558484554291
0.6534296870231628
0.47783857583999634
0.5165135264396667
0.6048827767372131
0.7042682766914368
1.1443932056427002
0.7297740578651428
0.42520982027053833
0.5552385449409485
0.678764820098877
0.4256060719490051
0.7271852493286133
0.35054337978363037
0.22736549377441406
0.7480705976486206
0.6725867390632629
0.8004223704338074
0.5304924249649048
0.42797890305519104
0.2942391633987427
0.7385611534118652
0.5929628610610962
0.6863575577735901
0.5472856760025024
0.3160063624382019
1.1130950450897217
0.3094117045402527
0.6439976692199707
0.2772785723209381
0.4141433835029602
0.4507238268852234
0.7606765031814575
0.317353755235672
0.3572465479373932
0.3040202558040619
0.3017882704734802
0.5175261497497559
0.2808293402194977
0.46475934982299805
0.6822230219841003
0.4890047013759613
0.2817595601081848
0.4675962030887604
0.41157832741737366
0.3097636103630066
0.5018135905265808
0.6164787411689758
0.39927369356155396
0.558497428894043
0.36632972955703735
0.8129531145095825
0.6107023358345032
0.6133712530136108
0.5056442022323608
0.6829168200492859
0.28641921281814575
0.40610471367836
0.5207584500312805
0.31712621450424194
0.6790086030960083
0.8131387829780579
0.6523658633232117
0.42589133977890015
0.9604838490486145
0.522098958492279
0.4562649726867676
0.618911862373352
0.5255525708198547
0.4888532757759094
0.326221764087677
0.6252307891845703
0.4821168780326843
0.5071285963058472
0.441901296377182
0.4894402027130127
0.47008323669433594
0.7867571115493774
0.9815741777420044
0.9637505412101746
0.4761909544467926
0.7027136087417603
0.5265682339668274
0.4090580940246582
1.2419978380203247
0.921478271484375
0.6451102495193481
0.3158060908317566
0.8900793194770813
0.6286846399307251
0.2615603506565094
0.30269545316696167
0.45127683877944946
0.4410170018672943
0.5170719623565674
0.1391625702381134
0.5494369268417358
0.4578600823879242
0.45129337906837463
0.5987305045127869
0.5661169290542603
0.39113447070121765
0.4419862627983093
0.8982941508293152
0.7114872932434082
0.45994776487350464
0.4622296690940857
0.5816219449043274
0.7303335070610046
0.2939700484275818
0.5867074728012085
0.6575220823287964
0.2623956799507141
0.2914428114891052
0.28079134225845337
0.19315332174301147
0.41599854826927185
0.7585163116455078
0.5465973615646362
0.4315730631351471
0.7985557317733765
0.32620733976364136
0.5316780805587769
0.2896200120449066
0.4207285940647125
0.4679756760597229
0.2831474840641022
0.5707670450210571
0.6366132497787476
0.2812650203704834
0.6627205610275269
0.38869166374206543
0.48941317200660706
0.3671332001686096
0.5415213108062744
0.29919376969337463
0.27928584814071655
0.27128368616104126
0.432239294052124
0.37841758131980896
1.2504546642303467
0.4176522195339203
0.5904146432876587
0.7173894047737122
0.8621619939804077
0.8102585673332214
0.7075668573379517
0.4292937219142914
0.4138387143611908
0.3483469486236572
0.9201780557632446
0.8071709871292114
0.3461865782737732
0.42951613664627075
0.672643780708313
0.5461961627006531
0.704176127910614
0.5196948051452637
0.7659752368927002
0.7931509017944336
0.6675664782524109
0.5243450403213501
0.46032968163490295
0.3590605854988098
0.8305619955062866
0.9351264834403992
0.5436962842941284
0.46273770928382874
0.8884351849555969
0.8502362370491028
1.431389570236206
0.18640337884426117
0.487419068813324
0.4466581344604492
0.2701425552368164
0.4772852957248688
0.3803216814994812
0.34363389015197754
1.0269826650619507
0.24712607264518738
0.4775378108024597
0.4099913537502289
0.5815958976745605
1.0277745723724365
0.435629278421402
0.7398110628128052
0.6201492547988892
0.44098958373069763
0.5097782015800476
0.549696683883667
0.5590717196464539
0.8157148361206055
0.330888569355011
0.623141884803772
1.6759501695632935
