0.39558133482933044
0.4113706946372986
0.6567692756652832
0.3306888937950134
0.4117942750453949
0.4988510012626648
0.5909125804901123
0.44162464141845703
0.24083788692951202
0.4098142981529236
0.3556517958641052
0.9346092939376831
0.391535222530365
0.3352068066596985
0.49758172035217285
0.21939833462238312
0.6592826247215271
0.3273879885673523
1.0702481269836426
0.6309024691581726
0.359187513589859
0.2775304317474365
0.7224244475364685
0.11404049396514893
0.7177023887634277
1.0854215621948242
0.5850304365158081
0.6714264154434204
0.7496799230575562
0.5617534518241882
0.45784512162208557
0.8821119070053101
0.7512513995170593
0.5527107119560242
0.6391221284866333
0.5299562215805054
0.5351397395133972
0.35700321197509766
0.7824186086654663
0.5435762405395508
0.47623175382614136
0.4010404050350189
0.3324284553527832
0.774854838848114
0.4927506446838379
0.32249611616134644
0.5506457090377808
0.6278196573257446
0.8598445057868958
0.6666186451911926
0.47602376341819763
0.3234216272830963
0.8197131156921387
0.3317869305610657
0.6247754096984863
0.6496723294258118
0.6131442189216614
0.66838139295578
0.6166497468948364
0.5025265216827393
0.38870710134506226
0.3978230357170105
0.5744711756706238
0.4241819381713867
0.42625874280929565
0.5281584858894348
0.5033178329467773
0.5318411588668823
0.451524555683136
0.6916929483413696
0.6710084080696106
0.3306298851966858
0.5500867962837219
0.542583167552948
0.44268330931663513
0.5247267484664917
0.3766385018825531
0.35923776030540466
0.7552763819694519
0.5824891328811646
1.0447968244552612
0.48247113823890686
0.18880531191825867
0.40714842081069946
0.8221251368522644
0.2873925566673279
0.4326115548610687
0.7426522970199585
0.9071011543273926
0.8050033450126648
0.3382618725299835
0.428617000579834
0.5400453805923462
0.3736986517906189
0.2845255732536316
0.7698620557785034
0.6501814126968384
0.35170918703079224
0.3391902446746826
0.49924325942993164
0.66303950548172
0.9626910090446472
0.21686749160289764
0.4149933457374573
0.32915782928466797
0.5240830183029175
0.8152608871459961
0.30044490098953247
1.031151533126831
0.46153536438941956
0.5463623404502869
0.5532453656196594
0.4782680869102478
0.5401023626327515
0.6283223628997803
0.44272327423095703
0.7172099947929382
0.546317994594574
0.6717529296875
0.7433409690856934
1.0196685791015625
0.4004266858100891
0.5200670957565308
0.6412405967712402
0.5300920605659485
0.5744755864143372
0.7866827845573425
0.4541402757167816
0.5142696499824524
0.7389639616012573
0.7193982005119324
0.5856224298477173
0.647142767906189
0.781478762626648
0.6463286280632019
0.539411187171936
0.766574501991272
1.0232734680175781
0.3856969475746155
0.332693874835968
0.6705435514450073
0.6028401255607605
0.5445535182952881
0.7544727325439453
0.5011886358261108
0.29175806045532227
0.6621866226196289
0.491457998752594
0.6802359223365784
0.7284670472145081
0.6658648252487183
0.6116294860839844
0.21544209122657776
1.2913892269134521
0.29743948578834534
0.5783058404922485
0.6681501269340515
0.3008568286895752
0.5542797446250916
0.2087949961423874
0.3563132882118225
0.26860857009887695
0.34317103028297424
1.2705433368682861
0.9599635004997253
1.0659048557281494
0.9238324165344238
1.1106703281402588
0.5424867272377014
0.4655964970588684
0.561620831489563
0.4592103362083435
0.5303715467453003
0.43142038583755493
0.2148217260837555
0.3070739209651947
0.2332487851381302
0.44766122102737427
0.46793580055236816
0.6334902048110962
0.7574583292007446
0.6183122396469116
0.3324897289276123
0.48316049575805664
0.3385646939277649
0.6051877737045288
0.3928956389427185
0.6767221689224243
0.3416652977466583
0.3850752115249634
0.4451311230659485
0.2154010534286499
0.7099063992500305
0.5619486570358276
0.3083970546722412
0.4897245466709137
0.4025591015815735
0.5791949033737183
0.40269017219543457
0.6127987504005432
0.4260283410549164
0.5954572558403015
0.4525933861732483
0.1777108609676361
0.7211689352989197
0.9722229242324829
0.23686771094799042
0.5251896977424622
0.9140816926956177
0.3193325102329254
0.5167989134788513
0.4011545181274414
0.8662372827529907
0.7095788717269897
0.6526935696601868
0.8618593215942383
0.2851547598838806
0.6236510872840881
0.3118266761302948
1.0513103008270264
0.5457118153572083
0.5642520785331726
0.8446683883666992
0.5860494375228882
0.65339195728302
0.6672297120094299
0.5519773364067078
0.6652304530143738
0.8669124841690063
0.4133811593055725
0.5398256778717041
0.5987899303436279
0.3526623249053955
0.41673144698143005
0.3694249391555786
0.18904335796833038
0.6017824411392212
0.6673508286476135
0.6011998653411865
0.3740706443786621
0.3937831223011017
0.3430790305137634
0.6163392663002014
0.2418561428785324
0.3432220220565796
0.462289959192276
0.5785332918167114
0.5121538043022156
0.6235542297363281
0.43890291452407837
0.8386915922164917
0.3932645618915558
0.27031993865966797
0.5434327125549316
0.5601187944412231
0.5238842964172363
0.4399486184120178
0.11929938942193985
0.6524257063865662
0.34281712770462036
0.379718154668808
0.4836772084236145
0.4119030833244324
0.3003093898296356
0.28253433108329773
0.37579837441444397
0.4368927478790283
0.8223109245300293
0.5265441536903381
0.41122299432754517
0.6812601089477539
0.7648597955703735
0.3203809857368469
0.903472900390625
0.47988367080688477
0.46653270721435547
0.9555912017822266
0.7940932512283325
0.9728851318359375
0.3519445061683655
0.425057590007782
0.6820114254951477
1.0789945125579834
0.6368540525436401
0.7013217806816101
1.0321695804595947
0.3406461775302887
0.5854390859603882
0.7790076732635498
0.7016898989677429
0.3414924144744873
0.3639744818210602
0.49982962012290955
1.078143835067749
0.6017640829086304
0.48138803243637085
0.3341405987739563
1.2388107776641846
0.7923574447631836
0.4933481216430664
0.5862339735031128
0.3370819389820099
0.38530707359313965
0.6440946459770203
0.6785364151000977
0.23556692898273468
0.6527854800224304
0.3083723783493042
0.7824844121932983
0.8135164380073547
1.146787405014038
0.30239176750183105
0.4162415862083435
0.23738428950309753
0.7759697437286377
0.9674791097640991
0.22026725113391876
0.6085032224655151
0.5180718898773193
0.7612313032150269
0.7818105816841125
0.19620142877101898
0.28165459632873535
0.5916675925254822
0.42953866720199585
0.5012520551681519
0.5522655248641968
0.45345887541770935
0.4283697009086609
0.42499494552612305
1.0452107191085815
0.33715787529945374
0.4281553328037262
0.5983530282974243
0.2504737675189972
0.509727954864502
0.3603306710720062
0.03841757774353027
