0.3817440867424011
0.3284854590892792
0.39903298020362854
0.7533455491065979
0.3670007288455963
0.5373830795288086
0.4988471567630768
0.49405908584594727
0.581023633480072
0.4685160517692566
0.31336474418640137
0.6211984753608704
0.2936723232269287
0.17418019473552704
0.6741172671318054
0.623185932636261
1.4000064134597778
0.7209519743919373
0.14339600503444672
0.40597835183143616
0.9454715847969055
0.5846044421195984
0.6663326025009155
0.42163586616516113
0.44639644026756287
0.334529310464859
0.4100821018218994
0.7742595672607422
0.633978545665741
0.8096248507499695
0.35130080580711365
0.6761027574539185
0.3587408661842346
0.18234004080295563
0.46553340554237366
0.6483680605888367
0.5553799867630005
0.6213166117668152
0.5442968010902405
0.34794288873672485
0.2809522747993469
0.5510351061820984
0.2594108581542969
0.7707739472389221
0.5644439458847046
0.42212408781051636
0.23964926600456238
0.8583097457885742
0.46719416975975037
0.9306212663650513
0.6607693433761597
0.6611387133598328
0.7041906118392944
0.5501158833503723
0.8217481374740601
0.550223171710968
0.4316757619380951
0.43799257278442383
0.2759268283843994
1.016253113746643
0.5753213167190552
0.21053390204906464
0.7540737390518188
0.3860117793083191
0.5537644624710083
0.2552684545516968
0.31807592511177063
0.2807823121547699
0.3066452443599701
0.7895470857620239
0.5042554140090942
0.8335188627243042
0.4260229468345642
0.3104020357131958
0.3899557590484619
0.37780535221099854
0.8374756574630737
0.678687572479248
0.2578613758087158
0.5947965383529663
0.391357958316803
0.35947802662849426
0.38157278299331665
0.49883943796157837
0.9425387382507324
0.3806401193141937
0.6855452060699463
0.9491956830024719
0.42710262537002563
0.8218167424201965
0.7588419318199158
0.6406710743904114
1.3254473209381104
0.6426445245742798
0.18045248091220856
0.2861291468143463
0.6260437965393066
0.569756269454956
1.5152956247329712
0.4110790193080902
0.30280807614326477
0.5608569383621216
0.7959939241409302
0.32252752780914307
0.3509611189365387
0.260537326335907
0.4891396462917328
0.4616612493991852
0.39872288703918457
0.33483701944351196
0.4078739285469055
0.23537829518318176
0.4817892014980316
0.5035231709480286
0.5995236039161682
0.5127004981040955
0.27243372797966003
0.6393442153930664
0.6382781267166138
1.2079980373382568
0.3744983673095703
0.5028549432754517
0.4817001223564148
0.7368867993354797
0.46704110503196716
0.22195787727832794
0.6106041073799133
0.4344668984413147
0.44795888662338257
0.5076901316642761
0.6418154835700989
0.44238632917404175
0.720062255859375
0.6097642779350281
0.25975242257118225
0.7273236513137817
0.17638137936592102
0.6673463582992554
0.3075507581233978
0.7077277898788452
0.5569769144058228
0.5464626550674438
0.905480682849884
0.8948405981063843
0.625926673412323
0.3923415243625641
0.5917373895645142
0.4365754723548889
0.45634180307388306
0.4625984728336334
0.4356113076210022
0.509040117263794
0.8036406636238098
0.9732999801635742
0.4579952359199524
0.9075146913528442
0.9956844449043274
0.3351283371448517
0.7404950857162476
0.6567264795303345
0.445458322763443
0.7130554914474487
0.5519205331802368
0.6143366098403931
0.7805512547492981
0.7052551507949829
0.6126264929771423
0.5083287954330444
0.7592180967330933
0.42385396361351013
0.27747267484664917
0.35057082772254944
0.31247949600219727
0.9023858308792114
0.5878225564956665
0.654363751411438
0.981197714805603
1.0168300867080688
0.5489953756332397
0.6432663798332214
0.6467195153236389
0.39988309144973755
0.4059409499168396
0.3405258357524872
0.838107705116272
0.5815771818161011
0.51880943775177
0.5231049656867981
0.49429044127464294
0.4685099720954895
0.25845080614089966
0.25852829217910767
0.4741537570953369
0.46576911211013794
0.7948501110076904
0.7695274353027344
0.5312829613685608
0.9608640670776367
0.7711282968521118
0.7421942949295044
0.57801353931427
0.21327534317970276
0.48330336809158325
0.5973290205001831
0.3106580376625061
0.47230616211891174
0.5743089914321899
0.5724157691001892
0.240291029214859
0.5408650636672974
0.3915703594684601
0.34277209639549255
0.4732094407081604
0.3713507056236267
0.7090319991111755
0.4546804428100586
0.3228643536567688
0.5985941290855408
0.7701572775840759
0.31034380197525024
0.6500517725944519
0.8697859644889832
0.6727433800697327
0.4125279486179352
0.4362993836402893
0.8572465777397156
0.327210396528244
0.9138107299804688
0.6826171875
0.520602822303772
0.2733956277370453
0.599148154258728
1.005316972732544
0.5384048223495483
0.4990774095058441
0.6844943761825562
0.48409304022789
0.8905377388000488
1.0492414236068726
0.34519311785697937
0.5295623540878296
0.6994654536247253
0.79157954454422
0.3821590542793274
0.6253213882446289
0.4670275151729584
0.7627102136611938
0.37701475620269775
0.7192941308021545
0.5928223729133606
0.7319973707199097
0.509283185005188
0.41115862131118774
0.7180683016777039
0.5598865151405334
0.36771947145462036
0.4799058437347412
0.9746270179748535
0.5088387131690979
0.13280761241912842
0.4111033082008362
0.3538947105407715
0.8838820457458496
0.8850652575492859
0.9002490043640137
0.3552885055541992
1.0774848461151123
0.5825797915458679
0.2976677715778351
0.6951543688774109
0.2509613037109375
0.6189522743225098
0.1346529722213745
0.3710920214653015
0.3865523040294647
0.5848921537399292
0.373050332069397
0.6740843057632446
0.4591139853000641
0.6038166880607605
0.49700379371643066
0.4432104229927063
0.17659428715705872
0.46000680327415466
0.6903266906738281
0.640878438949585
0.7349374294281006
0.46086612343788147
0.263618528842926
0.4475351870059967
0.7360923886299133
0.4233805239200592
0.15638940036296844
0.5067143440246582
0.5902546048164368
0.5914624929428101
0.528346836566925
0.5292676687240601
0.4791715145111084
0.8421674966812134
0.45627689361572266
0.5008429288864136
0.24350738525390625
0.6334208250045776
0.5190245509147644
0.3525133728981018
0.5430874824523926
0.3938542902469635
0.38584497570991516
0.5616962313652039
0.7975888848304749
0.9081452488899231
0.43899592757225037
0.5297147035598755
0.6062289476394653
0.49405306577682495
0.6012057065963745
0.5897736549377441
0.3461037278175354
0.7719953656196594
0.22727671265602112
1.036539077758789
0.48048216104507446
0.4827597737312317
0.24250075221061707
0.6723558306694031
0.4202224314212799
0.43925410509109497
0.7239445447921753
0.34950339794158936
0.24275359511375427
0.5639980435371399
0.539945125579834
0.48211851716041565
0.7566487193107605
0.4421389698982239
0.9302244186401367
2.3846824169158936
