0.554279625415802
0.750627338886261
0.2636648118495941
0.33364593982696533
0.7561534643173218
0.8329975008964539
0.36843597888946533
0.34191784262657166
0.33742597699165344
0.6644922494888306
0.3500446677207947
1.3988393545150757
0.42979517579078674
0.6393766403198242
0.49030303955078125
0.6388689875602722
0.5811619758605957
0.4625430107116699
0.35262414813041687
0.9199836850166321
0.43119698762893677
0.29822874069213867
0.3798779845237732
0.2745888829231262
0.9373383522033691
0.3618415892124176
0.4347745478153229
0.6128883957862854
0.2948845624923706
0.4719337821006775
0.3779785931110382
0.1649065613746643
0.40904539823532104
0.5712720155715942
0.7322909832000732
1.2858636379241943
0.5356758236885071
1.1597782373428345
0.4271550178527832
0.7392563819885254
0.6243759393692017
0.4605175852775574
0.9130798578262329
0.2144579142332077
0.9689823389053345
0.3152133822441101
0.8498257398605347
1.1790398359298706
0.7179059982299805
0.19007931649684906
0.45143452286720276
0.6645318269729614
0.8309232592582703
0.9362404942512512
0.4578676223754883
0.3037557601928711
0.7510536909103394
0.4886302351951599
0.86768639087677
0.7117209434509277
0.28597360849380493
0.7271032929420471
0.7125080227851868
0.2553849518299103
0.7395265102386475
0.4001525938510895
0.46834468841552734
0.520668625831604
0.35796597599983215
0.5716423392295837
0.6039391756057739
0.537951648235321
0.358256071805954
0.7267757654190063
0.24220247566699982
0.7321349382400513
0.6434417963027954
0.6073790788650513
0.44921714067459106
0.3414027690887451
0.6452733278274536
0.8231918215751648
0.46872812509536743
1.0042647123336792
0.5519994497299194
0.5780823826789856
0.31396064162254333
0.5326486825942993
0.421403169631958
0.3527773916721344
0.6263766288757324
0.6745758056640625
0.6336304545402527
0.7090743780136108
0.5983051061630249
0.25641536712646484
0.6402446031570435
0.48800238966941833
0.5336002111434937
0.5497280955314636
0.749294638633728
0.47076302766799927
0.3323439955711365
0.354839026927948
0.8160597681999207
0.390001118183136
0.49510353803634644
1.458448886871338
0.5359406471252441
0.4012155532836914
0.5222350358963013
0.4269317090511322
0.283448189496994
0.4374772608280182
1.385636806488037
0.5042964816093445
0.32481035590171814
0.23535434901714325
0.519650936126709
0.30052512884140015
0.3271697163581848
0.3659363389015198
0.5719916224479675
0.6852003931999207
0.4713541567325592
0.6445930600166321
0.6616314649581909
0.5210889577865601
0.25148236751556396
0.47303342819213867
0.47112035751342773
0.89251708984375
0.8096725344657898
0.34181487560272217
0.3587259352207184
0.7045909762382507
0.19007132947444916
0.26655149459838867
0.5763100385665894
0.39086276292800903
0.5036525130271912
0.31053468585014343
0.7464920282363892
0.5535873174667358
0.4803433418273926
0.7607304453849792
1.4447945356369019
0.5424550771713257
0.7336615324020386
0.33531835675239563
0.3787846267223358
0.669096827507019
0.7482556700706482
0.37566182017326355
0.3324308395385742
0.5741636157035828
0.5094515681266785
0.7657932043075562
0.4260900914669037
0.5362827181816101
0.6737103462219238
0.31483832001686096
0.4923974871635437
0.5055773854255676
0.6279790997505188
0.23165373504161835
0.24935117363929749
0.47091156244277954
0.4242627024650574
0.33984893560409546
0.8739315867424011
0.3338998854160309
0.7551201581954956
0.48824214935302734
0.38346701860427856
0.3894801437854767
0.48908281326293945
0.6158555150032043
0.3824576437473297
0.683501660823822
0.7022251486778259
0.38429465889930725
0.17561443150043488
0.35343584418296814
0.4884825348854065
0.7931061387062073
0.6183179020881653
0.3462964594364166
0.3512805104255676
0.2071082890033722
0.3252403438091278
0.6176926493644714
0.2627369463443756
0.4328729510307312
0.6552304625511169
0.4903169572353363
1.124418020248413
0.4855940341949463
0.35598424077033997
0.27813929319381714
0.46620550751686096
0.4961196780204773
0.35264918208122253
1.401828646659851
0.6176411509513855
0.5135493278503418
0.6102263331413269
0.7455562353134155
0.14881682395935059
0.6041511297225952
0.9418794512748718
0.4703485071659088
0.9990845918655396
0.3978404402732849
0.3513016700744629
0.183109849691391
0.8497855067253113
0.2881253659725189
0.5976675748825073
0.7671094536781311
0.546821117401123
0.36641207337379456
0.5756545066833496
0.7940542101860046
0.32643216848373413
0.4705958962440491
0.4111461043357849
0.3738476634025574
0.593359649181366
0.41903629899024963
0.4724143147468567
0.42274484038352966
0.3625916540622711
0.6680623292922974
0.46238574385643005
0.7101191878318787
0.30559247732162476
0.18963412940502167
0.36071714758872986
0.5230036377906799
0.3346196711063385
0.7960289716720581
0.6893085241317749
0.5946184992790222
0.3532899022102356
0.5063449740409851
0.20006851851940155
0.25036317110061646
0.6061946153640747
0.35027313232421875
0.45626431703567505
0.5916992425918579
0.5684369802474976
0.6156923770904541
0.4687438905239105
0.7263745069503784
0.2580828070640564
0.23692825436592102
0.491773784160614
0.5104080438613892
1.012946367263794
0.6588147878646851
0.31403863430023193
0.8112055063247681
0.3056769371032715
0.5075199007987976
0.8413108587265015
0.3170212507247925
0.24530856311321259
0.7251659631729126
0.28514131903648376
0.6165454983711243
0.8042515516281128
0.45413294434547424
0.5822473168373108
1.3828186988830566
0.34245872497558594
0.41638699173927307
0.6984330415725708
0.37214893102645874
0.5668433904647827
0.3776518404483795
0.6655465960502625
0.4236595034599304
0.6251589059829712
0.43468719720840454
0.6070104837417603
0.3446296751499176
0.526064932346344
0.6998047828674316
0.5456351041793823
0.19752837717533112
0.477908194065094
0.33039286732673645
0.2546239495277405
0.8022955060005188
0.41868075728416443
0.5629698634147644
0.7640294432640076
0.6073673963546753
0.48899707198143005
0.43614745140075684
0.9484613537788391
0.3614715337753296
0.45225268602371216
0.47639521956443787
0.675039529800415
0.2963181436061859
0.3912649154663086
0.5190138816833496
0.4543507993221283
0.3311176002025604
0.5322353839874268
0.5172105431556702
0.2319832146167755
1.0037672519683838
0.42646026611328125
0.5870195627212524
1.0895622968673706
0.520648181438446
0.880919337272644
0.5111631155014038
0.7267568707466125
0.4509367346763611
0.45455583930015564
0.41468706727027893
0.5811867713928223
1.0565400123596191
0.634325385093689
0.5211180448532104
0.3871766924858093
0.6416435241699219
0.8066622018814087
1.167157769203186
0.3854092061519623
0.7603833079338074
0.877629280090332
0.18856637179851532
