0.31868189573287964
0.2946287989616394
0.40886181592941284
0.24731549620628357
0.7069196701049805
0.40397197008132935
0.5539089441299438
0.21939723193645477
0.7242026329040527
0.6585925817489624
1.3090155124664307
0.3226224184036255
0.22868654131889343
0.45539483428001404
0.47847071290016174
0.7160232067108154
0.4035823345184326
0.5055807828903198
0.42822033166885376
0.7929501533508301
0.6050305366516113
1.0547717809677124
1.1436225175857544
0.863878071308136
0.9653695225715637
0.7043982744216919
0.4617982804775238
0.4119560718536377
0.6416295170783997
0.858822226524353
0.6901204586029053
0.4040639400482178
1.413759469985962
0.6528066992759705
0.2572786808013916
0.3619396388530731
0.4375348687171936
0.291585773229599
0.5571344494819641
0.6239463090896606
0.41159334778785706
0.5035101771354675
0.36994045972824097
0.46479788422584534
0.47986355423927307
0.5975111722946167
1.0574735403060913
0.20689933001995087
0.4451521039009094
0.4690016806125641
0.26218381524086
0.45413684844970703
0.3916562795639038
0.28660351037979126
0.7579792737960815
0.7227672934532166
0.6793939471244812
0.49633389711380005
0.38577836751937866
0.46390199661254883
0.4598541855812073
0.3628540635108948
0.1852305680513382
0.3958917260169983
1.0094064474105835
0.3574429154396057
0.39315861463546753
0.43172889947891235
0.6933517456054688
0.5207510590553284
0.3590024709701538
0.35799121856689453
0.25356417894363403
1.0943844318389893
0.5149117708206177
0.6662335395812988
0.4053184390068054
0.3344933092594147
0.5278970003128052
0.5638933777809143
0.8620861172676086
0.5590780973434448
0.3103150725364685
0.402953565120697
0.4557991623878479
0.15256288647651672
1.0851733684539795
0.3465525805950165
0.32193392515182495
0.31397706270217896
0.6167532801628113
0.4965817332267761
0.43622174859046936
0.4862167239189148
0.6096680760383606
0.5309340357780457
0.4919293522834778
0.49854475259780884
0.6720138192176819
0.268316388130188
0.3191538155078888
0.2824513912200928
0.4414358139038086
0.28066182136535645
0.7869884967803955
0.42863187193870544
0.4285336434841156
0.5432469248771667
0.24643759429454803
0.6971596479415894
0.17586323618888855
0.7799258232116699
0.3292720913887024
0.3486834168434143
0.25921276211738586
0.521249532699585
0.429844468832016
0.5476064682006836
0.3367551863193512
0.5151145458221436
0.2988203763961792
0.4433673322200775
0.4313068985939026
0.8681764602661133
0.4971678853034973
0.9832836389541626
0.4753791391849518
0.523403525352478
0.939642608165741
0.7047379612922668
0.3496275842189789
0.3001530170440674
0.4085526466369629
0.5795478820800781
0.5074041485786438
0.5073408484458923
0.7419350743293762
0.5769357681274414
0.4990653991699219
0.20756730437278748
0.3261060118675232
1.0350033044815063
0.496137797832489
0.45687904953956604
0.44848814606666565
0.48202356696128845
0.5123201608657837
0.9590468406677246
1.1369388103485107
0.24991869926452637
0.5002648830413818
0.48204049468040466
0.45764002203941345
0.1840982735157013
1.0441640615463257
0.7929201722145081
0.4559660851955414
0.5388615131378174
0.5345739126205444
0.2514392137527466
0.6390687823295593
0.8613882064819336
0.3454899787902832
0.2541366219520569
0.17657776176929474
1.0513356924057007
0.627040684223175
0.44697442650794983
0.9754846692085266
0.7841153740882874
0.45182520151138306
0.5561742782592773
0.16023218631744385
0.9218629002571106
0.3170011639595032
1.2587132453918457
1.1309772729873657
0.743087649345398
0.46314096450805664
0.267459511756897
0.4730057716369629
0.3439410924911499
0.4943265914916992
0.4114376902580261
0.3949505686759949
0.4326450228691101
0.6188529133796692
0.5471428632736206
0.7465342283248901
0.7171043157577515
0.5550830960273743
0.48577672243118286
0.8371299505233765
0.2836360037326813
0.8505312204360962
0.45610055327415466
1.1165578365325928
0.48736000061035156
0.37822404503822327
0.3574783205986023
0.48822933435440063
0.7969627380371094
0.725231945514679
1.0439010858535767
0.6903091669082642
0.7087687253952026
0.5999293327331543
0.6470640301704407
0.48161935806274414
0.2910267114639282
0.30263039469718933
0.28949111700057983
0.5864203572273254
0.542783260345459
1.7964779138565063
0.5189470052719116
0.31918543577194214
0.4181493818759918
0.37542247772216797
0.34414905309677124
0.2332974672317505
0.6632927656173706
0.4418679177761078
0.5579931735992432
0.4235290586948395
0.22898459434509277
0.3803199231624603
0.2689146399497986
0.6888468861579895
0.5762041211128235
0.5990695953369141
1.2090342044830322
0.6780692338943481
0.6606529355049133
0.7870810627937317
0.5229067206382751
0.9957683682441711
0.6105495691299438
0.3806943893432617
0.5459214448928833
0.43680667877197266
0.6236768960952759
0.7405214905738831
0.26199379563331604
0.8556064367294312
0.3637467920780182
0.6031180620193481
0.6979881525039673
0.49883222579956055
0.29129350185394287
0.5342013835906982
0.4565184712409973
0.27753984928131104
0.5218329429626465
0.37396830320358276
0.2648593783378601
0.20203495025634766
0.7674636244773865
0.8096950650215149
0.40812191367149353
1.0545648336410522
0.7338495254516602
0.41335582733154297
0.729790210723877
0.8819717168807983
0.32748448848724365
0.5912140607833862
0.38511425256729126
0.8146940469741821
0.4613320231437683
0.716023325920105
0.24025361239910126
0.3956066966056824
0.8360675573348999
0.42244797945022583
0.5771101713180542
1.013154149055481
0.2789386212825775
0.9296957850456238
0.48776331543922424
0.523410439491272
0.4873587489128113
0.8321029543876648
0.4940420091152191
0.46418318152427673
0.5139567255973816
0.36503860354423523
0.45443496108055115
0.35904592275619507
0.8414163589477539
0.9525998830795288
0.7263023257255554
0.9081157445907593
0.6795786619186401
0.2890748679637909
0.558728039264679
0.36980101466178894
0.7115359306335449
1.2201052904129028
0.545833945274353
0.3766075670719147
0.7218605875968933
0.7936169505119324
0.6171277761459351
0.502818763256073
0.7148461937904358
1.004213571548462
0.48221245408058167
0.6202645897865295
1.1978853940963745
0.4616113603115082
0.8474934697151184
0.5997819304466248
0.5545937418937683
0.49796634912490845
0.2926652133464813
0.42471790313720703
0.8726708292961121
0.32065248489379883
0.16456501185894012
0.870212197303772
0.4057393968105316
0.6641874313354492
0.265296995639801
0.7324694395065308
0.33139288425445557
0.2819124460220337
0.3563775420188904
0.3017430603504181
0.4338162839412689
0.5029898881912231
0.8111389875411987
0.9551882743835449
0.3627837300300598
0.6963750123977661
0.4761190414428711
0.7221574783325195
0.48983219265937805
