0.3944942057132721
0.41000136733055115
0.4382604658603668
1.1775846481323242
0.3926825225353241
0.6046332120895386
0.8367140889167786
0.6010056734085083
0.4809555411338806
1.0964019298553467
0.3593667447566986
0.7223216891288757
0.4995207190513611
0.4009740352630615
0.2108648270368576
0.31067824363708496
0.6787428855895996
1.01946222782135
0.44081544876098633
0.6821867227554321
0.3624189794063568
0.3765057921409607
0.6503692865371704
0.39514774084091187
0.8172730207443237
0.8025355339050293
0.4730924665927887
0.4501456618309021
0.48398923873901367
0.5423382520675659
0.8672834634780884
0.48961782455444336
0.7486051321029663
0.3699902892112732
0.5196784734725952
0.2429007738828659
0.5828956365585327
0.31612029671669006
0.45124372839927673
0.5857251286506653
0.4611489176750183
0.5612160563468933
0.5784691572189331
0.23918791115283966
0.3210139870643616
0.6619089841842651
0.7170154452323914
0.48088914155960083
0.27018648386001587
0.5832738876342773
0.36605769395828247
0.6282724738121033
0.3550277352333069
0.21043391525745392
0.7575613856315613
0.5216968655586243
0.5282565355300903
0.8158637285232544
0.306047260761261
0.401587575674057
0.418722540140152
0.4117470383644104
0.3612000048160553
0.36649903655052185
0.15342172980308533
0.4162841737270355
0.3323590159416199
0.4003690779209137
0.30256325006484985
0.5915200114250183
0.4641192555427551
0.5993495583534241
0.6665997505187988
0.505882978439331
0.7437005639076233
0.53655606508255
0.3409256339073181
0.3817814886569977
0.4285936951637268
0.5800842046737671
0.5344895124435425
0.35479751229286194
0.30293089151382446
0.7501052021980286
0.5014742612838745
0.5058587789535522
0.5131815671920776
0.3779370188713074
0.4116338789463043
0.6485217213630676
0.7325856685638428
0.9439249038696289
0.27654820680618286
0.5837488174438477
0.6467365026473999
0.4483450949192047
0.8193886876106262
0.2881128787994385
0.985979437828064
0.3273276388645172
0.9440809488296509
0.6866152882575989
0.4710623621940613
0.8707830309867859
0.4417436122894287
0.48859214782714844
0.3236052393913269
0.3413968086242676
0.37806981801986694
0.39054784178733826
0.396202951669693
0.574447751045227
0.34000539779663086
0.3001468777656555
0.675609827041626
0.24810484051704407
0.945561408996582
0.4402574896812439
0.366771936416626
0.2405204325914383
0.5294802784919739
0.2537650167942047
0.48660382628440857
1.2200864553451538
0.8149371147155762
0.4297633767127991
0.4147152900695801
1.0991837978363037
0.3634719252586365
0.4639839231967926
0.46142035722732544
0.7057674527168274
0.23142829537391663
0.5539718866348267
0.2798560857772827
0.5031078457832336
0.4450604319572449
0.5211427211761475
0.7067683935165405
0.3729410469532013
0.601470410823822
0.5185375809669495
0.7837041020393372
0.22814980149269104
1.1459325551986694
0.6431249976158142
0.6492183208465576
0.1604194939136505
0.3311820924282074
0.9803763628005981
0.8456608057022095
0.8160108327865601
0.26058074831962585
0.8094748258590698
0.36100250482559204
0.5846310257911682
0.38239210844039917
0.45132240653038025
0.5951109528541565
0.6863163709640503
0.25198641419410706
0.4563407301902771
0.4796091914176941
0.33306100964546204
0.3923632800579071
0.5227071642875671
0.4611836373806
0.8396672010421753
0.3076627850532532
0.3120528757572174
0.5456985235214233
0.41485509276390076
0.6595331430435181
1.082672119140625
0.3826679587364197
0.8080736398696899
0.7531156539916992
0.8502131700515747
0.4377230703830719
0.43038874864578247
0.5748862624168396
0.48855000734329224
0.4980461001396179
0.35019269585609436
0.4496151804924011
0.23786577582359314
0.4711478650569916
0.5777310132980347
0.9721158742904663
0.35014837980270386
0.7589929699897766
0.47754573822021484
0.4494186341762543
1.2089307308197021
0.25537535548210144
0.6032465100288391
0.43243733048439026
0.33891794085502625
0.414542019367218
0.38299593329429626
0.5303152799606323
0.619820773601532
0.4479460120201111
0.3640708923339844
1.2626054286956787
0.5627328753471375
0.31015005707740784
0.24200749397277832
0.6396792531013489
0.8397046327590942
0.8784224390983582
0.36076173186302185
0.5007500052452087
0.7111275792121887
0.9563441276550293
0.385547935962677
0.4659177362918854
0.2117374688386917
0.6916211843490601
0.49218446016311646
0.5265841484069824
0.3746569752693176
0.8031759262084961
0.40970325469970703
0.2897401452064514
0.37759774923324585
0.44002586603164673
0.5902365446090698
0.52056485414505
0.5209013819694519
0.48394250869750977
0.4240158200263977
0.8794524073600769
0.4366990923881531
0.29487136006355286
0.6141456365585327
0.7108278274536133
0.5383985638618469
0.8475276827812195
0.4164043366909027
0.49657851457595825
0.4128492772579193
0.7088959217071533
1.0541235208511353
0.33189475536346436
0.8455382585525513
0.4780023694038391
0.4808763861656189
0.25835222005844116
0.4687075614929199
0.41033029556274414
0.6507713198661804
0.5381011366844177
0.6486019492149353
0.3576059937477112
0.3361339867115021
0.4877907633781433
0.701910674571991
0.6200011968612671
0.6272292137145996
0.5761322975158691
0.32522496581077576
0.9656503796577454
1.3330248594284058
0.4639144539833069
0.5355607271194458
0.6284724473953247
0.35841134190559387
0.8701923489570618
0.3165983259677887
0.7988072037696838
0.39995497465133667
0.7922854423522949
0.31619715690612793
0.6204879283905029
0.6632987856864929
0.4326784610748291
0.6819033622741699
0.43611106276512146
0.40269309282302856
0.5221592783927917
0.5659537315368652
0.30862218141555786
1.0791494846343994
0.7691900134086609
0.4961223602294922
1.0408122539520264
0.33547043800354004
0.408740371465683
0.34418052434921265
0.592889130115509
0.3161603510379791
0.3168037533760071
0.7139954566955566
0.5019677877426147
0.45334476232528687
0.35192954540252686
0.552383542060852
0.38412541151046753
0.44849252700805664
0.5182175040245056
0.5856690406799316
0.8477134704589844
0.37720227241516113
0.7128355503082275
0.8219574093818665
0.5902197957038879
0.7341309785842896
0.6204479932785034
0.31408730149269104
0.658507227897644
0.46402305364608765
0.3485795259475708
0.7004812955856323
0.909744143486023
0.6063874959945679
0.1760045737028122
1.4649466276168823
0.5966642498970032
0.5733850598335266
0.33770760893821716
0.1805836409330368
0.20031967759132385
0.6452299952507019
0.17879939079284668
0.5664136409759521
0.3309435248374939
0.6010276079177856
0.3377462923526764
0.6350919604301453
0.19026346504688263
0.6181294322013855
0.5006767511367798
0.2897556722164154
0.645440936088562
0.5688400268554688
0.45830410718917847
0.4668944180011749
