0.2683493196964264
0.6069205403327942
0.5057019591331482
0.6007547378540039
0.6761380434036255
0.7284811735153198
0.6363989114761353
0.3335035443305969
0.5484932065010071
0.8351904153823853
0.3504084646701813
0.24866554141044617
0.5754615068435669
1.0161406993865967
0.4223578870296478
0.5414748191833496
0.3829190731048584
0.5336641669273376
0.36976009607315063
0.26080602407455444
1.0467075109481812
0.46764644980430603
0.16949325799942017
0.9941175580024719
0.43099576234817505
1.1214492321014404
0.43848371505737305
0.4411870837211609
0.5905276536941528
0.22973386943340302
0.22259584069252014
0.6410216093063354
0.6479231119155884
0.5532020330429077
0.7385467290878296
0.3710850775241852
0.7728063464164734
0.9722614288330078
0.6461279988288879
0.53067946434021
0.2711486220359802
0.7279320955276489
0.45479708909988403
0.40809163451194763
0.5729502439498901
0.40201061964035034
0.6539451479911804
0.6701620221138
0.6147710084915161
0.5830579996109009
0.8315899968147278
0.2436923235654831
0.27082473039627075
0.676486611366272
0.2818375527858734
0.4475885331630707
0.8183061480522156
0.42560648918151855
0.4711276590824127
0.431776225566864
0.7882076501846313
1.2318689823150635
0.3029481768608093
0.5628843903541565
0.3401091694831848
0.6051634550094604
0.3064078986644745
0.3279561996459961
0.5885756611824036
0.3667839467525482
0.28018566966056824
0.6139761805534363
0.4716615080833435
0.37674906849861145
0.4158395826816559
0.5406450629234314
0.3136890232563019
0.4753938615322113
0.30845871567726135
0.5360112190246582
0.5235859751701355
0.7557978630065918
0.5991185307502747
0.5650323629379272
0.39906278252601624
0.34159255027770996
0.39082011580467224
0.4777661859989166
0.6339237093925476
0.8461368680000305
0.5487139821052551
0.589088499546051
0.562027096748352
0.4126923084259033
0.7006346583366394
0.6411913633346558
0.312701553106308
0.27157896757125854
0.8541358113288879
0.26491543650627136
0.3815727233886719
0.5574537515640259
0.5364738702774048
0.47913041710853577
0.3735041320323944
0.39010900259017944
0.3947630822658539
0.6842050552368164
0.9108864068984985
0.5688637495040894
0.1793079376220703
0.7140556573867798
0.5979967713356018
0.8523533940315247
0.9261045455932617
0.3263658881187439
0.5636759400367737
0.3772229254245758
0.40035977959632874
0.25486692786216736
1.2979471683502197
0.47912025451660156
0.4740588068962097
0.5321113467216492
0.4656504690647125
0.6619617342948914
0.17963334918022156
0.5264285206794739
1.0934765338897705
0.33667412400245667
0.6122069358825684
0.594467043876648
0.45880699157714844
0.5459448099136353
0.44258803129196167
1.4120265245437622
1.1248067617416382
0.9777051210403442
0.6232631802558899
0.2625793516635895
0.3841812312602997
0.4808056354522705
0.9822181463241577
1.0086100101470947
0.5462543964385986
0.7630949020385742
0.5390782952308655
0.45305460691452026
0.4704985022544861
0.3611098825931549
0.619429349899292
0.4537022113800049
0.49497875571250916
0.5531060099601746
0.7092815637588501
0.4106307923793793
0.6816768646240234
0.33080095052719116
1.1840999126434326
0.3272911608219147
0.20752620697021484
0.6415523290634155
0.6743111610412598
0.28344565629959106
0.2963458001613617
0.8241924047470093
1.0220283269882202
0.5065573453903198
0.6263630390167236
0.34835293889045715
0.3370864987373352
0.8847026824951172
0.38521671295166016
0.4194483757019043
0.5295952558517456
0.6552499532699585
0.6777515411376953
0.5052230954170227
0.29198360443115234
0.3720971941947937
1.6054548025131226
0.3037716746330261
0.35168805718421936
0.8386766314506531
0.4774744510650635
0.3557429909706116
0.38526585698127747
0.4628065228462219
0.5547369718551636
0.7499651908874512
0.5888102054595947
0.362819641828537
0.2811466157436371
0.42279186844825745
0.49607568979263306
0.46196070313453674
0.3123479187488556
0.4282461702823639
0.6229624152183533
0.8667627573013306
0.39745664596557617
0.6395612955093384
0.4562070965766907
0.5793366432189941
0.43916720151901245
0.30700403451919556
0.2328888177871704
0.5596301555633545
0.5869938135147095
0.7296280860900879
0.29305750131607056
0.59577876329422
0.5825067758560181
0.5908649563789368
0.9630861282348633
0.9886199235916138
0.44551610946655273
0.6238418817520142
0.3448105454444885
0.33256030082702637
0.34311380982398987
0.5547620058059692
0.8032585382461548
0.4235306680202484
0.584027886390686
0.3351854681968689
0.7457370162010193
0.3649975657463074
0.66170734167099
0.16428057849407196
0.6924861073493958
0.22591018676757812
0.7495964765548706
0.9176672697067261
0.22433939576148987
0.32683128118515015
0.46731558442115784
1.2426722049713135
0.4600493907928467
0.7066559791564941
0.4956584870815277
0.33004146814346313
0.4495421051979065
0.3843013644218445
0.3164465129375458
0.2295677214860916
0.3057677149772644
0.41369619965553284
0.5740633606910706
0.4415956139564514
0.3767487108707428
0.3808566927909851
0.6039773225784302
0.628200113773346
0.5114015340805054
0.6466346979141235
0.6176790595054626
0.9677953720092773
0.6092718839645386
0.3791278898715973
0.5739679336547852
0.613949179649353
0.5617940425872803
0.8545359373092651
0.8018448948860168
1.108134388923645
0.7065191864967346
0.5303180813789368
0.43551725149154663
0.43816789984703064
0.5415871143341064
1.1435960531234741
0.3573785722255707
0.6599959135055542
0.6356320381164551
0.42757731676101685
0.5436931848526001
0.47193676233291626
0.568544864654541
0.5682938098907471
0.3038225769996643
0.6014973521232605
0.4173797070980072
0.7201281189918518
0.8279817700386047
0.3877949118614197
0.8998611569404602
0.6010745763778687
0.8316158056259155
0.5141892433166504
0.49667611718177795
1.107437014579773
0.4010457992553711
0.528878390789032
0.5809870958328247
0.6024702191352844
0.538128674030304
1.392366647720337
0.7975828647613525
0.5386123061180115
0.2925947606563568
0.28273311257362366
0.30909380316734314
0.6267423629760742
0.3954266905784607
0.3441481590270996
0.7080378532409668
0.9025956988334656
0.4213409423828125
0.5785982012748718
0.22040507197380066
0.45968499779701233
0.7823527455329895
0.6941491365432739
0.9300433993339539
0.989418625831604
0.20825746655464172
0.47176218032836914
0.5029839277267456
0.6431936025619507
0.4290689527988434
0.7405201196670532
0.811822772026062
0.5809727311134338
0.3596898019313812
0.41996774077415466
0.7586430907249451
0.7670724987983704
0.5936086177825928
0.6836649179458618
0.3432732820510864
0.4236515164375305
0.77825528383255
0.7090973258018494
0.49888601899147034
0.4007495045661926
0.31554824113845825
1.3298786878585815
