0.9464923739433289
0.2002687007188797
0.5167117118835449
0.44620567560195923
0.21875624358654022
0.26514875888824463
0.30674996972084045
1.2395899295806885
0.6420195698738098
0.7307760715484619
0.298933207988739
0.7913190126419067
1.0092116594314575
0.5490540266036987
0.7443267107009888
0.24305585026741028
0.20930051803588867
0.5552123188972473
0.9571592211723328
0.5882976651191711
0.6909953951835632
0.6726180911064148
0.33510658144950867
0.3939475417137146
0.6312332153320312
0.23197145760059357
0.6103806495666504
0.6547985672950745
0.26181453466415405
0.7527154684066772
1.1214960813522339
0.8960707783699036
0.7461732625961304
0.5379453897476196
0.4404152035713196
0.9675289392471313
0.42112618684768677
0.5712212920188904
0.3899374008178711
0.5425156354904175
0.33770519495010376
1.027618408203125
0.25891342759132385
0.4911626875400543
0.5247339010238647
0.3997196555137634
0.5047146081924438
0.44090360403060913
0.36316919326782227
0.32908543944358826
0.7771072387695312
0.6327080726623535
0.31569236516952515
0.2000569850206375
0.23541395366191864
0.4482267498970032
0.7846800684928894
0.2405005246400833
0.3762836754322052
0.75444096326828
0.48613110184669495
0.3830142617225647
0.3626541793346405
0.6687148809432983
0.6165298223495483
0.6012426614761353
0.14881201088428497
0.4799172282218933
0.49436384439468384
0.4629015326499939
0.5320481657981873
0.39406847953796387
0.6960887908935547
0.5862988233566284
0.8380541801452637
1.1370248794555664
0.4167645573616028
0.37133073806762695
0.6593399047851562
0.7326658964157104
0.4492231011390686
0.31348806619644165
0.980360209941864
0.4510985314846039
1.0838332176208496
0.49368828535079956
0.2984965741634369
0.6358200907707214
0.6567574739456177
0.6052554845809937
0.3775631785392761
0.22904030978679657
0.28279346227645874
0.48910531401634216
0.7371517419815063
1.050606369972229
0.3766970634460449
0.3351970613002777
0.360517680644989
0.5332679748535156
0.7191612124443054
0.36875587701797485
0.9581972360610962
0.6521018147468567
0.6386334300041199
0.4029051661491394
0.889202892780304
1.0063884258270264
1.1948878765106201
0.2843266427516937
0.4433921277523041
0.5262401103973389
1.0349990129470825
0.27628812193870544
0.3929121196269989
0.45570293068885803
0.39939114451408386
0.2709406912326813
0.5106006860733032
0.6503526568412781
0.38233280181884766
1.2270114421844482
1.056424856185913
0.5390576124191284
0.8487962484359741
0.6582844257354736
0.39616045355796814
0.9423711895942688
0.5176356434822083
0.6711059808731079
0.5187220573425293
0.8585294485092163
0.3171394467353821
0.30294615030288696
0.43174442648887634
0.21380171179771423
0.15040503442287445
0.45653700828552246
0.34085923433303833
1.3062244653701782
0.5769737362861633
0.4417486786842346
0.5894109606742859
1.2035644054412842
0.3771677613258362
0.7193716764450073
0.5824857950210571
0.27312180399894714
0.6032198071479797
0.7017704844474792
0.7939297556877136
0.6911293268203735
0.39095157384872437
0.5875593423843384
0.5888826251029968
0.9279577136039734
0.37296271324157715
0.3914377689361572
0.9181731939315796
0.41028937697410583
0.5424023270606995
0.2999343276023865
0.31571125984191895
0.45069631934165955
0.39320456981658936
0.7533897161483765
0.26442837715148926
0.35163483023643494
0.3932642936706543
0.887780487537384
0.5967434644699097
0.9048113822937012
0.9542908668518066
0.38068246841430664
0.5859794020652771
0.30004915595054626
0.763647198677063
0.39876118302345276
0.8589259386062622
0.7640355825424194
0.6400601267814636
0.6988325715065002
0.7727624773979187
1.1789765357971191
0.5878434181213379
0.38040244579315186
0.7882369160652161
0.44343677163124084
0.504051148891449
0.19817741215229034
0.4953833520412445
0.5492202043533325
0.6583676934242249
0.30228808522224426
0.4851051867008209
0.5041893124580383
0.5648778676986694
0.32480964064598083
0.5807330012321472
0.5057399868965149
0.17806005477905273
0.25752586126327515
0.70771723985672
0.906414806842804
0.43470725417137146
0.5925337076187134
0.4357164800167084
0.4395503103733063
0.4632497727870941
0.2968323528766632
0.4293668270111084
0.8926752805709839
0.5029394626617432
0.41096609830856323
0.9058784246444702
0.5033654570579529
0.4083991050720215
0.5113169550895691
0.2507100999355316
0.6701896786689758
0.7267281413078308
0.392264187335968
0.5680897235870361
0.4095402657985687
0.8981823921203613
0.4144768714904785
0.3168352544307709
0.772962212562561
0.25493356585502625
0.41665419936180115
0.7850476503372192
0.2482665330171585
0.4781290590763092
0.43492764234542847
0.33011436462402344
0.13937635719776154
0.5361181497573853
0.2544434666633606
0.63213050365448
0.6943721771240234
0.6561047434806824
0.2955133318901062
0.5411401987075806
0.8273262977600098
0.7437587976455688
0.43884047865867615
0.7534644603729248
0.6210166811943054
0.4999368190765381
0.6786370873451233
0.4008757472038269
0.5379152894020081
1.147950530052185
0.4533620774745941
0.3614954650402069
0.4081592559814453
0.570787787437439
0.647150456905365
0.46395349502563477
0.2480200082063675
0.22860392928123474
0.27496224641799927
0.6411003470420837
0.6952880620956421
0.5494845509529114
0.506881833076477
0.5090939402580261
0.5458055734634399
0.5399876236915588
0.5231188535690308
0.6635249257087708
0.45682859420776367
0.4341915249824524
0.49876561760902405
0.5929961204528809
0.5694910287857056
0.5578925609588623
0.67825847864151
0.3926219046115875
0.39451831579208374
0.5576934814453125
0.20764021575450897
0.29881733655929565
0.35523733496665955
0.3431435227394104
0.9647510647773743
0.32481709122657776
0.28457313776016235
0.37851080298423767
0.6010056734085083
0.5829955339431763
0.44216203689575195
0.4327875077724457
0.4474920332431793
0.2658563256263733
0.40488433837890625
0.9175158739089966
0.4204690456390381
0.6415461897850037
1.4060934782028198
0.5254987478256226
0.3685462176799774
0.8410674929618835
0.543620228767395
0.41569966077804565
0.4653491973876953
0.3943978250026703
0.5830777287483215
0.5942680239677429
0.27129170298576355
0.5786086320877075
0.5414013862609863
0.3778313994407654
0.4256664216518402
0.5916545391082764
0.41408467292785645
0.34983599185943604
0.2268689125776291
0.4135855734348297
0.4621579051017761
0.886776328086853
0.4814375936985016
0.7313171029090881
0.462545782327652
0.679637610912323
0.451060950756073
0.6375888586044312
0.4271472096443176
0.40318456292152405
0.5055683255195618
0.5317867398262024
0.47886139154434204
0.24513812363147736
0.6224673390388489
0.6763737797737122
0.6699510812759399
0.7159448862075806
0.324279248714447
