0.7998156547546387
0.7069599032402039
0.7877050042152405
0.7282664775848389
0.7410696148872375
0.7764479517936707
0.6390420794487
1.0578633546829224
0.926287829875946
0.8885761499404907
0.4601362347602844
0.6796358823776245
0.5944164991378784
0.6676884889602661
0.9197589159011841
0.7192555665969849
0.46760398149490356
0.7820472717285156
1.603894829750061
0.6921936273574829
0.5624698996543884
1.0349442958831787
0.7971211671829224
0.8971365094184875
1.1518751382827759
0.5600249171257019
0.4271223545074463
0.7620786428451538
0.79225754737854
0.7215970754623413
0.8786075711250305
0.7333739995956421
0.7553086280822754
0.7027028799057007
0.9609194993972778
0.7549761533737183
0.5718591213226318
0.8967711329460144
0.7821489572525024
0.5907904505729675
0.8982938528060913
0.7420272827148438
0.75239098072052
0.6334188580513
0.6609798669815063
1.1696345806121826
1.0034430027008057
0.7390022277832031
0.7945514917373657
0.6573611497879028
0.7978352308273315
0.8750056028366089
0.5219957828521729
0.7206563949584961
0.5674062967300415
0.677392840385437
1.0903764963150024
1.3396189212799072
0.9523348808288574
0.6770323514938354
0.6286783218383789
0.8967310190200806
0.8485695719718933
0.4815743863582611
0.7604568600654602
0.5023210644721985
0.7689128518104553
0.5574041604995728
0.9742476344108582
0.6669679880142212
1.0549181699752808
0.7464677095413208
0.5532964468002319
0.8285697102546692
0.6203521490097046
0.5112696290016174
0.6925898790359497
1.11432945728302
0.43134480714797974
0.6419147253036499
0.8276834487915039
0.9902817010879517
0.6399135589599609
1.1260583400726318
0.5983905792236328
0.6315778493881226
1.1941707134246826
0.9985313415527344
0.6912413835525513
0.8729597926139832
0.852221667766571
0.7368596196174622
0.8298799395561218
0.9687579274177551
1.1865413188934326
0.576312243938446
0.672305703163147
0.6086894273757935
0.7386544942855835
0.8372666239738464
1.1036276817321777
0.6521508097648621
0.6603137850761414
0.777974009513855
0.6844632029533386
0.7430588006973267
0.8679646253585815
1.0050177574157715
0.9590940475463867
0.9930278658866882
1.3503576517105103
0.8276117444038391
0.7014307379722595
0.8273516893386841
0.7697407007217407
0.7617403268814087
0.506651759147644
0.6847265958786011
0.9508348703384399
0.8624261021614075
0.7579953074455261
1.0347024202346802
1.007250189781189
0.9998559951782227
0.6438804864883423
0.5715957283973694
0.6857246160507202
0.7470685243606567
0.9211543798446655
0.6042124032974243
0.8852795362472534
0.5864120721817017
1.0632730722427368
1.1342288255691528
0.614801287651062
0.6373869776725769
0.7891970872879028
0.9938138723373413
0.6932781338691711
0.8491597175598145
0.4387315809726715
1.3627172708511353
0.6838098764419556
0.9493318796157837
0.767556369304657
0.7996127009391785
0.49546366930007935
0.7288768887519836
0.5370975732803345
0.8502333760261536
1.0218136310577393
0.8681761026382446
0.6563552618026733
0.6188422441482544
0.5280541181564331
0.6010403037071228
0.7602254152297974
0.6641274094581604
0.7496287226676941
0.6866307258605957
0.7549669146537781
0.8142062425613403
0.7824037075042725
0.830738365650177
0.6788225173950195
0.5998821258544922
0.6996504664421082
0.5572046041488647
0.719367504119873
0.9147353172302246
0.4518462121486664
0.5262302160263062
0.49448877573013306
1.1906836032867432
1.0205588340759277
0.7979297041893005
0.8467340469360352
0.9313929677009583
0.5750058889389038
0.6643577814102173
0.9469891786575317
0.8927358388900757
0.748174786567688
0.9513635635375977
0.5655707716941833
0.6408141851425171
0.9584436416625977
0.549574077129364
0.66633540391922
0.6914604902267456
0.4466831088066101
0.821006178855896
0.5380866527557373
0.7902877330780029
0.5190098285675049
0.6497836709022522
0.7973024845123291
0.4875776767730713
0.5844690203666687
0.44956499338150024
0.7933237552642822
0.7116284966468811
0.4467337727546692
0.9915943145751953
0.6369917988777161
0.9836026430130005
1.2716495990753174
0.5277363657951355
0.831185519695282
0.6313018798828125
0.5714775323867798
0.7182543873786926
0.7107752561569214
1.029229760169983
0.8052043914794922
0.7931204438209534
0.4869638979434967
0.8015427589416504
0.8742015957832336
0.6061800718307495
0.6090303659439087
0.7828681468963623
0.684617817401886
1.1994739770889282
0.6448546648025513
0.39590346813201904
0.7305521368980408
0.8513122797012329
0.8625395894050598
0.679773211479187
0.7104157209396362
0.6174374222755432
0.9681035876274109
0.7489933967590332
0.8340694308280945
0.8852238655090332
0.7590646147727966
0.6660240292549133
1.0645232200622559
0.7874404191970825
0.6118320226669312
0.8993510007858276
0.6505943536758423
0.7216595411300659
0.9032468795776367
0.5600605010986328
0.5880538821220398
0.45763126015663147
0.6950807571411133
0.5632604360580444
0.6678569912910461
0.584831178188324
0.4955022931098938
0.4503561854362488
1.0434558391571045
1.5582735538482666
0.614568293094635
0.5477825999259949
0.6261171102523804
0.4198697507381439
1.3604885339736938
0.7821096181869507
0.5275813341140747
1.1975234746932983
0.9052038192749023
0.9919710159301758
0.9140310287475586
0.6179885268211365
0.8028597831726074
0.5901625752449036
0.6227080225944519
1.1971213817596436
0.870766818523407
0.5477220416069031
0.8921771049499512
0.6949838995933533
0.9054861068725586
0.5085321664810181
0.6446057558059692
0.6096398234367371
1.4031343460083008
1.1418746709823608
0.7096295952796936
0.9445927739143372
0.7930338978767395
0.8507159948348999
0.7053852081298828
0.5539721250534058
0.6212791204452515
0.6257211565971375
0.8037378191947937
0.6552506685256958
0.8700214624404907
0.7348595857620239
0.4452382028102875
1.2124569416046143
0.6511322259902954
0.8743498921394348
0.4653153419494629
0.5560202598571777
0.9079825282096863
0.5211399793624878
0.9121108055114746
0.4928895831108093
0.49432429671287537
0.9156896471977234
0.9902352094650269
0.773135781288147
0.663033127784729
0.6599003672599792
1.0342371463775635
0.7622310519218445
0.5112499594688416
1.0695464611053467
0.8153201937675476
0.5753394365310669
0.7509700059890747
0.5378920435905457
0.5582706332206726
0.5433992743492126
0.6190358400344849
0.6392284631729126
0.8310724496841431
0.8383989334106445
0.5417012572288513
0.5819352269172668
0.41403788328170776
0.9274417757987976
0.8925467729568481
0.5576247572898865
1.3383491039276123
0.4905026853084564
0.6723828315734863
1.2776241302490234
0.726101279258728
0.4254838824272156
0.8483262062072754
1.2686939239501953
