0.6038790941238403
1.0438954830169678
0.48850101232528687
0.29535967111587524
0.614888608455658
0.3861776292324066
0.5323668122291565
0.6722851395606995
0.6531264781951904
0.5611829161643982
0.45449915528297424
0.5177126526832581
0.4014325737953186
0.2987805902957916
0.31941333413124084
0.420137494802475
0.5849748849868774
0.37567460536956787
0.450161874294281
0.9389932751655579
0.4286031126976013
0.48174285888671875
0.5200238227844238
0.2943595051765442
0.6829832196235657
0.24926535785198212
0.25814324617385864
0.42901429533958435
0.8362115621566772
0.21533212065696716
1.0325732231140137
1.0374735593795776
0.8960592150688171
0.43857258558273315
0.33743858337402344
0.9892123341560364
0.3608032464981079
0.3546293079853058
0.4725705087184906
0.5327222943305969
0.4745621085166931
0.4068329930305481
0.5040746331214905
0.6644653081893921
0.468061625957489
0.197928786277771
0.6582504510879517
0.37234726548194885
1.199840784072876
0.37170886993408203
0.5633397102355957
0.32328739762306213
0.49075570702552795
0.22609882056713104
0.3391496241092682
0.9886015057563782
0.6027315258979797
0.4019196927547455
0.3512309193611145
0.5285478830337524
0.5041696429252625
0.7629322409629822
0.3627362847328186
0.6405562162399292
0.3692793548107147
0.7231475710868835
0.24635998904705048
0.4438256323337555
1.1048504114151
0.8546164631843567
0.541619598865509
0.24423985183238983
0.3105429410934448
0.5832551121711731
0.7365382313728333
0.4151667654514313
0.34754008054733276
0.5946496725082397
0.3078978657722473
0.7637729644775391
0.5596470236778259
0.6658114790916443
0.6791208386421204
0.42549896240234375
0.5927019715309143
0.6516148447990417
0.9417144060134888
0.3251827359199524
0.44297781586647034
0.4549967646598816
0.28669145703315735
0.2761688232421875
0.3379688858985901
0.2436223328113556
0.67290198802948
1.318751335144043
0.3607851564884186
0.3873256742954254
0.6738214492797852
0.4628610610961914
0.3518812358379364
0.5543786883354187
0.11850512027740479
0.4077998995780945
0.41625499725341797
0.586117148399353
0.4049805998802185
0.9651769399642944
0.3030562102794647
0.5132132768630981
1.0014779567718506
0.7249539494514465
0.6212879419326782
0.7968608140945435
0.32466575503349304
0.523244321346283
0.31714627146720886
0.6263911724090576
0.8980531692504883
0.4480951428413391
0.5348333716392517
0.4258232116699219
0.429709255695343
0.3769415020942688
0.5127342939376831
0.28583502769470215
0.3240797817707062
0.3281809687614441
0.3518185615539551
0.29576417803764343
0.3247246742248535
0.3472048342227936
0.3222894072532654
0.2568919062614441
0.37611180543899536
0.497476190328598
0.5087859630584717
0.9797943830490112
0.6863498687744141
0.5787924528121948
0.6343490481376648
0.8235523104667664
0.7690104246139526
0.7406986355781555
0.7207332849502563
0.6021952629089355
0.5972394943237305
0.5210674405097961
0.4140546917915344
0.48929348587989807
0.46049585938453674
0.706222653388977
0.811800479888916
0.4348527789115906
0.5924943685531616
0.511358380317688
0.33135610818862915
0.40265798568725586
0.3996078372001648
0.3184703588485718
0.49650564789772034
0.5041494369506836
0.9841184616088867
0.37586137652397156
0.41734200716018677
0.7567546963691711
0.5415855050086975
0.8751144409179688
0.38059404492378235
0.48868775367736816
0.49990588426589966
0.6868182420730591
0.5740029215812683
0.3445235788822174
0.40159159898757935
0.5391463041305542
0.22788533568382263
0.39101076126098633
0.3305198550224304
1.434573769569397
0.2648351192474365
0.4420059323310852
0.5132814049720764
0.4723998010158539
0.49471139907836914
0.4666980803012848
0.3871293365955353
0.31367093324661255
0.5070334076881409
0.3557821214199066
0.7389728426933289
0.8282343149185181
0.699338436126709
0.4206141531467438
0.5828987956047058
0.22807149589061737
0.6844683289527893
0.9200618863105774
0.8623919486999512
0.8893644213676453
0.34671205282211304
0.369859516620636
1.0087511539459229
0.578726053237915
0.48510274291038513
0.5372663736343384
0.8782520294189453
0.7791864275932312
0.3766794204711914
0.45883187651634216
0.33794909715652466
0.8287287950515747
1.1465961933135986
0.2373885214328766
0.421489417552948
0.9824619293212891
1.050119400024414
0.46929502487182617
0.6328498125076294
0.40870538353919983
0.6507102847099304
0.6838213205337524
0.5414410829544067
0.4830157160758972
0.5278398990631104
0.4096449017524719
0.6967129111289978
0.43102598190307617
0.35153257846832275
0.6348944306373596
0.6415602564811707
0.38764438033103943
0.3764711916446686
0.9321660995483398
0.26292669773101807
0.31847602128982544
0.6118054986000061
0.6869688034057617
0.3570997714996338
0.45361581444740295
0.2446727305650711
0.24652238190174103
0.4555967450141907
0.9512220621109009
0.1519210934638977
0.4358646273612976
0.2540867030620575
0.46538209915161133
0.7627643942832947
0.27196401357650757
0.4156213700771332
0.3679554760456085
0.5374352335929871
1.252584457397461
0.8810518980026245
0.5198908448219299
0.5376979112625122
0.3803092837333679
0.5226432085037231
0.5170868039131165
0.25849929451942444
0.6742057204246521
0.5889390707015991
0.9655637741088867
0.5842728614807129
0.2987324595451355
0.5731998682022095
0.8510254621505737
0.4557574391365051
0.5343033075332642
0.5562425255775452
0.5206829905509949
0.28865233063697815
0.537717878818512
0.33049169182777405
0.4126904010772705
0.5774639844894409
0.7965373992919922
0.516481876373291
1.0443919897079468
0.32732605934143066
0.61692875623703
0.5380046367645264
0.4173317849636078
0.633339524269104
0.8393682241439819
0.5175368189811707
0.2426043301820755
0.23287852108478546
0.1585850715637207
1.0068615674972534
0.5260584354400635
0.6794596910476685
0.7341013550758362
0.5197573304176331
0.26242595911026
0.32531920075416565
0.43106430768966675
0.25051066279411316
0.3468172550201416
0.3337800204753876
0.8125665783882141
0.4761830270290375
0.5119255185127258
0.7878478765487671
0.4017733931541443
0.8257892727851868
0.6100864410400391
0.7033486366271973
0.26966243982315063
0.3081130087375641
0.6302880644798279
0.6805056929588318
0.6877907514572144
0.4401187300682068
0.1713707596063614
0.4520935118198395
0.5186032056808472
0.7498518228530884
0.3741283416748047
0.785650372505188
0.2918802797794342
0.628419041633606
0.774189829826355
0.19703708589076996
0.26737621426582336
0.5131009221076965
0.42900246381759644
0.2586680054664612
0.6616806983947754
0.46136122941970825
1.2202882766723633
0.4440051019191742
0.72491854429245
0.5091410875320435
0.5867161154747009
0.4601457715034485
0.6674268245697021
