0.42305880784988403
0.7032088041305542
0.3899058401584625
0.5546556711196899
0.5442823171615601
0.40954285860061646
0.4753769338130951
0.7783287167549133
0.6162031888961792
0.528893768787384
1.2880547046661377
0.21687635779380798
0.7909145355224609
0.4235747754573822
0.5137987732887268
0.6490347981452942
0.3994464576244354
0.3480249345302582
0.38975968956947327
0.47886738181114197
0.5386078953742981
0.6446300745010376
1.068630576133728
0.7265869379043579
0.1810642033815384
0.40629538893699646
0.7952840924263
0.5782694816589355
0.34848758578300476
0.6737222671508789
0.574945330619812
0.4482518136501312
0.24002349376678467
0.4580921232700348
0.645713210105896
0.7123256921768188
1.2144571542739868
0.359794944524765
0.2962721884250641
0.38849860429763794
0.722885012626648
0.4747386574745178
0.6147066354751587
0.2747868001461029
0.31186413764953613
0.4221722483634949
0.9312126040458679
0.4168492257595062
0.4287501275539398
0.4060184359550476
0.4169550836086273
0.3044840693473816
0.16632886230945587
0.46228933334350586
0.6029087901115417
0.6813047528266907
0.5385206937789917
0.9612693786621094
1.230450987815857
0.5646430850028992
0.38659554719924927
0.7207165956497192
0.5093050003051758
0.6436936259269714
0.27492600679397583
0.47782906889915466
0.37433892488479614
0.46159568428993225
0.4305993914604187
0.2456701248884201
0.4250379502773285
0.4834243655204773
0.47224268317222595
0.2552924156188965
0.5385881662368774
0.40730637311935425
0.955869197845459
0.3628312051296234
0.83826744556427
0.4856885075569153
0.545875072479248
0.7853038311004639
0.3605668246746063
0.25765523314476013
0.6291007995605469
0.5910560488700867
0.9720627665519714
0.37994101643562317
0.8128613233566284
0.6534770727157593
0.36256542801856995
0.39858126640319824
0.37539857625961304
0.9679009318351746
0.48311418294906616
0.4936039447784424
0.7149389386177063
0.9557717442512512
1.063143253326416
0.4899570941925049
0.5176271200180054
0.35443979501724243
0.38562288880348206
0.6145502924919128
0.39973321557044983
0.31373581290245056
0.4200529158115387
0.3528479039669037
0.4646031856536865
0.3193662762641907
0.5040158629417419
0.5922924280166626
0.25224047899246216
0.6527432203292847
0.42496028542518616
0.3824235796928406
0.5922724008560181
0.5155444145202637
0.6754786372184753
0.8584869503974915
0.21355143189430237
0.5531060099601746
0.33602404594421387
0.45999813079833984
0.44116443395614624
0.5422963500022888
0.5757210850715637
1.0600800514221191
0.3600390553474426
0.3128569722175598
0.39350780844688416
0.5411065220832825
0.16616126894950867
0.9433953166007996
0.42508888244628906
0.3622719645500183
0.5439276695251465
0.25005000829696655
0.7114609479904175
0.2790202498435974
0.4878987669944763
0.26200851798057556
0.6211280822753906
0.5073739290237427
0.5282261371612549
0.522577166557312
0.9432565569877625
1.2875134944915771
0.3686951994895935
0.7719312906265259
0.7065501809120178
0.46554699540138245
0.41338276863098145
0.4252856373786926
0.6331806182861328
0.7355479598045349
0.590338408946991
0.8319607973098755
0.8096122741699219
0.348821222782135
0.36345160007476807
0.8690444827079773
0.4840332865715027
0.628752589225769
0.8397499322891235
0.833339512348175
0.9763285517692566
0.527777910232544
0.22835440933704376
1.029188632965088
0.6503943204879761
0.7198582887649536
0.8912335634231567
0.47013863921165466
0.23648586869239807
0.4737677574157715
0.5408274531364441
0.23650161921977997
0.8264718055725098
0.6392656564712524
0.48343467712402344
0.6822476983070374
1.06842041015625
0.44455569982528687
0.7450605034828186
0.8286219835281372
0.3205222487449646
0.35487040877342224
0.7111943364143372
0.7012778520584106
0.4208720326423645
0.6931900978088379
0.4996911585330963
0.49012964963912964
0.38454172015190125
0.34087181091308594
0.5244134664535522
0.4890483021736145
0.2042301446199417
0.6557543873786926
0.3394552171230316
0.5302732586860657
0.5427480936050415
0.3744449019432068
0.4684836268424988
0.31509968638420105
0.7924634218215942
0.6569629907608032
0.4623245298862457
0.5425375699996948
0.2927238345146179
0.8138805627822876
0.8278460502624512
0.23442845046520233
0.44246435165405273
0.41813310980796814
1.237480878829956
0.8135027885437012
0.5173772573471069
0.40803319215774536
0.33838215470314026
0.8154295086860657
0.24448129534721375
0.6696594953536987
0.5649341344833374
0.5370417237281799
0.6910261511802673
1.0241819620132446
0.4383719861507416
0.3692029118537903
1.1013531684875488
0.5066071152687073
0.46122902631759644
0.2648812532424927
0.4289723038673401
0.6315735578536987
0.40683919191360474
0.4207020699977875
0.4915463328361511
0.45418891310691833
0.2224504053592682
0.5421249270439148
0.2551731765270233
0.4016192555427551
0.5476919412612915
0.8345627784729004
0.4565989375114441
0.5183271169662476
0.7058255076408386
0.561207115650177
0.7825114727020264
0.48328202962875366
0.5790436863899231
0.4188005328178406
0.4044340252876282
0.751134991645813
0.4739145338535309
0.7297800779342651
0.2937404215335846
0.22747957706451416
0.46245670318603516
0.43773484230041504
0.9130757451057434
0.540287971496582
0.8600598573684692
0.2679213285446167
0.7846351861953735
0.4318748116493225
0.2360880821943283
0.1999119222164154
0.29535162448883057
0.9899279475212097
0.36413830518722534
0.2884047031402588
0.4661610722541809
0.6811352968215942
0.7020688056945801
0.2183995246887207
0.3707713782787323
0.5592530369758606
0.5298641920089722
0.5052483677864075
0.4307378828525543
0.39586836099624634
0.5777889490127563
0.48136967420578003
0.47971731424331665
0.38262370228767395
0.618387758731842
0.5625879168510437
0.5758192539215088
0.4467085003852844
0.15396270155906677
0.4710438847541809
0.7212641835212708
0.8458266258239746
0.8911415934562683
0.41681742668151855
0.4071541726589203
0.910190224647522
0.5086042284965515
0.3979058265686035
0.5455607771873474
0.3000955879688263
0.5116904377937317
0.47831493616104126
0.991075873374939
0.807599663734436
0.8956736326217651
0.49563542008399963
0.7285884022712708
0.4053010046482086
0.6476439833641052
0.501334547996521
0.506532609462738
0.4007912576198578
0.4008176326751709
0.3074704110622406
0.653549313545227
0.8102806210517883
0.3968345522880554
0.4047715663909912
0.49331045150756836
0.5297147631645203
0.8780521154403687
0.5976923704147339
0.4558655321598053
0.7565710544586182
0.7438796758651733
0.8218724131584167
0.771258533000946
0.33013737201690674
0.5726293921470642
0.2890033423900604
0.5906736254692078
0.6602200865745544
0.5939193964004517
1.7478275299072266
