0.26060834527015686
0.5683887004852295
0.4590567648410797
0.5204365849494934
0.538692057132721
0.5706225037574768
0.7163257598876953
0.29001882672309875
0.8622668981552124
0.4367412030696869
0.5690130591392517
0.407869815826416
0.5217949151992798
0.7983200550079346
0.265456885099411
0.5902838706970215
0.39750489592552185
0.3207242786884308
0.7373279333114624
0.7438212633132935
0.5665691494941711
0.36031341552734375
0.6769148707389832
0.3949795961380005
0.5457302331924438
0.5382956266403198
0.5245371460914612
1.149893045425415
0.5543692708015442
0.625691294670105
1.0192539691925049
0.7347410321235657
0.2830466330051422
0.3749353587627411
0.6610168218612671
0.5124704837799072
0.2613166868686676
0.12589046359062195
0.40040749311447144
0.5409713983535767
0.1917644441127777
0.5422703623771667
0.3829486072063446
0.5606892108917236
0.5102888941764832
0.7102371454238892
0.19830626249313354
0.32446718215942383
0.5628002285957336
0.23106443881988525
0.673734724521637
0.4046061933040619
0.5224002599716187
0.3943248391151428
0.59331214427948
0.539214015007019
0.5168801546096802
0.3038744330406189
0.41058725118637085
0.32793498039245605
0.7874528765678406
0.4889136850833893
0.31099605560302734
0.8367787599563599
0.22103306651115417
0.7830089926719666
0.5729517936706543
0.38508328795433044
0.3421963155269623
0.45448318123817444
0.5186622738838196
0.30047687888145447
0.3700791299343109
0.10734103620052338
0.4298189580440521
0.30596429109573364
0.3544004559516907
0.47314587235450745
0.4098793864250183
0.5328459739685059
0.3729708790779114
0.2480463981628418
0.30825749039649963
0.25584033131599426
0.6581814289093018
0.6416800022125244
0.5535720586776733
0.793104887008667
0.556122899055481
0.6430818438529968
0.19061587750911713
1.0109198093414307
0.2740081548690796
0.5644187927246094
0.78166663646698
0.8645951151847839
0.5126738548278809
0.2555108964443207
0.3954591155052185
1.1406792402267456
0.7558765411376953
0.90069580078125
0.4184631407260895
0.8669525980949402
0.3197113573551178
0.48511624336242676
0.47807541489601135
0.5314193367958069
1.1398870944976807
0.420220285654068
0.7181740999221802
0.4568113684654236
0.6989043951034546
0.5351288914680481
0.5407492518424988
0.40719255805015564
0.3801853358745575
0.6953049898147583
0.21951696276664734
0.38419681787490845
0.5317964553833008
0.23195724189281464
0.7356559038162231
0.5590476393699646
0.6173539757728577
0.836725115776062
0.47822847962379456
0.8953710794448853
0.39769846200942993
0.37349748611450195
0.6371344327926636
0.38953283429145813
0.6182438135147095
0.5844084620475769
0.39165282249450684
0.6095914244651794
0.4720214903354645
0.5025826692581177
0.49782413244247437
0.8413144946098328
0.630911111831665
1.099457025527954
0.4939512312412262
0.667218804359436
0.5904549956321716
0.3808218836784363
0.3046174645423889
1.1746132373809814
0.6986247301101685
0.5520946979522705
0.6538773775100708
0.448124498128891
0.31062841415405273
0.296028196811676
0.636314332485199
0.5562678575515747
0.6736129522323608
0.6413680911064148
0.7220368385314941
0.33648282289505005
0.7260924577713013
0.3022562265396118
0.45648831129074097
0.5897426605224609
0.4459168314933777
0.385741651058197
0.2995501160621643
1.0028254985809326
0.9528958201408386
0.22563092410564423
0.6782612204551697
0.4883197247982025
0.687619686126709
0.5909468531608582
0.5146055817604065
0.7226164937019348
0.4995584487915039
0.3114573359489441
0.23082534968852997
0.6924412846565247
0.3006017208099365
0.47898197174072266
0.2816612124443054
0.25719738006591797
0.17800942063331604
0.599554181098938
0.6936835050582886
0.6362022161483765
0.32752281427383423
0.21278420090675354
0.5140495896339417
0.40807968378067017
1.0913331508636475
0.327275812625885
0.47143450379371643
0.5957560539245605
0.5853718519210815
0.742746889591217
0.8696892857551575
0.9395899772644043
0.6791172623634338
0.5452090501785278
0.6329810619354248
0.6757689714431763
0.48288458585739136
0.3917217552661896
0.4001638889312744
0.6993170976638794
0.546554684638977
0.2651437819004059
0.3947869539260864
0.4869592785835266
0.7627581357955933
0.3810429871082306
0.3662399649620056
0.45626622438430786
0.5393203496932983
0.35682377219200134
0.25707319378852844
0.7041881680488586
0.35325950384140015
0.5410581827163696
0.27819961309432983
0.42101162672042847
0.26073306798934937
0.48783427476882935
0.6869887709617615
0.5619109272956848
0.9166415929794312
0.631180465221405
0.41034650802612305
0.4513724446296692
0.8587201237678528
0.7151660919189453
0.2131335288286209
0.3473912179470062
0.5852367281913757
0.4204515516757965
0.2918219566345215
0.4833340644836426
0.23886308073997498
0.43748050928115845
0.5863903164863586
0.4633243978023529
0.7278923392295837
0.43663206696510315
0.40285834670066833
0.662257969379425
0.7181553244590759
0.6886990070343018
0.6521487236022949
0.5300418734550476
0.429830402135849
0.4175652861595154
0.7780519127845764
0.21212562918663025
0.3225864768028259
0.49799656867980957
0.8409934043884277
0.2777039408683777
0.6986187696456909
0.5908783674240112
0.5463515520095825
0.9980143308639526
0.3635545074939728
0.7360742688179016
1.283820629119873
1.0100685358047485
0.6875998377799988
0.42831116914749146
0.5459679365158081
0.6622770428657532
0.5660004019737244
0.681528627872467
1.2176249027252197
0.4554886221885681
0.18173138797283173
0.13020527362823486
0.39400702714920044
0.4264872968196869
0.8193523287773132
0.347980797290802
0.6019017100334167
1.0404536724090576
0.47936421632766724
0.33346444368362427
0.5358520746231079
0.5616322755813599
0.5176504850387573
0.4530910551548004
0.38100308179855347
0.9832608103752136
0.31600502133369446
0.24475029110908508
0.46583396196365356
1.1299679279327393
1.256618857383728
0.5147001147270203
0.17860493063926697
0.5513197779655457
0.7397240400314331
0.45972761511802673
0.7910296320915222
0.5830215215682983
0.609601616859436
0.787379264831543
0.584668755531311
0.6645755767822266
0.6555786728858948
0.6395659446716309
0.7336338758468628
0.5815090537071228
0.3376902639865875
0.5044795274734497
0.5219646096229553
0.3408285081386566
0.7702267169952393
0.22138753533363342
0.6623280644416809
0.29396510124206543
0.48771077394485474
0.5139864683151245
0.7253838777542114
0.5089770555496216
0.2527058720588684
0.3667892515659332
0.1446695774793625
1.1221697330474854
0.5602179765701294
0.3820151686668396
0.6628620028495789
0.7391546964645386
0.7947074770927429
0.5455067157745361
0.7056683301925659
0.3189384937286377
0.5041600465774536
1.3849602937698364
