0.30892789363861084
0.25737255811691284
0.6977254152297974
0.32342296838760376
0.4774080812931061
0.7458553910255432
0.3699032664299011
0.5391806364059448
0.6465597152709961
0.3791023790836334
0.2792110741138458
0.45875829458236694
0.407367080450058
1.192279577255249
0.9530326128005981
0.8933011889457703
0.5614900588989258
0.4408871531486511
0.5755602121353149
0.646065890789032
0.969781219959259
0.5911701321601868
0.4439922869205475
0.5996183156967163
0.6274932026863098
0.603493869304657
0.7347683310508728
0.693682074546814
0.4550883173942566
0.9107511639595032
0.3986906409263611
0.9085257649421692
0.6061819791793823
0.6127961874008179
0.5934666395187378
0.7191733121871948
0.5670705437660217
0.5637990832328796
0.7384434938430786
0.6223036050796509
0.27470120787620544
0.541523277759552
0.7900040149688721
0.2894228994846344
0.39993855357170105
0.26144638657569885
0.5895826816558838
0.9800232648849487
0.5330151915550232
0.3798568844795227
0.35886096954345703
0.6112810373306274
0.7910157442092896
0.7162882685661316
0.37611618638038635
0.3436177372932434
0.6451277136802673
0.552760899066925
0.4991872310638428
0.43183308839797974
0.18718189001083374
0.7137891054153442
0.5611467361450195
0.4106462001800537
0.4188400208950043
0.8267989158630371
0.36189863085746765
0.5850499272346497
0.41575923562049866
0.3952973783016205
0.29282811284065247
0.5255869030952454
0.8566617965698242
0.8329299688339233
0.4346243739128113
0.3975257873535156
0.5444464087486267
0.5308272242546082
0.1940133273601532
0.16743826866149902
0.4198135435581207
0.3025093376636505
0.4251759946346283
0.49753350019454956
0.34711018204689026
0.2645474672317505
0.23240402340888977
0.9469586610794067
0.4232175946235657
0.8728572726249695
0.5895312428474426
0.6365034580230713
0.9222879409790039
0.4082674980163574
0.3668518662452698
0.5057458877563477
0.8694413900375366
1.0102038383483887
0.5392786264419556
0.30418843030929565
0.6345728635787964
0.726265549659729
0.3932040333747864
0.448784202337265
0.6101131439208984
0.5782805681228638
0.42335280776023865
0.4062380790710449
0.35647052526474
1.1333802938461304
0.9597514271736145
0.22132185101509094
0.7821632027626038
0.4016185700893402
0.5369361639022827
0.5664566159248352
0.7798544764518738
0.29924148321151733
0.45074376463890076
0.7109993100166321
0.4229406416416168
0.24971452355384827
0.7575766444206238
0.5776672959327698
0.32975855469703674
0.4142225682735443
0.8711404800415039
0.48870307207107544
0.6049957275390625
0.4392428398132324
0.8250390291213989
0.906213641166687
0.5577591061592102
0.7590810060501099
0.42081838846206665
0.6899594068527222
0.5007210373878479
0.45145073533058167
0.37698251008987427
0.341035932302475
1.0679666996002197
0.3829464316368103
0.24569304287433624
0.48839664459228516
0.26283136010169983
0.4070342183113098
0.5709836483001709
0.2747078835964203
0.26370009779930115
0.7960983514785767
0.41481995582580566
0.4435703754425049
0.3423250615596771
0.49955540895462036
0.2469521313905716
0.8853614926338196
0.4597475528717041
0.21075479686260223
0.7897311449050903
0.5485978126525879
0.36814287304878235
0.4592673182487488
0.5539155006408691
0.27493172883987427
0.7220085263252258
0.6255878210067749
0.8661378026008606
0.6417672038078308
0.7402204871177673
0.5995879173278809
0.7064344882965088
0.46140843629837036
0.5584933161735535
0.43828248977661133
0.44576582312583923
0.45223861932754517
0.4203372597694397
0.5600566864013672
0.36310213804244995
0.8160858154296875
0.33681410551071167
0.3472965359687805
0.43188753724098206
0.2863827645778656
0.8818961381912231
0.22217898070812225
0.5855234861373901
0.9368691444396973
0.31057265400886536
0.6486968994140625
0.5037367939949036
0.45946159958839417
0.48317891359329224
0.37349122762680054
0.301897257566452
0.7773243188858032
1.1383123397827148
0.35011374950408936
1.4363205432891846
0.47003373503685
0.3444642126560211
0.7933847904205322
0.5264660716056824
0.22589492797851562
0.405447781085968
0.49035054445266724
0.9612423181533813
0.9180644750595093
0.3158661723136902
0.5618048906326294
0.40746861696243286
0.5726328492164612
0.4850562512874603
0.6497048139572144
0.6969374418258667
0.7029705047607422
0.47537460923194885
0.6203972101211548
0.510769248008728
0.6165480613708496
0.9591137766838074
0.4013153612613678
0.4146818220615387
0.7072733640670776
0.44504016637802124
0.28197741508483887
0.31641340255737305
0.48480424284935
0.4595782160758972
0.7121630907058716
0.5312767028808594
0.4410722255706787
0.4794737696647644
0.47767171263694763
0.826816737651825
0.4683660566806793
0.6102779507637024
0.29276901483535767
0.5044252872467041
0.8653888702392578
0.8177686929702759
0.1956159770488739
0.38751161098480225
0.5553399324417114
0.7147027850151062
0.4093742370605469
0.6594246625900269
0.46083498001098633
0.399257093667984
0.24108310043811798
0.33596372604370117
0.49229517579078674
0.18512924015522003
0.2607710063457489
0.6273525953292847
0.36585158109664917
0.43077436089515686
0.7332633137702942
1.127242088317871
0.40368542075157166
0.7152119278907776
0.5440059304237366
0.5710331201553345
0.31589746475219727
0.46059244871139526
0.43304163217544556
0.6464110016822815
0.8288015127182007
0.45621681213378906
0.4062172770500183
0.4114506244659424
0.7650286555290222
0.3610278069972992
0.7747149467468262
0.5046738386154175
0.31809571385383606
0.5098651647567749
0.5734786987304688
0.5104003548622131
0.28985223174095154
0.4618948996067047
0.7829324007034302
0.399797260761261
0.7117170095443726
0.2099672555923462
0.3176770806312561
1.0923585891723633
0.155771866440773
0.523764967918396
0.4254149794578552
0.3387778401374817
0.6753150224685669
0.5696474313735962
0.6255916357040405
0.31168660521507263
0.4487941265106201
0.552078366279602
0.4206501841545105
0.35260432958602905
0.48588308691978455
0.5170021057128906
0.5527227520942688
0.5433300137519836
0.2198861539363861
0.32343095541000366
0.30619415640830994
0.7331081628799438
0.5207654237747192
0.92357337474823
0.4760667681694031
0.5353906154632568
0.564640998840332
0.2053273618221283
0.5792069435119629
0.6821244359016418
0.28280919790267944
0.7697132229804993
0.2594097852706909
0.6819964051246643
0.5023037791252136
1.1800620555877686
0.2945548892021179
0.6501692533493042
0.558739423751831
0.5788909196853638
0.3562917709350586
0.2429122030735016
0.5348101854324341
0.9082654118537903
0.3964274823665619
0.6566789746284485
0.5330074429512024
0.45841169357299805
0.8545249700546265
0.5028738379478455
0.22577480971813202
0.5266559720039368
1.5333385467529297
