0.21922174096107483
0.5608123540878296
0.5720645189285278
0.9061276316642761
0.4916289746761322
0.42919450998306274
0.4501778185367584
0.8350540399551392
0.279252290725708
0.6386740803718567
0.767072856426239
0.637194037437439
0.5241712331771851
0.6370782256126404
0.2903178036212921
0.3954416513442993
0.28538644313812256
0.5718975067138672
0.38369041681289673
0.5392348170280457
0.29230445623397827
1.1135464906692505
0.8071719408035278
0.6517426371574402
0.5544649362564087
0.70807945728302
0.6400766372680664
0.4016207754611969
0.4370292127132416
0.4297122061252594
0.7382062673568726
0.6964341402053833
0.8688821792602539
0.5671981573104858
0.5326073169708252
0.9842775464057922
0.4201590120792389
0.603945255279541
0.8695534467697144
0.5828022360801697
0.36253151297569275
0.26721861958503723
0.8084138035774231
0.19143082201480865
0.42241016030311584
0.5700746774673462
0.9046850204467773
0.7143937349319458
0.22480127215385437
0.29016438126564026
1.0747281312942505
0.25534385442733765
0.48436808586120605
0.47086963057518005
0.2534397542476654
0.36230769753456116
0.5417445302009583
0.561549961566925
0.7400237917900085
0.8292855024337769
0.37121543288230896
1.2255356311798096
0.5303556323051453
0.37184152007102966
0.5407347679138184
0.424879252910614
0.9519575834274292
0.6089931130409241
0.9693501591682434
0.8766633868217468
0.25889649987220764
0.585710346698761
0.37335023283958435
0.5274975299835205
0.4437081217765808
0.891828715801239
0.43732061982154846
0.36879661679267883
0.46532708406448364
0.31662654876708984
0.295990526676178
0.3080236315727234
0.5577812194824219
0.7335360050201416
0.24026596546173096
0.6734563708305359
0.7874523401260376
0.2572000026702881
0.43681707978248596
0.43266040086746216
0.28913235664367676
0.5843228101730347
0.27952441573143005
0.5443190932273865
0.7797185778617859
0.8134061098098755
0.502386748790741
0.33320045471191406
0.3699224889278412
0.45115000009536743
0.4764474928379059
0.43789786100387573
1.3656312227249146
0.651383101940155
0.45792946219444275
0.5531402826309204
0.20506982505321503
0.5812869071960449
0.37067121267318726
0.3189994692802429
0.6397053003311157
0.2801286578178406
0.5718138813972473
0.5617070198059082
0.6377435922622681
0.7655601501464844
0.5233921408653259
0.35391274094581604
0.3733949065208435
0.5464337468147278
0.7557681202888489
0.7142236232757568
0.3025691509246826
0.3548254072666168
0.32891255617141724
0.48393362760543823
0.36302030086517334
0.5290336012840271
0.18164284527301788
0.8741635084152222
0.8618159294128418
0.628931999206543
0.39562851190567017
0.3754841685295105
1.065441370010376
0.629097580909729
0.39166873693466187
0.3518442213535309
0.4134358763694763
0.3969091773033142
0.4132753312587738
0.281123548746109
0.7171270847320557
0.4399741590023041
0.581039309501648
0.28827470541000366
0.8868604898452759
0.3609520196914673
0.5994322896003723
0.35295528173446655
0.262118935585022
0.5288731455802917
0.30049240589141846
0.7753432989120483
0.46639108657836914
0.5160068869590759
0.4850959777832031
0.5407861471176147
0.7711988687515259
0.46950310468673706
0.5582089424133301
0.9597045183181763
0.5985108613967896
0.45138558745384216
0.6911011934280396
0.28615105152130127
0.2990107536315918
0.7168000340461731
0.41968196630477905
0.5265265703201294
0.5187946557998657
0.4861510396003723
0.45915865898132324
0.37470293045043945
0.5514531135559082
0.4662337303161621
0.8337998390197754
0.5293487310409546
0.4928646981716156
0.5460073351860046
0.8144628405570984
0.6031893491744995
0.5975446105003357
1.1137374639511108
0.6184064149856567
0.34467798471450806
0.39110884070396423
0.4802253842353821
0.3832820951938629
0.43992385268211365
0.25221988558769226
0.7120295763015747
0.2495291531085968
0.4402318596839905
0.6544946432113647
0.41388288140296936
0.3962695002555847
0.6995998024940491
0.6372185945510864
0.7281068563461304
0.2581026554107666
0.2537902295589447
0.3998541235923767
0.5379680395126343
0.33394795656204224
0.46162843704223633
0.6583570241928101
0.2361217737197876
0.37377557158470154
0.7391110062599182
0.41328945755958557
0.7790473699569702
0.5196288824081421
0.43809717893600464
0.3863144516944885
0.7101982831954956
0.7361526489257812
0.6532930135726929
0.4947779178619385
0.33614858984947205
0.6816273331642151
0.44731536507606506
0.40608638525009155
0.7947882413864136
0.765936017036438
0.4989393353462219
0.16858603060245514
0.7486248016357422
0.7074862122535706
0.3625684678554535
0.5136469602584839
0.2787349224090576
0.7137817740440369
1.043517827987671
0.5721977353096008
0.6846281290054321
0.5224690437316895
0.48213592171669006
0.8482547998428345
0.5366155505180359
0.5043177008628845
0.3024160861968994
0.617027759552002
0.4142942428588867
0.8679361343383789
0.6014131307601929
0.6125839948654175
0.581384539604187
0.3448212742805481
0.7169948816299438
0.5240094065666199
0.560584545135498
0.5391365885734558
0.306728333234787
0.6282482147216797
0.7074624300003052
0.6830706596374512
0.3329581618309021
0.3479231894016266
0.6908690333366394
0.4291648268699646
1.0681270360946655
0.3105052709579468
0.28569141030311584
0.19365927577018738
1.4387516975402832
1.1992546319961548
0.4458751678466797
0.3828482925891876
0.2874164283275604
0.46218109130859375
0.5075669884681702
0.8026456832885742
0.2108711302280426
0.7569769620895386
0.2909158766269684
0.48845452070236206
0.41087809205055237
0.30647963285446167
0.25629088282585144
0.6948872208595276
0.7817140817642212
0.3468077480792999
0.47997450828552246
0.9203698039054871
0.9614638090133667
0.3989691436290741
0.8811362981796265
0.29201531410217285
0.3850584924221039
0.3836420178413391
0.49017277359962463
0.36497992277145386
0.2755257487297058
0.8416935801506042
0.850691020488739
0.5370133519172668
0.5779052972793579
0.5881763696670532
0.42676764726638794
0.49773627519607544
0.27690398693084717
1.0205776691436768
0.899860680103302
0.6422601938247681
0.8509716987609863
0.5681344270706177
0.22811396420001984
0.8020265698432922
0.5278041362762451
0.38386914134025574
0.9098682403564453
0.6474062204360962
0.8054236173629761
0.6712555885314941
0.5596915483474731
0.3031298518180847
1.1096971035003662
0.4346610903739929
0.4344766139984131
0.31693369150161743
0.2338532954454422
0.4570294916629791
0.7447296380996704
0.5610116124153137
0.7408003807067871
0.1639372706413269
0.47676628828048706
0.661159336566925
0.21396620571613312
0.4511146545410156
0.658338725566864
0.24750789999961853
0.2894035875797272
0.3003554940223694
0.5784518122673035
0.6819145083427429
0.9460413455963135
