0.8190909624099731
1.4088085889816284
0.35050851106643677
0.7749990224838257
0.796055793762207
0.5624682307243347
0.4161435067653656
0.45795297622680664
0.4356223940849304
0.48946768045425415
0.6126221418380737
1.2565720081329346
0.6452738046646118
0.914903998374939
0.21336480975151062
0.5771862864494324
1.185082197189331
0.4695111811161041
0.8665534257888794
0.24081385135650635
0.6820943355560303
0.9539546966552734
0.49777907133102417
0.9588786363601685
1.007641077041626
0.4176822304725647
0.8760002851486206
0.41126003861427307
0.2645133435726166
0.3199252486228943
0.4471113085746765
0.6684479713439941
0.6061967015266418
0.7858223915100098
0.1814933717250824
0.268355131149292
0.4386063516139984
0.6657716631889343
0.5454388856887817
0.3227033019065857
0.9127575755119324
0.43171486258506775
0.703082263469696
0.3926706910133362
0.45712345838546753
0.5244443416595459
1.1466631889343262
0.33095577359199524
0.3996492326259613
0.5809810757637024
0.6938531994819641
0.5025401711463928
0.37157514691352844
0.22884032130241394
1.1172364950180054
0.3312590420246124
0.5083531141281128
1.1996514797210693
0.9745623469352722
0.6351973414421082
0.8109089732170105
0.6875728964805603
0.2988487780094147
0.4849306046962738
0.5712011456489563
0.5653592348098755
0.23326103389263153
0.5116421580314636
0.5403720140457153
0.36118754744529724
0.47003740072250366
0.43500447273254395
0.3002672791481018
0.39897799491882324
0.33457764983177185
0.6720846891403198
0.6557157635688782
0.4640103280544281
0.3368310332298279
0.3099256753921509
0.3139771819114685
0.716776967048645
0.8515338897705078
0.23406369984149933
0.46183890104293823
0.3422502279281616
0.7732906341552734
0.4531259536743164
0.9582659006118774
0.31115037202835083
0.376144140958786
0.3101879060268402
0.4385473132133484
0.43498164415359497
0.5546455383300781
0.3692028522491455
0.21898671984672546
0.6499649286270142
0.4146343171596527
0.8994094729423523
0.4614875912666321
1.2387068271636963
0.696835994720459
1.0316107273101807
0.5899755954742432
0.7550495266914368
0.4080488085746765
0.2733153700828552
0.5754076242446899
0.4930117130279541
0.6752110123634338
0.5492103695869446
0.512698769569397
0.7675303816795349
0.39344996213912964
0.9937578439712524
0.2721862494945526
0.7475591897964478
0.2882057726383209
0.41341495513916016
0.47996416687965393
0.670519232749939
0.8585284948348999
0.501846432685852
0.5911019444465637
0.30607491731643677
0.36410555243492126
0.8695247769355774
0.47235870361328125
0.6500326991081238
0.29203304648399353
0.25661176443099976
1.3125126361846924
0.7202304601669312
0.7772895097732544
0.7205928564071655
0.31748098134994507
0.5934452414512634
0.4818766713142395
0.7943910956382751
0.5682736039161682
0.37411901354789734
0.32674315571784973
0.42747777700424194
0.2983498275279999
0.41292959451675415
0.9349018931388855
0.422760009765625
0.5461119413375854
0.6751261949539185
0.43080657720565796
0.40751710534095764
0.5009236335754395
0.8745362162590027
0.30321675539016724
0.5186963081359863
0.5761669278144836
0.6086958050727844
0.4158551096916199
0.24548649787902832
0.2713528275489807
0.5541051626205444
0.7874917984008789
0.7089570760726929
0.6362780332565308
0.6567490696907043
0.9488574266433716
0.7356775403022766
0.44948363304138184
0.3394591212272644
0.5673226118087769
0.5989189147949219
0.3037760257720947
0.306803822517395
0.9022989273071289
0.24426627159118652
1.1242849826812744
0.5029665231704712
0.6919950246810913
0.4768978953361511
0.3319101929664612
0.4090579152107239
0.3738527297973633
0.2531076669692993
0.646141767501831
0.32823532819747925
0.49929937720298767
1.8356374502182007
0.8031026124954224
0.2704405188560486
0.400726318359375
0.7016570568084717
0.3517508804798126
0.41474515199661255
0.8995677828788757
0.7526137232780457
0.44234752655029297
0.31894171237945557
0.5913631916046143
0.18909546732902527
0.7793974876403809
0.24981589615345
0.20437350869178772
0.5276896357536316
0.5598117709159851
0.6199111938476562
0.4329991936683655
0.28160402178764343
0.6378999948501587
0.33375343680381775
0.47874945402145386
0.28856098651885986
1.0533082485198975
0.6771224737167358
0.5048676133155823
0.43911877274513245
0.377824604511261
0.6061161756515503
0.2071763575077057
0.9287832975387573
0.5667638778686523
0.980932354927063
0.6270876526832581
0.7097798585891724
0.5945766568183899
0.4307217597961426
0.8615975379943848
0.5470247864723206
0.7592884302139282
0.7126014232635498
0.27454686164855957
0.3788163363933563
0.789463996887207
0.39010679721832275
0.5472784638404846
0.7058886885643005
0.3989751935005188
0.8343461751937866
0.47637826204299927
0.4361499845981598
0.5529554486274719
0.4770791530609131
0.5243024826049805
0.29806140065193176
0.7041504979133606
0.5839717984199524
0.9019213914871216
0.4069913923740387
0.42178964614868164
0.4086934030056
0.43976864218711853
0.586039662361145
0.6859332919120789
0.2530195116996765
0.4221455454826355
0.7119826674461365
0.5954344868659973
0.22935941815376282
0.2987918257713318
0.7354665398597717
0.5973796844482422
0.2713147699832916
0.40608125925064087
0.91197669506073
0.4494486451148987
0.21721109747886658
0.43982768058776855
0.7510402202606201
0.328060507774353
0.6296085119247437
0.6743656992912292
0.7764080166816711
0.793989896774292
0.8102276921272278
1.191207766532898
0.5816550254821777
0.896465003490448
0.6058600544929504
1.1160904169082642
0.451763391494751
0.28659218549728394
0.7453125715255737
0.5105230808258057
0.7506561875343323
0.4483771324157715
0.47188282012939453
0.3872753381729126
0.5183318853378296
0.39146965742111206
0.3596826195716858
0.38889607787132263
0.5180550813674927
0.396592915058136
0.5426911115646362
0.4116702973842621
0.20637378096580505
0.6409529447555542
0.7300575375556946
0.6415165662765503
0.5173497796058655
0.4526473581790924
0.3549686074256897
0.2271643429994583
0.7462703585624695
0.22775450348854065
0.41317281126976013
0.6254316568374634
0.7524797320365906
0.7458082437515259
0.839353084564209
0.32674434781074524
0.37773555517196655
0.29451221227645874
0.2546333074569702
0.509719967842102
0.6060633659362793
0.8846116065979004
0.5983983278274536
0.468289852142334
0.985763430595398
0.7063165903091431
1.0574802160263062
0.5330063104629517
0.4517669081687927
0.48479118943214417
0.4389425218105316
0.38510292768478394
0.367236465215683
0.40942591428756714
0.668158233165741
0.7894572019577026
0.39202219247817993
0.4879566729068756
0.5134439468383789
0.41832953691482544
0.6166867613792419
0.34508663415908813
1.4904327392578125
