1.4452861547470093
0.4912765622138977
0.8675369024276733
0.6089330315589905
0.5299147367477417
0.3092670440673828
0.23560109734535217
0.3201407790184021
0.34512782096862793
1.0390421152114868
0.4191981852054596
0.4489930272102356
0.5340179204940796
0.7183855772018433
0.47060656547546387
0.9625229835510254
0.8574923276901245
0.4406547546386719
0.475928395986557
0.576032280921936
0.6196010708808899
0.5152769088745117
0.4254171848297119
0.4695722460746765
0.7052344083786011
0.2981742024421692
0.2760041356086731
0.3801993727684021
0.6561414003372192
0.46462196111679077
0.3295815587043762
0.2918573319911957
0.40056443214416504
0.45609205961227417
0.6860646605491638
0.37599512934684753
0.5706247687339783
0.5021621584892273
0.49000686407089233
1.047154188156128
0.4626430571079254
0.35024362802505493
0.6760697364807129
0.184828519821167
0.28931933641433716
0.29328733682632446
0.5688515901565552
0.6489213705062866
0.6557260155677795
0.3088529706001282
0.4427665174007416
0.48440438508987427
0.6839179992675781
0.702315628528595
0.26138487458229065
0.8346313238143921
1.1000301837921143
0.8572608828544617
0.6511335372924805
0.5844882726669312
0.47901225090026855
0.3762417137622833
1.008554220199585
0.6580060720443726
0.44315871596336365
0.626057505607605
0.6456457376480103
0.3352460563182831
0.36061158776283264
0.3874047100543976
0.4264964163303375
0.6748697757720947
0.7069372534751892
0.6824942231178284
0.3538176417350769
0.5835215449333191
0.6617705821990967
0.42737579345703125
0.5825343728065491
0.4904669225215912
0.4106267988681793
0.4298385679721832
0.20064839720726013
0.41122952103614807
0.7242897748947144
0.1658986508846283
0.6715160608291626
0.323885440826416
0.8519273996353149
0.7281492352485657
0.3015616536140442
0.4794364869594574
0.6774924397468567
0.941503643989563
0.31238582730293274
0.38634762167930603
0.5234996676445007
0.5545185208320618
0.22499695420265198
0.33475518226623535
0.3561824858188629
0.3046964406967163
0.3729174733161926
1.0089727640151978
0.8904020190238953
0.5538329482078552
0.9034827351570129
0.5964592695236206
0.17040574550628662
0.46314987540245056
0.7607669234275818
0.5871536135673523
0.5080774426460266
0.5840118527412415
1.023604154586792
0.5655539631843567
0.41128164529800415
0.6074722409248352
1.3585079908370972
0.9272319674491882
0.3609226644039154
0.4112178683280945
0.35059329867362976
0.29332801699638367
0.4840794503688812
0.4349675178527832
0.32118111848831177
0.46424898505210876
0.6513946056365967
0.8802568316459656
0.2771703898906708
0.7257006168365479
0.3661392331123352
0.8311697840690613
0.39762255549430847
0.6262070536613464
0.35431697964668274
0.4287707805633545
0.30965498089790344
0.7642815113067627
0.7025846242904663
0.9964702725410461
0.8024276494979858
0.3696529269218445
0.34089553356170654
0.42570924758911133
0.5359244346618652
0.6350204348564148
0.5356613993644714
0.2669917643070221
0.6228865385055542
0.47470569610595703
0.18719634413719177
1.1017816066741943
0.527148962020874
0.6072710156440735
0.9532895088195801
0.4482962191104889
0.626853346824646
0.5765594244003296
0.6837801933288574
0.49437078833580017
0.39294105768203735
0.5852616429328918
0.2342885434627533
0.5902731418609619
0.4754319190979004
0.44140490889549255
0.2499384582042694
0.537331223487854
0.6628955006599426
0.5662860870361328
0.7489441633224487
0.628993034362793
0.341459721326828
0.2955840229988098
0.41109219193458557
0.2885095477104187
0.21823778748512268
0.4820972979068756
0.31667935848236084
0.8178600072860718
0.8268676996231079
0.736333966255188
0.24731235206127167
1.4007132053375244
0.8792400360107422
0.5069898962974548
0.6307696104049683
0.35054826736450195
0.4307965636253357
0.8589137196540833
0.65931236743927
0.6248737573623657
0.5345714688301086
0.4774523675441742
0.8199321627616882
0.3597244918346405
0.23765632510185242
0.327716201543808
0.4717613160610199
0.4277491569519043
0.1510569304227829
0.46750813722610474
0.8604171872138977
0.21751585602760315
0.7811700105667114
0.26586657762527466
0.5859348177909851
0.32083868980407715
0.27462345361709595
0.6990777850151062
0.5647976994514465
0.5908543467521667
0.6259379982948303
0.7677298784255981
0.35550230741500854
0.29791203141212463
0.1528681069612503
0.3977009356021881
0.603855550289154
0.3987736105918884
0.6434432864189148
0.30071812868118286
0.46121126413345337
0.5017547607421875
0.7608672380447388
0.2001200169324875
0.42919111251831055
0.4485653340816498
0.48239046335220337
0.43074265122413635
0.3518224060535431
0.6044591665267944
0.6512447595596313
0.8809695243835449
0.6908039450645447
0.41491347551345825
0.33756065368652344
0.38764986395835876
0.3250952661037445
0.3345296382904053
0.2387598752975464
0.33859509229660034
0.4749193787574768
0.730636477470398
0.3388848900794983
0.40227586030960083
0.33628028631210327
0.6131284236907959
0.9470227360725403
1.4850066900253296
0.7370574474334717
0.37686505913734436
0.43671655654907227
0.5981356501579285
0.6998617649078369
0.4472484588623047
0.6032518148422241
0.39604005217552185
0.3777124583721161
0.40367642045021057
0.5604023933410645
0.8971818685531616
0.6241165995597839
0.5515551567077637
0.48481112718582153
0.27480292320251465
0.42307981848716736
0.6324509382247925
0.3937171697616577
0.30179136991500854
0.5764203071594238
0.24799509346485138
0.44608211517333984
0.21915197372436523
0.6571236848831177
0.4356004297733307
0.4087245464324951
0.3362925052642822
0.5458122491836548
0.8906567692756653
0.3030337393283844
0.3962247371673584
0.4730764329433441
0.30755549669265747
0.3336876630783081
0.9542826414108276
0.4288868308067322
0.3664858341217041
0.35557958483695984
0.3736930191516876
0.3330760598182678
0.37570920586586
0.609405517578125
1.131571650505066
0.6536546349525452
0.32613199949264526
1.084633469581604
0.3978610634803772
0.38337478041648865
0.36187267303466797
0.3766331076622009
0.6039652824401855
1.1937732696533203
0.22885222733020782
0.9564899206161499
0.48961710929870605
1.0030708312988281
0.5729197859764099
0.93150794506073
0.949974536895752
0.2057114541530609
0.3407878279685974
0.678769588470459
0.4596760869026184
0.24049845337867737
0.4046572744846344
0.49527621269226074
0.8251803517341614
0.7703874707221985
0.6048966646194458
0.20368704199790955
0.6272412538528442
0.38269469141960144
0.4322245121002197
0.5984646081924438
0.31408724188804626
0.5829600691795349
0.5201165080070496
0.7091385722160339
0.821112334728241
0.613124668598175
0.9439155459403992
0.6778261065483093
0.41465577483177185
0.3168249726295471
0.4051138460636139
