0.5598875284194946
0.7250089049339294
0.7687404155731201
0.35299867391586304
0.33166757225990295
0.42964062094688416
0.41515058279037476
0.3642882704734802
0.27329152822494507
0.487337201833725
0.31811994314193726
0.702598512172699
0.45690402388572693
0.6512118577957153
0.6951278448104858
0.30637919902801514
0.1724328100681305
0.24777337908744812
0.3514145016670227
0.5950576066970825
0.5935471653938293
0.3657309114933014
0.4198583960533142
0.225838303565979
0.46431389451026917
0.33768218755722046
0.9012898206710815
0.7958763241767883
0.45855656266212463
0.4955568313598633
0.6875935196876526
0.3494738042354584
0.38727930188179016
0.4745466113090515
0.8040111660957336
0.5941870808601379
0.3862493634223938
0.5895919799804688
0.3545174300670624
0.7066476345062256
0.2731282114982605
0.5475529432296753
0.5931391716003418
0.3461681008338928
0.7043339014053345
1.0057165622711182
0.38701167702674866
0.7825318574905396
0.5561410188674927
0.30047592520713806
0.7927944660186768
0.5035617351531982
0.41843360662460327
0.3082459568977356
0.9275816082954407
0.4103929400444031
0.28046607971191406
0.4242100119590759
0.30327290296554565
0.3887544572353363
1.4635531902313232
0.5085211992263794
0.4229002892971039
0.546646773815155
0.5466381311416626
0.30083057284355164
0.5216384530067444
0.5192015767097473
0.9297474026679993
0.3832482099533081
0.9966405630111694
0.36686190962791443
0.43691539764404297
0.8196752667427063
0.4129471182823181
0.7351256012916565
0.4437592029571533
0.4846316874027252
0.33255597949028015
0.7594369053840637
0.6991958618164062
0.18490642309188843
0.3338625431060791
0.43765315413475037
0.46074098348617554
0.7166174054145813
0.28770455718040466
0.5707441568374634
0.3969581425189972
0.4866121709346771
0.29257145524024963
0.31696927547454834
0.6230095028877258
0.19644570350646973
0.8009613752365112
0.30551114678382874
0.26612573862075806
0.4709698259830475
0.8130462765693665
0.5132635831832886
0.4826219081878662
0.4645935595035553
0.3357018232345581
0.3557766079902649
1.3080785274505615
0.7032198905944824
0.48437219858169556
0.22123666107654572
0.4519273638725281
0.7482496500015259
0.6216462850570679
0.5752484798431396
0.3213922679424286
0.3689236044883728
0.4264521598815918
0.47841328382492065
0.49174633622169495
0.4358981251716614
0.6380192041397095
0.4568830132484436
1.0991889238357544
0.6942859888076782
0.516961932182312
0.8471688032150269
0.269003689289093
0.3031727373600006
0.5173383951187134
0.7195428609848022
0.5632215142250061
1.0386935472488403
1.0952879190444946
0.49189648032188416
1.7603651285171509
0.4844047427177429
0.5723031163215637
0.5132519602775574
0.5973935127258301
0.3333309292793274
0.610895037651062
0.256541907787323
0.4136691987514496
0.30326369404792786
0.5303330421447754
0.5168651342391968
0.7752223610877991
0.35259366035461426
0.6022690534591675
0.782302737236023
0.5384698510169983
0.3973858952522278
0.3135371506214142
0.21101954579353333
0.5345483422279358
0.3672361969947815
0.6896891593933105
0.5797359347343445
0.5187050104141235
0.2271479070186615
0.7687951922416687
0.48025694489479065
0.7440189719200134
0.3447222113609314
0.5555723905563354
0.955980658531189
0.31889328360557556
0.4488183557987213
0.5447280406951904
0.19212546944618225
0.34599846601486206
0.6032248735427856
0.45744675397872925
0.3899337947368622
0.4142290949821472
0.9238053560256958
0.36737754940986633
0.5910738706588745
0.5017991065979004
0.2520659267902374
0.3601863384246826
0.6138316988945007
0.596175491809845
0.5334174036979675
0.8920282125473022
0.4133613705635071
0.5257004499435425
0.43709850311279297
0.5511365532875061
1.1468534469604492
0.7887080311775208
0.9864118695259094
0.4255606234073639
0.2800920605659485
0.9158204197883606
0.8078390955924988
0.5420028567314148
0.20106510818004608
0.30457890033721924
0.568412184715271
0.5559523105621338
0.4319538474082947
0.31165066361427307
0.6139439344406128
0.894727349281311
0.5159169435501099
1.0387790203094482
0.6234476566314697
0.6333250999450684
0.6917766332626343
0.3405279517173767
0.2882559895515442
0.6035367250442505
0.8420124053955078
0.5644397139549255
1.3045696020126343
1.1393448114395142
0.42098134756088257
0.32744523882865906
0.9057838320732117
0.7861339449882507
0.5052748322486877
0.4706995487213135
0.6771351099014282
0.9325481653213501
0.6599162817001343
0.49716800451278687
0.39064228534698486
0.4105558395385742
0.7313045263290405
0.5404393076896667
0.48613619804382324
0.5186429023742676
0.3101860582828522
0.6909211874008179
0.3391774594783783
0.8250631093978882
0.46087536215782166
0.40633606910705566
0.46582192182540894
0.3782840371131897
0.5200114846229553
0.5699368715286255
0.6392615437507629
0.9097201228141785
0.5430204272270203
0.9627310633659363
0.49600428342819214
0.6533234119415283
0.4955105185508728
0.6925347447395325
0.872433066368103
0.4209422171115875
0.41243690252304077
0.708785891532898
0.2874627709388733
0.5191932916641235
0.4413050711154938
1.1528465747833252
0.5121634602546692
0.5732611417770386
0.45897015929222107
0.6171727776527405
0.28692716360092163
0.3826291263103485
1.0843652486801147
0.28386637568473816
0.46391281485557556
1.1160558462142944
0.3375338017940521
0.5017135739326477
0.6028103232383728
1.2551077604293823
0.6303991675376892
0.5158331394195557
0.6120842695236206
0.9762991666793823
0.6893972158432007
0.43026670813560486
0.686955451965332
0.5328398942947388
0.7380379438400269
1.3702282905578613
0.40202388167381287
0.8747395277023315
0.593752920627594
0.8885237574577332
0.5097880363464355
0.2994682788848877
0.6406522989273071
0.6922155022621155
0.5680497884750366
0.5664348006248474
0.4532017707824707
0.6233540773391724
0.5277681946754456
0.5514672994613647
0.38250598311424255
0.46558427810668945
0.6565707921981812
0.4435668885707855
0.716841995716095
0.3187728226184845
0.21569481492042542
0.6476208567619324
0.43134284019470215
0.8161205053329468
0.6586874723434448
0.2592855393886566
0.7622289061546326
0.2606663107872009
0.5714241862297058
0.6745182275772095
1.0381700992584229
0.7760022878646851
0.35936078429222107
0.14045743644237518
0.5116831064224243
0.8285295367240906
0.35014405846595764
0.5943948030471802
0.2764078974723816
0.3587706387042999
0.5084677934646606
0.4159349799156189
0.18122224509716034
1.0386656522750854
0.7717656493186951
0.3050152659416199
0.5378812551498413
0.29345834255218506
0.9149242639541626
0.5972300171852112
0.4349852502346039
0.7953125834465027
0.6809257864952087
0.37108224630355835
0.6784219741821289
0.8055790662765503
0.5349826812744141
