0.31427550315856934
0.38002318143844604
0.398425430059433
0.5142035484313965
0.3344629406929016
0.28215718269348145
0.20861223340034485
0.7701774835586548
0.3958964943885803
0.36435478925704956
0.7991797924041748
0.4833129942417145
0.3582935333251953
0.5371554493904114
0.5172243714332581
1.0399367809295654
0.8247448801994324
0.7384927868843079
0.5119391679763794
0.6419479846954346
0.3301237225532532
0.4735832214355469
0.7338320016860962
0.5232771635055542
0.253727525472641
0.47964030504226685
0.4945308566093445
0.3526694178581238
0.44878077507019043
0.4387286603450775
0.41574472188949585
0.8643180131912231
1.0022989511489868
0.45978227257728577
0.31245869398117065
0.3776493966579437
0.4411191940307617
0.2604384422302246
0.1729123294353485
1.1055371761322021
0.3763335347175598
0.3679261803627014
0.2481248825788498
0.3404165804386139
0.33851751685142517
0.34259432554244995
0.4907589852809906
0.6765076518058777
0.49554452300071716
0.22939090430736542
0.4620588421821594
0.5465471148490906
0.3498266339302063
0.7790584564208984
0.3268956243991852
0.5886321067810059
0.3045462667942047
0.6141341924667358
0.499802827835083
1.0673857927322388
0.5418571829795837
0.5049673318862915
0.6474812626838684
0.25960642099380493
0.4164518415927887
0.5029302835464478
0.46500253677368164
0.4999690055847168
0.531974196434021
0.3449890911579132
1.0796189308166504
0.3936125636100769
0.6738284826278687
0.8216758966445923
0.6878317594528198
0.48081064224243164
0.5715111494064331
1.061306357383728
0.8518053889274597
0.5823358297348022
0.2912593483924866
0.8753048181533813
0.6094861030578613
0.4027530550956726
0.23000383377075195
0.3524705469608307
0.8284612894058228
0.6890192031860352
0.5015469789505005
0.47195950150489807
1.1670929193496704
0.5330628752708435
0.3370777666568756
0.5730870962142944
0.8644960522651672
0.44573506712913513
0.5928893685340881
0.3683176636695862
0.45328474044799805
0.5756099224090576
0.5193964242935181
0.23183301091194153
0.34711986780166626
0.5558019280433655
0.5218622088432312
0.6515235900878906
0.7695775628089905
0.9081999063491821
0.6317548751831055
0.45454925298690796
0.34673577547073364
0.49208077788352966
0.17091944813728333
0.4492742419242859
0.5735868215560913
0.4276178777217865
0.5570256114006042
0.8349506258964539
0.5062350630760193
0.6142749786376953
0.756831705570221
0.16815489530563354
0.4529007077217102
0.5405765771865845
0.5691089034080505
0.4334867596626282
0.4706265330314636
0.6253807544708252
0.7997874021530151
0.47798117995262146
0.901688277721405
0.5402622222900391
0.823316752910614
0.41090089082717896
0.7831087708473206
0.7597389817237854
0.3737553358078003
0.7888485789299011
0.3462262749671936
0.4245275855064392
0.27723604440689087
0.6629388928413391
0.342342346906662
0.5599747896194458
0.39876484870910645
0.4819418787956238
0.42469462752342224
0.4953969120979309
0.5224915146827698
0.6497024297714233
0.3869941532611847
1.3316510915756226
0.46316099166870117
0.5186425447463989
0.18022505939006805
0.6684749722480774
0.43565019965171814
0.17610764503479004
0.780089259147644
0.5639596581459045
0.4894345700740814
0.4560004770755768
0.20115995407104492
0.4812471270561218
0.19084127247333527
0.4839230477809906
1.1139349937438965
0.2477167546749115
0.5216410756111145
0.572419285774231
0.34189778566360474
0.4253314137458801
0.5352509617805481
0.7449019551277161
0.930585503578186
0.5459546446800232
0.5943775177001953
1.2193154096603394
0.5183737874031067
0.6906144022941589
0.21630744636058807
0.8054962158203125
0.7629292607307434
1.4300358295440674
0.6491512060165405
0.2034856379032135
0.4292018413543701
0.940952479839325
0.7385314106941223
0.6043023467063904
0.4747704565525055
0.6402579545974731
0.35831478238105774
0.3191511631011963
0.6276676654815674
0.6734603643417358
0.16472092270851135
0.41740885376930237
0.5656773447990417
0.4858880639076233
0.4732464849948883
0.6815404891967773
0.41353970766067505
0.5166310667991638
0.6854912042617798
0.5956652760505676
0.673599123954773
0.5176355838775635
0.3523121774196625
0.5148583650588989
0.24397000670433044
0.6018257141113281
0.5648988485336304
0.9504168629646301
0.45113405585289
0.2806600332260132
0.5194981694221497
0.3319704234600067
0.49721312522888184
0.4143764078617096
0.7626463174819946
0.35044974088668823
0.3044074475765228
0.4481450021266937
0.6529284715652466
0.6713855266571045
0.5476192235946655
0.9436914324760437
0.47414952516555786
0.344888299703598
0.8952094316482544
1.1737146377563477
1.143768072128296
0.7887216806411743
0.7288121581077576
0.6409106254577637
0.3552895188331604
0.2674397826194763
0.4941408038139343
0.44946789741516113
0.35023123025894165
0.5086263418197632
0.6344894170761108
0.32792800664901733
0.6176499128341675
0.20656457543373108
0.8108443021774292
0.5320326685905457
1.1730892658233643
0.325930118560791
0.6123743653297424
0.7694199681282043
0.3708239495754242
0.5614679455757141
0.458975613117218
0.37342438101768494
0.6038068532943726
0.311727374792099
0.45827046036720276
0.43816447257995605
0.268748015165329
0.5211871862411499
0.4385957717895508
0.8365980386734009
0.560172975063324
0.4341217577457428
0.5970523953437805
0.380150705575943
0.35607677698135376
1.075318694114685
0.16187281906604767
0.30097874999046326
0.7828487753868103
0.3970390856266022
0.6198748350143433
0.34506604075431824
0.581917405128479
0.4183955788612366
1.3721827268600464
0.6033092141151428
0.376682847738266
0.42433100938796997
0.5663741230964661
0.605568528175354
0.5560117363929749
0.38225075602531433
0.45934563875198364
0.3070683777332306
0.3294719159603119
0.3629190921783447
0.5953612923622131
0.2508336007595062
0.6198493242263794
0.5408022999763489
0.6772090196609497
0.8273862600326538
0.41200703382492065
0.41487056016921997
0.7291501760482788
0.3890592157840729
0.23812183737754822
0.365499883890152
0.3018469512462616
0.17622949182987213
0.3289242684841156
0.42601078748703003
0.29418566823005676
0.8591645359992981
0.560172438621521
0.4502798020839691
0.5814516544342041
0.4855338931083679
0.46046653389930725
0.5198382139205933
0.8511716723442078
0.7017629742622375
0.3912842273712158
0.3081388771533966
0.5514012575149536
0.7128602266311646
0.8209410905838013
0.40505996346473694
0.3339765667915344
0.4675958752632141
0.4163649082183838
0.6095699071884155
0.26197052001953125
0.5672494173049927
0.33209484815597534
0.5812904834747314
0.7779123783111572
0.3294607698917389
0.4331638216972351
0.9281865954399109
0.4204736649990082
0.44206637144088745
0.4609261155128479
1.7702083587646484
