0.9366768598556519
1.241737723350525
0.8330131769180298
0.9387931823730469
0.9755657911300659
0.8044469952583313
0.8112673759460449
0.8848158121109009
1.0860062837600708
0.9122157096862793
0.9044713973999023
0.9713535308837891
1.0236270427703857
0.9589683413505554
1.122730016708374
0.8459175229072571
0.9563788175582886
0.8960391283035278
0.8586028814315796
0.9908037185668945
0.940860390663147
1.0476386547088623
1.1991099119186401
1.0754544734954834
1.0032190084457397
1.3239076137542725
1.2310186624526978
0.9249740839004517
0.7843181490898132
0.9357017278671265
1.1313908100128174
0.9742437601089478
1.2077202796936035
1.0314152240753174
1.0974512100219727
0.8901225924491882
0.9060730934143066
0.9785380363464355
0.9091995358467102
0.8450689315795898
0.7609260678291321
0.8018023371696472
1.1521375179290771
0.9475873708724976
1.1864619255065918
1.0029643774032593
1.2095844745635986
0.9270469546318054
1.081086277961731
0.9894386529922485
1.0362883806228638
0.9193127751350403
0.8863875269889832
1.0835621356964111
1.0624349117279053
0.9666017293930054
0.727615237236023
0.8301739692687988
1.5423929691314697
1.041001796722412
0.9010617136955261
0.8340379595756531
1.0128580331802368
0.96649169921875
0.9903182983398438
0.7626219987869263
0.9690381288528442
1.0513619184494019
1.0707179307937622
1.1145442724227905
0.9107518196105957
1.2368521690368652
0.793594479560852
0.9955989718437195
0.8559262156486511
0.9441241025924683
0.8722831606864929
1.0469697713851929
0.8360704183578491
0.9650874137878418
0.92645663022995
0.9948806762695312
1.179109811782837
0.7549327611923218
0.8550284504890442
0.8221826553344727
0.9987412691116333
0.8825806379318237
0.8909664154052734
1.2654311656951904
0.7090450525283813
1.3720391988754272
0.990312397480011
1.1028223037719727
0.6924011707305908
1.0741603374481201
0.6808969378471375
0.8996437191963196
1.1733940839767456
1.1555557250976562
0.9929176568984985
1.0958932638168335
1.0289733409881592
0.9512871503829956
1.0376060009002686
0.908428966999054
1.0087555646896362
0.6119087338447571
0.9779966473579407
0.9224411845207214
1.2011007070541382
1.2473586797714233
1.2495343685150146
0.9987753033638
0.7943776845932007
0.8112513422966003
1.0795327425003052
1.0759297609329224
0.9479177594184875
0.8967016339302063
0.8320469856262207
0.9421809911727905
0.7461163997650146
0.8845741152763367
1.0287272930145264
0.8318710327148438
0.8829879760742188
1.1268718242645264
0.9014646410942078
0.8962196111679077
1.3285859823226929
1.345704436302185
0.9182073473930359
0.8620174527168274
0.7719764709472656
0.9491569399833679
0.8037409782409668
1.0354496240615845
0.8261316418647766
1.169905424118042
1.536403775215149
1.048661708831787
0.8036118745803833
1.111562728881836
1.2041200399398804
0.7887599468231201
0.8009797930717468
0.9311736822128296
0.6998966932296753
0.7794193625450134
0.640783965587616
1.1554577350616455
1.0820679664611816
0.7539892792701721
0.9634224772453308
1.3106311559677124
1.2446329593658447
1.1243292093276978
0.9926007986068726
1.2948664426803589
1.0138185024261475
0.8370729684829712
0.7089513540267944
1.050605058670044
0.9664140939712524
1.016967535018921
0.8727309107780457
1.262017846107483
0.7602587938308716
0.899336040019989
1.0180909633636475
1.0403594970703125
0.867526650428772
0.8264355659484863
1.0052673816680908
1.1652607917785645
0.8472817540168762
0.7697438597679138
1.034034013748169
0.8899720311164856
1.1317005157470703
0.9867676496505737
1.0442835092544556
0.8289822340011597
1.0073916912078857
1.351052165031433
0.997811496257782
1.4239282608032227
1.1421842575073242
1.0730184316635132
1.1503643989562988
1.0055898427963257
1.0472848415374756
0.9944326281547546
0.995278000831604
1.2515619993209839
1.2896742820739746
0.9033104777336121
1.2087533473968506
1.175384521484375
1.0436664819717407
1.0843749046325684
1.2222083806991577
1.0213267803192139
1.0366345643997192
0.8886072039604187
0.8905923962593079
0.9227132797241211
0.9291833639144897
0.9013818502426147
0.895107626914978
0.9022053480148315
1.1793997287750244
1.0535342693328857
0.872189998626709
0.8516507148742676
0.9170129895210266
1.0124727487564087
1.0167797803878784
0.9615562558174133
0.7514423131942749
0.9168189764022827
0.7181204557418823
0.9986320734024048
1.0288156270980835
1.0530550479888916
0.940456748008728
0.9173577427864075
0.9409196972846985
1.2564194202423096
1.1215760707855225
0.8475594520568848
0.8568350672721863
1.1513144969940186
0.8585646748542786
0.989616870880127
0.782745897769928
1.014824628829956
0.8836329579353333
1.2093662023544312
0.8520801663398743
0.8727231025695801
0.8995750546455383
1.402240514755249
0.8637574911117554
1.073889970779419
0.9917465448379517
1.0249722003936768
1.0865910053253174
0.8370221257209778
1.5092227458953857
0.8148509860038757
1.0233092308044434
1.0908894538879395
0.8719617128372192
1.0912065505981445
1.1737526655197144
1.0333462953567505
1.1008532047271729
1.0217252969741821
1.1415225267410278
0.9360339045524597
1.0356013774871826
0.9363328814506531
1.1366901397705078
1.1493923664093018
1.0036637783050537
0.9524218440055847
0.952541708946228
1.0945919752120972
1.0830670595169067
0.9153526425361633
1.0823040008544922
1.0139740705490112
0.9528205990791321
0.9829776883125305
1.0218479633331299
0.9864627718925476
1.0231997966766357
0.8899613618850708
0.8712390065193176
0.9164937138557434
1.0827412605285645
0.8524163961410522
0.8727272748947144
1.1601760387420654
0.663057804107666
0.9008730053901672
1.1121370792388916
0.820307731628418
0.8804224729537964
0.9219082593917847
0.905968964099884
0.8690903782844543
0.9502504467964172
1.2624452114105225
0.8039939999580383
1.2992175817489624
0.9802888035774231
0.87492835521698
1.0552089214324951
0.6844345927238464
0.8743866086006165
1.089105248451233
1.1488850116729736
1.1520671844482422
0.9322665333747864
1.0631637573242188
0.870782732963562
1.0343750715255737
1.1634317636489868
1.007861852645874
1.494729995727539
0.7483865022659302
1.1565958261489868
0.8089214563369751
1.057286024093628
0.8495675921440125
0.9788807034492493
1.0522994995117188
0.7759061455726624
0.8719474077224731
1.0098403692245483
0.8876789808273315
0.9891365170478821
0.7986672520637512
0.8757566213607788
1.4615437984466553
1.151949405670166
0.9480137825012207
1.0129135847091675
0.8711584806442261
1.0662806034088135
1.121433973312378
0.8430670499801636
0.8269850611686707
0.7514925599098206
1.543847918510437
