0.5378750562667847
0.4171587824821472
0.3832259178161621
0.4088722765445709
0.6362786889076233
0.6932616233825684
0.7208747863769531
0.5031579732894897
0.36300039291381836
0.2415473759174347
0.6541022062301636
1.163927674293518
0.4726259112358093
0.30652880668640137
0.35394835472106934
0.7127501964569092
0.7783789038658142
0.5938607454299927
0.469217449426651
0.45135417580604553
1.1973050832748413
0.26555877923965454
0.4759880006313324
0.9379412531852722
0.3108753561973572
0.3969246745109558
0.47630247473716736
0.38307178020477295
0.5151007771492004
0.47930270433425903
0.5484941601753235
0.4425031542778015
0.3403233587741852
0.6121503114700317
0.42115193605422974
0.8209648132324219
0.2688681483268738
0.426175057888031
0.8462008237838745
0.7674644589424133
1.0847008228302002
0.8483214378356934
0.40089941024780273
0.45188647508621216
0.485126256942749
0.3636513352394104
0.45590686798095703
0.40987545251846313
0.554542064666748
0.26324790716171265
0.9669497609138489
0.41702643036842346
1.143506646156311
1.101364016532898
0.5723044276237488
0.32281923294067383
0.615090012550354
0.5827532410621643
1.1185437440872192
0.2572094202041626
0.48043519258499146
0.5361660122871399
0.7494940161705017
0.27934420108795166
0.4868288040161133
1.0008001327514648
0.16610759496688843
0.5272047519683838
0.08438888192176819
0.6752538681030273
0.829048752784729
0.30939191579818726
0.2769037187099457
0.8582077026367188
0.604051411151886
0.5454824566841125
0.34572696685791016
0.38918599486351013
0.4084412455558777
0.524651288986206
0.3700726628303528
0.4387377202510834
0.31743666529655457
0.3129059076309204
0.37128108739852905
0.5853687524795532
0.3642885684967041
0.33640947937965393
0.7179807424545288
0.559834897518158
0.4120219349861145
0.42790278792381287
0.3662102222442627
0.6144586801528931
0.5142008662223816
0.5120869874954224
0.4470483660697937
0.3184301257133484
0.9598280191421509
0.7947109937667847
0.7173866033554077
0.6071144938468933
0.6599807739257812
0.4166242480278015
0.5710161924362183
0.9265815615653992
0.3419678807258606
0.358206570148468
0.2735210061073303
0.9354141354560852
0.6769468188285828
0.6282774209976196
0.3806905150413513
0.7023240923881531
0.5153366327285767
0.27811360359191895
0.7266769409179688
0.5104042887687683
0.4492102563381195
0.7852674126625061
0.8458124995231628
0.5288500785827637
0.7682108283042908
0.43479371070861816
0.4467598795890808
0.2750841975212097
0.445453017950058
0.49007147550582886
0.4750286042690277
0.5471367239952087
0.8608530163764954
0.3883008062839508
0.4495542049407959
0.491760790348053
0.9517953991889954
0.2879331111907959
0.5962643623352051
0.8286031484603882
0.3269888460636139
0.5055396556854248
0.42763862013816833
0.47255247831344604
0.6052483320236206
0.34574076533317566
0.3507888913154602
0.5700119733810425
0.5732720494270325
0.7937915921211243
0.24305959045886993
0.5234805345535278
0.9134492874145508
0.4508798122406006
0.6486824750900269
0.8444733619689941
0.22678318619728088
0.47244763374328613
0.6797889471054077
0.8583555221557617
0.22323933243751526
0.16106094419956207
0.3785920739173889
0.4196223318576813
0.8495424389839172
0.6256431341171265
0.2703406512737274
0.5326598286628723
0.5773895382881165
0.7370072603225708
0.5714389681816101
1.2538719177246094
0.5125694870948792
0.7113342881202698
0.3166835606098175
0.38716042041778564
0.7224471569061279
0.7701073288917542
0.552203357219696
0.6922376751899719
0.3012111783027649
0.6026461720466614
0.9016703367233276
1.0833989381790161
0.5813737511634827
0.8006293177604675
0.3995572626590729
0.2750047445297241
0.47475504875183105
1.0094091892242432
0.593824565410614
0.3057173490524292
0.5710183382034302
0.5651506185531616
0.7191182374954224
0.4012589454650879
1.0660779476165771
0.6427868604660034
0.47620630264282227
0.4281505048274994
0.7036968469619751
0.44240278005599976
0.9417239427566528
0.7034940123558044
0.5026302337646484
0.49100369215011597
0.6809670925140381
0.7135552763938904
0.16562901437282562
0.5147833824157715
0.5288008451461792
0.6069539785385132
1.0518189668655396
0.24602918326854706
0.2084513157606125
0.2564065158367157
0.5342057347297668
0.6417627930641174
0.3871811330318451
0.24489781260490417
0.42726999521255493
0.3776896893978119
0.517899215221405
0.7474120855331421
0.4534800052642822
0.9342193603515625
0.515842616558075
0.41228732466697693
0.5505214929580688
0.3294072151184082
0.3057231903076172
0.39208969473838806
0.5817219018936157
0.5843108892440796
0.5186145901679993
0.540643036365509
0.3519022464752197
0.5490759611129761
0.5319185256958008
0.6002545356750488
0.8198454976081848
0.5511715412139893
0.42881330847740173
0.47061687707901
1.3891875743865967
0.5453007817268372
0.5122354626655579
0.6937495470046997
0.656624972820282
0.5927441716194153
0.4654110074043274
0.2774572968482971
0.4442805349826813
0.5316755175590515
0.4483841061592102
0.6944299340248108
0.6328982710838318
1.1887388229370117
0.28690069913864136
0.5840945243835449
0.48114341497421265
0.3741668164730072
0.6058884859085083
0.4528447091579437
0.8382972478866577
0.7391881346702576
0.6866838335990906
0.6607176065444946
0.7804206609725952
0.7582254409790039
0.253274142742157
0.3744696080684662
0.31166762113571167
0.6291630864143372
0.6441088914871216
0.38071209192276
0.26795023679733276
1.0522854328155518
0.47145310044288635
0.7167050242424011
0.6418452262878418
0.30500373244285583
0.4132468104362488
0.44163674116134644
0.2197890281677246
0.44638609886169434
0.491091787815094
0.6487802267074585
0.5523990392684937
0.5844956636428833
1.117343544960022
0.5128419399261475
0.2538021504878998
0.5534812211990356
1.2114585638046265
0.6105822324752808
0.39879679679870605
0.6035887002944946
0.5184594392776489
0.21709847450256348
0.40515804290771484
1.1553995609283447
0.39476650953292847
0.3504379689693451
0.6875350475311279
0.592056393623352
1.2546693086624146
0.5181640386581421
0.35110509395599365
0.49612998962402344
0.41638725996017456
0.7978425025939941
0.5133787393569946
0.4236249029636383
0.4128572344779968
0.3115001916885376
0.4186740815639496
0.6852954626083374
0.9977753758430481
0.46622031927108765
0.3209584057331085
0.3867492377758026
0.2865631580352783
0.6942871809005737
0.4118751883506775
0.5265300869941711
0.33476313948631287
0.3996964693069458
0.3064904808998108
0.2791818678379059
0.30710795521736145
0.4646405279636383
0.4310927987098694
0.802843451499939
0.34907370805740356
0.6505882143974304
0.9937165379524231
0.6041924953460693
0.9096639752388
1.7588754892349243
