0.33138352632522583
0.6045471429824829
0.506414532661438
0.8173457980155945
0.4369102418422699
0.6360292434692383
0.2765273451805115
0.5151116251945496
0.37984102964401245
0.6861250996589661
0.708057165145874
0.25624164938926697
0.37817782163619995
0.6158498525619507
0.32997801899909973
0.5331819653511047
0.3811034858226776
0.6206857562065125
0.6630573272705078
0.29005667567253113
0.4411466121673584
0.44864708185195923
0.42547446489334106
0.40298527479171753
0.871953010559082
0.5692281723022461
0.48457685112953186
0.5925501585006714
0.6106236577033997
0.7431896924972534
0.3290005028247833
0.4700131416320801
0.411750853061676
0.600712239742279
1.582844614982605
0.47493624687194824
0.4300990700721741
0.27768272161483765
1.1454249620437622
0.4335955083370209
0.13514910638332367
0.508222222328186
0.7227979302406311
0.29135018587112427
0.40601977705955505
0.6302110552787781
0.3660357594490051
0.5717630386352539
0.6562480926513672
1.1932569742202759
0.7093279957771301
0.3833065330982208
0.7563919425010681
0.6389679312705994
0.3610563278198242
0.40608954429626465
0.11767065525054932
0.6992675065994263
0.6602801084518433
0.6444061398506165
0.7863154411315918
0.15884505212306976
0.9494577646255493
0.6094270944595337
0.5631366968154907
0.47140488028526306
0.8869249224662781
0.5995944142341614
0.4782782196998596
0.5484613180160522
0.2688533663749695
0.23491322994232178
0.32307738065719604
1.860027551651001
0.4380252957344055
0.495352178812027
0.8164511919021606
0.369484007358551
0.3817650377750397
0.6839165091514587
0.5956898927688599
0.2743544578552246
0.22926346957683563
0.20083113014698029
0.34276115894317627
0.4556714594364166
0.39927592873573303
0.7291314601898193
0.48422032594680786
0.8467470407485962
1.1262178421020508
0.6788161993026733
0.3085521161556244
0.5482109785079956
0.45599430799484253
0.5455487966537476
0.49596261978149414
0.6283182501792908
1.1351244449615479
0.44187742471694946
0.45992612838745117
0.48888295888900757
0.40205836296081543
0.807376503944397
0.3537117540836334
0.6442552804946899
0.5795184373855591
0.5961119532585144
0.3118561804294586
0.9715975522994995
0.36045557260513306
0.840100884437561
0.43540850281715393
0.4086062014102936
0.23147793114185333
0.43725743889808655
0.5340873599052429
0.27030882239341736
0.5562012791633606
0.7071257829666138
0.5720319151878357
0.2531338036060333
0.6633522510528564
0.19498825073242188
0.32463544607162476
0.9206671714782715
0.3804320991039276
0.4238004684448242
0.6199253797531128
0.2238813191652298
0.48666420578956604
0.35305601358413696
0.9600850343704224
0.37737327814102173
0.45974379777908325
0.8843156695365906
0.6328282952308655
0.8740415573120117
0.17216984927654266
0.7279461622238159
0.519462525844574
1.0180776119232178
0.535237193107605
0.5097717046737671
0.34978431463241577
0.3410070240497589
0.5565436482429504
0.8625469207763672
0.541992723941803
0.3140226900577545
1.072498083114624
0.4202024042606354
0.8148061037063599
0.8709681630134583
0.423719584941864
0.595638632774353
0.7082347273826599
0.23916253447532654
0.6204675436019897
0.8199569582939148
0.8870370984077454
0.40624314546585083
0.6270150542259216
0.38041090965270996
0.49153757095336914
0.4636453092098236
0.3143913149833679
0.2561473846435547
0.29343417286872864
0.41942882537841797
0.31025731563568115
0.602128803730011
0.7626196146011353
0.6571048498153687
0.4234771728515625
0.4750468134880066
0.4232965111732483
0.9096671938896179
0.49079078435897827
0.6927434206008911
0.22422635555267334
0.6686276197433472
0.7734056115150452
0.592949628829956
0.2658783793449402
0.37448978424072266
0.6385225057601929
0.47659000754356384
0.552040696144104
0.39679139852523804
0.5623531937599182
0.36130669713020325
0.263641893863678
0.2387535274028778
0.8945986032485962
0.7484508156776428
0.47273963689804077
0.5726193785667419
0.5185403823852539
0.552463173866272
0.4168841242790222
0.37210965156555176
0.21056029200553894
0.3319472670555115
0.5627464652061462
0.4026959538459778
0.8305727243423462
0.40797892212867737
0.5718585848808289
0.5815682411193848
0.2657705247402191
0.47899532318115234
0.3425072133541107
0.3740207552909851
0.41231298446655273
0.2007235586643219
0.6157229542732239
0.5625268816947937
0.5160453915596008
0.3959006667137146
0.44155722856521606
1.195185899734497
0.512861967086792
0.17543047666549683
0.44741249084472656
0.6024675369262695
0.37229853868484497
0.3810301423072815
0.5680958032608032
0.8187763094902039
0.564228892326355
0.5007292032241821
0.737445056438446
1.0154849290847778
0.4637233316898346
0.9066393971443176
0.6012459993362427
0.6050304770469666
0.35580742359161377
0.6971121430397034
0.5766195058822632
0.39065033197402954
1.0368587970733643
0.9395467638969421
0.5264043211936951
0.5197927951812744
0.245823472738266
0.6497741937637329
0.5165879130363464
0.5415541529655457
0.38278311491012573
0.5536197423934937
0.5211048126220703
0.37543076276779175
0.7029318809509277
0.3320170044898987
0.22910654544830322
1.443529725074768
0.7942514419555664
0.512930691242218
0.5403522849082947
0.450932115316391
0.7396019101142883
0.39849624037742615
0.9122304916381836
0.5434045791625977
0.4026375710964203
0.7215951681137085
0.3704681992530823
0.6413972973823547
0.42344599962234497
0.48057517409324646
0.4727455973625183
0.7366625070571899
0.5499356389045715
0.366606205701828
0.4322547912597656
0.2702666223049164
0.6732376217842102
0.34179607033729553
0.7517767548561096
0.43882447481155396
0.6788372993469238
0.1400565356016159
0.16430522501468658
0.33804792165756226
0.4992796778678894
1.211243987083435
0.2786290943622589
1.2900850772857666
0.5325741171836853
0.6484609246253967
0.878487765789032
0.9696910977363586
0.8465772867202759
1.14140784740448
0.6533728241920471
0.22923126816749573
0.8291802406311035
0.8671844601631165
0.3278411626815796
0.3373594284057617
0.4163378179073334
0.47271957993507385
0.59321129322052
0.7259835004806519
0.5019670724868774
0.3916796147823334
0.5104779005050659
1.0430264472961426
0.8764662742614746
0.5017443299293518
0.9307602047920227
0.541394829750061
0.3595382571220398
0.23958921432495117
0.5656322240829468
0.39567965269088745
0.4018723964691162
0.5100988149642944
0.7013601064682007
0.34718045592308044
0.24920490384101868
0.40942811965942383
0.2008861005306244
0.33721065521240234
0.5844067335128784
0.6151005029678345
0.6985922455787659
0.3961294889450073
0.41446009278297424
0.3654748797416687
0.5472429990768433
0.6180986166000366
0.3406815230846405
0.7204503417015076
0.43533092737197876
0.5505781769752502
