0.6225236654281616
0.6193809509277344
0.37376686930656433
0.20839817821979523
0.6159936785697937
0.34222322702407837
0.9883708953857422
0.566938042640686
0.15959401428699493
0.4061831831932068
0.6142277717590332
0.8947528600692749
0.48142558336257935
0.577444314956665
0.3923457860946655
0.7098920941352844
0.43350186944007874
0.3408467769622803
0.31159257888793945
0.34842783212661743
0.7735666036605835
0.45197343826293945
0.3232855200767517
0.5283134579658508
0.7731783986091614
0.299138605594635
1.1250008344650269
0.8990252614021301
0.9980071783065796
0.3050197958946228
0.9050874710083008
0.2940245270729065
0.2836456596851349
0.752093493938446
0.3214850425720215
0.4192541241645813
0.37637847661972046
0.2519387900829315
0.49628132581710815
0.36746713519096375
0.5323746800422668
0.2236298769712448
0.4860449731349945
0.4431579113006592
0.38834476470947266
0.357441246509552
0.354617178440094
0.9678942561149597
0.588542103767395
0.6300733089447021
0.7280688285827637
0.5390300750732422
0.5312021374702454
0.9033694267272949
0.7024914026260376
0.26870378851890564
0.25714367628097534
0.6588350534439087
0.5498433113098145
0.9825483560562134
0.37937432527542114
0.430276095867157
0.8326510190963745
0.8403927087783813
0.544655978679657
0.9279979467391968
0.4712299406528473
0.345732718706131
0.4757259488105774
0.7633184790611267
0.6217389106750488
0.5540153384208679
0.6708781123161316
0.2700433135032654
0.8254052400588989
0.41936007142066956
0.6700688004493713
0.8772802352905273
0.8289028406143188
0.28462329506874084
0.4347955584526062
0.8323254585266113
0.2824688255786896
0.5174737572669983
1.3695310354232788
0.36457914113998413
0.5687047839164734
0.3395737111568451
0.38032087683677673
0.43070530891418457
0.8378080129623413
0.4504167139530182
0.770672082901001
0.48372381925582886
0.5302828550338745
0.7258313894271851
0.6459774374961853
0.2597406208515167
0.5943310260772705
0.6792470812797546
0.5663210153579712
1.3282384872436523
0.6197564601898193
0.4285833239555359
0.5365864038467407
0.6634986996650696
0.40434566140174866
0.3350685238838196
0.28607168793678284
0.5140842199325562
0.8038223385810852
0.26064786314964294
0.5534161329269409
0.8519799113273621
0.5932787656784058
0.4345858097076416
0.5785071849822998
0.3756352365016937
0.3499545156955719
0.543792724609375
0.5448178052902222
0.3416731059551239
0.2561691403388977
0.5286412239074707
0.7412835359573364
0.8441137075424194
0.20774495601654053
0.36609992384910583
0.31622314453125
0.9403230547904968
0.9300740361213684
0.648055911064148
0.5588478446006775
0.7857747673988342
0.6647223830223083
0.8062621355056763
0.5359259247779846
0.4975547790527344
0.3372686207294464
0.468533456325531
0.4377375543117523
0.5113900899887085
0.6286662817001343
0.14404791593551636
0.45417866110801697
0.7437837719917297
0.22351022064685822
0.4001201093196869
0.3683834373950958
0.7939413785934448
0.9521535038948059
0.6738032102584839
0.3041917383670807
0.3965127468109131
0.5243349075317383
0.2560765743255615
0.4550821781158447
0.3433017134666443
0.21934083104133606
0.36467960476875305
0.542300820350647
0.7960737943649292
0.3692017197608948
0.45454350113868713
0.7872845530509949
0.3171817660331726
0.517453670501709
0.6415563821792603
0.48433899879455566
0.8775866627693176
0.5004032254219055
0.366010844707489
0.7230350375175476
0.22985026240348816
0.6962176561355591
0.6502987742424011
1.2632100582122803
0.5767354965209961
0.7212814092636108
0.285728394985199
0.5641549229621887
0.4145699441432953
0.5480976700782776
0.36745092272758484
1.0083425045013428
0.5646677017211914
0.7277084589004517
0.3944907784461975
0.24084565043449402
0.291653037071228
0.29046180844306946
1.5844961404800415
0.29346221685409546
0.231449156999588
0.2613922357559204
1.460488200187683
0.43992456793785095
0.3591453731060028
0.3358807861804962
0.5347940325737
0.4228474497795105
0.3985671103000641
0.5840827822685242
0.2869388163089752
0.3385998606681824
0.19059590995311737
0.7801627516746521
0.9252642393112183
0.45813971757888794
0.6207587122917175
1.0435631275177002
0.4698513448238373
0.4491143226623535
0.4022313058376312
0.49060505628585815
0.5634446144104004
1.0989553928375244
0.5463544130325317
0.579736053943634
0.19202420115470886
0.47073641419410706
0.530645489692688
0.741503894329071
0.28968265652656555
0.6243473291397095
0.7952849268913269
0.6852460503578186
0.3447127044200897
0.3308759331703186
0.3551271855831146
0.769564151763916
0.38260871171951294
0.6413114666938782
0.513018786907196
0.6192874312400818
0.6091427803039551
0.6450849175453186
0.6319946050643921
1.0968579053878784
0.6405065059661865
0.3883694112300873
0.8725681304931641
0.777617335319519
0.33828577399253845
0.2735856771469116
0.812495231628418
0.38408857583999634
0.4013105034828186
1.407946228981018
0.342110812664032
0.583340048789978
0.4975678026676178
0.6256869435310364
0.7439379692077637
0.5388587713241577
0.6327019333839417
1.9674336910247803
1.1660361289978027
0.3935743272304535
1.3782289028167725
0.5530136227607727
0.7241865396499634
0.5443913340568542
0.6777430176734924
0.5878497958183289
0.5232135057449341
0.4322021007537842
0.7535665035247803
0.7406574487686157
0.28209665417671204
0.2510121464729309
0.5807843804359436
0.6009662747383118
0.6161624789237976
0.2110968381166458
0.45809465646743774
0.25957170128822327
0.5868428945541382
0.4588170647621155
0.6606613993644714
0.6184293627738953
1.0546785593032837
0.6496354341506958
0.5983526706695557
0.46606913208961487
0.47784414887428284
0.34272733330726624
0.6505952477455139
0.21701960265636444
0.31493711471557617
0.6436882019042969
0.46166762709617615
0.1902693808078766
0.7923759818077087
0.40121665596961975
0.433738648891449
0.5192993879318237
0.3884945511817932
0.513419508934021
0.5539551973342896
0.5085121393203735
0.7199374437332153
0.8335822820663452
0.5821740031242371
0.48624294996261597
0.6832589507102966
0.5116297006607056
0.7556928992271423
0.5900298357009888
0.5864957571029663
0.5139434933662415
0.6030592918395996
0.687542736530304
0.433851420879364
0.2827398478984833
0.42411571741104126
0.4107183516025543
0.9403634071350098
0.3319808840751648
0.6852406859397888
0.17571744322776794
0.33199888467788696
0.556370735168457
0.3482712209224701
0.5133494138717651
0.4256628155708313
0.47055739164352417
0.33696332573890686
0.45310649275779724
0.7791961431503296
0.5805070400238037
0.44266098737716675
0.45398005843162537
0.3942263722419739
0.79143226146698
0.766659140586853
0.6264392137527466
1.4089990854263306
