0.4907800555229187
0.45519930124282837
0.8533284068107605
0.43800249695777893
0.22627222537994385
0.574133038520813
0.9199656248092651
0.5767718553543091
0.7339046597480774
1.06778883934021
0.5068737864494324
0.24058027565479279
0.4046470522880554
0.6443110704421997
0.8352263569831848
0.38693803548812866
0.46823257207870483
0.25677743554115295
0.23639866709709167
0.5319257378578186
0.4604823589324951
0.5835109949111938
0.2356933355331421
0.4449893832206726
0.5328408479690552
0.25279730558395386
0.42464327812194824
0.44590917229652405
0.35123416781425476
0.39346784353256226
0.3430705964565277
0.401151180267334
0.5639182329177856
0.5239957571029663
0.4588821530342102
0.4827684760093689
0.8665789365768433
0.3558719754219055
0.4939045011997223
0.5680807828903198
0.3755064010620117
0.4682353138923645
0.35922181606292725
1.1819632053375244
0.3695569932460785
0.2811442017555237
0.6421095132827759
0.7613180875778198
0.39712923765182495
0.18530340492725372
0.6506282091140747
0.44452184438705444
0.46334773302078247
0.4795709252357483
0.4532204270362854
0.3373046815395355
0.5654512643814087
0.8040040731430054
0.5753983855247498
0.6155253648757935
0.5861718058586121
0.5025578737258911
0.3008575141429901
1.008273959159851
0.3368491232395172
0.3245493769645691
0.7475157380104065
0.8551047444343567
0.354905903339386
0.48186540603637695
0.3181528151035309
0.9655140042304993
0.5681533813476562
0.7919172048568726
0.9658357501029968
0.3934555947780609
0.7698777318000793
0.43405571579933167
0.20096831023693085
0.6183137893676758
0.6144758462905884
0.1817924529314041
0.939252495765686
0.2663780152797699
1.1730928421020508
0.6984750032424927
0.9745113253593445
1.1809585094451904
0.26770859956741333
0.22332444787025452
0.27053070068359375
0.44789761304855347
0.6052604913711548
0.46648088097572327
0.4702702462673187
0.5209532380104065
0.5544741749763489
1.0367107391357422
0.2708160877227783
0.7715170979499817
0.5295418500900269
0.5257765650749207
0.3376637399196625
0.5849363207817078
0.4236907958984375
0.4545198976993561
0.6940252184867859
0.7148590087890625
1.0076406002044678
0.7585268020629883
0.45941829681396484
0.8972247838973999
1.3788784742355347
0.9368144869804382
0.2195078581571579
0.41621604561805725
0.6951709389686584
0.46705788373947144
0.4465647339820862
0.329153835773468
0.6289501190185547
0.5671577453613281
0.8334817886352539
0.22367329895496368
0.3766118884086609
0.43883228302001953
0.18150891363620758
0.4045763909816742
0.4765093922615051
0.4891568720340729
0.6787034869194031
0.6738860011100769
0.528532087802887
0.5947850942611694
0.5417650938034058
0.35392794013023376
0.4653509259223938
0.6830453276634216
0.34937480092048645
0.5230046510696411
0.7421442270278931
0.5881001353263855
0.7401849031448364
0.493255615234375
0.40628641843795776
0.3840816020965576
0.29002052545547485
0.3985665440559387
0.6743000745773315
0.8058556318283081
0.25898122787475586
0.4593997001647949
0.8442904353141785
0.4825127124786377
0.5755196213722229
0.6179255843162537
0.4355321526527405
0.6235549449920654
0.5421839952468872
0.596485435962677
1.1706554889678955
0.4856032431125641
1.2838318347930908
0.7056847810745239
0.15867258608341217
0.8036075830459595
0.47117775678634644
0.421734482049942
0.5852140188217163
0.37392741441726685
0.9428636431694031
0.19895580410957336
1.1200155019760132
0.38468074798583984
0.5069794654846191
0.3764491081237793
0.47919607162475586
0.49391087889671326
0.5899826288223267
0.46134012937545776
0.38470086455345154
0.5124524831771851
0.346983939409256
0.8862199783325195
0.2856777012348175
0.4133421778678894
0.2244689017534256
0.55477374792099
0.42519083619117737
0.7436555624008179
0.48574525117874146
0.9963542222976685
0.4950312077999115
0.5144244432449341
0.46135443449020386
1.2690597772598267
0.6381770372390747
0.31999415159225464
0.6080812215805054
0.2715758681297302
0.3353869915008545
0.1701018363237381
0.4136173129081726
0.5992347598075867
0.41808444261550903
0.6042100191116333
0.7587236166000366
0.44383835792541504
0.4373578131198883
0.6914533376693726
0.48057419061660767
0.5412266850471497
0.5723250508308411
0.49338334798812866
0.3984757363796234
0.5653861165046692
0.4652623236179352
1.3149300813674927
0.46647873520851135
0.33296090364456177
0.48169153928756714
0.4758874475955963
0.36589282751083374
0.38766002655029297
0.4609913229942322
0.35735002160072327
0.581885039806366
0.34116464853286743
0.6641680598258972
1.0914835929870605
0.293026864528656
0.578168511390686
0.597280740737915
0.566891074180603
0.5821031332015991
0.39988404512405396
0.488077312707901
0.6923298835754395
0.5604566335678101
0.4266837239265442
0.3978339433670044
0.5390647649765015
0.6119171977043152
0.17675641179084778
0.6579214334487915
0.6949864625930786
0.21897968649864197
0.2998938262462616
0.4480357766151428
0.35542261600494385
0.8748518228530884
0.7091764807701111
0.5233274102210999
1.0169117450714111
0.23781760036945343
0.2824966311454773
0.6064412593841553
0.48796844482421875
0.7300493121147156
0.5369466543197632
0.5646741986274719
1.0418871641159058
0.2552662491798401
0.2921290993690491
0.4630640149116516
0.5515550971031189
0.8530783653259277
0.8193072080612183
0.6374245882034302
0.4546406865119934
0.3732234835624695
0.3726130425930023
0.27530354261398315
0.27125200629234314
0.6861637830734253
0.8457676768302917
0.44005268812179565
0.3707597851753235
0.4399889409542084
0.29078784584999084
0.3068346679210663
0.595630407333374
0.24895799160003662
0.8479779958724976
0.3144718408584595
0.19989416003227234
0.9491354823112488
0.776515543460846
0.7286869883537292
1.0339810848236084
0.3714051842689514
0.6067665815353394
0.38511985540390015
0.800157368183136
0.8504289388656616
0.5703514814376831
0.5920341610908508
0.45378533005714417
0.596481204032898
0.44613713026046753
0.37797898054122925
1.3361470699310303
0.420818954706192
0.4639420509338379
0.4336603581905365
1.1974890232086182
0.3920634686946869
0.9105398058891296
0.9388682246208191
0.4127123951911926
0.36177539825439453
0.3636775612831116
0.6957694888114929
0.18807660043239594
0.4546249806880951
1.1097652912139893
0.48832035064697266
0.4346579611301422
0.785744309425354
1.0704313516616821
0.7024520635604858
1.1246495246887207
0.6653702855110168
0.3487979769706726
0.35519665479660034
0.28223174810409546
0.40003591775894165
0.6981552839279175
0.4243398606777191
0.4054320752620697
0.44476017355918884
0.49182167649269104
0.2702283263206482
0.8458865880966187
0.6700721383094788
0.242535799741745
0.5977913737297058
0.5638258457183838
