0.7263231873512268
0.5374246835708618
0.7176393866539001
0.3655056059360504
0.3327597975730896
0.4196273684501648
0.4524350166320801
0.4843878746032715
0.6868469715118408
0.6608179211616516
0.2977202236652374
0.6162121295928955
0.9638403654098511
1.30715811252594
0.3604392111301422
1.048923134803772
0.6803876161575317
0.35149329900741577
0.6473802924156189
0.3804781436920166
0.6857408881187439
0.6584994196891785
0.48490262031555176
0.5862993597984314
0.40921276807785034
0.5326672792434692
0.8251835703849792
0.6961140632629395
0.16180691123008728
0.42689618468284607
0.34792250394821167
0.40810060501098633
0.4511030614376068
0.6029943227767944
1.242519736289978
0.28684958815574646
0.9712160229682922
0.4484497010707855
0.827109694480896
0.6423444747924805
0.6618305444717407
0.455272912979126
0.4889988899230957
1.1373021602630615
1.0184680223464966
1.195962905883789
0.42556414008140564
0.3121891915798187
1.5023162364959717
0.39537128806114197
0.4359223246574402
0.799354076385498
0.6805318593978882
0.5120238661766052
0.34791404008865356
0.19234782457351685
0.5811034440994263
0.30439549684524536
1.1852318048477173
0.8606127500534058
0.4417317807674408
0.41342058777809143
0.49061068892478943
0.3044016361236572
0.6252015829086304
0.7625778913497925
0.5805708169937134
0.39206916093826294
0.5261828303337097
0.40688174962997437
0.622646152973175
0.45537009835243225
0.38434329628944397
0.4689520001411438
0.8803801536560059
0.5485920906066895
0.3062553107738495
0.20856495201587677
0.5630397796630859
0.5547271966934204
0.884662926197052
0.5473542809486389
1.0345405340194702
0.5838038325309753
0.4458743631839752
0.37919214367866516
1.096511960029602
0.43574923276901245
0.4595629572868347
0.4378654956817627
0.36992526054382324
0.30931979417800903
0.3443453907966614
0.5787184834480286
0.5914292335510254
0.5736998319625854
0.2914212644100189
0.3777996301651001
0.27909141778945923
0.5004138946533203
0.310405433177948
0.8306035995483398
0.3771628439426422
0.5495519042015076
0.6321894526481628
0.58780437707901
0.4090293049812317
0.35374778509140015
0.3407702147960663
0.5103708505630493
0.25307413935661316
0.5948227643966675
0.3830004334449768
0.9059960246086121
0.2991941571235657
0.6550042033195496
0.7463833689689636
1.1942471265792847
0.41456517577171326
0.6923522353172302
0.4656257629394531
0.24516157805919647
0.5681991577148438
1.6588470935821533
0.5989452600479126
0.5157920122146606
0.3985321521759033
0.5742424130439758
0.41357845067977905
0.4146498143672943
0.42451271414756775
0.44712263345718384
0.45281848311424255
0.4487639367580414
0.6298884153366089
0.35678762197494507
1.3184350728988647
0.3110301196575165
0.2600943446159363
0.2754736840724945
0.702635645866394
0.3616713881492615
0.589218020439148
0.7684286832809448
0.392912358045578
0.608553946018219
0.775884747505188
0.7312026023864746
0.5277632474899292
0.417375385761261
0.2898121774196625
0.4779225289821625
0.7015444040298462
0.6367476582527161
0.3306356966495514
0.4219292998313904
0.3931120038032532
0.44434434175491333
0.5956801772117615
0.2770024538040161
0.3789331912994385
1.0513994693756104
0.3504141867160797
0.8269593119621277
0.6636394262313843
0.5410231947898865
0.6005444526672363
0.5937614440917969
0.40324243903160095
0.46634340286254883
0.4561494290828705
0.30835142731666565
0.40486249327659607
0.3218672573566437
1.0847104787826538
0.2792431712150574
0.47241297364234924
0.543445885181427
0.7607928514480591
0.37354472279548645
0.6774832010269165
0.6310619115829468
0.9206679463386536
0.4970221519470215
0.5764771103858948
0.8908522725105286
0.4709939956665039
0.2136082649230957
0.22354426980018616
0.4634079039096832
0.7121104001998901
0.4254187047481537
0.1701723039150238
0.2416491061449051
0.7085833549499512
0.4034208357334137
0.7016040086746216
0.3741174042224884
0.413046270608902
0.475862592458725
0.34298306703567505
0.4889751076698303
0.5947195291519165
0.8791190981864929
0.789825439453125
0.25033149123191833
0.21094493567943573
0.4564759135246277
0.5225998759269714
0.5846513509750366
0.23192739486694336
0.7533256411552429
0.7648407816886902
0.5415140986442566
0.47767987847328186
0.7953475713729858
0.589271068572998
0.594422459602356
0.4573718011379242
0.3458785116672516
0.5702580213546753
0.7356775999069214
0.40006503462791443
0.6261006593704224
0.4493197798728943
0.3782981038093567
0.35016924142837524
0.33649110794067383
0.47623270750045776
0.7597307562828064
0.7579432129859924
1.0369590520858765
0.6674367785453796
0.977412223815918
0.3459717929363251
0.5006226301193237
0.4260835647583008
0.49150800704956055
0.32558751106262207
0.6113808155059814
0.9013168215751648
0.4269886016845703
0.8440443277359009
0.9596124887466431
0.3206194043159485
1.2693517208099365
0.591337263584137
0.9934362173080444
0.5024939179420471
0.42285099625587463
0.382689893245697
0.46884623169898987
0.43365493416786194
0.6401111483573914
0.5246065855026245
0.3154721260070801
0.599163293838501
0.6931359171867371
0.31020617485046387
0.27498775720596313
1.0938622951507568
0.4727053642272949
0.6570843458175659
0.5907925367355347
0.2900393307209015
0.5118659138679504
0.6203897595405579
0.5116051435470581
0.7592219710350037
0.6426982283592224
0.7427187561988831
0.5238291025161743
0.7612367868423462
0.2430875599384308
0.28320497274398804
0.7613547444343567
0.4717787206172943
0.6858218908309937
0.2928745448589325
0.9772947430610657
0.7844852209091187
0.7189716696739197
0.5190685987472534
0.6039024591445923
0.5592214465141296
0.5731390714645386
0.7364022135734558
0.3703307509422302
0.49115458130836487
0.8949400186538696
0.48243218660354614
0.7802344560623169
0.3916100561618805
1.0444152355194092
0.3610227406024933
0.7319067120552063
0.9475592374801636
1.0392255783081055
0.29764556884765625
0.3026413023471832
0.735152006149292
0.43283599615097046
0.5547965168952942
0.6300102472305298
0.3345457911491394
0.4347406327724457
0.7377672791481018
0.7390578985214233
0.3240271210670471
0.6627179384231567
0.6789747476577759
0.2900087833404541
0.4211682677268982
0.3341691792011261
0.43414267897605896
0.6730548143386841
0.15812042355537415
0.3819121718406677
0.27667635679244995
0.233363538980484
0.7299036979675293
0.8839446306228638
0.2468639314174652
0.5049064755439758
0.4829556345939636
0.6683030128479004
0.3221755921840668
0.5337671637535095
0.24732224643230438
0.19137725234031677
0.24488487839698792
0.7026180028915405
0.38258281350135803
0.4630562663078308
0.7044336199760437
0.702447772026062
0.8283752202987671
1.5826383829116821
