0.45293426513671875
0.3702385425567627
0.5064329504966736
0.3615921437740326
0.6038338541984558
0.5938557386398315
0.5908675789833069
0.612284779548645
0.5442285537719727
0.40516990423202515
0.4792307913303375
0.379917174577713
0.2454315721988678
0.48672860860824585
0.4167041778564453
0.35731083154678345
0.5940243005752563
0.4142756462097168
0.4927186071872711
0.5876532196998596
0.44517746567726135
0.2994215786457062
0.9402185678482056
0.8932644128799438
0.6616603136062622
0.3816696107387543
0.30932536721229553
0.5438746213912964
0.34102165699005127
0.4598020613193512
0.5003304481506348
0.8352140188217163
0.5561164021492004
0.4383120536804199
0.7771690487861633
0.4929252564907074
0.8791370391845703
0.5129716992378235
0.393348753452301
0.5214032530784607
0.6442052721977234
0.31380024552345276
0.5951153635978699
0.7229982018470764
0.49600863456726074
0.5247836112976074
0.6030498743057251
0.5331077575683594
0.4915544390678406
0.6816139221191406
0.4304828643798828
0.8242449760437012
0.21840688586235046
0.3062511384487152
0.5837887525558472
0.6545271277427673
0.41792353987693787
0.47919949889183044
1.1873763799667358
0.6671510934829712
1.2506135702133179
0.13472609221935272
0.5979959964752197
0.27780088782310486
0.36018699407577515
0.47807231545448303
0.47796210646629333
0.6387075185775757
0.4413086771965027
0.41075676679611206
0.8882333040237427
0.1518058329820633
0.43147993087768555
0.6974976658821106
0.46673280000686646
0.4033953547477722
0.5864216089248657
0.2509799599647522
0.47986871004104614
0.20409519970417023
0.38142603635787964
0.5773933529853821
0.9775102734565735
0.5075796246528625
0.554871678352356
0.3269960880279541
0.46657267212867737
0.7326541543006897
0.5647643804550171
0.6106835603713989
0.38259854912757874
0.37399157881736755
0.5649267435073853
0.4528658986091614
0.5018203854560852
1.1931822299957275
0.2666971981525421
0.3901733160018921
0.8821794390678406
0.9433048367500305
0.5398606061935425
0.47663217782974243
0.9031678438186646
0.4225229322910309
0.5951789021492004
0.7680205702781677
0.4259389042854309
0.5551124811172485
0.931289553642273
0.36699604988098145
0.7672766447067261
0.810213565826416
0.39661216735839844
0.729911208152771
0.7540446519851685
0.3749859929084778
0.4471530020236969
0.24532851576805115
1.4555389881134033
0.616526186466217
0.3679661154747009
0.6378821730613708
0.7109650373458862
0.19356359541416168
0.9144212007522583
0.9925438165664673
0.310508668422699
0.21210436522960663
0.6705912351608276
0.37110865116119385
0.4465786814689636
0.2692624032497406
0.37037643790245056
0.32093220949172974
0.38461732864379883
0.3444157540798187
0.7172712087631226
0.5908832550048828
0.3600699305534363
0.9223663210868835
0.5556979775428772
0.6044694185256958
0.6075083613395691
0.47503861784935
0.36227506399154663
0.6547576189041138
0.3926732838153839
0.5618642568588257
0.4261372685432434
0.31807613372802734
0.669439971446991
0.7167814373970032
0.4150475561618805
0.5417467355728149
0.24097883701324463
0.35873866081237793
0.7416488528251648
0.8280056118965149
0.5553207397460938
0.4742182791233063
0.6811448931694031
0.41945570707321167
0.4469022750854492
0.3872326910495758
0.413033664226532
0.6417890787124634
0.6092515587806702
0.3315982222557068
0.7047960758209229
0.33767595887184143
0.5794622898101807
0.5235825181007385
0.33290085196495056
0.8530597686767578
1.51004958152771
0.37506523728370667
0.6258756518363953
0.4180227816104889
0.3492039442062378
0.3430923521518707
0.5170702934265137
0.27675724029541016
0.502452552318573
0.36408495903015137
0.8367246389389038
0.6843310594558716
0.31765440106391907
0.8554821014404297
0.8766719698905945
0.4709262251853943
0.6568052768707275
0.19768691062927246
0.5358168482780457
0.3465048670768738
0.5155617594718933
0.45624852180480957
0.25088921189308167
0.5462101697921753
0.41926121711730957
0.5470987558364868
0.26742416620254517
0.45367908477783203
1.342636227607727
0.6771136522293091
0.213697150349617
0.5687163472175598
0.3524268865585327
0.26141923666000366
0.7072212100028992
0.24863052368164062
0.25209492444992065
0.8625898361206055
0.3348555564880371
0.9740023612976074
0.496325820684433
0.7268586158752441
0.8508393168449402
0.375653475522995
0.8625507354736328
0.7898733019828796
0.7684844732284546
0.19713309407234192
0.5383535623550415
0.2923068404197693
0.4555002748966217
0.36379343271255493
0.5367192029953003
0.7591995000839233
0.19864539802074432
0.33402496576309204
0.8098845481872559
0.5872732996940613
0.23386773467063904
0.3155343532562256
0.28980034589767456
0.536042332649231
0.6672149300575256
0.34201890230178833
0.6946480870246887
0.7366310358047485
0.7357559204101562
0.37211570143699646
0.6062923669815063
0.3975016176700592
0.9144505262374878
0.8154018521308899
0.5226593017578125
0.886178195476532
0.704068660736084
0.5459691882133484
0.3883446753025055
0.5998520255088806
0.6274437308311462
0.5864410400390625
0.3601977527141571
0.3467769920825958
0.5817375779151917
0.28636470437049866
0.5651616454124451
0.3763110637664795
0.5040119290351868
0.3472406566143036
0.37360772490501404
0.36167359352111816
0.4882871210575104
0.9464505314826965
0.5701411962509155
0.4009476602077484
0.49987077713012695
0.45496806502342224
0.42253392934799194
0.7927154302597046
0.7673488259315491
0.37471136450767517
0.5469883680343628
0.23156309127807617
0.7497488260269165
0.6725964546203613
0.4893658757209778
0.8075886964797974
0.7143274545669556
0.6725284457206726
0.6985418796539307
0.49729204177856445
0.7889205813407898
0.39048558473587036
0.5859789848327637
0.40956202149391174
0.7034710645675659
0.9884600639343262
0.587103009223938
0.5482110977172852
0.4948929250240326
0.5794575214385986
0.31310850381851196
0.4701603055000305
1.3010621070861816
0.3756466507911682
0.6421692371368408
0.44863826036453247
0.22102093696594238
0.5559496879577637
0.2828214168548584
0.37657493352890015
0.25985902547836304
0.619284987449646
0.7445546984672546
0.38024836778640747
0.23766393959522247
0.3558366894721985
1.0446256399154663
0.3237716853618622
0.4004729390144348
0.37251633405685425
0.4287891387939453
0.47645625472068787
0.4150052070617676
0.3577621877193451
0.6281176209449768
0.5934420824050903
0.9769313931465149
0.329006165266037
0.4139997363090515
0.3834993243217468
0.6307860612869263
0.5910574197769165
0.454354465007782
0.4314556121826172
0.6754816770553589
0.32680264115333557
0.45316100120544434
0.5446551442146301
0.3452528119087219
0.20203347504138947
0.8806308507919312
1.3305785655975342
0.8467046618461609
0.6718511581420898
