0.7498896718025208
0.3372805118560791
0.42674416303634644
0.49734196066856384
0.2621168792247772
0.5920190215110779
0.5924010872840881
0.6363868713378906
0.46287965774536133
0.34716466069221497
0.5399431586265564
0.8408554792404175
0.542066216468811
0.48342418670654297
0.565824031829834
0.4236404299736023
0.36517244577407837
0.39890533685684204
0.8925254940986633
0.5789892077445984
0.6902269124984741
0.45862191915512085
0.2234935313463211
0.6732998490333557
0.5108781456947327
0.9662479162216187
0.35323747992515564
0.16857954859733582
0.4134182333946228
0.42016568779945374
0.5188428163528442
0.54203861951828
0.49194246530532837
0.32854920625686646
0.3562517762184143
0.27422401309013367
0.23528453707695007
0.8274469375610352
0.33613619208335876
0.5485081076622009
0.6698037385940552
1.0775113105773926
0.4186021685600281
0.6708818078041077
0.2855709493160248
0.7579666376113892
0.426097571849823
0.244078129529953
0.35766974091529846
0.536467432975769
0.2563031315803528
0.693473219871521
0.5707625150680542
0.42314377427101135
0.5502557754516602
0.544636607170105
0.8295003771781921
0.45177730917930603
0.26394230127334595
0.8200103044509888
0.4606471061706543
0.7649060487747192
0.6554558873176575
0.8140890002250671
0.7296211123466492
0.506074070930481
0.21626341342926025
0.43229252099990845
0.7717328667640686
1.1095056533813477
0.18762758374214172
0.35459715127944946
0.6188908219337463
0.5872777104377747
0.49082088470458984
0.7566207051277161
0.4973377585411072
0.5535985231399536
0.3982769548892975
0.5815227031707764
0.3862779140472412
0.8329263925552368
0.37083882093429565
0.1480085253715515
0.5146673917770386
0.4622735381126404
0.6753219962120056
0.6783218383789062
0.6884080767631531
0.5421448349952698
0.6306734681129456
0.5441290140151978
0.46880102157592773
0.31042933464050293
0.37025636434555054
0.2347807139158249
0.5217491984367371
0.2674718499183655
0.5599371194839478
0.6030228734016418
0.6486469507217407
0.45980000495910645
0.9253341555595398
0.36404937505722046
0.515194296836853
0.6819496154785156
0.5778568983078003
0.7769656181335449
0.6963757276535034
0.870578408241272
0.5058108568191528
0.8309227228164673
0.590225100517273
0.38709497451782227
1.0259549617767334
0.5068723559379578
0.99383944272995
0.30192363262176514
0.6186004877090454
0.5053302645683289
0.322750985622406
0.7998867630958557
0.6308345198631287
0.7859545946121216
0.412741482257843
0.486884206533432
0.909298300743103
0.34575510025024414
0.5499897599220276
1.0070775747299194
0.6926605105400085
0.5144101977348328
0.3675718307495117
0.6141968965530396
0.360722154378891
0.25850898027420044
0.7417938709259033
0.7797325253486633
0.9581950306892395
0.5358551740646362
0.5090142488479614
0.4974828362464905
0.47277554869651794
0.2703859210014343
0.24243226647377014
0.8720510601997375
0.6272791028022766
0.4290308952331543
0.7475594282150269
0.2781112790107727
0.701239824295044
0.5841571688652039
0.2860022187232971
1.3327518701553345
1.0110347270965576
0.6695567965507507
0.6959208250045776
0.5438836216926575
0.3383995592594147
0.32591670751571655
0.548068642616272
0.3816227316856384
0.4311291575431824
0.7497506737709045
0.4628203511238098
0.5197501182556152
0.3659926950931549
0.7682739496231079
0.5430790185928345
0.46945303678512573
0.3668838441371918
0.4472396969795227
0.2143099308013916
0.7907938361167908
0.4710098206996918
0.75636225938797
0.36165064573287964
0.3334762454032898
0.9263569116592407
0.5997008085250854
0.789746880531311
0.25703540444374084
0.9346462488174438
0.2883608639240265
0.47466427087783813
0.4430457651615143
0.663019597530365
0.8669620752334595
0.5495325326919556
0.5889860987663269
0.9167249798774719
0.45731180906295776
0.3144969940185547
0.5599823594093323
0.30875930190086365
0.9954041242599487
0.35527753829956055
0.42362451553344727
0.38795167207717896
0.42434072494506836
0.3520294725894928
0.344432532787323
0.5026379823684692
0.3457551598548889
0.5968889594078064
0.5769187211990356
0.8287650346755981
0.4369823932647705
0.29683417081832886
0.662524402141571
0.3451476991176605
0.5376508235931396
0.5363561511039734
0.6769834756851196
0.5063955187797546
0.7586959004402161
0.4629511833190918
0.31746914982795715
0.7720290422439575
0.23733839392662048
0.2008921205997467
0.367887407541275
0.6746662259101868
0.5072227716445923
0.8947309255599976
0.7331802248954773
0.8784059286117554
1.3158583641052246
0.5566447973251343
0.4490230679512024
0.2248660773038864
0.9126421809196472
0.31691139936447144
0.6224047541618347
0.3130430281162262
1.2608299255371094
0.41100579500198364
0.628900945186615
0.22373905777931213
0.7056831121444702
0.5134783387184143
0.7271015048027039
0.7634636759757996
0.6308737993240356
0.5693777799606323
0.32730937004089355
0.4569256901741028
0.7016984224319458
0.4074292778968811
0.558434247970581
0.437567800283432
0.5508224368095398
0.6957634687423706
0.5489414930343628
0.32368233799934387
0.4948510527610779
0.3920973539352417
0.37482255697250366
0.4374651312828064
0.7561065554618835
0.4055612087249756
0.7112776637077332
0.6625984907150269
0.6550021767616272
0.9140650629997253
0.2654898762702942
0.41238728165626526
0.31639736890792847
0.32332372665405273
0.4482666850090027
0.2522123456001282
0.9700605273246765
0.659667432308197
0.3748559355735779
0.2370227873325348
0.3661169409751892
0.18533572554588318
0.5189681649208069
0.7257026433944702
0.4905428886413574
0.6654172539710999
0.8413249850273132
0.5181750059127808
0.3861169219017029
0.24852533638477325
0.37757110595703125
0.554892361164093
0.46066874265670776
0.3449358344078064
0.44577836990356445
0.3686445653438568
0.871231734752655
0.3467271327972412
0.3386034369468689
0.46568435430526733
0.5061838626861572
0.44614189863204956
0.7515279054641724
0.39570337533950806
0.46731552481651306
0.7791953086853027
0.4126192033290863
0.5327965617179871
0.6264963150024414
0.622360348701477
0.4245966076850891
1.0491987466812134
0.4386114478111267
0.38605448603630066
0.36217203736305237
0.455014705657959
0.4370640814304352
0.6863303780555725
0.21037545800209045
0.6535599827766418
0.6406752467155457
0.217967227101326
0.46265727281570435
0.41478967666625977
0.29923564195632935
0.3302416503429413
1.313047170639038
0.8100293874740601
0.45492440462112427
0.46578249335289
0.7158987522125244
0.647117555141449
0.38345837593078613
0.48366719484329224
0.26826903223991394
0.8239456415176392
0.4135454297065735
1.078560471534729
0.5503720045089722
0.5420195460319519
0.5227424502372742
0.26674139499664307
0.23012065887451172
