0.7249940633773804
0.45425495505332947
0.6821823120117188
0.35536280274391174
0.8173187375068665
0.6700670719146729
0.4749288558959961
0.5469818115234375
0.38533011078834534
0.9854108095169067
0.2366127073764801
0.390828937292099
0.41914311051368713
0.40361157059669495
0.4321097433567047
0.3265089988708496
0.42878657579421997
0.46584653854370117
0.36811932921409607
0.47974881529808044
0.35507282614707947
0.6934621930122375
0.43883028626441956
0.6672983169555664
0.5651854872703552
0.8759309649467468
0.35221564769744873
0.20831754803657532
0.5900551676750183
0.4622385501861572
0.7035526633262634
0.5567041635513306
0.7124770879745483
0.5774602890014648
0.44991645216941833
0.43227052688598633
0.27879074215888977
0.32989200949668884
0.35367557406425476
0.33561500906944275
0.6391348838806152
0.8075925707817078
0.46876439452171326
0.2766486704349518
0.45934659242630005
0.20030422508716583
0.3362692892551422
0.3485683500766754
0.8156988024711609
0.32645851373672485
0.6839321255683899
0.31753116846084595
0.22438183426856995
0.6289665102958679
0.936848521232605
0.5421541333198547
0.6735483407974243
0.30866149067878723
0.9955112338066101
0.5399087071418762
0.6200478076934814
0.5596444010734558
0.9260061383247375
0.4137563705444336
0.6028155088424683
0.5171216726303101
0.5788893103599548
0.5861884355545044
0.35397085547447205
0.2867630124092102
0.5909695625305176
0.542493462562561
0.6111019849777222
0.19620195031166077
0.8044140934944153
0.3806289732456207
0.4085195064544678
0.5987956523895264
0.7834236025810242
0.48039883375167847
0.46457114815711975
0.4133872389793396
0.44958728551864624
1.283149003982544
0.5076315999031067
0.5646427869796753
0.5108420252799988
0.7401797771453857
0.3988921046257019
0.41791194677352905
0.578048825263977
0.35559484362602234
0.5872989892959595
0.4836520552635193
0.5867409706115723
0.7504552602767944
0.3780725598335266
0.4988834261894226
0.8105414509773254
0.5051308870315552
0.6135955452919006
0.35924839973449707
0.5899810194969177
0.5697551965713501
0.5873343348503113
0.3848114013671875
0.5157958269119263
0.37555140256881714
1.1765886545181274
0.5630319714546204
0.3441510498523712
0.6817583441734314
0.5419294834136963
1.023139238357544
0.6025736927986145
0.4404284358024597
0.5314815640449524
0.3077651858329773
0.49940046668052673
0.4006503224372864
0.25180578231811523
0.459622323513031
0.878607451915741
0.8621436953544617
0.20024041831493378
0.42581862211227417
0.4296191334724426
0.28187859058380127
0.526884913444519
0.8883857727050781
0.32963910698890686
0.5378739833831787
0.5721341967582703
0.7556935548782349
0.39418670535087585
0.5264132618904114
0.6555670499801636
0.48890432715415955
0.21271269023418427
0.7961570024490356
0.5050881505012512
0.9230605959892273
0.2358999252319336
0.3459247052669525
0.3804672360420227
0.7016204595565796
0.3163527846336365
0.7146692872047424
0.36901435256004333
0.3963797688484192
0.4160947799682617
0.30663496255874634
0.43953585624694824
0.5591477155685425
1.0060700178146362
1.0284932851791382
0.24822886288166046
0.6035616993904114
0.6153010129928589
0.6864243149757385
0.7934702038764954
0.39494842290878296
0.857205867767334
0.4088262915611267
0.5095906257629395
0.40562543272972107
0.43478861451148987
0.31616178154945374
0.8033758401870728
0.7141929268836975
0.704757034778595
0.25040435791015625
0.5437332391738892
0.48803701996803284
0.42519888281822205
0.512297511100769
0.7699021100997925
1.147039532661438
0.6529303193092346
0.494161993265152
0.3804859519004822
0.7015851736068726
0.7727990746498108
0.3272334039211273
0.3656187355518341
0.5071403384208679
0.7685176730155945
0.3822363018989563
0.4129272997379303
0.48543062806129456
0.31415316462516785
0.8804841041564941
0.6309754848480225
0.9926668405532837
0.49354133009910583
0.49508124589920044
0.6367626190185547
0.8341087102890015
0.7772800922393799
0.45347753167152405
0.7024633288383484
0.5553677678108215
0.4313428997993469
0.35803690552711487
0.3609917461872101
0.30289968848228455
0.4618079662322998
0.22456678748130798
0.28928089141845703
0.6737313866615295
0.3993210196495056
0.863974928855896
1.0724060535430908
0.42193731665611267
0.3675471842288971
0.3032321333885193
0.41886037588119507
0.34716325998306274
0.7299694418907166
0.4493142068386078
0.5508325695991516
0.7422604560852051
0.9949226379394531
0.562840461730957
0.8745021820068359
0.29806819558143616
0.4112094044685364
0.6159175634384155
0.6122204661369324
0.66020667552948
0.38188037276268005
0.7722893953323364
0.7260478138923645
0.6217427253723145
0.2432793378829956
0.3118770718574524
0.3652936816215515
0.2480396032333374
0.5777188539505005
0.5373150110244751
0.4736500680446625
0.697411298751831
0.5414551496505737
0.26772361993789673
0.5225513577461243
0.7801955938339233
0.5830739140510559
1.0735584497451782
0.737708568572998
0.37235528230667114
1.2087767124176025
0.956606388092041
0.5519445538520813
0.7414224743843079
0.42995864152908325
0.2582547068595886
0.7200756072998047
0.3943759500980377
0.47374409437179565
0.6374026536941528
0.28474321961402893
0.5461108088493347
0.6083294153213501
0.37952274084091187
0.2593447268009186
0.21343596279621124
0.5603848099708557
0.23625974357128143
0.8143927454948425
0.5876905918121338
0.680461049079895
0.5947222113609314
0.6181961894035339
0.3163797855377197
0.4814804196357727
0.6208562850952148
0.9543096423149109
0.6682807803153992
0.29057106375694275
0.9374617338180542
0.5507027506828308
1.4045618772506714
0.3962402045726776
0.5827581286430359
0.6246167421340942
0.5609726905822754
1.0960689783096313
0.24235935509204865
0.2729101777076721
0.38492104411125183
0.9098858833312988
1.2891498804092407
0.7362563014030457
0.5687814950942993
0.3591443598270416
0.8135994076728821
0.5150388479232788
0.3990715742111206
0.48593515157699585
0.8243541717529297
0.7423184514045715
0.40452471375465393
0.1849491447210312
0.16771367192268372
0.5078588724136353
0.7095445990562439
0.9723747372627258
0.7291998863220215
0.16819429397583008
0.64340740442276
0.5500436425209045
0.483938068151474
0.7694841623306274
0.34845954179763794
0.7923277020454407
0.3957751393318176
0.7308320999145508
0.8608962893486023
0.5143449902534485
0.4827987551689148
0.2913972735404968
0.7978725433349609
0.31927335262298584
0.41848915815353394
0.7697246670722961
0.6134735345840454
0.4890718460083008
0.5881317853927612
0.2832076847553253
0.4647742211818695
0.46534663438796997
0.37791913747787476
1.0739173889160156
0.6851245760917664
0.2816310524940491
0.35473403334617615
0.816818356513977
0.9483247399330139
