0.4027252197265625
0.6379388570785522
0.32596421241760254
0.23734907805919647
0.41656017303466797
0.47690948843955994
0.5092563629150391
0.8146623373031616
0.5679274201393127
0.7230647802352905
0.49642229080200195
0.8394156694412231
0.6298078298568726
0.931606113910675
1.3949556350708008
0.8060320615768433
0.8327817916870117
0.5145689249038696
0.2680785655975342
0.5155622363090515
0.36876362562179565
0.9142048954963684
0.4560384154319763
0.5914632678031921
0.47390127182006836
0.4963550567626953
0.7824564576148987
0.4098076820373535
0.7939866185188293
0.47640180587768555
0.33003801107406616
0.737720787525177
0.6606358289718628
0.6300850510597229
0.38330110907554626
0.6932410597801208
0.4072246551513672
0.32702821493148804
0.4715932011604309
0.37430134415626526
0.43477630615234375
0.28203439712524414
0.4696143567562103
0.40157780051231384
0.3987372815608978
1.11470627784729
0.9636502265930176
0.35923999547958374
0.9910602569580078
0.7009439468383789
0.44122418761253357
0.9039465188980103
0.28182852268218994
0.2735399305820465
0.46760129928588867
0.6067951321601868
0.4464460015296936
0.3136448264122009
0.4558144211769104
0.35155603289604187
0.5728049278259277
0.5279871821403503
0.4277738630771637
0.4404986500740051
0.7611535787582397
0.24116995930671692
0.37838250398635864
0.34966400265693665
0.208367258310318
0.3239360749721527
0.3835832178592682
0.34654632210731506
0.3406742215156555
0.8989027142524719
0.19190911948680878
0.527255654335022
0.4053944945335388
0.8694389462471008
1.460983395576477
0.2970016300678253
0.4336741864681244
0.29471391439437866
0.4255127012729645
0.3384087085723877
0.37378206849098206
0.42003053426742554
0.630541205406189
0.5015430450439453
0.5180346369743347
0.5892148613929749
0.45293864607810974
0.5006840825080872
0.43417826294898987
0.5191338658332825
0.7915213704109192
0.6384841203689575
0.5773608088493347
0.6107754707336426
0.9575764536857605
0.9588368535041809
0.526195764541626
0.31006020307540894
0.5728054642677307
0.6142422556877136
0.5269566774368286
0.626427173614502
0.8918630480766296
0.6699617505073547
0.7218605875968933
0.24432602524757385
0.3065798282623291
0.8087019920349121
0.4820185601711273
0.28316181898117065
0.6435550451278687
0.725727379322052
0.34961122274398804
0.9508962631225586
1.1789262294769287
0.5516129732131958
0.499725341796875
0.4188615381717682
0.30433398485183716
0.48839300870895386
0.675351619720459
0.9145509004592896
0.3063659071922302
0.7577160596847534
0.5231546759605408
0.6818917989730835
0.3523273766040802
0.3854045867919922
0.553471028804779
0.5491902232170105
0.6296733021736145
0.49661746621131897
0.610802173614502
0.8087906837463379
0.1680050790309906
0.45640820264816284
0.38977667689323425
0.18689744174480438
1.077521562576294
0.4114364683628082
0.40304994583129883
0.5296422243118286
0.44595465064048767
0.3291553556919098
0.7702618837356567
0.38383251428604126
0.5735262632369995
0.5941818952560425
0.6250740885734558
0.47505053877830505
0.7595905065536499
0.5895354151725769
0.40277013182640076
0.4426577091217041
0.3916081488132477
0.3026781678199768
0.3688642382621765
0.7141464352607727
0.7651749849319458
0.4568857252597809
0.8889032602310181
0.5244051218032837
0.6543883681297302
0.5668932199478149
0.8523685336112976
0.3914409279823303
0.5467529296875
0.6818426847457886
0.42965811491012573
0.2003363072872162
0.7818000912666321
0.37082523107528687
0.6658182144165039
0.5122247934341431
0.3011465072631836
0.33538493514060974
0.5739815831184387
0.5493043065071106
0.42241936922073364
0.2422623187303543
1.2157596349716187
0.8695319890975952
0.38572055101394653
0.4252658784389496
0.3621070384979248
0.5022704601287842
0.890877366065979
0.7104174494743347
0.4436618685722351
0.4128252863883972
0.6043875217437744
0.18209657073020935
0.6359131932258606
0.7244232892990112
0.48228907585144043
1.0155266523361206
1.129079818725586
0.6749255657196045
0.3856130540370941
0.5176958441734314
0.45164138078689575
0.3970501720905304
0.9755040407180786
0.5136656165122986
0.5750343203544617
0.33909088373184204
0.8145400881767273
0.6328345537185669
0.47360238432884216
0.33708062767982483
0.32027101516723633
0.3603389859199524
0.3506665825843811
0.6573460698127747
0.40452542901039124
0.3445253372192383
0.6852350234985352
1.255077600479126
0.5934624671936035
0.34582850337028503
0.599908709526062
0.6398338079452515
0.4512231945991516
0.6978529095649719
0.4801439642906189
0.5986188650131226
0.5721001625061035
0.4827612340450287
0.6633456349372864
0.45658549666404724
0.48001155257225037
0.5994552969932556
0.7514004707336426
0.3541044592857361
0.8220914006233215
0.5657796859741211
0.5002158284187317
0.4959600567817688
0.2711353600025177
1.0017578601837158
0.7357590794563293
0.9613418579101562
0.36963725090026855
0.3819585144519806
0.39117929339408875
0.28202006220817566
0.5165755748748779
0.3390469253063202
0.44807618856430054
0.5737687349319458
0.3246621787548065
0.3523602783679962
0.6802080869674683
0.5105332136154175
0.5735162496566772
0.14989101886749268
0.5786831974983215
0.7377785444259644
0.3853989839553833
0.8108342885971069
0.31097346544265747
0.5651834011077881
0.21626131236553192
0.17059122025966644
0.6554144620895386
0.6086019277572632
0.4083709716796875
0.6980069279670715
0.45306262373924255
0.5883046388626099
0.4791659712791443
1.0021082162857056
0.597026526927948
0.3898436427116394
0.593895673751831
0.459575891494751
0.40343040227890015
0.7373105883598328
0.3261203169822693
0.64213627576828
0.5800067782402039
0.4339660108089447
0.5352172255516052
0.9637859463691711
0.24366700649261475
0.45379310846328735
0.38853293657302856
0.8207971453666687
0.4359592795372009
0.6304153203964233
0.5676263570785522
0.5638976097106934
0.6493611335754395
0.6667302846908569
0.4039977490901947
0.5772784948348999
0.6514956951141357
0.3336934745311737
0.39231979846954346
0.2636421322822571
0.7936866879463196
0.3958718180656433
0.6944822669029236
0.894977867603302
0.8071759939193726
0.36664754152297974
0.938144862651825
0.3247230648994446
0.6751810312271118
0.4956655502319336
0.47513365745544434
0.3909326195716858
0.4838506579399109
0.5688048601150513
0.5146957635879517
0.7194892764091492
0.43151187896728516
0.7669966816902161
0.41937464475631714
0.4501965641975403
0.6635246276855469
0.5405365824699402
0.3629322052001953
0.506096601486206
0.676467776298523
0.6422744989395142
0.42454686760902405
0.6796717643737793
0.43871408700942993
1.024316430091858
0.2541895806789398
0.45687445998191833
0.49678629636764526
0.3227056860923767
