0.9668156504631042
0.77403724193573
0.7049766182899475
0.6645796895027161
0.7519753575325012
0.7796273231506348
0.7923750281333923
0.5979388356208801
0.6334429979324341
0.5298945307731628
1.2063648700714111
0.7246016263961792
0.9032993316650391
0.8709619641304016
0.9791415929794312
0.6179510951042175
0.9954017400741577
0.9889205694198608
0.5502806901931763
0.6209359765052795
0.7379620671272278
0.5615156888961792
0.5446893572807312
0.7212938070297241
1.1940836906433105
0.6325215101242065
0.6500713229179382
0.543255627155304
0.45129498839378357
0.6900503039360046
1.1197198629379272
0.6986924409866333
1.1583218574523926
0.7873759865760803
0.7523034811019897
0.942152202129364
0.9553360939025879
0.8364748954772949
0.439924955368042
0.42597007751464844
0.691961407661438
0.6238595843315125
0.8346840143203735
0.7048505544662476
1.2834774255752563
0.504229724407196
0.5726257562637329
0.6347833871841431
0.7945719957351685
0.5497493743896484
0.6952800750732422
0.8553335070610046
1.1365712881088257
0.43499404191970825
0.9467018842697144
0.9425801038742065
0.7367366552352905
0.9342921376228333
0.8312094807624817
0.6060751676559448
1.1510930061340332
0.423592746257782
0.7440586090087891
0.8089815378189087
1.0623304843902588
0.663158118724823
0.750832200050354
0.6818134188652039
0.8677481412887573
0.7461522817611694
0.5794897079467773
0.8605542182922363
0.8725172877311707
0.5927778482437134
0.9004679918289185
0.5947381854057312
1.0942161083221436
0.4234960079193115
0.7637187838554382
0.5923748016357422
0.6634140610694885
0.584728479385376
1.1277648210525513
0.8344351053237915
0.5131310820579529
0.4885126054286957
1.0434683561325073
0.6233037710189819
1.2080175876617432
0.9412458539009094
0.484457403421402
0.6347535848617554
1.1902179718017578
1.143314003944397
0.8878524899482727
0.6152585744857788
0.8255676031112671
0.6594622135162354
0.8029035329818726
0.6883045434951782
0.5309479236602783
0.6138969659805298
0.8496193885803223
0.6023133397102356
0.786354124546051
0.7312818765640259
0.5601156949996948
1.1073033809661865
1.3032712936401367
0.7324764728546143
0.4963393807411194
1.0830295085906982
0.7040249109268188
0.5539814829826355
0.541898250579834
0.62028568983078
1.085880994796753
0.7944496870040894
0.7157276272773743
0.6710528135299683
0.739834189414978
0.8283452987670898
0.9567623138427734
0.9248857498168945
0.5319150686264038
0.5423927307128906
0.584170937538147
0.810592532157898
0.9538046717643738
0.5630613565444946
0.6396995782852173
0.7033977508544922
0.6048951745033264
0.4113042950630188
0.8331157565116882
0.35845857858657837
1.042283296585083
0.8741145133972168
0.3631892800331116
0.6668858528137207
0.4508647322654724
1.006837010383606
0.8918542861938477
0.7144222855567932
0.781662106513977
0.7330516576766968
0.7000880241394043
0.5124911069869995
0.7745733261108398
0.47781887650489807
1.562819004058838
0.7765073776245117
0.7009504437446594
0.690388560295105
0.9635674357414246
0.4892626404762268
0.7204842567443848
0.653549075126648
0.4469626843929291
0.5287127494812012
0.7251445055007935
0.5407613515853882
0.7216734886169434
0.8424946665763855
0.5876451134681702
0.6828615069389343
0.9570413827896118
0.5407743453979492
0.5632275938987732
0.8377314805984497
0.6339306235313416
0.7676875591278076
0.5038468241691589
0.9417533874511719
0.6925039291381836
1.2635397911071777
0.46917620301246643
0.87486732006073
1.183785319328308
0.4676629900932312
0.7280656695365906
1.161548137664795
0.7514800429344177
0.9288201332092285
0.7502810955047607
0.9887129068374634
0.8587505221366882
0.6185563206672668
0.42794960737228394
1.218379259109497
1.1872837543487549
1.1813554763793945
0.80528724193573
0.7126442790031433
0.961268424987793
0.5042541027069092
0.8750017881393433
0.7067021131515503
0.8056266903877258
0.6018751859664917
0.5431591272354126
0.8175851106643677
0.7146483659744263
1.061395525932312
0.7269077301025391
0.6744252443313599
0.6088005900382996
1.0738600492477417
0.6011532545089722
0.6346667408943176
0.8929853439331055
0.8701011538505554
0.6885057687759399
0.7351347804069519
0.6808492541313171
0.6836892366409302
1.0739578008651733
0.7382176518440247
0.5442081689834595
0.7028926014900208
0.8248232007026672
0.8128734827041626
0.794986367225647
0.8745335340499878
0.5532079339027405
0.9162213206291199
0.7210003733634949
0.5825216770172119
0.6152969598770142
1.080871820449829
0.7462862730026245
0.5787110924720764
0.6134356260299683
0.637079119682312
0.695148766040802
1.1065380573272705
0.5530308485031128
1.1454133987426758
0.4661431312561035
0.516426682472229
0.7287265062332153
0.5449108481407166
0.5465379953384399
0.6013985872268677
0.5730823278427124
0.7170099020004272
0.4269329011440277
1.0328832864761353
1.2455461025238037
0.6303212642669678
0.6026037335395813
0.5724001526832581
0.7343770861625671
0.4773929715156555
0.5102755427360535
1.0605170726776123
0.5623086094856262
0.37440192699432373
0.6606819033622742
0.4845685064792633
0.5767000913619995
0.6477149128913879
0.6684959530830383
0.4179472029209137
0.8636946678161621
0.6900447010993958
0.8568937182426453
0.8273288607597351
0.6770012378692627
0.6530404090881348
0.32980579137802124
0.5062313079833984
0.5714179277420044
0.7338384985923767
0.688644289970398
0.4444498121738434
0.6142095923423767
1.18514084815979
0.49462825059890747
0.9380152821540833
0.475799560546875
0.7950530648231506
1.0211460590362549
0.6787307858467102
0.6678382158279419
0.47760239243507385
0.5692240595817566
0.6790125370025635
0.5202834010124207
0.7363313436508179
0.8009533882141113
0.8748200535774231
1.1967568397521973
1.1202571392059326
0.9965001940727234
0.6507747769355774
0.8205221891403198
0.8680030107498169
1.0636584758758545
0.7560741901397705
0.9290092587471008
0.9250289797782898
1.1466108560562134
0.7196782231330872
0.8057714700698853
0.7801085710525513
0.476790189743042
0.6370260119438171
0.4299919605255127
1.158200979232788
0.8877498507499695
1.4208695888519287
0.7115107774734497
0.603672206401825
0.42738133668899536
1.0405842065811157
0.5279196500778198
0.6837602853775024
0.7088409662246704
0.5973650217056274
0.5797780752182007
0.7431409955024719
0.8514069318771362
1.0773640871047974
0.8140950202941895
0.6952500343322754
0.38952961564064026
0.6058236956596375
0.7416828870773315
1.5990976095199585
0.9200909733772278
0.7180932760238647
1.0983277559280396
1.2321369647979736
0.8238857388496399
0.9201679229736328
0.8145989179611206
0.8934230804443359
