0.6213828325271606
0.4631003439426422
0.4223412573337555
0.43671202659606934
0.5038696527481079
0.6629642248153687
0.5650380849838257
0.25742611289024353
0.2509614825248718
0.5959815979003906
1.0610110759735107
1.1613109111785889
0.2814539074897766
0.3848835825920105
0.4976448118686676
0.4014931321144104
0.4260745644569397
1.0868027210235596
0.8921211957931519
0.41513267159461975
0.3922984004020691
0.6305287480354309
0.16835220158100128
1.0908641815185547
1.1902868747711182
0.42180976271629333
0.4751078486442566
0.3102906346321106
0.28858065605163574
0.46397286653518677
0.24023012816905975
0.5290384888648987
0.552571177482605
0.250774085521698
0.48545217514038086
0.6406609416007996
0.3141911029815674
0.7837568521499634
0.4788702130317688
0.6000751256942749
0.2708023488521576
0.41023117303848267
0.494121253490448
0.3913251757621765
0.34356895089149475
0.9313533902168274
0.3363402783870697
0.5686266422271729
0.25720158219337463
0.3411322236061096
0.6052690148353577
0.2524494528770447
0.540390133857727
1.0715820789337158
0.36290231347084045
0.6270196437835693
0.6340209245681763
0.3574352264404297
0.7142577171325684
0.5350590944290161
0.47891467809677124
0.19336500763893127
0.7291392087936401
0.4484798014163971
0.6788579225540161
0.4562761187553406
0.34390920400619507
0.47672662138938904
0.3835519552230835
0.5924022197723389
0.9542213678359985
0.20050306618213654
0.29963982105255127
0.34372252225875854
0.44237011671066284
0.9080207943916321
0.17547544836997986
0.8208390474319458
0.441344678401947
0.3840565085411072
0.5606335401535034
1.1020185947418213
0.262506365776062
0.6317203640937805
0.42177024483680725
0.7820912599563599
0.4746163785457611
0.4259640574455261
0.4249292314052582
0.298696905374527
0.5328167676925659
1.0167338848114014
0.5771898031234741
0.4489664137363434
0.7739959955215454
0.8908398747444153
0.5905954241752625
0.3589836061000824
0.6700251698493958
0.5459450483322144
0.7033929824829102
0.543647825717926
0.6533820033073425
0.5099326372146606
0.8299281001091003
0.2803988754749298
0.8247917890548706
0.3892344832420349
0.5447294116020203
0.8467288017272949
0.4188482165336609
0.2921745777130127
0.3719865679740906
0.37121275067329407
1.0319825410842896
0.5708659887313843
0.42730802297592163
0.2797936499118805
0.9257279634475708
0.6329477429389954
0.7330054044723511
0.6325488090515137
0.7939087748527527
0.45056456327438354
0.44880539178848267
0.5640953183174133
0.6828569173812866
0.6413561701774597
0.842429518699646
0.8755122423171997
0.37332218885421753
0.2962659001350403
0.5065553784370422
0.5738492012023926
0.5649489760398865
0.34644371271133423
0.6153000593185425
0.3439210057258606
0.654636561870575
0.476872056722641
0.6096786260604858
0.4563678801059723
0.4708417057991028
0.7188690304756165
0.5358726382255554
0.5630497932434082
0.6410892605781555
0.9728617668151855
0.7008176445960999
0.5733308792114258
0.30537909269332886
0.28629249334335327
0.6009106636047363
0.47144603729248047
0.37006106972694397
0.5693569779396057
0.3985193371772766
0.743672251701355
0.15546098351478577
0.5702959299087524
0.6199906468391418
0.1554102897644043
0.3916724622249603
0.5180894136428833
0.5035724639892578
0.3092154860496521
0.9940763711929321
0.42850953340530396
0.4937094748020172
0.7819374799728394
0.24727466702461243
0.5221673846244812
0.729118824005127
0.5892025232315063
0.2790375351905823
0.6406351327896118
0.697635293006897
0.8901820182800293
0.38190126419067383
0.22955219447612762
0.8654937744140625
0.38508304953575134
0.48353123664855957
0.3736935257911682
0.5861595869064331
0.5198298692703247
0.5624712109565735
0.555049479007721
0.6457086801528931
0.6869418025016785
0.5975359678268433
0.633520245552063
0.43514400720596313
0.6088818907737732
0.49016618728637695
0.4805928170681
0.5701196789741516
0.32900235056877136
0.7636194229125977
0.7702944278717041
0.34863516688346863
0.2730490267276764
0.5736569166183472
0.4283716678619385
0.29681214690208435
0.3242287039756775
0.9243871569633484
0.5903516411781311
0.5122386813163757
0.5950437784194946
0.43350380659103394
0.757337212562561
0.3807111084461212
0.3091844320297241
0.4502280354499817
0.5411137342453003
0.703336238861084
0.43196114897727966
0.5238431692123413
0.9711681604385376
0.2780856490135193
0.340406596660614
0.5302634239196777
0.43388423323631287
0.7107561826705933
0.5802835822105408
0.43175697326660156
0.34017929434776306
0.6153963804244995
0.2641223073005676
0.2576529383659363
0.5786691904067993
0.3557606041431427
0.4058147966861725
0.4486406445503235
0.4076771140098572
0.3532699644565582
0.6420940160751343
0.38226088881492615
0.8548443913459778
0.5465422868728638
0.23504182696342468
0.4823611378669739
0.46070438623428345
0.7716834545135498
0.3075401186943054
0.6361885666847229
0.598685622215271
0.2611663341522217
0.38096803426742554
0.9880539178848267
0.817206084728241
0.3736281991004944
0.2866254448890686
0.6770680546760559
0.501770555973053
0.5088514089584351
0.4706258177757263
0.4751719534397125
0.9403321146965027
0.963998019695282
0.4856589734554291
0.48668399453163147
0.3948482275009155
1.0309010744094849
1.3523200750350952
0.2980535626411438
0.07367794960737228
0.9828359484672546
0.2620122730731964
1.1629184484481812
0.2276383340358734
0.2852850556373596
0.8058435320854187
0.8257043957710266
0.8902229070663452
0.5889368653297424
0.39256221055984497
0.36212947964668274
0.5306770205497742
0.4194973409175873
0.8051705360412598
0.5049209594726562
0.9205945730209351
0.33397921919822693
0.7421148419380188
0.23746807873249054
0.7665576338768005
0.7284054756164551
0.7383484840393066
0.8779858350753784
0.31182530522346497
0.5101941227912903
0.4000583589076996
0.6030672192573547
0.5716093182563782
0.49928775429725647
0.49637874960899353
0.658481776714325
0.5997846126556396
0.45283570885658264
0.39751213788986206
0.3722027540206909
0.548270583152771
0.6211415529251099
0.48514920473098755
0.6262776255607605
1.0666545629501343
0.31030529737472534
1.0250787734985352
0.7345039248466492
0.7737845182418823
0.45099106431007385
0.6068607568740845
0.8524176478385925
0.4605400562286377
0.3544512391090393
0.7555273175239563
0.7264447808265686
0.4361127018928528
0.28536900877952576
0.8389236330986023
0.7450911402702332
0.48080340027809143
0.7646927237510681
0.6694031357765198
0.39795175194740295
0.9473638534545898
0.41539257764816284
0.3030223548412323
0.6857001185417175
0.8479830622673035
0.29959675669670105
0.8010588884353638
0.288189560174942
0.44734612107276917
0.6272609233856201
0.5997872948646545
