0.3804109990596771
0.48535364866256714
0.42628851532936096
1.1318622827529907
0.5334525108337402
0.5003090500831604
1.0297293663024902
0.251468688249588
0.3520459830760956
0.49687013030052185
0.3171178698539734
0.14231781661510468
0.2869892716407776
0.8884761929512024
0.7151036858558655
0.3048554062843323
0.384463369846344
0.26053929328918457
0.10885961353778839
0.6328309178352356
0.6111097931861877
0.4849112629890442
0.7586949467658997
0.42040950059890747
0.5309123396873474
0.8520482778549194
0.3258029818534851
0.6686175465583801
0.7021192312240601
1.044934868812561
0.55259770154953
1.0741486549377441
0.3618159294128418
0.6572431325912476
0.5687759518623352
0.38241615891456604
0.4470653533935547
0.2575446665287018
0.45660361647605896
0.2938016653060913
0.6562232971191406
0.5149145126342773
0.36390626430511475
0.3494988977909088
0.5108988285064697
0.32814154028892517
0.4147743582725525
0.4323018193244934
0.8376779556274414
0.4560162425041199
0.4182729721069336
0.398749977350235
0.6277216076850891
0.40200406312942505
0.5000054240226746
0.5193172097206116
0.34207242727279663
0.7434701919555664
0.3483261168003082
0.5087608098983765
0.35121336579322815
0.9443209767341614
0.5720009803771973
0.46226444840431213
0.7024312615394592
0.7089136838912964
0.6281658411026001
0.8331457376480103
0.25243672728538513
0.5164670944213867
0.5971490144729614
0.7720545530319214
0.3969867527484894
0.7166224122047424
0.4228113293647766
0.6873990297317505
0.41353121399879456
0.35926133394241333
0.47862520813941956
0.519123911857605
0.7123194932937622
0.46438971161842346
0.42607051134109497
0.27465924620628357
0.2301289588212967
0.5917268991470337
0.6851793527603149
0.2855056822299957
0.8012161254882812
0.6734369397163391
0.4239567816257477
0.6125297546386719
0.6217963099479675
0.46750226616859436
0.4603247046470642
0.6124218702316284
0.778436541557312
0.340515673160553
0.6442492604255676
0.7273126840591431
0.6936841011047363
0.3062569200992584
0.38039475679397583
0.6753081679344177
0.48338937759399414
0.49054503440856934
0.6797400712966919
0.32556942105293274
1.1992202997207642
0.5691285729408264
0.7410376667976379
0.814226508140564
0.5677348971366882
0.6030234694480896
0.6844397187232971
0.5343982577323914
0.3349909484386444
0.4484443664550781
0.7610832452774048
0.6644562482833862
0.23987221717834473
0.36962834000587463
0.39950233697891235
0.10245658457279205
0.6656479239463806
0.3792983889579773
1.0891835689544678
0.4112281799316406
0.6746829748153687
0.11552289873361588
0.2685988247394562
0.8394166827201843
0.7226520776748657
0.5619102716445923
0.1381789892911911
0.4385422170162201
0.6893710494041443
0.4645593762397766
0.43002432584762573
1.1810600757598877
0.27749067544937134
0.4269658029079437
0.4322776794433594
1.2144289016723633
0.30660495162010193
0.4394301474094391
0.45786046981811523
0.3172549605369568
0.8791700601577759
0.9272348284721375
0.39138534665107727
0.6889799237251282
0.4238252639770508
0.5184757113456726
0.7939369082450867
0.351778119802475
0.5502561330795288
0.6055557131767273
0.30712246894836426
0.4087473452091217
0.5677531957626343
0.3198280930519104
0.45943570137023926
0.47651371359825134
0.67884761095047
0.45781439542770386
1.0533815622329712
0.406931072473526
0.9538208246231079
0.6797441244125366
0.26821404695510864
0.6392842531204224
0.5103265047073364
0.8167623281478882
0.31997328996658325
0.6525331735610962
0.49369606375694275
0.4549635052680969
0.5475450158119202
0.5722313523292542
0.30207985639572144
0.5064443349838257
0.4144156873226166
0.6821181178092957
0.5566033124923706
0.49040260910987854
1.0565496683120728
0.5213029384613037
0.40775734186172485
0.48133420944213867
0.48944711685180664
0.7683873772621155
0.3105866014957428
0.5376473665237427
0.4553510546684265
0.25415968894958496
1.2233060598373413
0.3504197597503662
0.4968327581882477
0.3177441954612732
0.5121229290962219
0.6824352741241455
0.4913807809352875
0.6184555292129517
0.49073514342308044
0.5002662539482117
0.6722272634506226
0.6866782307624817
0.974770724773407
0.27752307057380676
0.584942638874054
0.5873774290084839
0.4287898540496826
0.631327748298645
0.45125094056129456
1.2159035205841064
0.7992452383041382
0.6616452932357788
0.2812866270542145
0.31207481026649475
0.20527228713035583
0.39137396216392517
0.6172176599502563
0.5540981292724609
0.46356162428855896
0.40157943964004517
0.46494993567466736
0.47816306352615356
0.8335950970649719
0.6562684774398804
1.0363786220550537
0.2812023162841797
0.6264593005180359
0.12438352406024933
0.7615846991539001
0.46013355255126953
0.585786759853363
0.37174859642982483
0.6439067721366882
0.5292412042617798
0.6050114631652832
0.5301189422607422
0.40529537200927734
0.42876654863357544
0.4555485248565674
0.2842712998390198
0.48274582624435425
0.8365122675895691
0.623343825340271
0.7649425864219666
0.7836999893188477
0.3133251965045929
0.6388115882873535
0.21850070357322693
0.5929365754127502
0.40133118629455566
0.43227845430374146
0.5071762204170227
0.38011249899864197
0.17751148343086243
0.6657610535621643
0.5112958550453186
0.36054205894470215
0.7077852487564087
0.40587931871414185
0.21073731780052185
0.6327899694442749
0.46765050292015076
0.27614396810531616
0.6027987599372864
0.4516639709472656
0.46045738458633423
1.1724046468734741
0.7330599427223206
0.5428393483161926
0.7269139885902405
0.5853508710861206
0.3826933205127716
0.7514548897743225
0.4043729305267334
0.5451210737228394
0.29630908370018005
0.37975865602493286
0.2719089984893799
0.3292539715766907
0.7270170450210571
0.3603147864341736
1.2472165822982788
0.8345462679862976
0.3277190625667572
0.9097920656204224
0.43789157271385193
0.6623929738998413
1.0418187379837036
0.4547582268714905
0.4665960669517517
0.4650619626045227
0.8455429077148438
0.5105708837509155
0.3772817552089691
0.8278033137321472
0.47900620102882385
0.512370228767395
0.28355079889297485
0.37459591031074524
0.24361403286457062
0.453809916973114
1.1643595695495605
0.5564077496528625
0.526471734046936
0.25588175654411316
0.5672126412391663
0.4935932159423828
0.4092751145362854
0.4376605451107025
1.0102869272232056
0.25098806619644165
0.3824523687362671
0.42784252762794495
0.2836034893989563
0.4811357855796814
0.7875005006790161
0.7775749564170837
0.5092769265174866
0.5990330576896667
1.1690107583999634
0.38899898529052734
0.4372044503688812
0.4464338421821594
0.4195038676261902
0.3501710891723633
0.5382112264633179
0.5223128199577332
0.3992382884025574
0.30829325318336487
0.640595555305481
0.8268211483955383
1.426019310951233
