1.1849616765975952
0.48890194296836853
0.19226691126823425
0.3910168707370758
1.1367332935333252
0.7138150930404663
0.3353113532066345
0.9544501304626465
0.9534130096435547
0.4439871907234192
0.7858576774597168
0.5506064295768738
0.6617528200149536
0.7227972745895386
0.550457239151001
0.5726181864738464
0.6210134625434875
0.3777516484260559
0.2937009036540985
0.4202759265899658
0.9101938009262085
0.7803767919540405
1.1192982196807861
0.7658206224441528
0.9462127685546875
0.31145763397216797
0.3162819743156433
0.7605913281440735
0.2623208165168762
0.4400762915611267
0.5761698484420776
0.8098918795585632
0.7529670000076294
0.7609573602676392
0.32350173592567444
0.6467106938362122
0.4040428102016449
0.7065629959106445
0.8572087287902832
0.5011001825332642
0.29463106393814087
0.5982505083084106
0.8038574457168579
0.7749168276786804
0.5125269889831543
0.6040385365486145
0.33121630549430847
0.5298389792442322
0.9025848507881165
0.36579281091690063
0.2399797886610031
0.8257462382316589
0.46159714460372925
0.532960057258606
0.7359451055526733
0.673078715801239
0.6170724630355835
0.8862279653549194
0.28077930212020874
0.3903203010559082
0.2503080368041992
0.5016962289810181
0.4300726354122162
0.5539454817771912
0.816035270690918
0.17848137021064758
0.6018007397651672
0.8680850267410278
0.407806932926178
0.5013518333435059
0.4746827185153961
0.5653232932090759
0.7094178199768066
0.5654873847961426
0.662746787071228
0.4207801818847656
0.6752979159355164
0.5009002685546875
0.2824351489543915
0.2844439148902893
0.3476399779319763
0.549359917640686
0.38565337657928467
0.5978047251701355
0.4802224636077881
0.7675850987434387
0.7986775636672974
0.8584762811660767
0.4296785891056061
0.37216445803642273
0.28708451986312866
0.3202246427536011
0.4400414824485779
0.46965980529785156
0.4433562159538269
0.35343998670578003
0.33711597323417664
0.8231277465820312
0.41191941499710083
0.6783672571182251
0.5271539688110352
0.48695534467697144
0.5846006870269775
0.6344606876373291
0.38936877250671387
0.49106377363204956
0.42917537689208984
0.31673216819763184
0.5072857737541199
0.5657786130905151
0.33117008209228516
0.5950628519058228
0.38295331597328186
0.7771238088607788
0.4162760376930237
0.8213218450546265
0.4746452271938324
0.35698404908180237
0.4640118181705475
0.2715330123901367
0.3479826748371124
0.3486167788505554
0.8378955125808716
0.40294957160949707
0.6775304079055786
0.7898720502853394
0.29132744669914246
0.5453022122383118
0.5548979043960571
0.3161482512950897
0.3534497618675232
0.5638531446456909
0.44863104820251465
0.4329264163970947
0.39091089367866516
0.646691620349884
0.5879433751106262
0.32486820220947266
0.40414562821388245
0.3185599446296692
0.5363171100616455
0.678364098072052
0.899552047252655
0.22683259844779968
0.19028480350971222
1.0120062828063965
0.6578545570373535
0.31576651334762573
0.3419739305973053
0.2180660218000412
0.3729064464569092
0.8400675058364868
0.3765125870704651
1.043038010597229
0.6817649602890015
0.3165820240974426
0.7816706299781799
0.6578381657600403
0.6339842677116394
0.4301304221153259
0.43300437927246094
0.5715488195419312
0.34421801567077637
0.7408220171928406
0.39317458868026733
0.38104042410850525
0.5344730615615845
0.46122241020202637
0.47470784187316895
0.370981365442276
0.2532806992530823
0.3827313184738159
0.5814131498336792
0.7789303660392761
0.5728873014450073
0.6033708453178406
0.3595690131187439
0.5650447010993958
0.611151397228241
0.3931736946105957
0.35232025384902954
0.7605241537094116
0.764618992805481
0.19777292013168335
0.4447360932826996
1.09999418258667
0.5608614683151245
0.6732590794563293
0.5835319757461548
0.4176955819129944
0.6991568803787231
0.5076133608818054
0.3777852952480316
0.3755830228328705
0.343496710062027
0.7076322436332703
1.1221065521240234
0.6708767414093018
0.759641170501709
0.391949862241745
0.28790920972824097
0.4262472689151764
0.6021760106086731
0.6447526216506958
0.7500036954879761
0.4236988425254822
0.613545298576355
0.9012152552604675
0.4393767714500427
0.24170903861522675
0.3065030574798584
0.7575817108154297
0.6086557507514954
0.31442901492118835
0.4535789489746094
0.665497899055481
0.456277459859848
0.6089747548103333
0.2914501130580902
0.5117286443710327
0.47859320044517517
0.25828590989112854
0.410575807094574
0.2993377149105072
0.5661932229995728
0.5621939897537231
0.2300860434770584
0.4631994664669037
0.6685934066772461
0.4894796311855316
0.5362499952316284
0.4947735369205475
0.7026432752609253
0.5459688901901245
0.7299185991287231
0.7253050208091736
0.24047017097473145
0.32718998193740845
0.5083461999893188
0.6647229790687561
0.5588461756706238
0.5013617277145386
0.12097431719303131
0.3486196994781494
0.38886821269989014
0.48134198784828186
0.7087875604629517
0.4447898864746094
0.3639577031135559
0.4942675530910492
0.6009408831596375
0.7829110026359558
0.3904740810394287
0.5573529601097107
0.5039685964584351
0.2831926643848419
0.3883962035179138
0.6414092779159546
0.532130241394043
0.7415521740913391
0.3662257492542267
0.5754789113998413
0.36720091104507446
0.4367489218711853
0.5603911876678467
0.255570650100708
0.5658129453659058
0.4418654441833496
0.4575554430484772
0.5282670855522156
0.4467935562133789
0.46732228994369507
0.5576461553573608
0.6750428080558777
0.608534574508667
0.6449626088142395
0.23481197655200958
0.32258981466293335
0.32090872526168823
0.3367220461368561
0.507168710231781
0.6533409953117371
0.6227866411209106
0.48639869689941406
0.8966243863105774
0.9665042757987976
0.1888045370578766
0.9601402282714844
0.19502922892570496
0.5521773099899292
0.45136532187461853
0.6292198300361633
0.8014616966247559
0.31580302119255066
0.5956821441650391
0.7917919158935547
1.1837430000305176
0.3138328194618225
0.1936245709657669
0.4612380862236023
0.43839845061302185
0.5393704771995544
0.3547077775001526
0.1563187539577484
0.7676658034324646
0.24557876586914062
0.4383058547973633
0.47051820158958435
0.717249870300293
0.4234141409397125
0.43999356031417847
0.8107865452766418
0.911281406879425
0.3473321497440338
0.6603468060493469
0.5049638152122498
0.6837815046310425
0.42792168259620667
0.33820784091949463
0.38297325372695923
0.3538099229335785
1.0385469198226929
0.4596622884273529
0.2550971508026123
0.3898841142654419
0.505728542804718
0.6591676473617554
0.5369147062301636
0.5768138766288757
0.25605303049087524
0.6274128556251526
0.32976827025413513
0.6093220114707947
0.8732396364212036
0.3476475179195404
0.3513403832912445
0.7990772724151611
0.7622297406196594
