0.38191595673561096
0.49379459023475647
0.25439149141311646
0.26505932211875916
0.5859783291816711
0.7136188745498657
0.6392883658409119
0.7541211843490601
0.6995545625686646
0.40344730019569397
0.7321152091026306
0.6953333616256714
0.39711302518844604
0.6563820242881775
0.46293649077415466
0.9489754438400269
0.39278852939605713
0.22370553016662598
0.9983505010604858
0.22997388243675232
0.6453546285629272
0.814540684223175
0.3301401436328888
0.38540762662887573
0.4568580687046051
0.698766827583313
0.36984655261039734
0.6563721895217896
0.5111216902732849
0.4215361177921295
0.19076402485370636
0.41755884885787964
0.32045018672943115
0.26281246542930603
0.4918087124824524
0.4550490379333496
0.42501887679100037
0.21369421482086182
0.3226139545440674
0.5617058873176575
0.557314395904541
0.37058258056640625
0.2618792653083801
0.3495366871356964
0.2768349051475525
0.3512822985649109
0.40059080719947815
1.2013020515441895
0.49762630462646484
0.7359016537666321
0.4174365997314453
0.6054974794387817
0.2818574011325836
0.7154623866081238
0.27931657433509827
0.380973756313324
0.33522921800613403
0.2503703534603119
1.0524932146072388
0.3253752589225769
0.34769338369369507
0.5323001146316528
0.36059537529945374
1.0191071033477783
0.6404080986976624
0.15922832489013672
0.3241879343986511
0.5964101552963257
0.6837704181671143
0.6798295974731445
0.5014285445213318
0.24467000365257263
0.5800178647041321
0.3605557084083557
0.29546093940734863
0.38590008020401
0.8935080766677856
0.5356513261795044
0.2656932473182678
0.45987066626548767
0.7542015314102173
0.42095619440078735
0.7709442973136902
0.37258535623550415
0.3783741593360901
0.4711805284023285
0.2959437966346741
0.3801562786102295
0.6042637228965759
0.8120251893997192
0.4810444414615631
0.5601569414138794
0.12660571932792664
0.37878525257110596
0.35088953375816345
0.16880956292152405
0.4134597182273865
0.21288864314556122
1.100793480873108
0.515925407409668
0.45733824372291565
0.5090893507003784
0.7097347378730774
1.106163740158081
0.5458420515060425
0.40968450903892517
0.4516175389289856
0.7277414202690125
0.7983745336532593
0.6494418382644653
0.5510170459747314
0.3172782361507416
0.33513620495796204
0.5563031435012817
0.49781250953674316
0.891937255859375
0.8659970164299011
0.4800816476345062
0.7627474665641785
0.4955260157585144
0.6416054964065552
0.21359407901763916
0.7012535333633423
0.5214228630065918
0.5555906891822815
0.47194474935531616
0.5486663579940796
0.6333332061767578
0.6395823955535889
0.8105921745300293
0.5687432885169983
0.8278241157531738
1.0305827856063843
0.4998529851436615
0.4101746678352356
0.36127620935440063
0.5294449329376221
0.6233879923820496
0.5582026243209839
0.38501492142677307
0.4852657914161682
0.4403080344200134
0.18841560184955597
0.2752860188484192
0.5671669840812683
0.23465020954608917
0.5070297122001648
0.6314476728439331
0.8404000997543335
0.42101994156837463
0.9117590188980103
0.93409663438797
0.9027807116508484
0.5298439264297485
0.5050839185714722
0.656470537185669
0.38087087869644165
0.4865635335445404
0.5977418422698975
0.3486219346523285
0.613179087638855
0.7125242352485657
0.31954583525657654
0.7535244226455688
0.3295564353466034
0.3076344132423401
0.5072122812271118
0.7643648982048035
0.2304704636335373
0.4386098384857178
0.47538280487060547
0.23908016085624695
0.43694496154785156
0.4673306941986084
0.5478149056434631
0.545220136642456
0.9116778373718262
0.25642645359039307
0.3413197100162506
0.5211089849472046
0.6376019716262817
0.9102157354354858
0.26428109407424927
0.5299363732337952
0.26519280672073364
0.6884086728096008
0.47579461336135864
0.3517017960548401
0.3800411820411682
0.5694993138313293
0.3260427415370941
0.33227676153182983
0.5644967555999756
0.27650395035743713
0.544763445854187
0.7257382869720459
0.6908115148544312
0.40592068433761597
0.6815362572669983
0.5310084819793701
0.4757762849330902
0.3044559359550476
0.5390267372131348
0.813123881816864
0.5086489915847778
0.5624970197677612
0.7905176877975464
0.5749223828315735
0.6225263476371765
0.46713787317276
0.6292186975479126
0.5868099331855774
0.5175036787986755
0.5764514803886414
0.321882039308548
0.48772725462913513
0.6813713312149048
1.1074602603912354
0.4525049328804016
1.0502554178237915
0.7833303213119507
0.5636072754859924
0.7157729268074036
0.529339611530304
0.30507299304008484
0.49799442291259766
1.0815424919128418
0.4431319236755371
0.5692545175552368
0.3617510497570038
0.40837231278419495
1.2254066467285156
0.1391959935426712
0.5765204429626465
0.4531083106994629
0.778576672077179
1.1200687885284424
1.3734886646270752
0.5659145712852478
1.00046706199646
0.2704436182975769
0.5202450752258301
0.4362543523311615
0.442415714263916
0.240897536277771
0.438807874917984
0.563095211982727
0.2855728566646576
0.5279169678688049
1.6996171474456787
0.309059202671051
0.6328829526901245
0.8047534823417664
1.4272493124008179
0.3416581153869629
0.376334011554718
0.7398084402084351
0.546432614326477
0.5489732623100281
0.38328811526298523
0.5100706815719604
0.35369306802749634
0.551053524017334
0.8982816934585571
0.35163742303848267
0.1856154054403305
0.5269025564193726
0.2997114658355713
0.2923395335674286
0.2764226198196411
0.5306963920593262
0.4082539975643158
0.5375040769577026
1.3745603561401367
0.5752415657043457
0.6958864331245422
0.8821166157722473
0.45706504583358765
0.5810381770133972
0.6401110291481018
0.46436482667922974
0.5847975611686707
0.24120526015758514
0.354009747505188
0.497229665517807
0.793065071105957
0.6701213121414185
0.5388814210891724
0.7046608924865723
0.9030176401138306
0.8530266880989075
0.8263313174247742
0.15094693005084991
0.4526413381099701
0.6486707925796509
0.47525373101234436
0.717444121837616
0.6738399267196655
0.3358655869960785
0.27698689699172974
0.6582814455032349
0.6342672109603882
0.4879237115383148
0.31261834502220154
0.5140315890312195
0.4843667447566986
0.16385653614997864
0.4492395520210266
0.370493084192276
0.9066885709762573
0.8544174432754517
0.1403966248035431
0.2878185212612152
1.0413881540298462
1.2616873979568481
0.4168272912502289
0.39035871624946594
0.172963485121727
0.3950190842151642
0.5475518703460693
0.5582877397537231
0.7231022119522095
0.6338483691215515
0.7479926347732544
0.38973814249038696
0.906659722328186
0.26892104744911194
0.5456806421279907
0.5519598722457886
0.736629843711853
0.42100080847740173
0.7720417976379395
0.3960714042186737
0.4449126124382019
0.43284234404563904
0.23250195384025574
0.6323490142822266
1.0088820457458496
