0.2483588457107544
0.4719867706298828
0.4596571922302246
0.45205989480018616
0.3637939989566803
0.34974655508995056
0.501167356967926
0.9862089157104492
0.5557152032852173
0.5870800614356995
0.2794973850250244
0.3401491940021515
0.40548190474510193
0.39757418632507324
0.826128363609314
0.9697076678276062
0.5097377300262451
0.4706055521965027
0.8145507574081421
0.3493805527687073
0.4465489387512207
0.6625672578811646
0.3531446158885956
0.5609484314918518
0.41999921202659607
0.6361286044120789
0.7329800724983215
0.5348254442214966
0.7225184440612793
0.745008111000061
0.4622754454612732
0.783848762512207
0.5045276880264282
0.876606822013855
0.32595115900039673
0.5145047307014465
0.8868696093559265
0.29418742656707764
0.4904152452945709
0.44279465079307556
1.0259798765182495
0.3967830240726471
1.0146900415420532
0.7452316880226135
0.8822797536849976
0.5595071911811829
0.6044098138809204
0.3414272367954254
0.3890271782875061
0.6826965808868408
0.6164732575416565
0.5931063890457153
0.6131914854049683
0.45826396346092224
0.4543258547782898
0.9051618576049805
1.3202110528945923
0.3860032558441162
0.21429812908172607
0.47100478410720825
0.5917836427688599
0.579760730266571
0.46256694197654724
0.2989386022090912
0.6081547737121582
0.3628387451171875
0.41090720891952515
0.47632163763046265
0.4403056502342224
0.6040159463882446
0.6940414309501648
0.5669674277305603
0.5454400777816772
0.39019230008125305
0.45280951261520386
1.0642569065093994
0.2454303503036499
1.0349552631378174
0.5173377394676208
0.632311224937439
0.3993867039680481
0.34675145149230957
0.1762920767068863
0.3702299892902374
0.4203435778617859
0.737669825553894
0.4833737313747406
0.48287105560302734
0.6580418348312378
0.37863627076148987
0.7629979252815247
0.8812468647956848
0.5994212627410889
0.36484163999557495
0.49378782510757446
0.5753352046012878
0.48465555906295776
1.2616182565689087
0.8530218005180359
0.6546915769577026
0.20771944522857666
0.6830734014511108
0.5651910305023193
0.6269014477729797
0.40496426820755005
0.9146096110343933
0.7199962735176086
0.6352617740631104
0.2314567267894745
0.5415711998939514
0.4190760552883148
0.3931463062763214
0.4887809753417969
0.6540741920471191
0.7127473950386047
0.9004384875297546
0.7122161388397217
0.7026652097702026
0.18691003322601318
0.9256497621536255
0.29194965958595276
0.3172634243965149
0.6508790850639343
0.5844740867614746
0.457880437374115
0.521926999092102
0.18089473247528076
0.8178472518920898
0.44071468710899353
0.48598331212997437
0.4101932942867279
0.7065788507461548
0.4781266152858734
0.5275840759277344
1.5479885339736938
0.46708065271377563
0.5402307510375977
0.4163357615470886
0.47235631942749023
0.4889087677001953
0.29690638184547424
0.6416409611701965
0.5468113422393799
0.5446212291717529
0.3327358663082123
0.42043977975845337
0.449398934841156
0.3872859477996826
0.6588042378425598
0.6162744760513306
0.31395426392555237
0.5787399411201477
0.5177845358848572
0.3413732051849365
0.4851417541503906
0.4632321000099182
0.7389487028121948
0.7191787958145142
0.4692018926143646
0.7398872375488281
0.37686750292778015
0.37697452306747437
0.3448575735092163
0.5183085203170776
0.6553715467453003
0.4554239809513092
0.4621545374393463
0.6446263194084167
0.7481803894042969
0.2979353070259094
0.6841185688972473
0.4843584895133972
0.2520393133163452
0.6702854037284851
0.5211646556854248
0.801254391670227
0.5617860555648804
0.6596381068229675
0.533938467502594
0.6374006271362305
0.6321614980697632
0.5901872515678406
0.9185380935668945
0.4731631278991699
0.5059766173362732
0.2089877426624298
0.7976520657539368
0.5648390054702759
0.5577861070632935
0.3271462321281433
0.28728094696998596
0.13440680503845215
0.7576556205749512
0.8437347412109375
0.28938496112823486
0.6801882386207581
0.48261529207229614
0.3266321122646332
0.9898420572280884
0.5637841820716858
0.6338177919387817
0.7590883374214172
0.250530481338501
0.44814032316207886
0.6970316171646118
0.5619565844535828
0.8855992555618286
0.7967724800109863
0.4779251515865326
0.448416531085968
0.5491503477096558
0.9290403127670288
0.744845449924469
0.29109296202659607
0.38579124212265015
0.6896520853042603
0.2489584982395172
0.306302934885025
0.15826767683029175
0.39141136407852173
0.2820257544517517
0.30976730585098267
0.45981526374816895
1.3118407726287842
0.19453886151313782
0.5445288419723511
0.737902045249939
0.5686749219894409
0.48060259222984314
0.4348912835121155
1.0650769472122192
0.6782866716384888
0.8044945597648621
0.44197362661361694
0.4045092463493347
0.34680017828941345
0.8202136754989624
0.4804198145866394
0.6777695417404175
0.4336000978946686
0.48386096954345703
0.5174051523208618
0.28951817750930786
0.44880667328834534
0.9423100352287292
0.333976686000824
0.5245731472969055
0.3424694836139679
0.9280027151107788
0.26909351348876953
0.4229041039943695
0.31384286284446716
0.42345890402793884
0.446532666683197
0.10544359683990479
0.48868173360824585
0.5500056147575378
0.6387211084365845
0.4956183433532715
0.612374484539032
0.6365290880203247
0.7095394730567932
0.07864809036254883
0.4195694923400879
0.6050819754600525
0.505281925201416
0.6218830943107605
0.32289713621139526
0.30722397565841675
1.1863232851028442
0.44516628980636597
0.19937609136104584
0.48214054107666016
0.5575054287910461
0.975306510925293
0.991801917552948
0.35013407468795776
0.9444980621337891
0.31926313042640686
0.44495314359664917
0.6363954544067383
0.364807665348053
0.427468478679657
0.48680973052978516
0.31730586290359497
0.6438414454460144
0.43873414397239685
0.23073247075080872
0.48006805777549744
0.31109923124313354
1.2604217529296875
0.5560327172279358
0.4132050573825836
0.7267028093338013
0.5386704206466675
0.5219136476516724
0.6888710260391235
0.34528470039367676
0.4568646550178528
0.8854967951774597
0.5393556952476501
0.27624809741973877
0.7276331186294556
0.4826469421386719
0.4652532637119293
0.5453932285308838
0.2163953334093094
0.31080514192581177
0.3796841502189636
0.3410191535949707
0.4322269856929779
0.5829723477363586
0.5671486258506775
0.23731283843517303
0.4205318093299866
0.6682604551315308
0.24744105339050293
0.5699495077133179
0.600056529045105
0.6279905438423157
0.5128207206726074
0.5958159565925598
0.703305721282959
0.5970945358276367
0.3663639426231384
0.5578336715698242
0.5615723729133606
0.4786929488182068
0.8866875767707825
0.44960060715675354
1.0685555934906006
0.3618012070655823
0.2896113991737366
0.25466209650039673
0.39346104860305786
0.34965866804122925
0.7612552046775818
1.093295931816101
