0.9343258738517761
0.2576310932636261
0.21458859741687775
0.28448179364204407
0.28761470317840576
0.8258696794509888
0.3903394043445587
0.35876840353012085
0.8763055801391602
0.6004593968391418
0.508894145488739
0.8115779757499695
0.528677761554718
0.603918194770813
0.6110936999320984
0.31346139311790466
0.3941498398780823
1.4780316352844238
0.5020121335983276
0.3644075393676758
1.5063812732696533
0.7599791884422302
0.5498788356781006
1.0228267908096313
0.43520793318748474
0.5085927844047546
0.5445141792297363
0.7221935391426086
0.9647572636604309
0.7495080232620239
1.2067431211471558
0.6945804357528687
0.31126829981803894
0.42410191893577576
0.6617327928543091
0.6871317625045776
0.34785038232803345
0.37532341480255127
0.34758567810058594
0.41033440828323364
0.5952192544937134
0.6091016530990601
0.36039549112319946
0.4913198947906494
1.04953932762146
0.23010818660259247
0.735261082649231
0.2704865336418152
0.5340750813484192
0.32232165336608887
0.9150038957595825
1.245680332183838
0.27905866503715515
0.5021116733551025
0.2783764898777008
0.3702491223812103
0.5197761654853821
0.8330353498458862
0.25144436955451965
0.3110696077346802
0.18720951676368713
0.5029361248016357
0.5040391087532043
0.2313625067472458
0.641058087348938
0.5842800140380859
0.3790057897567749
0.5235825777053833
0.9244550466537476
0.6150826215744019
0.2912987470626831
0.43829673528671265
0.9197586178779602
0.7719441652297974
0.46770668029785156
0.8294755816459656
0.41803035140037537
0.6122649908065796
0.3605421185493469
0.42851024866104126
0.32638978958129883
0.455636203289032
0.38663989305496216
0.7035034894943237
0.6157592535018921
0.362953245639801
0.4122556746006012
0.9766832590103149
1.162073016166687
0.5666514039039612
0.4571419358253479
0.19028012454509735
0.3986639678478241
0.30943813920021057
0.5551384687423706
0.40646106004714966
0.5410019159317017
0.695418119430542
0.8696756362915039
0.5970743298530579
0.7426847219467163
0.4168630540370941
0.726244330406189
0.46706637740135193
0.725116491317749
0.6390972137451172
0.44109687209129333
0.8776960372924805
0.6042163968086243
0.6676396727561951
1.0062578916549683
0.5266656875610352
0.4950879216194153
0.2113947570323944
0.5442160964012146
0.5448497533798218
0.6125102043151855
0.7941558361053467
0.4595153331756592
0.2723408043384552
0.5323840379714966
0.34391114115715027
0.46879205107688904
0.8740272521972656
0.2941702902317047
0.7386731505393982
0.4280552268028259
0.296145498752594
0.5257501006126404
0.39643028378486633
0.539522647857666
0.3515704572200775
0.9407445192337036
0.6276671886444092
0.7125221490859985
0.22991137206554413
0.6391168832778931
0.2503386437892914
0.4463644027709961
0.8059452176094055
0.5987361669540405
0.28632593154907227
0.331778883934021
0.7498794794082642
0.42558759450912476
0.46358203887939453
0.45370063185691833
0.16520239412784576
0.6299640536308289
0.4259883761405945
0.5166915655136108
1.0142569541931152
0.7644984126091003
0.4961843490600586
0.40498241782188416
0.4531325399875641
0.3558962941169739
0.470846563577652
0.8711034655570984
0.2784256339073181
0.304011732339859
0.4334462583065033
0.31180310249328613
0.7643585205078125
0.6916244626045227
0.6039464473724365
0.22001953423023224
0.4190203547477722
0.4578520655632019
0.5224863290786743
0.8827115893363953
0.27346524596214294
0.2936037480831146
0.7186042070388794
0.4705197215080261
0.5437933802604675
0.5367252230644226
0.292763888835907
0.4867088198661804
0.6619380712509155
0.5776362419128418
0.2806870937347412
0.5375608205795288
0.9168888330459595
0.5113837122917175
0.3823055028915405
0.5027908086776733
0.6792524456977844
0.7135720252990723
0.7167139053344727
0.11962511390447617
0.24365755915641785
0.374656617641449
0.9333783984184265
0.7649121284484863
0.246411994099617
0.6042698621749878
0.5647924542427063
0.47879379987716675
0.4713602066040039
0.6415040493011475
0.5306761860847473
0.5978909134864807
0.6631866097450256
0.6590273976325989
0.7180010080337524
1.0170142650604248
0.32352519035339355
0.4545503556728363
0.4691469669342041
0.3062664866447449
0.38102737069129944
0.3713500201702118
0.6795176267623901
0.32836833596229553
0.9197953939437866
0.44903403520584106
0.6797595024108887
0.3710809350013733
0.5304999351501465
0.34362491965293884
0.22271709144115448
0.3334882855415344
0.5526679158210754
0.4483850598335266
0.3260093033313751
0.5231054425239563
1.1963037252426147
0.4580763876438141
0.8042691349983215
0.45051488280296326
0.3628544807434082
0.35741525888442993
0.5276605486869812
0.3587644398212433
0.26752933859825134
0.5923954248428345
0.5825985670089722
0.7529084086418152
0.6103425621986389
0.32543817162513733
0.5156214833259583
0.31304875016212463
0.6442824602127075
0.639258623123169
0.37579116225242615
0.635583758354187
0.8165118098258972
0.4821496605873108
0.8439559936523438
0.5155495405197144
0.6419793963432312
0.7558064460754395
0.32653191685676575
0.4022468626499176
0.6084266901016235
0.438450425863266
0.8194443583488464
0.3469376266002655
0.453657865524292
0.8335739374160767
0.5817693471908569
0.5351607799530029
1.0636028051376343
0.39105305075645447
0.5095049142837524
0.36478710174560547
0.62087482213974
0.2709534168243408
0.7835502624511719
0.6001052260398865
0.5949239730834961
0.1654336303472519
0.5430468320846558
0.8369952440261841
0.4772547781467438
1.4094905853271484
0.5667080879211426
0.7070272564888
0.45094776153564453
0.651298999786377
0.6064348816871643
0.5636805295944214
0.7478488683700562
0.8934453725814819
0.8017405271530151
0.555350661277771
0.7189983129501343
0.5284901857376099
0.573955237865448
0.642652153968811
0.883694052696228
0.5206825137138367
0.5879910588264465
0.30030208826065063
0.5305573344230652
0.5490424036979675
1.0738716125488281
0.6817753911018372
0.6302670240402222
0.11822716891765594
0.3318507671356201
0.4102916717529297
0.5418791770935059
0.20361900329589844
0.5911920666694641
0.3402482569217682
0.4628297686576843
0.4561072289943695
0.31103962659835815
0.7036762237548828
0.327057421207428
0.5469045639038086
0.45353442430496216
0.5204590559005737
0.5256375074386597
0.35598844289779663
0.4071970582008362
0.8356281518936157
0.4812508225440979
0.7556951642036438
0.36616113781929016
0.8010495901107788
0.33798888325691223
0.3154122233390808
0.6902095079421997
0.5473004579544067
0.7866951823234558
0.40154337882995605
0.9373747706413269
0.8067048788070679
0.6019721627235413
0.3866410553455353
0.44845572113990784
0.6833470463752747
0.3625747561454773
0.5923559665679932
0.4998171627521515
