0.628221869468689
0.7035714983940125
0.7274125218391418
0.4954072833061218
0.6641637682914734
0.6597715616226196
0.4535349905490875
0.6041277647018433
0.6120613217353821
0.5659440755844116
0.7154790759086609
0.44386768341064453
0.8457630276679993
0.3800373077392578
0.46359673142433167
0.37352365255355835
0.7065545320510864
0.2878055274486542
0.3425411283969879
0.7747229933738708
0.49184465408325195
0.7061281204223633
0.9439973831176758
0.31106168031692505
0.18659788370132446
0.6222625970840454
0.4621998369693756
0.42188411951065063
1.1702734231948853
0.663465142250061
0.47825855016708374
0.5016159415245056
0.6515706777572632
1.1458946466445923
0.35016244649887085
0.6671950221061707
0.40777507424354553
0.5190743207931519
0.3832319676876068
0.4546786844730377
0.6063342094421387
0.5904910564422607
0.45355454087257385
0.30211183428764343
0.5223000645637512
0.562926173210144
0.33963051438331604
0.5955874919891357
0.47325602173805237
0.7156131863594055
0.6138469576835632
0.6021078824996948
0.36035043001174927
0.633630633354187
0.18496009707450867
0.7290087938308716
0.4163685441017151
0.5255077481269836
0.5296359062194824
0.27330195903778076
0.24155588448047638
0.5388122797012329
0.6325875520706177
0.7524658441543579
0.6974389553070068
0.5155806541442871
0.43162330985069275
0.252535879611969
0.3217141926288605
1.2156798839569092
0.7376077771186829
0.905800998210907
0.2880156338214874
0.6136110424995422
0.5279667973518372
0.37762004137039185
0.3223806321620941
0.617451012134552
0.6974264979362488
0.8768473863601685
0.30231425166130066
0.24299690127372742
0.21867947280406952
0.46734628081321716
0.3277718126773834
0.30685096979141235
0.34561774134635925
0.3596350848674774
0.41131773591041565
0.3394850790500641
0.6055967807769775
0.34757527709007263
0.6455355882644653
0.2524018883705139
0.9065324664115906
0.797005295753479
0.6403566002845764
0.46023645997047424
0.7856161594390869
0.4574795365333557
0.4764569401741028
0.4310666024684906
0.7345525026321411
0.3978954553604126
0.793077290058136
0.5081714987754822
0.31403547525405884
0.5094569325447083
0.6049321889877319
0.9625767469406128
1.0614911317825317
0.7962745428085327
0.3882519602775574
1.057249903678894
0.7273266315460205
0.42873138189315796
0.40222102403640747
0.4310673773288727
0.2728424668312073
0.27924200892448425
0.12170475721359253
0.3462541997432709
0.3314613699913025
0.6664139628410339
0.3472716808319092
0.8218900561332703
0.2783271372318268
0.5807656049728394
0.4754294455051422
0.22928264737129211
0.2796984314918518
0.47262686491012573
0.6733396053314209
0.6291248798370361
0.9626675844192505
0.494620144367218
0.5373402833938599
0.6230937838554382
0.3043450713157654
0.5875129699707031
1.0285131931304932
0.4601483941078186
0.6850636601448059
0.617414653301239
0.1888105720281601
0.5261673927307129
0.48157596588134766
0.3722759187221527
0.7539658546447754
0.7609789371490479
0.42058268189430237
0.9960371255874634
0.24899375438690186
0.5652886033058167
0.2985242009162903
0.6869688034057617
0.6050220727920532
0.5583940744400024
0.4707273542881012
0.3571391999721527
0.604699432849884
0.5177034735679626
0.21327900886535645
0.38392239809036255
0.43526458740234375
0.2872803807258606
0.2987491190433502
0.778488278388977
0.6816595792770386
0.6966360807418823
0.652171790599823
0.8705493807792664
0.7899689674377441
0.3148959279060364
0.5788770914077759
0.27148866653442383
0.3922794759273529
0.28424888849258423
0.5574890375137329
0.26903924345970154
0.65846848487854
0.6308256387710571
0.4920792579650879
0.7089090943336487
0.6033408641815186
0.5095299482345581
0.5578736662864685
0.39425531029701233
0.5847523808479309
0.5629096627235413
0.8657962679862976
0.314608097076416
0.3670489192008972
0.4353176951408386
0.4590349793434143
0.4639735817909241
0.47735682129859924
0.7278016805648804
0.5643264055252075
0.3303280472755432
0.6227556467056274
0.39378777146339417
0.6362402439117432
0.6927865743637085
0.9452899098396301
0.29736214876174927
0.5542837381362915
0.5621020793914795
0.6054875254631042
0.463542640209198
1.1389670372009277
0.32333141565322876
0.4051592946052551
0.5773392915725708
0.5686178207397461
0.45581763982772827
0.7147502303123474
0.6495994329452515
0.7238677144050598
0.5501043796539307
0.7742458581924438
0.5341741442680359
0.4053712785243988
0.2285870760679245
0.47082728147506714
0.597339928150177
0.2861209213733673
0.3100636601448059
0.4014333188533783
0.9172856211662292
0.37464281916618347
0.7649939656257629
0.7572072148323059
0.381633460521698
0.4696529507637024
0.39305058121681213
0.6116827726364136
0.7115349173545837
0.33533018827438354
0.8140571713447571
0.772173285484314
0.5911558866500854
0.4716547131538391
0.5417526960372925
0.4000837206840515
0.678318977355957
0.5839592814445496
0.4427512288093567
0.453294575214386
0.41149812936782837
0.4827091097831726
0.2551587224006653
0.36424702405929565
0.4392022490501404
0.42596903443336487
0.5438631176948547
0.43282073736190796
0.8469716906547546
0.36577460169792175
0.6088122129440308
0.4170002341270447
0.4336991310119629
0.3337312340736389
0.597905158996582
0.4734500050544739
0.33065667748451233
0.41833552718162537
0.32846617698669434
0.9876155853271484
0.5947457551956177
0.4527438282966614
0.4661997854709625
1.0013700723648071
0.5340431928634644
0.6197056174278259
0.29234442114830017
0.2687036097049713
0.476085364818573
0.5104149580001831
0.40059614181518555
1.0433162450790405
0.3699312210083008
0.7427736520767212
0.59065842628479
0.5022204518318176
0.46391743421554565
0.6533867716789246
0.32840821146965027
0.5499545335769653
0.27068838477134705
0.5898907780647278
0.5034193992614746
0.43290024995803833
0.5418413877487183
0.27665045857429504
0.3971855044364929
0.3666157126426697
0.39413824677467346
0.45943036675453186
0.3274412155151367
0.38264816999435425
0.38228267431259155
0.5524899363517761
0.27821192145347595
0.4468332827091217
0.5024646520614624
0.42934393882751465
0.9867483973503113
0.4502478539943695
0.6721476912498474
0.7478045225143433
0.5951637029647827
0.5065432786941528
0.3156551122665405
0.249557226896286
0.3631604015827179
0.5589356422424316
0.39580968022346497
0.31742483377456665
0.1374301016330719
0.25600528717041016
0.6787909269332886
0.22235362231731415
0.22961947321891785
0.2634972631931305
0.780038058757782
0.37732642889022827
0.4551321566104889
0.26077452301979065
0.568173885345459
0.6902012228965759
1.5144109725952148
0.34345585107803345
1.4656879901885986
0.5144237279891968
0.4223940968513489
0.7431595325469971
2.128509283065796
