0.22587589919567108
1.07102632522583
0.8421663045883179
0.19858995079994202
0.4097822606563568
0.2883036136627197
0.6190269589424133
0.6387813687324524
1.0151636600494385
0.8159537315368652
0.4566207826137543
0.17879727482795715
0.5089824199676514
0.864367663860321
0.3001188635826111
0.6258693933486938
0.7153856754302979
1.0513427257537842
0.15851901471614838
0.6087971925735474
0.28312158584594727
0.5081061720848083
0.5844913721084595
0.5094626545906067
0.31118738651275635
0.9462878108024597
0.304580420255661
0.46036186814308167
0.4008837342262268
0.7115921974182129
0.4510430693626404
0.5928645730018616
0.473452627658844
0.47632426023483276
0.4387105107307434
0.2911936044692993
0.44430285692214966
0.9183882474899292
0.49966487288475037
0.28732186555862427
0.6686609983444214
0.7680224180221558
0.7444559335708618
0.7753704786300659
0.22830519080162048
0.47197216749191284
0.46156302094459534
0.4152747094631195
0.7633211016654968
0.191106915473938
0.6648014783859253
0.5035082101821899
0.5759690403938293
0.5738013982772827
0.3001914620399475
0.723013162612915
0.6727643609046936
0.3365399241447449
0.3220289349555969
0.7270569205284119
0.46456319093704224
0.7532127499580383
0.832122802734375
0.4755372405052185
0.603613555431366
0.2631160616874695
0.558872401714325
0.6899124383926392
1.0148365497589111
0.6040059328079224
0.6100963354110718
0.6153523921966553
0.5643885731697083
0.4377407133579254
0.6385526657104492
0.5743670463562012
0.4020474851131439
0.5536986589431763
0.40807318687438965
0.823407769203186
0.43301525712013245
1.6490856409072876
0.5916715860366821
0.36412543058395386
0.19964075088500977
0.5630042552947998
0.3431360125541687
0.44611629843711853
0.796477198600769
0.8435575366020203
0.5193638801574707
0.45026835799217224
0.7412952780723572
0.35139283537864685
0.3688918650150299
0.4040812849998474
0.41974860429763794
0.5729490518569946
0.6590458154678345
0.1660269945859909
1.063949465751648
0.5423195362091064
0.822391152381897
0.685329258441925
0.5187446475028992
0.6092413067817688
0.7070509195327759
0.39559850096702576
0.5357164144515991
0.29260069131851196
0.7443777918815613
0.22584915161132812
0.6343319416046143
0.3414193391799927
0.21049103140830994
0.35509270429611206
0.541360080242157
0.4178473949432373
0.6833834648132324
0.6998810768127441
0.28341013193130493
0.4246238172054291
0.4286242425441742
0.5521333813667297
0.4161517024040222
0.6921570897102356
0.47745680809020996
0.2852932810783386
0.4403150677680969
0.5053931474685669
0.49722328782081604
0.4745662212371826
0.783673882484436
0.5850562453269958
0.4089018702507019
0.5475672483444214
0.414100706577301
0.8056046366691589
0.3120754361152649
0.85679692029953
0.4324966073036194
0.3627166748046875
0.40543413162231445
0.4403575360774994
0.367484450340271
0.18825313448905945
0.3852841854095459
0.9197322726249695
0.6398704648017883
0.4894908368587494
0.4188617765903473
0.5261126756668091
0.24005475640296936
0.7203782200813293
0.6460041999816895
0.6438388228416443
0.5563350915908813
0.695828914642334
0.5333883166313171
0.4592801034450531
0.5532515048980713
0.3035293519496918
0.33912405371665955
1.0306450128555298
0.8075197339057922
1.2111061811447144
0.9846102595329285
0.6098141670227051
0.9778736233711243
0.5419844388961792
0.5724276304244995
0.5286611318588257
0.5259602665901184
0.5049229264259338
0.9623139500617981
0.8950748443603516
0.20438826084136963
0.4072608947753906
0.4434470236301422
0.4152833819389343
0.5137513875961304
0.3144141435623169
0.4976932406425476
0.4446636736392975
0.331795334815979
0.6501901745796204
0.7260964512825012
0.41603153944015503
0.15524537861347198
0.38329383730888367
1.98343026638031
0.38844817876815796
0.20391011238098145
0.6598458290100098
0.45421838760375977
0.31296733021736145
0.5434653759002686
0.6336926221847534
0.6897637844085693
0.4473339021205902
0.34761661291122437
0.5554097890853882
0.7899256944656372
0.8950812220573425
0.6210536956787109
1.1162068843841553
0.5622974038124084
0.5578018426895142
1.1063206195831299
0.37450769543647766
0.28657621145248413
1.0954782962799072
0.5016855597496033
0.4652634263038635
1.0045859813690186
0.26022595167160034
0.3601243495941162
0.51774662733078
0.2847999632358551
0.5347464084625244
0.26682791113853455
0.7537145614624023
0.43211889266967773
0.536152184009552
0.9953204989433289
0.3786899149417877
0.41920456290245056
0.673291027545929
0.23672476410865784
0.4505681097507477
0.3090464174747467
0.3926859498023987
0.5645345449447632
0.5268545150756836
0.2536099851131439
0.5410045385360718
0.8067938089370728
0.48935389518737793
0.3982512354850769
0.9753931164741516
0.40235456824302673
0.40742388367652893
0.33460596203804016
0.6123254895210266
0.40521782636642456
0.9213398098945618
0.40284568071365356
0.8371033668518066
0.5275839567184448
1.3119423389434814
0.38530460000038147
0.28687939047813416
0.47419461607933044
0.42578035593032837
0.40724629163742065
0.336251437664032
0.36632174253463745
0.37589091062545776
0.20349660515785217
0.7728594541549683
0.4045566916465759
0.7026789784431458
0.48251160979270935
0.7195464372634888
0.45391446352005005
0.6249879598617554
0.3217791020870209
0.5979031920433044
1.0481433868408203
0.3723313510417938
0.8183063268661499
0.5359195470809937
0.47917860746383667
0.6841875314712524
0.2745658755302429
0.3022429943084717
0.6696098446846008
0.2713693380355835
0.578074038028717
0.5877497792243958
0.7413163781166077
0.2865045666694641
0.7166501879692078
0.378439724445343
0.4596892297267914
0.41529378294944763
0.955382227897644
0.3627259135246277
0.5446449518203735
0.34445056319236755
0.3250773549079895
0.19598153233528137
0.4227335453033447
0.6529163122177124
0.48806825280189514
0.18626612424850464
0.5963940620422363
1.318673014640808
0.397761732339859
0.45998090505599976
0.27327728271484375
0.3660100996494293
0.5595213770866394
0.31077611446380615
0.6314785480499268
0.6078634262084961
0.43120330572128296
0.8225678205490112
0.4703618586063385
0.4002561569213867
0.28624123334884644
0.7653073072433472
0.29673150181770325
0.7381678819656372
0.5325602889060974
0.3770487308502197
0.8464310765266418
0.40448760986328125
0.884960949420929
0.45544925332069397
0.3722487986087799
0.38833320140838623
0.3484552204608917
0.42242294549942017
0.4420914649963379
0.531103789806366
0.3271182179450989
0.2986467480659485
0.3687874972820282
0.5106965899467468
0.49837321043014526
0.23401287198066711
0.4197154641151428
0.4312829077243805
0.4686550199985504
0.8299137353897095
0.4204910397529602
1.1899912357330322
