0.6966457366943359
0.595434308052063
0.2619730830192566
0.34054890275001526
0.44922178983688354
0.6425284743309021
0.33643579483032227
0.6482703685760498
0.2365778237581253
0.4180731773376465
0.5889261960983276
0.4393172264099121
0.6050779223442078
0.42872053384780884
0.6961888670921326
0.6161496043205261
0.5068937540054321
0.5442452430725098
0.7522909045219421
0.4284873902797699
0.5325288772583008
0.4675752520561218
0.47188061475753784
0.8211297988891602
0.40802305936813354
0.34037676453590393
0.4503459334373474
0.28471165895462036
0.7497647404670715
0.570557177066803
0.8280321955680847
0.9250089526176453
0.5939185619354248
0.820429801940918
0.35292482376098633
0.4792686402797699
0.49735569953918457
0.2484029233455658
0.2144359052181244
0.767228901386261
0.41161441802978516
0.9397051930427551
0.6485022306442261
0.6934296488761902
0.23298916220664978
0.4901789724826813
1.1155319213867188
0.43833741545677185
0.7742266058921814
0.4046323895454407
0.878331184387207
1.2255973815917969
0.5963355302810669
0.46008414030075073
0.3016107976436615
0.9307857751846313
1.0816580057144165
0.556303858757019
0.42169690132141113
0.4962363839149475
0.643690288066864
0.14944633841514587
0.6081581115722656
0.7016168832778931
0.29948773980140686
0.1492493599653244
0.5052480101585388
1.1183664798736572
0.5218198299407959
0.3423652648925781
0.28070661425590515
0.45212140679359436
0.4053972363471985
0.371131956577301
0.8582825660705566
0.394054651260376
0.38636159896850586
0.6791039705276489
0.6499286890029907
0.5902763605117798
0.5904868245124817
0.35136908292770386
0.9271236658096313
0.3627672791481018
0.2738836705684662
0.48662108182907104
0.7866177558898926
0.5652977228164673
0.45456305146217346
0.9321540594100952
0.4629894196987152
0.36870837211608887
0.7968361377716064
0.3070472478866577
0.522071361541748
0.19539514183998108
0.5644837617874146
1.175805687904358
0.5981201529502869
0.9451592564582825
0.6961442232131958
0.5876038074493408
0.6916217803955078
0.5304851531982422
0.7352347373962402
0.5340784788131714
0.7941847443580627
0.336959570646286
0.6412863731384277
0.3885858654975891
0.3421289920806885
0.2567562460899353
0.7948223948478699
1.0534336566925049
0.6887215971946716
0.4021205008029938
0.7528603672981262
0.3322290778160095
0.777628481388092
0.7689369916915894
0.5128041505813599
0.252571702003479
0.42848706245422363
0.4076271951198578
0.5054208636283875
0.569999635219574
0.5593703985214233
0.7087724804878235
0.5307179689407349
0.8598607778549194
0.4064341187477112
0.8281505703926086
0.34463173151016235
0.3780791163444519
0.20196707546710968
0.27567335963249207
0.5526217222213745
0.27364620566368103
0.7136425971984863
0.4573592245578766
0.4183424413204193
0.2891051769256592
0.35104867815971375
0.773433268070221
0.5775448083877563
0.33233293890953064
0.2475103884935379
0.6045586466789246
0.41008853912353516
0.8579066395759583
0.8700183033943176
0.623241126537323
0.4892667829990387
0.46903514862060547
0.4524396061897278
0.35145825147628784
0.6952459216117859
0.5163488388061523
0.7596665024757385
0.31254467368125916
0.20201905071735382
0.6396254897117615
0.4396335184574127
0.3250350058078766
0.30465105175971985
0.781609058380127
0.11864215135574341
0.38116466999053955
0.521210789680481
0.7994440793991089
0.8292956352233887
0.9792594909667969
0.6556600332260132
0.3238813281059265
0.3787635266780853
0.4046269953250885
0.38041019439697266
0.4096110463142395
0.5593661069869995
0.48928195238113403
0.2739940583705902
0.5410569310188293
0.9435216188430786
0.49796175956726074
0.6379769444465637
0.40486234426498413
1.1537312269210815
0.28524503111839294
0.7283682227134705
0.5449761152267456
0.8416136503219604
0.9822466969490051
0.7116236686706543
0.46787500381469727
0.22891411185264587
0.251721054315567
0.4294930398464203
0.582335352897644
0.40367498993873596
0.490475594997406
0.35604792833328247
0.3795439302921295
0.6470286250114441
0.48005062341690063
0.7368536591529846
0.4705861210823059
0.30798014998435974
0.9241153597831726
0.4624289572238922
0.6280552744865417
0.3982507884502411
0.5513101816177368
0.6805318593978882
0.7376840710639954
0.4979562759399414
0.529308021068573
0.38965997099876404
0.46420031785964966
0.8195837736129761
0.6383689641952515
0.4005366265773773
0.5869113206863403
0.31012532114982605
0.3629874587059021
0.5916556715965271
0.2749270796775818
0.9831153750419617
0.313161700963974
0.8615130186080933
0.6447216272354126
0.7126047611236572
0.5083397626876831
0.731552004814148
0.9314908981323242
0.21041183173656464
0.45642200112342834
0.3435927927494049
0.9830652475357056
0.7043131589889526
0.675338625907898
0.5960031747817993
0.17707230150699615
0.5622269511222839
1.0766404867172241
0.3444729447364807
0.33605122566223145
0.9577167630195618
0.5613242387771606
0.38387712836265564
0.37194404006004333
0.800571084022522
0.7255778312683105
0.7222704887390137
0.3538462221622467
0.3081890940666199
0.31482115387916565
0.45096665620803833
0.6593437790870667
0.6474204063415527
0.4208434224128723
0.5402448773384094
0.6007994413375854
0.30874934792518616
0.40438777208328247
0.4258897304534912
0.8260944485664368
0.6534911394119263
0.5692713856697083
0.41446322202682495
0.6541121602058411
0.6167736649513245
0.3251073956489563
0.4871320128440857
0.524890124797821
0.3909810185432434
0.3984907269477844
0.2518860697746277
0.5307750701904297
0.4364083409309387
0.43702536821365356
0.7365480661392212
0.588821530342102
0.7961426973342896
0.6768434047698975
0.25283893942832947
0.8912897109985352
0.2930575907230377
0.5250121355056763
0.2931639552116394
0.37971171736717224
0.4789634644985199
0.49063119292259216
0.9380267858505249
0.23439447581768036
0.42052000761032104
0.4288056492805481
0.6314529180526733
0.8272581100463867
0.424177348613739
0.5456591844558716
0.7420077919960022
0.9039060473442078
0.5022960305213928
0.513947606086731
0.3924350142478943
0.2688298225402832
0.37002453207969666
0.3197842240333557
0.48061877489089966
0.36672869324684143
0.6176484823226929
0.4691743850708008
0.7592067718505859
0.7067638039588928
0.874109148979187
0.6174233555793762
0.48884767293930054
1.0426952838897705
1.031740427017212
0.8624464273452759
0.41903752088546753
0.5559778213500977
0.7210350632667542
0.8814322352409363
0.556489109992981
0.9236623048782349
0.436647891998291
0.7616046071052551
0.29046061635017395
0.33146053552627563
0.604442298412323
0.28884831070899963
0.6541773676872253
0.693486750125885
0.48318177461624146
1.1570720672607422
1.1841545104980469
0.5072658658027649
