1.0793031454086304
0.8408239483833313
0.7861802577972412
0.5680991411209106
0.6348929405212402
0.5672604441642761
0.5856603384017944
0.9042108654975891
0.599578857421875
0.5714518427848816
0.8716191053390503
0.6186002492904663
1.185025691986084
0.977103054523468
0.7526382207870483
0.7209975123405457
0.794015645980835
1.2574937343597412
0.6952370405197144
0.8839733004570007
0.9594693183898926
0.956940770149231
0.5555441975593567
0.9196493029594421
0.3833411931991577
0.6316617727279663
0.5823887586593628
0.9351288080215454
0.9168863296508789
1.0933274030685425
0.7584034204483032
0.6572368144989014
0.6537352800369263
0.572810709476471
0.8761517405509949
0.8329464793205261
0.5061519742012024
0.8404809832572937
0.550406813621521
0.5782886147499084
0.8792465925216675
0.8082445859909058
0.4679795205593109
1.1354820728302002
0.6896048784255981
0.7717270851135254
0.4513169229030609
0.9491919279098511
0.7477316856384277
0.8392878770828247
0.531556248664856
0.45038527250289917
0.7989104986190796
0.7036265134811401
0.5388889312744141
0.6941834688186646
0.45053815841674805
0.7233313322067261
0.7004135251045227
0.5121022462844849
0.7658007740974426
0.8415878415107727
0.4905874729156494
0.7833386063575745
0.6999905705451965
0.6796267032623291
0.6059906482696533
0.8755601644515991
0.9603245854377747
0.7386568188667297
0.6576116681098938
0.4916806221008301
0.7042573094367981
1.1106116771697998
1.2818317413330078
0.4735727906227112
0.7512217164039612
0.6651495695114136
1.0755194425582886
0.9798477292060852
0.7153223752975464
0.383535236120224
0.9904220700263977
0.5667893886566162
0.9689079523086548
0.5907933712005615
0.7733511328697205
0.5196520686149597
0.8982831835746765
0.6455901265144348
0.8746059536933899
1.2472774982452393
0.8422513008117676
0.5899110436439514
0.5250321626663208
0.7592247724533081
1.2311789989471436
0.921686053276062
0.6895987391471863
0.6317161917686462
0.700720489025116
0.9542460441589355
0.574610710144043
1.0315892696380615
0.6571664810180664
0.959405243396759
1.15873122215271
0.8115652203559875
0.7135804295539856
0.6658352613449097
0.8915241360664368
0.7519378662109375
0.6515553593635559
0.5164592266082764
0.6789671182632446
0.8078960180282593
1.4854880571365356
0.8788655996322632
0.730890154838562
0.574552059173584
0.511193573474884
0.6123091578483582
0.7070153951644897
0.900087833404541
0.6196643114089966
0.46319085359573364
0.6247778534889221
0.7548268437385559
0.9921914339065552
0.6357103586196899
0.6742013692855835
0.3664968013763428
0.5364044904708862
1.1523394584655762
0.8363478779792786
0.381182998418808
0.7672377824783325
0.6130770444869995
0.6718703508377075
0.7796725630760193
0.546459972858429
0.656334400177002
0.41674718260765076
0.8827033042907715
0.9437917470932007
0.5861579179763794
0.720718502998352
0.69064861536026
0.4468849301338196
0.6531186103820801
0.7046941518783569
0.6488717794418335
0.8522464632987976
0.9765718579292297
0.9413130879402161
1.1558358669281006
0.5720661282539368
0.5941894054412842
0.5881282687187195
1.2248386144638062
0.7143155336380005
0.6254132390022278
1.49911367893219
0.5831905603408813
1.0590837001800537
0.8413130044937134
0.48384785652160645
1.1926934719085693
0.7754194140434265
0.9292182922363281
0.9450605511665344
0.7283481359481812
0.6525163650512695
0.8373910784721375
0.6892306208610535
0.9892603158950806
0.9622548818588257
0.8619966506958008
0.988761305809021
1.0398629903793335
0.6576594114303589
0.5877830982208252
0.7545472383499146
0.5413821935653687
0.5890176296234131
1.1057627201080322
1.1424156427383423
0.8065613508224487
0.7134354710578918
0.6736195087432861
0.4514063000679016
0.8641331791877747
1.065748691558838
0.9926201105117798
0.7683719396591187
0.5855603218078613
1.04111647605896
0.5483196377754211
0.5965806245803833
0.7426812052726746
0.7092562913894653
0.5013400912284851
0.7982800602912903
0.8711538314819336
0.746609091758728
0.5312297940254211
0.6315681338310242
0.6957207322120667
0.7505003213882446
0.5284708738327026
0.8080387115478516
0.8764486312866211
0.9080141186714172
0.47286301851272583
0.9345618486404419
0.6680677533149719
0.988010585308075
0.809902548789978
0.6973206400871277
0.7328449487686157
1.4354838132858276
1.0309969186782837
0.5155377388000488
1.0123473405838013
0.8672103881835938
0.8309450149536133
0.694973886013031
0.5689910054206848
2.085750102996826
0.6438436508178711
1.0149823427200317
0.7725945115089417
0.9520871043205261
0.5844836235046387
1.0252134799957275
0.6361931562423706
0.5088359713554382
1.0220695734024048
0.705661416053772
0.47491827607154846
1.1781253814697266
1.0004823207855225
0.8192291259765625
0.48621878027915955
1.0097402334213257
0.6464458107948303
0.8072304725646973
0.3860868811607361
0.7091729044914246
0.7790252566337585
0.7694029808044434
0.8124286532402039
1.0674816370010376
0.6032816767692566
1.1111037731170654
0.803227424621582
0.7296332716941833
0.5809610486030579
0.7639189958572388
0.6031104326248169
1.3343759775161743
0.7290108799934387
0.9478483200073242
0.69033282995224
0.6243491768836975
0.5993925333023071
0.9966389536857605
0.715741753578186
0.786779522895813
0.8881306648254395
0.9634273648262024
0.9642481803894043
0.6281789541244507
0.996198296546936
0.9364412426948547
0.6240929365158081
0.5614792108535767
0.648453414440155
0.7505849003791809
1.272090196609497
1.0334010124206543
0.5761011838912964
0.36806097626686096
0.9760903120040894
0.5359816551208496
0.6499319076538086
0.8816359639167786
0.7813450694084167
0.6858259439468384
0.7163763642311096
0.9033398628234863
0.7527109980583191
0.7154471278190613
0.6349546313285828
0.693367600440979
1.044977068901062
0.6345497369766235
0.7042701840400696
0.5784392356872559
0.5848767161369324
0.5141604542732239
0.9143268465995789
0.4804838299751282
0.6966038942337036
0.7219047546386719
0.5569925904273987
1.3857495784759521
0.7950803637504578
0.7990895509719849
0.7308769822120667
0.5666693449020386
0.6543506383895874
0.7270210981369019
0.9091558456420898
0.6017318367958069
1.3635656833648682
0.44168996810913086
0.8939078450202942
0.6019272804260254
0.44759321212768555
0.3856675624847412
0.786524772644043
0.7051488161087036
0.9392301440238953
1.1362688541412354
0.7430092096328735
1.3756870031356812
0.7202778458595276
0.803869903087616
0.7791597843170166
0.761864960193634
0.789097785949707
0.6320963501930237
1.065965175628662
0.6072675585746765
0.9100930094718933
0.8468972444534302
1.7659391164779663
