0.747700035572052
0.29556071758270264
0.5791066884994507
0.8605149984359741
0.5590988993644714
0.7624356150627136
0.36378246545791626
0.34968772530555725
0.7025142908096313
0.7817272543907166
0.4464072287082672
0.41993021965026855
0.4572938084602356
0.7141405940055847
0.3667287826538086
1.1640347242355347
0.5026993751525879
1.096875548362732
0.7277601361274719
0.596406102180481
0.40239039063453674
1.1015980243682861
0.3741646409034729
0.19789059460163116
1.2742761373519897
0.5590267777442932
0.5117626190185547
1.0906678438186646
0.3949832022190094
0.7224640846252441
0.2981146275997162
0.7816257476806641
0.8418768048286438
0.28392714262008667
0.45312613248825073
0.609047532081604
0.870844841003418
0.44468894600868225
0.6462955474853516
0.741316556930542
0.2698529064655304
0.7763506174087524
0.4850131869316101
0.5589356422424316
0.7736129760742188
0.5509363412857056
0.4724765717983246
0.6483012437820435
0.8988929986953735
0.7743493318557739
1.2292112112045288
0.2530668377876282
0.38830462098121643
0.4685404896736145
0.46547192335128784
0.38117995858192444
0.7250539064407349
0.32317933440208435
0.41299325227737427
0.38612452149391174
0.573233962059021
0.44577717781066895
0.6655283570289612
0.42097869515419006
0.5754890441894531
0.24200454354286194
0.6557630300521851
0.4076387286186218
0.6049417853355408
0.5680575370788574
0.4848858714103699
0.4333541989326477
0.2293105125427246
0.2885061800479889
0.5610238909721375
0.5863484144210815
0.4101077616214752
0.5981051921844482
0.5990782380104065
0.7420815229415894
0.47408556938171387
0.5692105293273926
0.5439493060112
0.40495729446411133
0.3954969048500061
0.8025910258293152
0.4007876515388489
0.32176050543785095
0.26362448930740356
0.4389621615409851
0.7428650259971619
0.49022427201271057
0.39886704087257385
0.4079497754573822
0.4177723824977875
0.8790144920349121
0.38605934381484985
0.31109657883644104
0.4495442509651184
0.5215772390365601
0.6540409922599792
0.37550416588783264
0.34510189294815063
0.5210101008415222
0.3126273453235626
0.6602243781089783
0.4495099186897278
0.3713499903678894
0.18242697417736053
0.3414687514305115
0.7624017000198364
0.2789895832538605
0.4869842529296875
0.4084378182888031
0.46660083532333374
0.768673300743103
0.3935494124889374
0.3475459814071655
0.37361517548561096
0.5227069854736328
0.39019346237182617
0.5743269324302673
0.596916675567627
0.9264838099479675
0.3295131325721741
0.7354685068130493
0.29749879240989685
1.0003025531768799
0.4842526316642761
0.3495549261569977
0.9001099467277527
0.23751547932624817
0.5129188299179077
0.7347723841667175
0.40262120962142944
0.5175625085830688
0.4732735753059387
0.46497178077697754
0.23312005400657654
0.4724653363227844
0.685217559337616
0.6252926588058472
0.4908657670021057
0.22270849347114563
0.32167261838912964
0.6570053696632385
0.6251941323280334
0.5575422644615173
1.0368969440460205
0.3616717755794525
0.4694151282310486
0.3971548080444336
1.0757911205291748
0.9211611747741699
1.1280251741409302
0.4377973675727844
0.6116224527359009
0.35665661096572876
0.83228600025177
0.34184733033180237
0.24438874423503876
0.6819437742233276
1.5284569263458252
0.7236547470092773
0.3278355598449707
0.5196110010147095
0.3830748200416565
0.25197750329971313
0.48543769121170044
0.6273565888404846
0.4346854090690613
0.2892545461654663
0.5277201533317566
0.2832605838775635
0.6170082092285156
0.3024911880493164
0.28305360674858093
0.8891070485115051
0.417255163192749
0.2113184630870819
0.520251989364624
0.691592276096344
0.5452025532722473
0.6974279284477234
0.2757348418235779
0.469205379486084
0.42434611916542053
0.7279165983200073
0.31579867005348206
0.9265087246894836
0.41348427534103394
0.586635947227478
0.33924275636672974
0.34428560733795166
0.7186249494552612
0.26728323101997375
0.2713732123374939
0.3742939829826355
0.18174557387828827
0.40162283182144165
1.7936338186264038
0.5841547250747681
0.5760968923568726
0.30734699964523315
1.0047008991241455
0.7601211071014404
0.4208371639251709
0.40453583002090454
0.660521388053894
0.6787242293357849
0.21485097706317902
0.5603275299072266
0.39821857213974
0.4696100652217865
0.4175232946872711
0.4528868794441223
0.6147380471229553
0.7683688998222351
0.9560917615890503
0.6096087694168091
0.8376854062080383
0.20715570449829102
0.312783420085907
0.3929629325866699
0.3912191092967987
0.2126847803592682
1.1153249740600586
0.5287057161331177
0.3484114706516266
0.31977152824401855
0.4517763555049896
0.1724633425474167
0.5899900197982788
0.7180759310722351
0.43842896819114685
0.20397858321666718
0.45820528268814087
0.471265971660614
0.25405043363571167
0.5792336463928223
0.38241806626319885
1.0542694330215454
0.4481576979160309
0.812535285949707
0.5003661513328552
0.4380054473876953
0.5169118642807007
0.5216097235679626
0.5658103227615356
0.5448324084281921
0.7058536410331726
0.3435932695865631
0.3897415101528168
0.16211943328380585
0.5930827856063843
0.5842335224151611
0.787860095500946
0.33513739705085754
0.5072513818740845
0.6445415616035461
0.4960154592990875
0.4190666079521179
0.8141282200813293
0.5693158507347107
0.943412184715271
0.3110184073448181
0.18664711713790894
0.74146968126297
0.5990263223648071
0.9827354550361633
0.25567978620529175
0.22057390213012695
0.5254656076431274
0.6656535863876343
0.47900548577308655
0.8905977010726929
0.6570475101470947
0.5890896916389465
0.39540281891822815
0.6279066205024719
0.44320589303970337
0.19893066585063934
0.6385558843612671
0.2768414318561554
0.2256251573562622
0.6317827105522156
1.2216331958770752
0.32401904463768005
0.43283557891845703
0.3223705291748047
0.25206175446510315
0.4797883629798889
0.6188195943832397
0.4115184247493744
0.6727992296218872
0.44474679231643677
0.4933258891105652
0.42717665433883667
0.4403708577156067
0.445687472820282
0.5097058415412903
0.3219556212425232
0.5494072437286377
0.426349937915802
0.6272013783454895
0.9434179067611694
0.6356368064880371
0.3713349401950836
0.9826620221138
0.22018232941627502
0.579336404800415
0.28900423645973206
0.7387213706970215
0.8210746049880981
0.2283613681793213
0.9189413785934448
0.43108710646629333
0.705954372882843
0.3293597102165222
1.1978919506072998
0.6377381086349487
0.45910000801086426
0.6895690560340881
0.7533995509147644
1.2210232019424438
0.363677054643631
0.9294009208679199
0.7098259925842285
0.3242056369781494
0.3423446714878082
0.7434045076370239
0.7028412818908691
0.8993018269538879
0.37205007672309875
0.4949842095375061
0.506353497505188
0.7510651350021362
0.7191264629364014
