0.5663712620735168
1.0569959878921509
0.7206760048866272
0.33349713683128357
0.35196876525878906
0.4489029347896576
0.9374884366989136
1.0757108926773071
0.5551692247390747
0.41139012575149536
0.6371771693229675
1.963405966758728
0.6311863660812378
0.6449372172355652
0.6483820080757141
0.9373712539672852
0.4905361235141754
0.4084447920322418
0.4712996482849121
0.5707604289054871
0.5717951059341431
0.519659161567688
0.3621375560760498
0.42090311646461487
0.3827764391899109
0.24084563553333282
1.1320501565933228
0.6493884921073914
0.3572593629360199
0.37783926725387573
0.5878915786743164
0.694744884967804
0.2521287798881531
0.5781720876693726
0.43332305550575256
0.7025567889213562
0.9423760175704956
0.34251293540000916
0.8145523071289062
0.6303819417953491
0.8844853639602661
0.4434158205986023
0.20976991951465607
0.5832309722900391
0.703059732913971
0.7783343195915222
0.9163687825202942
0.2312401533126831
0.6192830801010132
0.3812675178050995
0.5986190438270569
0.6803919076919556
0.43241357803344727
0.5173555016517639
0.5149708986282349
0.2320854663848877
0.4887164533138275
0.7273737788200378
0.35030263662338257
0.955907940864563
1.112703561782837
0.3680885434150696
0.6381820440292358
0.5467759966850281
0.3190508484840393
0.45783811807632446
0.3441731929779053
0.5287483930587769
0.710931658744812
0.659365177154541
0.7589690685272217
0.695288896560669
0.6802973747253418
0.7467705011367798
0.3790039122104645
0.7427796721458435
0.9123681783676147
0.44397297501564026
0.7613194584846497
0.35315096378326416
0.5092953443527222
0.33284395933151245
0.5704358220100403
0.7437202334403992
1.0029183626174927
0.6428519487380981
0.5305374264717102
0.23566727340221405
0.7093212008476257
0.628924548625946
0.5258303880691528
0.48443880677223206
0.5958970189094543
0.4132668077945709
0.589993417263031
0.34205421805381775
0.7139507532119751
1.1169874668121338
0.2906501889228821
0.36318519711494446
0.5162003040313721
0.4378109872341156
0.33417031168937683
0.5916584730148315
0.2911559045314789
0.722424328327179
0.43765076994895935
0.6597517132759094
0.3799707889556885
0.643459677696228
0.2313169538974762
0.2844685912132263
0.3153650164604187
0.8903608322143555
0.5294135808944702
0.7455228567123413
0.5119048357009888
0.36705946922302246
0.37131619453430176
0.24863724410533905
0.6014350652694702
0.8726307153701782
0.43788376450538635
0.7674795389175415
0.5476160049438477
0.42854875326156616
0.36292946338653564
0.4136527180671692
0.15081234276294708
0.5117098093032837
0.8725361824035645
0.504988431930542
0.6184210777282715
0.46261006593704224
0.4884506165981293
0.5587848424911499
0.35978084802627563
0.4923383593559265
0.6816665530204773
0.5730571150779724
0.9466805458068848
0.3762507140636444
0.3540988862514496
0.5172430276870728
0.3500288724899292
0.22505125403404236
0.6759691834449768
0.7281945943832397
0.8940469622612
0.39355188608169556
0.7393552660942078
0.48019781708717346
0.5494004487991333
0.7538024187088013
0.7919069528579712
0.5527757406234741
0.3753364086151123
0.3555005192756653
0.6424849629402161
0.46930623054504395
0.487093448638916
0.5875632762908936
0.5955613255500793
0.5473653674125671
0.8660467267036438
0.6230294704437256
0.35261863470077515
0.37522321939468384
0.3436598777770996
0.7257611751556396
0.7238138914108276
0.8831977844238281
0.3662428855895996
0.7424732446670532
0.45755261182785034
0.46798691153526306
0.4921073913574219
0.45742350816726685
1.0241683721542358
0.8875120282173157
1.0678811073303223
0.6913000345230103
0.37133917212486267
0.49448299407958984
0.2884173095226288
0.4998360574245453
0.892536461353302
0.3485918641090393
0.35574689507484436
0.39543789625167847
0.5648075342178345
0.6281177401542664
0.20076975226402283
1.2282030582427979
0.5656326413154602
0.5468512177467346
0.9207668304443359
0.744703471660614
0.7746661305427551
0.2659014165401459
0.403750479221344
0.2874429225921631
0.5034717321395874
1.1172488927841187
0.40341025590896606
0.38981395959854126
0.35580548644065857
0.4756428599357605
0.3135274052619934
0.8006641268730164
0.20605877041816711
0.24441392719745636
0.3464663624763489
0.402940571308136
0.4156433641910553
0.4897344708442688
0.6177248954772949
0.33944135904312134
0.5193485021591187
0.833908200263977
0.311170756816864
0.35733649134635925
0.4679458737373352
0.4044671058654785
0.3790826201438904
0.7661968469619751
0.5897882580757141
0.4415995180606842
0.3283095359802246
0.3673246204853058
0.8278300166130066
0.42641863226890564
0.6014804840087891
0.34856072068214417
0.43160098791122437
0.4367835521697998
0.4267638325691223
0.20998935401439667
0.7848027348518372
0.6353393793106079
0.41700562834739685
1.0434221029281616
0.3181808888912201
0.288118839263916
0.49245110154151917
0.5128461718559265
0.5708758234977722
0.5625779032707214
0.7812321186065674
0.2215021550655365
0.9518307447433472
0.49676066637039185
0.2692336440086365
1.765588402748108
0.7960701584815979
0.3729581832885742
0.7031762599945068
0.47119277715682983
0.4990007281303406
0.5538276433944702
0.7562710046768188
0.5384075045585632
0.44598427414894104
0.3637496829032898
0.7315584421157837
0.25810742378234863
0.6043465733528137
0.4159952998161316
0.7165347337722778
0.4204675257205963
0.4287671148777008
0.5979149341583252
0.283549964427948
0.22353270649909973
0.4727645814418793
0.3141939342021942
0.3857044577598572
0.5299533605575562
0.5919749140739441
0.47672194242477417
0.4953603744506836
0.2904844284057617
0.502030611038208
0.6701172590255737
0.4991191029548645
0.4450680613517761
0.5070432424545288
0.5030627250671387
0.7734662890434265
0.3428606688976288
1.1864697933197021
0.5662909746170044
1.1647688150405884
0.3377801477909088
0.39854854345321655
0.48798736929893494
0.7022110819816589
0.32788366079330444
0.7336190938949585
0.43296995759010315
0.5384406447410583
0.7015231251716614
0.7700409889221191
0.39883238077163696
0.5087469220161438
0.3585326075553894
0.42786169052124023
0.705348014831543
0.2681905925273895
0.7345148921012878
0.5730432271957397
0.3342154026031494
0.46835270524024963
0.3854469954967499
0.33500009775161743
0.6023070216178894
0.44344329833984375
0.3513723909854889
1.227556824684143
0.45719876885414124
0.1381520926952362
0.4909176230430603
0.9045015573501587
0.5618406534194946
0.5004697442054749
0.5539016723632812
0.5955795049667358
0.45115822553634644
0.47100552916526794
0.47595539689064026
0.43071994185447693
0.9634202718734741
0.3992568552494049
0.5190348029136658
0.5353724360466003
0.4081573486328125
0.4279702305793762
0.21124231815338135
