0.21975818276405334
0.5944705009460449
0.8229697942733765
0.24630394577980042
0.7007044553756714
0.4857766628265381
0.39369839429855347
0.4588809907436371
0.8999353647232056
0.33203229308128357
1.349858045578003
0.19942514598369598
0.5108184814453125
0.4980374276638031
0.30694130063056946
0.3874993920326233
0.5414722561836243
0.42738762497901917
0.3798128366470337
0.468828022480011
0.35662996768951416
0.6065141558647156
0.33393892645835876
1.1472084522247314
0.2877676486968994
0.5626490712165833
0.7019996047019958
0.45965880155563354
0.7544307708740234
0.5686568021774292
0.5695714354515076
0.5623871684074402
0.6841822862625122
1.182227373123169
0.5010056495666504
0.4435247480869293
0.6584290266036987
0.41839417815208435
0.2017936259508133
0.36750948429107666
0.5490273833274841
0.8170651197433472
0.9504491686820984
0.6363332867622375
0.76674485206604
0.622492790222168
0.5917145013809204
0.5023715496063232
0.5233297944068909
0.6810869574546814
0.4937552511692047
0.5261443853378296
0.5366140604019165
0.4503619074821472
0.8962857127189636
0.7330099940299988
0.25326651334762573
0.6785995364189148
0.5190399289131165
0.6347795128822327
0.30091482400894165
0.6194788217544556
0.5452944040298462
1.270684003829956
0.2888840436935425
0.384320467710495
0.3543051481246948
0.5283604264259338
0.601750373840332
0.4087558686733246
1.0395963191986084
0.2652460038661957
0.9003593325614929
0.651131808757782
0.3242380917072296
0.4547218382358551
0.7143908739089966
0.5853002071380615
0.531290590763092
0.6483567953109741
0.8090543746948242
0.6318960785865784
0.5011121034622192
0.656728208065033
0.25641268491744995
0.8283650279045105
0.6811765432357788
0.5241915583610535
0.33987048268318176
0.4494253098964691
0.356184184551239
0.4886165261268616
0.8944225311279297
0.36262208223342896
0.34328120946884155
0.585106372833252
0.6149648427963257
0.1539798080921173
0.7536998987197876
0.30285581946372986
0.5285838842391968
0.9111334085464478
0.6173329949378967
0.44806408882141113
0.43307971954345703
0.2810670733451843
0.28462299704551697
0.6611815690994263
0.48494094610214233
0.8918145298957825
0.5853066444396973
0.5102204084396362
0.2568432688713074
0.2274526059627533
0.4306780695915222
0.6131823658943176
0.33230477571487427
0.4621422290802002
0.4753132462501526
0.6468556523323059
0.6076601147651672
0.7332419157028198
0.41114935278892517
0.5365811586380005
0.2775227427482605
0.47737693786621094
0.4995320439338684
0.6676520705223083
0.41112834215164185
0.4710211157798767
0.5409873127937317
0.2619130313396454
0.5387264490127563
0.7926170229911804
0.7731985449790955
0.5329728126525879
0.20337538421154022
0.5024136304855347
0.5422879457473755
0.42742666602134705
0.23091895878314972
0.7907296419143677
0.6515398025512695
0.6379576921463013
0.3928571939468384
0.5057674646377563
0.38530826568603516
0.5488078594207764
0.7843621969223022
0.3273915946483612
1.143194317817688
0.27362126111984253
0.5744112730026245
1.217679738998413
0.6283033490180969
0.5247618556022644
0.5129293203353882
0.19803091883659363
0.47818270325660706
0.7580216526985168
0.9700033068656921
0.423064649105072
0.7353522181510925
0.24883298575878143
0.5470391511917114
0.2800268530845642
0.5456578135490417
0.4470655024051666
0.4176052212715149
0.8410856127738953
0.5451396703720093
0.35889095067977905
0.29492872953414917
0.6105324029922485
0.6415294408798218
0.530626118183136
0.9273872375488281
0.9196683764457703
0.8199819326400757
0.8373295664787292
0.5970136523246765
0.5674565434455872
0.22702006995677948
0.2570033669471741
0.33975398540496826
0.9394919276237488
0.5785174369812012
0.3923146724700928
0.4470739960670471
0.6431241035461426
0.7560647130012512
0.6639265418052673
0.77299565076828
0.5280321836471558
0.5241892337799072
0.677432656288147
0.3398057520389557
0.7915688157081604
0.5188443064689636
0.32612839341163635
0.5828930139541626
0.6183269619941711
0.2832179665565491
0.7128065228462219
0.24868735671043396
0.32577353715896606
0.905626654624939
0.5200069546699524
0.526954710483551
0.6918760538101196
0.39755767583847046
0.2384984940290451
0.33607178926467896
0.3646296560764313
0.2947135269641876
0.5960477590560913
0.3698822855949402
0.2951957583427429
0.5487547516822815
0.440822035074234
0.41527628898620605
0.37647920846939087
0.5302070379257202
0.6782148480415344
0.4148446023464203
0.462604820728302
0.7224365472793579
0.5371777415275574
0.8717724084854126
0.5494561195373535
0.3715764880180359
0.4836902618408203
0.5110974907875061
0.3563075661659241
0.5325212478637695
0.7661229968070984
0.9729645848274231
1.0611140727996826
0.327046275138855
0.5948502421379089
0.6809959411621094
0.4998234808444977
0.30629962682724
0.21271005272865295
0.7327225804328918
0.6385142803192139
0.47181254625320435
1.0183488130569458
0.5428811311721802
0.3475516736507416
0.6111918687820435
0.4411303997039795
0.43653225898742676
0.22282183170318604
0.9735852479934692
0.34167927503585815
0.3345889747142792
0.7819268107414246
0.5483437776565552
0.9240198135375977
0.6523913145065308
0.9453953504562378
0.451246440410614
0.3951755166053772
0.9843953847885132
0.7002752423286438
0.4598228335380554
0.5475000143051147
0.5334165096282959
0.5488370060920715
0.43527117371559143
0.3247304856777191
0.3361395001411438
0.6042267084121704
0.5278362035751343
0.5119054913520813
0.2630777060985565
0.4800766408443451
0.5599395036697388
0.350383996963501
0.4298824667930603
0.3331032693386078
0.31411212682724
0.5063564777374268
0.9838019609451294
0.5238214731216431
0.39442476630210876
0.2897452712059021
0.8155580759048462
0.5537463426589966
0.19544382393360138
0.4997197687625885
0.5425695180892944
0.3139045834541321
0.6365717053413391
0.46613818407058716
0.3353559374809265
0.3980306088924408
0.40617233514785767
0.3335377275943756
0.3138044476509094
0.4518287777900696
0.8267768621444702
0.3596475124359131
0.4733244776725769
1.0207250118255615
0.28881198167800903
0.5153846740722656
0.3874543607234955
0.8658876419067383
0.3040091395378113
0.2363508641719818
0.325836718082428
0.5881180763244629
0.3790223300457001
0.8314321637153625
0.8125317692756653
0.47363972663879395
0.5094752311706543
0.779172956943512
0.2809426784515381
1.0149635076522827
0.25455349683761597
0.8020774722099304
0.3622804284095764
0.5277560353279114
0.29805049300193787
1.5284868478775024
0.7297893762588501
0.5722446441650391
0.9511414766311646
0.26929187774658203
0.38846054673194885
0.6363333463668823
0.6824876666069031
0.3390057682991028
0.9516705274581909
0.6463435292243958
