0.6453162431716919
0.35898223519325256
1.0822871923446655
0.5041075944900513
0.20179152488708496
0.8552888631820679
0.7238063216209412
0.7866927981376648
0.6449068784713745
0.4984931945800781
0.4962717592716217
0.36080747842788696
0.4811115860939026
0.331941157579422
0.4099489152431488
0.18561382591724396
0.34398096799850464
0.2753097116947174
0.7826400399208069
0.45538759231567383
0.9000205993652344
0.5495022535324097
0.4699217677116394
0.6149472594261169
0.3548721969127655
0.7447775602340698
0.5144671201705933
0.334200918674469
0.7446498274803162
0.5313630104064941
0.3410124182701111
0.46185168623924255
0.4943457543849945
0.6082060933113098
0.7514764666557312
0.32875949144363403
0.3267497718334198
0.2319210320711136
0.35053402185440063
0.4477483630180359
0.34434470534324646
0.44861912727355957
0.6517342329025269
0.17942190170288086
0.2791896462440491
0.6542120575904846
0.6101269125938416
0.5258925557136536
0.5997799634933472
0.4081347584724426
0.24377617239952087
0.4740070700645447
0.6896656155586243
0.5968286395072937
0.7169201970100403
0.7342139482498169
0.7515833377838135
0.5203975439071655
0.5484925508499146
0.5501988530158997
0.6033093333244324
0.4833976626396179
0.35049545764923096
0.5288733839988708
0.5798510313034058
0.7647461295127869
0.23989298939704895
0.6345421671867371
0.4124191403388977
0.33010655641555786
0.6204752922058105
0.7181428074836731
0.3846900463104248
0.4764513075351715
0.5026153922080994
0.4735115170478821
0.43782106041908264
0.31796199083328247
0.4826827049255371
0.444943368434906
0.6538323760032654
0.35452765226364136
0.8182634115219116
0.4400683343410492
0.3537927269935608
0.27731943130493164
0.4949420094490051
1.3928890228271484
0.6297939419746399
0.6124593019485474
0.7863968014717102
0.5852590799331665
0.5625070929527283
0.3885010778903961
0.592412531375885
0.9424921274185181
0.39514774084091187
0.8224741816520691
0.4480602741241455
0.3314897418022156
0.7449663877487183
0.49709874391555786
0.3392859399318695
0.5608526468276978
0.3874048888683319
0.17963333427906036
0.19446614384651184
0.7289299964904785
0.8261272311210632
0.728615403175354
0.18219277262687683
0.30729490518569946
0.3519442677497864
1.0683199167251587
0.5097014904022217
0.525995135307312
0.4655006527900696
0.8550369143486023
0.2929620146751404
0.4217575192451477
0.8655745387077332
0.894509494304657
0.7659414410591125
0.23611311614513397
0.3089943826198578
0.6719540953636169
0.5048608779907227
0.5791680812835693
0.48543649911880493
0.7365579605102539
1.000307321548462
0.8364188075065613
0.710213303565979
0.40506404638290405
0.48655056953430176
0.4377501606941223
0.6867825984954834
0.7863885164260864
0.7875685095787048
0.4024011194705963
0.5617423057556152
0.5868403315544128
0.7840059995651245
0.6110861897468567
0.756621241569519
0.9527166485786438
0.49857258796691895
0.5016449093818665
0.4837821125984192
0.5165038704872131
0.42353326082229614
0.4352687895298004
1.0493332147598267
0.6846214532852173
0.4891985356807709
0.4826793670654297
0.4577065408229828
0.5547675490379333
0.5880028605461121
0.4405531883239746
0.41046959161758423
0.8455436825752258
0.1959685981273651
0.24510571360588074
0.5189449191093445
0.7935055494308472
0.5018082857131958
0.7581040263175964
0.4991207718849182
0.32285431027412415
0.5325382351875305
0.7931682467460632
0.5368303060531616
0.5403596758842468
0.6023040413856506
0.5430853366851807
0.7177226543426514
0.691903293132782
0.4165216386318207
0.48280104994773865
0.8220944404602051
0.42219552397727966
0.21990785002708435
0.8384109735488892
0.6904112100601196
0.3971687853336334
0.8982385396957397
0.2978714108467102
0.3517914414405823
0.7135791778564453
0.493499219417572
0.3456621766090393
0.6441460847854614
0.6072484254837036
0.7465918660163879
0.30390506982803345
0.6070985794067383
0.417374849319458
0.7619192004203796
0.39956384897232056
0.4734432101249695
0.69797682762146
0.6975384950637817
0.4423801302909851
0.39389416575431824
0.6551774740219116
0.2175549566745758
0.28656357526779175
0.7146256566047668
0.37299689650535583
0.7388498187065125
0.3328888714313507
0.22182981669902802
0.4640567898750305
1.097076654434204
0.5797234773635864
0.5891212224960327
0.6061633229255676
0.47285890579223633
0.489854097366333
0.40640583634376526
0.39984673261642456
0.6673057675361633
0.39237701892852783
0.5380234122276306
0.5382866859436035
1.043519377708435
0.5252342820167542
0.41069427132606506
0.4838145673274994
0.9604002833366394
0.6784144639968872
0.448752224445343
0.4484935402870178
0.3628489375114441
0.8313214182853699
0.8847122192382812
0.6685296893119812
0.28470152616500854
0.8620697259902954
0.5143291354179382
0.46818405389785767
0.5212767720222473
0.6444787383079529
0.49526315927505493
0.33577853441238403
0.7695309519767761
1.061328649520874
0.4479510188102722
1.1822465658187866
0.7659842371940613
0.44380536675453186
0.49593600630760193
0.6321853399276733
0.5899797677993774
0.7104642987251282
0.4223416745662689
0.6566069722175598
0.4169732630252838
0.5515457391738892
0.44677847623825073
0.4742105007171631
0.5582071542739868
0.7746855616569519
0.3055570125579834
0.5221793055534363
0.6289926767349243
0.31079116463661194
0.5020036697387695
0.21757499873638153
0.2987920343875885
0.3697059750556946
0.18938156962394714
0.2630062401294708
0.4968774914741516
0.63372403383255
0.78321772813797
0.6184341311454773
0.46047815680503845
0.34565186500549316
0.4804369807243347
0.29170429706573486
0.3086584210395813
0.5740731954574585
0.8284702301025391
0.5653145909309387
0.46965622901916504
0.6008296608924866
0.7278040051460266
0.40412968397140503
0.23276598751544952
0.1740330159664154
0.3999551236629486
0.6468014717102051
0.7449198365211487
0.43460386991500854
1.0679004192352295
0.43112078309059143
0.6312838792800903
0.5784531831741333
0.5413099527359009
0.4106265902519226
0.524573564529419
0.658025860786438
0.4113228917121887
0.2700401842594147
0.31921035051345825
0.2871439456939697
0.5782329440116882
1.002889633178711
0.857674241065979
0.44028162956237793
0.6794336438179016
1.0081896781921387
0.6713134050369263
0.5169945955276489
0.3759913742542267
0.5009583234786987
0.330941766500473
0.4654619097709656
0.20841877162456512
0.4013359546661377
0.4600854814052582
0.5114853382110596
0.6046774983406067
0.5437154173851013
0.30945858359336853
0.40338343381881714
0.37481287121772766
0.8017517328262329
0.4273752272129059
0.6277024745941162
0.3391897678375244
0.6216152310371399
0.8742040395736694
1.20304274559021
0.5026969909667969
1.2372263669967651
