0.7177151441574097
0.23038139939308167
0.3979026675224304
0.5513585805892944
0.6037319302558899
0.5734550356864929
0.3539274334907532
1.1138050556182861
0.31098058819770813
0.6171347498893738
0.4017842710018158
0.3338380455970764
0.45239344239234924
0.9534660577774048
1.0220035314559937
0.6741194725036621
0.2769969403743744
0.5299258232116699
0.3856196403503418
0.5224449038505554
0.9199774861335754
0.6330410242080688
0.9317406415939331
0.32761985063552856
0.7970002293586731
0.775458574295044
0.2834661602973938
0.2984512448310852
0.6945258378982544
0.1951957494020462
0.38713809847831726
0.23154211044311523
0.5233291387557983
0.9112716913223267
0.5494731068611145
0.7902948260307312
0.2157834768295288
0.35947442054748535
0.48843279480934143
0.5142667889595032
0.7610396146774292
0.583936870098114
0.7027944326400757
0.6995506882667542
0.3942173421382904
0.4270855784416199
0.47938910126686096
0.43783384561538696
0.6483954191207886
0.6664806604385376
0.5967909693717957
0.3263514041900635
0.4801386296749115
0.3699745833873749
0.5242409706115723
0.5291926264762878
0.1935981810092926
0.676975429058075
0.4438512921333313
0.635477602481842
0.1345178335905075
0.8754331469535828
0.7094926238059998
0.5333306193351746
0.688463032245636
0.5351092219352722
0.49434447288513184
0.3721206784248352
0.9191635847091675
0.40353721380233765
0.4435386657714844
0.45282721519470215
0.34170693159103394
0.46043187379837036
0.20028209686279297
0.7252744436264038
0.5043635368347168
0.45591992139816284
1.5074410438537598
0.9244247674942017
0.8390344381332397
0.4082576334476471
0.5975656509399414
0.4182352125644684
0.42740005254745483
0.4328356683254242
0.354336142539978
0.41695913672447205
0.2772595286369324
0.4021635055541992
0.3681276738643646
0.2964453399181366
0.7999611496925354
0.659935712814331
0.241204172372818
0.9943259358406067
0.6904358267784119
1.1376821994781494
0.33024805784225464
0.48816537857055664
0.39296776056289673
0.339730441570282
0.4255651533603668
0.2129029482603073
1.0622366666793823
0.27220481634140015
0.6280158162117004
0.6592437028884888
0.6133548617362976
0.2129005640745163
0.5521012544631958
0.5702959299087524
0.6290976405143738
0.6060811281204224
0.5844078063964844
0.7519232034683228
0.22674989700317383
1.117950677871704
0.513363242149353
1.4434669017791748
0.48639988899230957
0.6420148611068726
0.43312162160873413
0.4775121808052063
0.4503895342350006
0.4873756468296051
0.29528456926345825
0.4614907205104828
0.39551424980163574
0.42201605439186096
0.7577568292617798
0.43740320205688477
0.7363205552101135
0.7253848910331726
0.4597007632255554
0.631672203540802
0.7328881621360779
0.1716168373823166
0.3723357319831848
0.9383200407028198
0.44402045011520386
0.562637448310852
0.33598241209983826
0.6890609860420227
0.7512072324752808
0.4810031056404114
0.41867774724960327
0.3064734637737274
0.6997177004814148
0.313376784324646
0.38426727056503296
0.41639241576194763
0.5844143033027649
0.3985852599143982
0.5058839917182922
0.5728141069412231
0.40087857842445374
0.8544942140579224
0.550563633441925
0.659136176109314
0.5572043657302856
0.4248533248901367
0.8227291107177734
0.39905864000320435
0.5514122247695923
0.3328874409198761
0.584121584892273
0.5549504160881042
0.9434446096420288
0.4491592347621918
0.40041637420654297
0.4674450755119324
0.8268817067146301
0.5561348795890808
0.42205554246902466
0.8722425699234009
0.5727851986885071
0.41756001114845276
0.16803409159183502
0.5130438208580017
0.772286057472229
0.5374543070793152
0.3302476704120636
0.4537578523159027
0.3505147099494934
0.3030169606208801
0.48460572957992554
0.9489620923995972
0.9752893447875977
0.4159108102321625
0.9083330035209656
0.2700590491294861
0.39292460680007935
0.23768238723278046
0.3728933334350586
0.23700857162475586
0.615431547164917
0.2260170429944992
0.31465432047843933
0.22870123386383057
1.1445786952972412
0.4473632872104645
0.5204161405563354
0.8683065176010132
0.501517653465271
0.49078065156936646
0.21947750449180603
0.16456931829452515
0.5524910092353821
1.2666096687316895
0.3403729498386383
0.26349133253097534
0.7577277421951294
0.5806933641433716
0.20153698325157166
0.23293407261371613
0.7334430813789368
0.35965806245803833
0.5423542261123657
0.22474245727062225
0.3259367346763611
0.34933751821517944
0.11592455208301544
0.5696751475334167
0.35486871004104614
0.5432756543159485
0.6350634694099426
0.3721400797367096
0.20206180214881897
0.3144339919090271
0.6541804075241089
0.3655685484409332
0.7310938239097595
0.3645646870136261
0.6610139608383179
0.6029613614082336
0.4076938033103943
0.45550432801246643
0.5091150999069214
0.4517765939235687
0.6571469306945801
0.549919605255127
0.6225013136863708
0.939568817615509
0.2365865409374237
1.074744462966919
0.9057523608207703
0.43793001770973206
0.5265015363693237
0.23059001564979553
0.5243233442306519
0.4351835250854492
0.423544317483902
0.40470799803733826
0.7699858546257019
0.5737922787666321
0.5011058449745178
0.5410078763961792
0.6942360401153564
0.4111325740814209
0.40922799706459045
0.47172442078590393
0.3145143985748291
0.6776796579360962
0.30918970704078674
0.4601086974143982
0.22975146770477295
0.41856250166893005
0.48809224367141724
0.7372848391532898
0.5826181173324585
0.7231932282447815
0.2723816931247711
0.3150178790092468
1.0914767980575562
0.32259324193000793
0.355599582195282
0.9956043362617493
0.8191627264022827
0.3468703329563141
0.7036762833595276
0.8097190856933594
0.3270980715751648
0.3965080678462982
0.6588720083236694
0.6633158922195435
0.4057278633117676
0.5062079429626465
0.6230807304382324
0.340026319026947
0.8172603845596313
0.556073784828186
0.6252537965774536
0.8950251340866089
0.12696769833564758
0.21298091113567352
0.49836522340774536
1.1025487184524536
0.5204449892044067
0.3777337372303009
0.41701650619506836
0.44029712677001953
0.5622288584709167
1.1432799100875854
0.762975811958313
0.5968607664108276
0.42106977105140686
0.40522974729537964
0.2594520151615143
0.6418706178665161
0.3025237023830414
0.30244889855384827
0.687232255935669
0.538033664226532
0.41984429955482483
0.9960228204727173
0.5513125658035278
0.49298200011253357
0.45708736777305603
0.46813488006591797
1.0021257400512695
0.27561601996421814
0.6469942331314087
0.4404016435146332
0.7111896276473999
0.6181014776229858
0.6110082864761353
0.2435615062713623
0.7721608877182007
0.35450059175491333
0.3255082070827484
0.49281448125839233
0.4647599756717682
0.5186536908149719
0.7715423107147217
0.4850165843963623
0.8325918316841125
1.8627058267593384
