0.8870639801025391
0.8669592142105103
0.5914639234542847
0.855456531047821
0.6290460824966431
0.394726037979126
0.7341610193252563
0.21976447105407715
0.4674158990383148
0.6995618939399719
0.4585597515106201
0.16863784193992615
0.33220261335372925
0.4660884737968445
1.1649742126464844
0.5358768701553345
0.27909570932388306
0.3790011405944824
0.4597397744655609
0.5523641705513
0.36949411034584045
0.22249174118041992
0.30814409255981445
0.75583416223526
0.46499261260032654
0.2409544289112091
0.7143735289573669
0.4749694764614105
0.3278955817222595
0.2932695746421814
0.8822931051254272
0.5581462979316711
0.4144677221775055
0.28406158089637756
0.4996861517429352
0.7684211730957031
1.0198537111282349
0.4522891044616699
0.48309212923049927
0.4288937449455261
0.6972071528434753
0.3232519030570984
0.838418185710907
0.7106384634971619
0.2926953434944153
0.6116325259208679
0.4006877839565277
0.47613072395324707
0.5256403088569641
0.7849716544151306
0.34108877182006836
0.5365082025527954
0.33982622623443604
0.3353891968727112
0.5000470280647278
0.5186457633972168
0.39627400040626526
0.806899905204773
0.6344614028930664
0.3194611668586731
0.6339455842971802
0.5933035612106323
0.4721521735191345
0.8494472503662109
0.46851640939712524
0.9096381068229675
0.37770411372184753
0.6275237798690796
0.43056875467300415
0.47758516669273376
0.3386630117893219
0.6637056469917297
0.46820035576820374
0.7906554341316223
0.4315921664237976
0.267128050327301
0.7051647305488586
0.46413087844848633
0.5791615843772888
0.4130982458591461
0.28860655426979065
0.26073068380355835
0.5422268509864807
0.5061011910438538
0.28611496090888977
0.4010602831840515
0.5319250822067261
0.5079025626182556
0.18522749841213226
0.816199004650116
0.26288074254989624
0.7509145140647888
0.542190670967102
0.27296775579452515
0.3037791848182678
0.6947296857833862
0.7143226861953735
0.18519863486289978
0.2713565230369568
0.3409748077392578
0.31616538763046265
0.48487210273742676
0.9112523198127747
0.2716262936592102
0.5563545227050781
0.421144962310791
0.411386638879776
0.6945825219154358
0.6828684210777283
0.4100961685180664
0.7269721627235413
0.40625685453414917
0.5742247700691223
0.5160451531410217
0.3431524634361267
0.6841357946395874
0.5433775782585144
0.43718305230140686
0.7248947024345398
0.8673688769340515
1.2499243021011353
0.8008173108100891
0.5782902240753174
0.7721107006072998
0.45662981271743774
0.45784854888916016
0.45261484384536743
0.3226730227470398
0.6057602167129517
0.3532865047454834
0.7722480893135071
0.3120577931404114
0.4986228346824646
0.6286529302597046
0.2543467879295349
0.32331356406211853
0.5457820296287537
0.47758251428604126
0.5799890160560608
0.3092361092567444
1.083730936050415
0.39482349157333374
0.741205096244812
0.4672645926475525
0.6844524145126343
0.7045451402664185
0.35328784584999084
0.40731126070022583
0.4249867796897888
0.30748409032821655
0.35586217045783997
0.3728935718536377
0.601744532585144
0.7879353761672974
0.5392425060272217
0.6317868232727051
0.48805102705955505
0.745552122592926
0.6625210046768188
0.5693637132644653
0.17631368339061737
0.18940402567386627
0.4358217120170593
0.8825127482414246
0.643797755241394
1.0113519430160522
0.33809345960617065
0.43416905403137207
0.6852837800979614
1.014098882675171
0.5179727077484131
0.4423554837703705
0.4449099600315094
0.7656501531600952
0.4662453532218933
0.21208563446998596
0.7764357924461365
0.18258242309093475
0.3863343298435211
0.6790800094604492
0.4599947929382324
0.6652666926383972
0.4557833671569824
0.22569215297698975
0.6714105606079102
0.3773358464241028
0.2548533082008362
0.17832238972187042
0.31817319989204407
0.7584335803985596
0.5818893313407898
0.5575299263000488
0.7609281539916992
0.47676730155944824
0.4513043463230133
0.5897992849349976
0.4402632713317871
0.40188735723495483
0.26920565962791443
0.24558444321155548
0.8914358019828796
0.4869898855686188
0.7090936303138733
0.9899652600288391
0.3589700162410736
0.5644005537033081
0.40241655707359314
1.0646164417266846
0.44723501801490784
0.5659205913543701
0.5972676873207092
0.25144192576408386
0.5652836561203003
0.48149651288986206
0.541120707988739
0.4999338984489441
0.36282873153686523
0.228587344288826
0.3982275724411011
0.6071668863296509
1.0459281206130981
0.6480499505996704
0.6160627603530884
0.34181928634643555
0.8197128176689148
0.24450461566448212
0.6436282396316528
0.2154015302658081
0.7545739412307739
0.6771559119224548
0.8523648977279663
0.32317066192626953
0.4219803214073181
0.4646367132663727
0.6378439664840698
0.7194655537605286
0.7551373243331909
0.7831200361251831
0.4502161145210266
0.2933886647224426
0.6769633293151855
0.6660408973693848
0.6730636358261108
0.5446687936782837
0.45616474747657776
0.40422314405441284
0.4785965085029602
0.7011638283729553
0.7018429636955261
1.1314504146575928
0.9223470687866211
0.6235350370407104
0.49462348222732544
0.3752465546131134
0.3605216443538666
0.6350017786026001
1.004918098449707
0.32220950722694397
0.7952563166618347
0.38052481412887573
0.5843243598937988
0.37148380279541016
0.3971077501773834
0.5242712497711182
0.9144798517227173
0.5937925577163696
0.6571050882339478
0.26568883657455444
1.3011351823806763
0.7652102708816528
0.3112519383430481
0.6627821922302246
0.3487756848335266
0.2461426556110382
0.8374773263931274
0.5684645771980286
0.28869515657424927
0.2253936231136322
0.4860150218009949
0.7608791589736938
0.7047768235206604
0.3678821921348572
0.4011131823062897
0.34784403443336487
0.6884604692459106
1.1611979007720947
0.6316803693771362
0.35763615369796753
0.8747348785400391
0.6367422938346863
1.4606971740722656
0.2924870550632477
0.5730001330375671
1.0204832553863525
0.5341716408729553
0.5421134829521179
0.6942842602729797
0.47578030824661255
0.6140126585960388
0.3263699412345886
0.8685138821601868
0.4277127683162689
0.29620635509490967
0.4025764465332031
0.48911887407302856
0.544108510017395
0.5166944265365601
0.35955631732940674
0.3442208170890808
0.744762122631073
0.5392249822616577
0.24237510561943054
0.48675432801246643
0.36195579171180725
0.6108668446540833
0.4568020701408386
0.7131865620613098
0.46526193618774414
0.41472941637039185
0.8656611442565918
0.6794754266738892
0.2409272938966751
0.7982818484306335
0.9806321263313293
0.2960411012172699
0.5400078892707825
0.574234127998352
0.2640262544155121
0.5229383707046509
0.41165152192115784
0.31498903036117554
0.4056311547756195
0.5681261420249939
0.5776339769363403
0.4106629490852356
0.7580847144126892
0.5358079671859741
2.5330965518951416
