0.7035519480705261
0.5484979748725891
0.6392321586608887
0.30275970697402954
0.3527103364467621
1.586138129234314
0.532245934009552
0.7202965617179871
0.7767208814620972
0.24556592106819153
0.32466229796409607
0.3160349726676941
0.4826418459415436
0.18739813566207886
0.5524852871894836
0.6234098672866821
0.8928899765014648
0.30925339460372925
0.36780643463134766
0.4580574035644531
0.3936057984828949
0.2714501917362213
0.8334023356437683
0.39396175742149353
0.4143851697444916
0.779272735118866
0.6604381799697876
0.8179394006729126
0.6360920071601868
0.31464383006095886
0.25274574756622314
0.7569620609283447
0.31209465861320496
0.5802754163742065
0.612211287021637
0.28269729018211365
0.5513160824775696
1.0354418754577637
0.5310187935829163
0.38091495633125305
0.7124143838882446
0.36932453513145447
0.6310118436813354
0.7421694397926331
0.357944518327713
0.5129701495170593
0.6559745073318481
0.6044436693191528
0.48573365807533264
0.885614275932312
0.7173274159431458
0.6936018466949463
0.7438309192657471
0.28225401043891907
0.5052964091300964
0.32693538069725037
0.32176870107650757
0.2560177445411682
0.25389042496681213
0.8168743848800659
0.7409563064575195
0.20368452370166779
0.5816599130630493
0.4864676594734192
0.4950825273990631
0.25338074564933777
0.2762610912322998
0.3962815999984741
0.4199126660823822
0.36026695370674133
0.5382381677627563
0.32062897086143494
0.7277430295944214
0.9686555862426758
0.3644762635231018
0.3061120808124542
0.3482482433319092
0.6285504698753357
0.8348624110221863
0.355515718460083
0.7540333271026611
0.6167069673538208
0.8319541215896606
0.804028332233429
0.5553475022315979
0.36533501744270325
0.24850162863731384
0.31871187686920166
1.2308876514434814
0.46277767419815063
0.516422688961029
0.5762311220169067
0.26716896891593933
0.22732338309288025
0.7156570553779602
0.44639796018600464
0.5245118737220764
0.658228874206543
0.8323095440864563
0.5695071816444397
1.0059012174606323
0.41820135712623596
0.35625743865966797
0.37607479095458984
0.33262816071510315
0.40466827154159546
0.9645565748214722
0.2539142370223999
0.5788638591766357
1.0155812501907349
0.4146774411201477
1.394838809967041
0.3782328963279724
0.47192126512527466
0.7591029405593872
0.4824654459953308
0.4949619770050049
0.6532558798789978
0.29323187470436096
0.3741593360900879
0.3723343312740326
0.8351842164993286
0.6231423616409302
0.7153407335281372
0.4995613098144531
0.5840299725532532
0.46505385637283325
0.4872022569179535
0.9007987976074219
0.38920021057128906
0.2138107717037201
0.272406667470932
0.7119897603988647
0.475985050201416
0.28338631987571716
0.8786365389823914
0.3813392221927643
0.4903900623321533
0.670636773109436
0.47679954767227173
0.4137575030326843
0.9035932421684265
0.43592843413352966
0.6297615766525269
0.5403215289115906
0.8261197805404663
0.42999783158302307
0.5538626909255981
0.6338225603103638
0.401877224445343
0.37521544098854065
0.6120779514312744
0.9445762634277344
0.44352608919143677
0.4931302070617676
0.5830283164978027
0.5852347612380981
1.1124930381774902
0.44898781180381775
0.5190377235412598
0.21241183578968048
0.3368855118751526
0.613379955291748
0.5744801759719849
0.4153223931789398
0.8658796548843384
0.42867469787597656
0.42695698142051697
0.628908097743988
0.5385226607322693
0.6133707761764526
0.47366800904273987
0.800312340259552
0.7391363978385925
0.3544389307498932
0.23651811480522156
0.318000853061676
0.6443346738815308
0.5038304924964905
0.7489532828330994
0.6867355704307556
0.35505950450897217
0.33066073060035706
1.0699489116668701
0.8267244100570679
0.7137637734413147
0.2993585467338562
0.23749585449695587
1.1661931276321411
0.6868176460266113
0.7464439272880554
0.1651936024427414
0.2967199683189392
0.40259265899658203
0.45918625593185425
0.660189688205719
0.4300381541252136
0.3374675214290619
0.26224449276924133
0.31165558099746704
0.5402426719665527
0.4769307076931
0.5694383382797241
0.4706903398036957
0.4571966230869293
0.11906857788562775
0.43878960609436035
0.7512759566307068
0.23417189717292786
0.35752978920936584
0.4110567569732666
0.6922717094421387
0.17106254398822784
0.6873700022697449
0.32581838965415955
0.6348766088485718
0.48609670996665955
0.6853930354118347
0.9123695492744446
1.0307815074920654
0.5200992822647095
0.4775756895542145
0.25241804122924805
0.6416720151901245
0.4530377984046936
0.472872257232666
0.38773688673973083
0.37196460366249084
1.2185550928115845
0.6170536279678345
0.3040521740913391
0.6959977149963379
0.693233072757721
0.31893062591552734
0.43707075715065
0.7154504656791687
0.39395269751548767
0.7015374898910522
0.36608225107192993
0.600041925907135
0.7007170915603638
0.6184185743331909
0.5500438809394836
0.5857561826705933
0.4357415735721588
0.5204960703849792
0.2276182621717453
0.215803861618042
0.28417637944221497
0.41261252760887146
0.16787871718406677
0.6002666354179382
0.4138520359992981
0.5148106813430786
0.3346666395664215
0.5403489470481873
1.107410192489624
0.8074699640274048
0.8909972906112671
0.33965691924095154
0.6048598289489746
0.3534568250179291
0.5765703320503235
0.6279494166374207
0.3551819324493408
0.35720404982566833
0.648818850517273
0.3405640423297882
0.3407677114009857
0.22105741500854492
0.6042463779449463
0.18985438346862793
0.3730693459510803
0.9006980061531067
0.4019790291786194
0.5067338943481445
0.354413241147995
0.32734426856040955
0.5147204995155334
0.7120226621627808
0.8071586489677429
0.47974133491516113
0.9145272374153137
0.5639969110488892
0.4794533848762512
0.6636688709259033
0.1865013688802719
0.8208944201469421
0.45495229959487915
0.7004850506782532
0.5877499580383301
0.6777515411376953
0.32523950934410095
0.5376702547073364
0.6364998817443848
0.434237003326416
0.5801087617874146
0.20536179840564728
0.6697560548782349
0.5886179208755493
0.3789319396018982
0.6668891310691833
1.1281591653823853
0.6444717645645142
0.6043215990066528
0.2068052589893341
0.4883100390434265
0.745244026184082
0.5721117258071899
0.7715203762054443
0.5668703317642212
0.6685993075370789
0.23234601318836212
0.6411753296852112
0.5638684034347534
0.46956294775009155
0.8675459027290344
0.8206537365913391
0.35503390431404114
0.7025792002677917
0.2688392102718353
0.45533767342567444
0.436830997467041
0.5124785304069519
0.6145998239517212
0.3848292827606201
0.5042231678962708
0.5672470927238464
1.047764539718628
0.4652833938598633
0.4380280375480652
0.6735148429870605
0.8307105898857117
0.49526429176330566
0.8073439598083496
0.9902194142341614
0.32345423102378845
0.787675678730011
