0.4114151895046234
0.5118363499641418
0.645569920539856
0.8958152532577515
0.5954313278198242
0.971075713634491
0.32176852226257324
0.4136529862880707
0.5200456380844116
0.37774309515953064
0.4941462576389313
0.43301209807395935
0.6491114497184753
0.5963262319564819
0.6418279409408569
0.3747788071632385
0.4227633476257324
0.4290861189365387
0.602084219455719
0.8938013315200806
0.6997793912887573
0.42729440331459045
0.22902865707874298
0.4139414429664612
0.2838917374610901
0.6178879737854004
0.4071630835533142
0.976791501045227
0.4982603192329407
0.9328120946884155
0.8277743458747864
0.8848460912704468
0.5216339826583862
0.559766411781311
0.5981310606002808
0.6592817902565002
0.6203625798225403
0.727155864238739
0.45785537362098694
0.24380211532115936
0.9463772773742676
0.9064329266548157
0.9740106463432312
0.25858989357948303
0.5834295749664307
0.4345700740814209
0.8503793478012085
0.5831500291824341
0.4490056037902832
0.3730890154838562
0.5226719379425049
0.30237436294555664
0.666461706161499
1.121864914894104
0.719412624835968
0.6453133821487427
0.7876108884811401
0.2570117115974426
0.45922088623046875
0.37007126212120056
0.7358275651931763
0.6708806157112122
0.4612949788570404
0.4055977761745453
0.48244792222976685
0.8926013708114624
0.47911280393600464
0.37554287910461426
0.5146400332450867
0.4435915946960449
0.5287339091300964
0.6946473121643066
0.571215033531189
0.368664413690567
0.5171520113945007
0.5756610631942749
0.2550062835216522
0.4395403265953064
0.44333210587501526
0.2986876964569092
0.39443546533584595
0.3781901001930237
0.22994104027748108
0.6349493265151978
0.8571591377258301
0.2908586859703064
0.30572205781936646
0.8829538226127625
0.6710983514785767
0.2872905135154724
0.4476756453514099
0.7148004770278931
0.8667336702346802
0.5521936416625977
0.2668704390525818
0.9969227910041809
0.4758145213127136
0.2687809467315674
0.4749424457550049
0.610436737537384
0.41946929693222046
0.8010560274124146
0.46182164549827576
0.4949435293674469
0.1625201404094696
0.6793263554573059
0.537391185760498
0.6039666533470154
0.5638263821601868
0.5257240533828735
0.49005764722824097
0.5457168817520142
0.547415554523468
0.7232570052146912
1.0524214506149292
0.7180355787277222
0.6153729557991028
0.9570947885513306
0.3092564344406128
0.17290043830871582
0.4407617151737213
1.0758006572723389
0.5241812467575073
1.3166007995605469
0.4078834056854248
0.6131888628005981
0.36364108324050903
0.7899008989334106
0.16294889152050018
0.7548638582229614
0.5863271355628967
0.605493426322937
0.8224279284477234
0.3781636953353882
0.550550103187561
0.4701939523220062
0.5989066362380981
0.3643345832824707
0.8080354928970337
0.5805809497833252
0.4815490245819092
1.0100572109222412
0.45864248275756836
0.47040361166000366
0.35732948780059814
0.7079611420631409
0.27735957503318787
0.3454780876636505
0.3740045726299286
0.5113381147384644
0.4498783051967621
0.3445974886417389
0.8026212453842163
0.5318594574928284
0.22753944993019104
0.8863085508346558
0.3369942009449005
0.282199889421463
0.35351231694221497
0.5713022947311401
0.3355301022529602
0.19800373911857605
0.7497262358665466
0.42772990465164185
0.50999516248703
0.6205094456672668
0.8036306500434875
0.25960773229599
0.5643070340156555
0.3468329906463623
0.572283148765564
0.4945704936981201
0.4257718026638031
0.5616414546966553
0.4140898585319519
0.5125634074211121
0.7250884771347046
0.6869115829467773
0.6122035980224609
0.46413207054138184
0.42451149225234985
0.6219075918197632
0.3163241744041443
0.4871659278869629
0.1986667662858963
0.5462243556976318
0.8446594476699829
0.2488514631986618
0.30608856678009033
0.5568004846572876
0.7316181063652039
0.3984065651893616
0.484621524810791
0.3413691222667694
0.23563000559806824
0.5295715928077698
0.3983460068702698
0.8151804208755493
0.4915568232536316
0.8476390838623047
1.1771085262298584
0.954602062702179
0.4309714436531067
1.1674280166625977
0.4186990261077881
0.7888646125793457
0.530653178691864
0.41056331992149353
0.22329428791999817
0.5743886232376099
0.3595861792564392
0.27010616660118103
0.44298839569091797
0.6266582608222961
0.42619436979293823
0.621025562286377
0.33764445781707764
0.5764939188957214
0.3419192135334015
0.813820481300354
0.6220644116401672
0.5599778890609741
0.44070926308631897
0.8675786256790161
0.5298506021499634
0.36568543314933777
0.7421015501022339
0.6750072836875916
0.677688479423523
0.9234985113143921
0.39685115218162537
0.5267835855484009
0.4426281452178955
0.3123041093349457
0.6502996683120728
0.4915202260017395
0.4649009108543396
0.33918362855911255
0.455951988697052
0.22612425684928894
0.29044875502586365
0.6033550500869751
0.51152104139328
0.41827645897865295
0.5545538663864136
0.8238019943237305
0.23364023864269257
0.527612566947937
0.6504933834075928
0.19362735748291016
0.39648717641830444
0.9773370027542114
0.3328922390937805
0.5190102458000183
0.4646383225917816
0.3211298882961273
1.3496830463409424
0.55060875415802
0.6935821771621704
0.5114343166351318
0.8567667007446289
0.652910590171814
0.49737757444381714
0.38365501165390015
1.2054837942123413
0.326392263174057
0.754449188709259
0.7266650199890137
0.4337117671966553
0.5137532949447632
0.5237804651260376
0.792577862739563
0.19986996054649353
0.5471946001052856
0.7341071367263794
0.3790673613548279
0.45641475915908813
0.4741779863834381
0.46982207894325256
0.45052918791770935
0.34836190938949585
0.9278417825698853
0.5968004465103149
0.6214779019355774
0.4806794226169586
0.934986412525177
0.5517781972885132
0.436663955450058
0.38619980216026306
0.578003466129303
0.6093499064445496
0.24661476910114288
0.9268004298210144
0.7141143679618835
0.9262916445732117
0.6004870533943176
0.5392206907272339
0.3575609624385834
0.463229238986969
0.4435904920101166
0.2364545315504074
0.9186318516731262
0.5818051099777222
0.2806115746498108
0.9709900617599487
0.4916815757751465
0.8600128293037415
0.636235237121582
0.8035672903060913
0.4318304657936096
0.4328199028968811
0.8818356394767761
1.0972130298614502
1.2492339611053467
1.1371797323226929
0.37181246280670166
0.7780274152755737
0.40496009588241577
0.5492451786994934
0.36337894201278687
0.5424172282218933
0.3257833421230316
0.9440474510192871
0.3561024069786072
0.4167138934135437
0.8842671513557434
0.6081661581993103
0.5409520268440247
0.5230995416641235
0.7952896952629089
0.6998292803764343
1.1322910785675049
0.26186448335647583
0.34059181809425354
0.6495672464370728
0.550324022769928
0.25374266505241394
1.1037626266479492
