0.24042999744415283
1.097305417060852
0.4829786717891693
0.4626324772834778
0.2215290069580078
0.2970524728298187
0.38787540793418884
0.44361060857772827
0.4733143448829651
0.9771297574043274
0.7467812299728394
1.0209357738494873
0.3225184381008148
0.6153239011764526
0.7306025624275208
0.4698564410209656
0.6245682239532471
0.46133318543434143
0.22908568382263184
0.3487250804901123
0.5900880098342896
0.5291105508804321
0.3967975974082947
0.8127579689025879
0.38907256722450256
0.40769609808921814
0.3726336359977722
0.4166402220726013
0.7205354571342468
0.5362647175788879
0.3993768095970154
0.671548068523407
0.3111192584037781
0.6262162923812866
0.4868047833442688
0.46071964502334595
0.6152655482292175
0.21800199151039124
0.754919171333313
0.6510162353515625
0.18638956546783447
0.43825024366378784
0.37653183937072754
0.3331392705440521
1.0125160217285156
0.5318247675895691
0.5428699254989624
1.0681785345077515
0.9510699510574341
0.46437424421310425
0.38240379095077515
0.48009052872657776
0.37349316477775574
0.4608268141746521
0.6043239235877991
0.6485911011695862
0.5330007672309875
0.9853345155715942
0.3312039375305176
0.25000226497650146
0.4758025109767914
0.48251819610595703
0.4705229699611664
0.617364764213562
0.5136171579360962
0.24034801125526428
0.46715259552001953
0.4118592143058777
0.26486897468566895
0.36646851897239685
0.4518953263759613
0.4706166684627533
0.5412257313728333
0.6076174974441528
0.34851476550102234
0.31419190764427185
0.4612709879875183
0.6883710622787476
0.36762478947639465
0.3844369947910309
0.3740997910499573
0.5989746451377869
0.4943010210990906
0.38016942143440247
0.45145049691200256
0.6719182729721069
0.5105875134468079
0.8180088996887207
0.4508698880672455
0.790251612663269
1.2251040935516357
0.5552979111671448
0.2082984447479248
0.33898216485977173
0.3071080148220062
0.23621273040771484
0.604494035243988
0.43054503202438354
0.6266657710075378
0.4697657525539398
0.3119311034679413
0.38918179273605347
0.6393592953681946
0.5883322954177856
0.5965029001235962
0.3853878378868103
0.6038397550582886
0.6129177808761597
0.3456084728240967
0.5864812135696411
0.4583456516265869
0.5607777833938599
0.23675227165222168
0.6902033686637878
0.39388832449913025
0.31166329979896545
0.4121386408805847
0.7930005788803101
0.24834465980529785
0.7478007078170776
0.8205848932266235
0.12281005084514618
0.7059246897697449
0.4717612862586975
0.34698718786239624
0.785144031047821
0.39181873202323914
0.6330147385597229
0.260639488697052
0.6251996755599976
0.8063911199569702
0.6599518656730652
0.37006640434265137
0.50251704454422
0.29767581820487976
0.5800946354866028
0.3440066874027252
0.8078100085258484
0.7183316349983215
0.47879141569137573
0.3496028780937195
0.4669923782348633
0.7272001504898071
0.40001019835472107
1.1335248947143555
0.6655842661857605
0.4069175124168396
0.45567017793655396
0.4966411590576172
0.26126259565353394
0.13616077601909637
0.4928077757358551
0.4672790467739105
0.5884929895401001
0.6363788843154907
0.30667486786842346
0.49891218543052673
0.5675759315490723
0.5605208277702332
0.7539501190185547
0.30092769861221313
0.8872140645980835
0.3770359456539154
0.3919391930103302
0.33782631158828735
0.4233299195766449
0.19594353437423706
0.4204685688018799
0.5068789124488831
0.4706430435180664
0.4696488380432129
0.34073540568351746
0.5417658686637878
0.48332566022872925
0.3575533330440521
0.8842471837997437
0.2340301275253296
0.4573701024055481
0.5800451040267944
0.2579732835292816
1.2044193744659424
1.3477201461791992
0.5007002353668213
0.45674023032188416
0.4467160105705261
0.36658382415771484
1.0223503112792969
0.37646880745887756
0.5422912836074829
0.5383796691894531
0.556901752948761
0.4957399368286133
0.7287936210632324
0.8326438665390015
0.5306459665298462
0.7040361166000366
0.6159023642539978
0.25970155000686646
0.4968376159667969
0.8287450075149536
0.5586864352226257
0.6876075267791748
0.2791251540184021
0.22650572657585144
0.8079257011413574
0.5205511450767517
0.6929135322570801
0.706281304359436
0.8525038957595825
0.38232406973838806
0.4477251172065735
0.34038227796554565
0.587257444858551
0.6942743062973022
0.5960137844085693
0.2516772150993347
0.6049767136573792
0.5649603605270386
0.5404350161552429
0.2338063269853592
0.48307448625564575
0.2855074405670166
0.7481006979942322
0.43856579065322876
0.3964075744152069
1.4067127704620361
0.32964637875556946
0.5433390736579895
0.6006667613983154
0.2484484612941742
0.32809194922447205
0.6851130127906799
0.5506563186645508
0.4083084464073181
0.8611442446708679
0.36050334572792053
0.7377285957336426
0.5773398280143738
0.6460613012313843
0.3687834143638611
0.3723291754722595
0.3889746367931366
0.48746243119239807
0.7093617916107178
0.5849347114562988
0.4801100790500641
0.6776237487792969
0.3554132580757141
0.2482040375471115
0.4335343837738037
0.734666109085083
0.4630545675754547
0.35535264015197754
0.3450164198875427
0.4690946638584137
0.7211569547653198
0.5505815744400024
0.4966994822025299
0.6413835883140564
0.31860271096229553
0.8017312288284302
0.46843820810317993
0.2918255925178528
1.0283820629119873
1.4637280702590942
0.4863601326942444
0.5797706246376038
0.38002917170524597
1.0792739391326904
0.37978559732437134
0.6593271493911743
0.39536944031715393
0.8376744985580444
0.2780616879463196
0.47534117102622986
0.36813119053840637
0.7998372316360474
0.41593337059020996
0.6324818730354309
0.5257910490036011
0.5684359669685364
0.5181989669799805
0.5600066184997559
0.7388287782669067
0.3899056315422058
0.3746090233325958
0.4389372766017914
0.37741488218307495
0.18517781794071198
0.7761071920394897
0.46928906440734863
0.6023432016372681
0.7676365971565247
0.3042345643043518
0.5073120594024658
0.7227026224136353
0.28364595770835876
0.48767662048339844
0.47876691818237305
0.672154426574707
1.3339836597442627
1.0696548223495483
0.484412282705307
0.6241822242736816
0.2269466668367386
0.4538753926753998
0.6472527980804443
0.6321980953216553
0.2877512574195862
0.7749137878417969
0.20954325795173645
0.4285835325717926
1.0133146047592163
0.6122385859489441
0.28409841656684875
0.8669110536575317
0.3766239285469055
0.3792933225631714
0.687710165977478
0.6622518301010132
0.25563937425613403
0.3125403821468353
0.9764688611030579
0.5064825415611267
1.1363847255706787
0.6592320203781128
0.29701972007751465
0.2588043808937073
0.5287057757377625
0.6029165387153625
0.4579586088657379
0.7158792018890381
0.21696467697620392
0.5188958048820496
0.30635708570480347
0.45282334089279175
0.3799917697906494
1.03928804397583
