0.8771106600761414
0.4737829267978668
0.43050941824913025
0.22528009116649628
0.54331374168396
1.1003098487854004
0.4012432098388672
1.1854249238967896
0.21327438950538635
0.4161200523376465
0.7787478566169739
0.47102269530296326
0.32417893409729004
0.6474213600158691
0.4594098925590515
0.5442194938659668
0.33768990635871887
0.547397255897522
0.7423827648162842
0.27042168378829956
0.4097430109977722
0.998070240020752
0.4841708242893219
1.367633581161499
0.39138126373291016
0.5075686573982239
0.48661166429519653
0.5516139268875122
0.4107972979545593
0.2705264687538147
0.34452125430107117
0.5659157037734985
0.6702505350112915
0.18015344440937042
0.22426898777484894
0.42332029342651367
0.5296715497970581
0.16144409775733948
0.1916016787290573
0.2972075343132019
0.6663779020309448
0.1630699336528778
0.5800425410270691
0.8672054409980774
0.8173904418945312
0.2626021206378937
0.2259037047624588
0.3219189941883087
0.36383166909217834
0.36589962244033813
0.5816277265548706
0.5399893522262573
0.3198149800300598
0.45693689584732056
0.3128158450126648
0.23796692490577698
0.3360658586025238
0.6442270278930664
0.40757855772972107
0.3035273551940918
0.41727715730667114
1.22188138961792
0.4755895733833313
0.5330938100814819
0.8432120084762573
0.6270206570625305
0.2591588497161865
0.47820454835891724
0.6512609720230103
0.19515594840049744
0.34644249081611633
0.7256271839141846
0.7443450689315796
0.6284347772598267
0.1728152483701706
0.6040313839912415
0.2965323030948639
0.7097099423408508
0.44588589668273926
0.3938239514827728
0.3674304783344269
0.3723774254322052
0.8459728956222534
0.6697014570236206
0.37555134296417236
0.5156081914901733
0.755837619304657
0.7723709940910339
0.8058730959892273
0.6866241693496704
0.32018133997917175
0.3590676188468933
0.6557905077934265
0.49422788619995117
0.9295112490653992
0.633673369884491
0.27937325835227966
0.4040699005126953
0.5205451846122742
0.34888625144958496
0.518789529800415
0.47844749689102173
0.3185845911502838
0.2376718819141388
0.3275103271007538
1.030434012413025
0.6920557022094727
0.4994296133518219
0.8200135231018066
0.7982820272445679
0.42506980895996094
0.40708476305007935
0.3744586706161499
0.5433453321456909
0.7944410443305969
0.6649554371833801
0.4718019366264343
0.7128288149833679
0.6559690237045288
0.26039236783981323
0.49719342589378357
0.5120025873184204
0.2537183165550232
0.46846479177474976
0.6498905420303345
0.7167345285415649
0.4419899582862854
1.1603306531906128
0.4509914517402649
0.5994898676872253
0.6788309216499329
0.6932140588760376
0.28322577476501465
0.6782373189926147
0.5269423723220825
0.3289750814437866
0.7332054972648621
0.5606228709220886
0.6252250671386719
0.5434612035751343
0.5287123918533325
0.6497764587402344
0.5476812720298767
0.7894635200500488
0.5696254968643188
0.4988759160041809
0.26775699853897095
0.6885280609130859
0.6854405403137207
0.6768108606338501
0.3976380228996277
0.45559239387512207
0.3174954652786255
0.4958779811859131
0.17964890599250793
0.5375970602035522
0.5015713572502136
0.2976452708244324
0.7663329839706421
0.49099746346473694
0.331295371055603
0.2668679654598236
0.7401204109191895
0.35623493790626526
0.4233175218105316
0.6204811334609985
0.2318045198917389
1.308595061302185
0.5459594130516052
0.6033891439437866
0.3891081213951111
0.8033244013786316
0.21737198531627655
0.7034473419189453
0.34845632314682007
0.6338874697685242
0.7812829613685608
0.4705013334751129
0.5954931974411011
0.7415232062339783
0.4588790833950043
0.43509167432785034
0.370779812335968
0.6990038752555847
0.5914133191108704
0.6008732914924622
0.37898266315460205
0.6111998558044434
0.7160292863845825
0.35800519585609436
0.5263819694519043
0.578856885433197
0.38871005177497864
0.4416947364807129
0.5295175313949585
0.44896039366722107
0.3190552890300751
0.44944947957992554
0.19806811213493347
0.72765052318573
0.48969998955726624
0.4289359450340271
0.8994318842887878
0.33575427532196045
0.7218301296234131
0.6193963885307312
0.7397603988647461
0.34747427701950073
0.3548453748226166
0.5328243970870972
0.4328621029853821
0.5578164458274841
0.38208329677581787
0.52492356300354
0.8296083211898804
0.47497987747192383
0.6081203818321228
0.6607457399368286
0.4615928530693054
0.5423724055290222
0.14994777739048004
1.2763612270355225
0.46387189626693726
0.4655342698097229
0.4775802493095398
0.40533652901649475
0.5738343000411987
0.6572588682174683
0.6404182314872742
0.8368015289306641
0.510877251625061
0.8764718174934387
0.49738946557044983
0.33421415090560913
0.5110510587692261
0.5290141701698303
0.4640072286128998
0.7201248407363892
0.2325981855392456
0.6417855024337769
0.37945160269737244
0.28348806500434875
0.710338294506073
0.6732704639434814
1.0513828992843628
0.6491214036941528
0.34554097056388855
1.1680986881256104
0.3096649646759033
0.18240070343017578
0.781493067741394
0.3211757242679596
0.5935894250869751
0.40139514207839966
1.258671760559082
0.861532986164093
0.3828827440738678
0.5609200596809387
0.36119160056114197
0.3981369137763977
0.9222168922424316
0.5092363357543945
1.1523447036743164
0.7688543796539307
0.7864354252815247
1.0216927528381348
0.711033046245575
0.635448694229126
0.5121762156486511
0.5906381607055664
0.6398380398750305
0.532353937625885
0.5571322441101074
0.892706036567688
0.5389484167098999
0.5134500861167908
0.4421359598636627
0.5419434905052185
0.4725681245326996
0.6264404058456421
0.5473452806472778
1.1122386455535889
0.24689164757728577
0.31799668073654175
0.39531034231185913
0.9046783447265625
0.6910174489021301
0.38984718918800354
0.4042152464389801
0.3382285237312317
0.5790724754333496
0.38898560404777527
0.5413047671318054
0.5932047963142395
0.6662735342979431
0.5452654361724854
0.15974552929401398
0.36233845353126526
0.5062267184257507
0.5076559782028198
0.35255512595176697
0.7057458758354187
0.7893298864364624
0.29255732893943787
0.36634936928749084
0.39234206080436707
0.4661470353603363
0.5240304470062256
1.475459337234497
0.2694501280784607
0.7763081192970276
0.3300755023956299
0.5091506242752075
0.2575914263725281
0.28667762875556946
0.5048874020576477
0.551907479763031
0.6903102993965149
1.113647699356079
0.29846155643463135
0.3281537592411041
0.4897249639034271
0.7403799891471863
0.25488683581352234
0.5731766819953918
0.8663157224655151
0.3321864604949951
0.5140849351882935
0.2715214192867279
0.4110924303531647
0.22705765068531036
0.5257126688957214
0.6146219372749329
0.6158934831619263
1.0951588153839111
1.946956992149353
0.6448099613189697
0.6049138903617859
