0.7144161462783813
0.6231493353843689
0.956372082233429
0.6576910018920898
1.165326714515686
0.6648353338241577
0.9503676295280457
0.4850415289402008
0.4326961636543274
0.8906173706054688
0.6385348439216614
0.6895443201065063
0.5741879343986511
0.969907283782959
0.6258677244186401
0.9994479417800903
0.8976499438285828
0.648817241191864
0.9258009791374207
0.6923547983169556
0.6647450923919678
1.313044786453247
0.5933687686920166
0.5821101069450378
0.6508005261421204
0.6043116450309753
0.45455843210220337
1.0842063426971436
0.706166684627533
0.761110782623291
0.8105837106704712
1.141850233078003
0.6432687640190125
0.42439690232276917
0.4231148660182953
0.6919158101081848
0.8998821377754211
0.5200393199920654
0.4770542085170746
0.9822584390640259
0.9535589218139648
0.5960689783096313
0.7904505133628845
0.542754054069519
0.6606824994087219
0.7070168256759644
0.6573020219802856
0.7808505296707153
0.849478542804718
1.1635340452194214
0.8400937914848328
0.6128727197647095
0.8105524182319641
0.6692131757736206
0.8099958300590515
1.244883418083191
0.6582902669906616
0.7362398505210876
0.5585917830467224
0.9945541620254517
0.3831198215484619
0.6222648620605469
0.8901705741882324
0.9693673253059387
0.5671205520629883
0.5817557573318481
0.5450088381767273
1.1457995176315308
1.238453984260559
0.5960353016853333
0.7072014212608337
0.4542323052883148
0.5756452679634094
0.5611159205436707
0.7982093691825867
0.29947584867477417
0.8856493234634399
0.75115567445755
0.935003936290741
0.5550841093063354
0.844812273979187
0.6262766122817993
0.6520713567733765
0.7503893971443176
0.769438624382019
0.5128993988037109
0.714679479598999
0.7387180328369141
0.5695105791091919
0.5204230546951294
0.8425344228744507
0.6101394891738892
0.9603174328804016
0.7601473331451416
0.8239039182662964
0.8157399892807007
0.703070342540741
0.6734774708747864
0.4694896340370178
0.5519068241119385
0.768656849861145
0.47653907537460327
1.2558906078338623
1.0098472833633423
0.6036513447761536
1.0639702081680298
0.624153733253479
1.016282081604004
1.034667730331421
1.104931354522705
1.145155668258667
1.3219152688980103
0.6738272905349731
0.446460098028183
0.6501978635787964
0.5175070762634277
0.44292840361595154
1.0295220613479614
0.6522721648216248
0.60816490650177
0.6260274648666382
1.0888879299163818
0.44137850403785706
0.8504215478897095
0.7546339631080627
0.7802039980888367
0.456162691116333
0.6011044979095459
0.7614771127700806
0.5333213806152344
0.5716816186904907
0.7534610033035278
0.8816947937011719
0.86778324842453
1.1413891315460205
0.9474819302558899
0.6277426481246948
0.5475775599479675
0.7658078670501709
0.6741873621940613
0.6533207893371582
0.5405149459838867
0.9103847742080688
0.6164611577987671
0.5126684904098511
0.8729473352432251
0.4856528639793396
0.6583800911903381
0.6890393495559692
0.6742944121360779
0.8055933713912964
0.9261119961738586
0.42092984914779663
0.5100491642951965
0.393768310546875
0.6746760606765747
0.6152961254119873
0.7948073148727417
0.7311721444129944
0.5781073570251465
1.038893222808838
0.5592526197433472
0.8900251388549805
1.563164472579956
0.9512848854064941
0.7596105337142944
0.5186396241188049
0.4384887218475342
0.6710677146911621
0.5671029686927795
0.628316342830658
0.7380059361457825
0.8619858622550964
0.5612932443618774
0.6108874678611755
0.5133649110794067
0.7689110040664673
1.1015236377716064
0.9367667436599731
0.7709057927131653
0.6853514313697815
0.7850783467292786
0.7510843873023987
0.6579222679138184
0.667609453201294
0.7682739496231079
0.33948129415512085
0.7656041979789734
0.6865280866622925
0.6151003837585449
0.6206263899803162
0.660115122795105
0.7234948873519897
0.6332236528396606
0.8570402264595032
0.41789311170578003
0.5603141784667969
0.7336798906326294
0.5194478034973145
0.729989230632782
0.4684827923774719
0.7619451284408569
0.6708930134773254
0.5586403608322144
1.1372770071029663
0.8078733682632446
0.6052963137626648
0.6766601204872131
0.6324116587638855
1.0714455842971802
0.3795894682407379
0.6067212820053101
0.566713809967041
0.9830330014228821
0.8522230386734009
0.7319325804710388
0.7537672519683838
0.8291199803352356
0.7642307281494141
0.9549959897994995
0.675987184047699
1.3983513116836548
0.8703666925430298
0.5295208096504211
1.4670100212097168
0.43847689032554626
0.7399479150772095
0.7994478940963745
0.5487483739852905
0.7289446592330933
1.0246121883392334
0.557856023311615
1.5428357124328613
0.33868607878685
1.138755202293396
0.8700292706489563
1.1405837535858154
0.46158844232559204
0.5101755261421204
0.8197847604751587
0.6401827931404114
1.1105929613113403
0.5383018255233765
0.5452542304992676
0.4493940770626068
0.9061629176139832
0.725110650062561
0.4852442741394043
0.7611807584762573
0.5278138518333435
0.4866558909416199
0.7957863807678223
1.3070907592773438
0.7503506541252136
1.091882586479187
0.5750972628593445
1.0285284519195557
0.5491394996643066
0.5586563944816589
1.3472000360488892
0.9350253939628601
0.6270713210105896
0.4609549939632416
0.685736894607544
0.6950264573097229
0.8752567172050476
0.8205245733261108
1.0637969970703125
0.6128467321395874
0.44985896348953247
0.9556697010993958
0.43879184126853943
0.8993872404098511
0.755811870098114
0.7020792961120605
0.8358745574951172
0.448125422000885
0.7333361506462097
0.6507357358932495
0.6578004956245422
0.9545494318008423
0.4065730571746826
0.48928314447402954
0.9881610870361328
0.751966655254364
0.6176241040229797
0.602192223072052
0.8721821904182434
0.7457768321037292
0.6733955144882202
0.6145480871200562
0.7796229124069214
0.9108070135116577
1.0502121448516846
0.6630797982215881
0.5984112024307251
0.6602712869644165
0.9586421847343445
0.45061206817626953
1.3557746410369873
0.8071123957633972
0.9079435467720032
0.5907983183860779
0.6898443698883057
0.8178249597549438
1.0788252353668213
0.913517951965332
0.8519757390022278
0.7346897721290588
0.7328962087631226
0.7534722685813904
1.120802879333496
0.8247173428535461
0.9068643450737
0.8549068570137024
0.7107892632484436
0.876727283000946
0.7122005224227905
0.6891623735427856
0.8690769076347351
0.9376052618026733
0.753600001335144
0.606295108795166
0.6454058885574341
0.7650330662727356
0.5847723484039307
0.8979628682136536
1.1450825929641724
0.7946065068244934
0.7293163537979126
1.0199075937271118
0.8619590997695923
0.5130828619003296
1.1067448854446411
0.9934545755386353
0.7526440620422363
0.6948675513267517
1.1238293647766113
