0.9506787061691284
0.46947479248046875
0.4733116626739502
1.068285584449768
0.5933136343955994
0.501426100730896
0.3493098318576813
0.5580047369003296
0.27344369888305664
0.5166409611701965
0.31791743636131287
0.8555327653884888
0.6079117059707642
0.5668879747390747
0.31501850485801697
0.30255359411239624
0.2540584206581116
0.5877029895782471
0.4417852759361267
0.43593063950538635
0.5080410242080688
0.31153860688209534
0.4432995319366455
0.5607937574386597
0.47370442748069763
0.7697011828422546
0.5322633385658264
0.4185943603515625
0.6297426223754883
0.539819598197937
0.36750534176826477
0.4620514512062073
0.5948559045791626
0.6419781446456909
0.5377179384231567
0.5676841735839844
0.4431987404823303
0.7880825996398926
0.5675926804542542
0.7147365808486938
0.520006537437439
0.3944317698478699
0.8154247403144836
0.2340410202741623
0.6829684972763062
0.3951708674430847
0.5867830514907837
0.14231231808662415
0.7468467950820923
0.7273106575012207
0.5817338228225708
0.32009953260421753
0.8647201657295227
0.17993733286857605
0.5771214365959167
0.6000703573226929
0.7483054399490356
0.20585015416145325
0.1962599903345108
0.4817502498626709
0.7726733088493347
0.6436423063278198
1.1026294231414795
0.6675217747688293
0.374042272567749
0.4623158574104309
0.7455748319625854
0.395759642124176
0.46883097290992737
0.4933342933654785
0.4937664568424225
0.4422008991241455
0.5492261648178101
0.24567916989326477
0.8527010083198547
0.4463527798652649
0.6114598512649536
0.5387991070747375
0.4845808148384094
0.5742865800857544
0.3607484996318817
0.9502503275871277
0.4171009659767151
0.3810420632362366
0.5661933422088623
0.48587360978126526
0.609918475151062
0.37688103318214417
0.22757717967033386
0.7922496199607849
0.5134474635124207
0.620674729347229
0.5182570815086365
0.7567350268363953
1.4580169916152954
0.4601016640663147
0.34676215052604675
0.46358031034469604
0.4020099639892578
0.9965687990188599
0.20180746912956238
0.2579714059829712
0.3869393467903137
0.3230431377887726
0.8695595860481262
0.47260555624961853
0.3567301630973816
0.6575273275375366
0.7919881343841553
0.15600207448005676
0.3686909079551697
0.32647907733917236
0.4609529376029968
0.36718273162841797
0.22604835033416748
0.5993703007698059
0.8844907879829407
0.6436327695846558
0.5171797871589661
1.0330597162246704
0.9665240049362183
0.42735639214515686
0.34496864676475525
0.5552088022232056
0.4061501622200012
0.4446168839931488
0.32576924562454224
0.8067959547042847
0.5552561283111572
0.43233394622802734
0.6738427877426147
0.6818928718566895
0.1968953162431717
1.118001937866211
0.5761237144470215
0.892522931098938
0.45064577460289
0.39989686012268066
0.5952037572860718
0.44016343355178833
0.5177127718925476
0.5424101948738098
0.3210395574569702
0.45410075783729553
0.6764847040176392
0.3250783383846283
0.7486599087715149
0.864040195941925
0.8262134790420532
0.9226717948913574
0.374377965927124
0.22101083397865295
0.6360711455345154
1.1112768650054932
0.2838844358921051
1.1470164060592651
0.23761770129203796
0.31351208686828613
0.49907588958740234
0.6351621747016907
0.6299031972885132
0.47569435834884644
0.68446284532547
0.6296759843826294
1.22121262550354
0.3440774083137512
0.41621723771095276
0.41803115606307983
0.40022382140159607
0.5428444743156433
0.5457128286361694
0.6775950193405151
0.5485307574272156
0.5514174699783325
0.9711431264877319
0.4214820861816406
0.3294166922569275
0.6909789443016052
0.9508687853813171
0.6470183730125427
0.7112037539482117
0.493044912815094
0.5313770174980164
0.9007970690727234
0.4036245346069336
0.3085002899169922
0.3742414712905884
0.6413136720657349
0.4031563699245453
0.4576031565666199
0.3344966769218445
0.9829373359680176
0.5296735763549805
0.7502935528755188
0.9905276298522949
0.6508337259292603
0.7187089323997498
0.6799436807632446
0.3770260810852051
0.24788808822631836
0.8643085360527039
0.3368688225746155
0.7007879614830017
0.6290724277496338
0.4163333773612976
0.37193769216537476
0.7119318246841431
0.26723772287368774
0.3525591790676117
0.2634546160697937
0.6249656081199646
0.5177170634269714
0.8874748945236206
1.2141189575195312
0.6652631163597107
0.34516578912734985
0.3428628444671631
0.7233014702796936
0.397515207529068
0.3493269085884094
0.5471447110176086
0.471334844827652
0.3016970157623291
0.3864626884460449
0.572226345539093
0.5610314011573792
0.5282303690910339
0.5212717056274414
0.4432879090309143
0.28751879930496216
0.4327154755592346
0.586544394493103
0.36035096645355225
0.8629353642463684
0.7401202917098999
0.4624719023704529
0.30791017413139343
0.45140713453292847
0.4768463671207428
0.43505334854125977
0.5460085868835449
0.6305811405181885
0.30567681789398193
0.46461644768714905
0.5150923728942871
0.6195176243782043
0.5745765566825867
0.6174883246421814
0.4843907356262207
0.5988168716430664
0.4633694589138031
0.23316803574562073
0.8290830850601196
0.866209864616394
0.3613855242729187
0.5726021528244019
0.5360777974128723
0.6568143963813782
0.6284462213516235
0.5735597014427185
0.4448094367980957
0.8681941032409668
0.44572287797927856
0.7662667632102966
0.24015414714813232
0.6811486482620239
0.7915140390396118
0.4152647852897644
0.27429908514022827
0.3976724147796631
0.24517206847667694
0.6743135452270508
0.6990164518356323
0.5992867350578308
0.2153598815202713
0.6480293273925781
0.8162121772766113
0.4346291422843933
0.4509332776069641
0.6027878522872925
0.7570294737815857
0.7515432834625244
0.44378527998924255
0.5182486176490784
0.4124208986759186
0.3534320294857025
0.4867420792579651
0.40337124466896057
0.3468019962310791
0.507331132888794
0.8182165026664734
0.5989295244216919
0.6104633212089539
0.18065917491912842
0.5120089650154114
0.6754691004753113
0.2927361726760864
0.7010571956634521
0.8248068690299988
0.3416980803012848
0.35015198588371277
0.40014559030532837
0.5205119252204895
0.38326963782310486
0.5092206001281738
0.4460458755493164
0.49558407068252563
0.7188910841941833
0.6335641741752625
0.452104389667511
0.3400730788707733
0.5596178770065308
0.6331555247306824
0.8127256631851196
0.37018850445747375
0.5513618588447571
0.48636823892593384
0.10737363249063492
0.5551314353942871
0.33535152673721313
0.4348011016845703
0.4707087576389313
0.38590335845947266
0.40977931022644043
1.590694785118103
0.4072861671447754
0.4715138077735901
0.30487507581710815
0.304518461227417
0.5389178991317749
0.877231776714325
0.35791656374931335
0.35787028074264526
1.1018396615982056
0.7635678052902222
0.4108866751194
0.47141385078430176
0.5459234714508057
