0.9275826215744019
0.5193794369697571
0.5786299705505371
0.46035584807395935
0.6480442881584167
0.4587581753730774
0.5394450426101685
1.1585772037506104
0.31190967559814453
0.3924047350883484
0.8581477403640747
0.26560336351394653
0.26318851113319397
0.2928280532360077
0.3778494596481323
0.5031034350395203
0.5801676511764526
0.6549283266067505
0.5070732235908508
0.38143154978752136
0.36753931641578674
0.9795911908149719
0.6186560392379761
0.7313966751098633
0.33472394943237305
0.6197482943534851
0.3412875235080719
0.45048031210899353
0.5293352007865906
1.1524053812026978
0.6188520193099976
0.5642768740653992
0.9726654887199402
0.21638646721839905
0.30517858266830444
0.4075891375541687
0.33587557077407837
0.6405662298202515
0.3485371470451355
0.2711940407752991
0.36729416251182556
0.3122953176498413
0.5008567571640015
0.5635179281234741
0.6237766146659851
0.5770809054374695
0.33053845167160034
0.9024991989135742
0.5604026913642883
0.5386561155319214
0.60345858335495
0.26652243733406067
0.2747631072998047
0.5388380885124207
0.41435328125953674
0.6127139925956726
0.6438223719596863
0.7153109312057495
0.5598583221435547
0.7195855975151062
0.7023897171020508
0.5532476305961609
0.6363190412521362
0.42411479353904724
0.233450248837471
0.2933591902256012
1.3374898433685303
0.45568400621414185
0.8250547647476196
0.38092589378356934
0.4566011428833008
0.7029086947441101
0.5527147054672241
0.3858996331691742
0.2486301213502884
0.37683504819869995
0.5847455859184265
0.34942755103111267
0.3500463366508484
0.5763612985610962
0.3974032998085022
0.7264941334724426
0.757099986076355
0.6567956209182739
0.6233506202697754
0.3966425061225891
0.5799883604049683
0.23398332297801971
0.6779342889785767
0.2523418962955475
0.5946019887924194
0.6941288113594055
0.4625615179538727
1.359961748123169
0.15573446452617645
0.49248647689819336
0.44498172402381897
0.3463170826435089
0.48726242780685425
0.6885014176368713
0.9660946130752563
0.42727312445640564
0.9748679399490356
0.22054767608642578
0.414025217294693
0.5137394666671753
0.43182310461997986
0.802041232585907
0.1965315043926239
1.2536509037017822
0.2899688184261322
0.35699892044067383
0.2773406505584717
0.6095461845397949
0.6622846722602844
0.8161153793334961
0.7014548182487488
0.23856079578399658
0.5226958990097046
0.9045117497444153
0.32234621047973633
0.5126601457595825
0.6736315488815308
1.095710039138794
0.3156435489654541
0.2750931978225708
0.3638588786125183
0.4293164610862732
0.5428156852722168
2.257877826690674
0.39168524742126465
1.1575711965560913
0.5864207148551941
0.4127359986305237
0.35147207975387573
0.45683303475379944
0.58067387342453
0.8445152044296265
0.8059684634208679
0.27191293239593506
1.0736525058746338
0.6869473457336426
0.8123540878295898
0.36291977763175964
0.9883294105529785
0.40402427315711975
0.5838302373886108
0.64027339220047
0.5691881775856018
0.5400427579879761
1.1369123458862305
0.5274915099143982
0.6793152689933777
0.26436513662338257
0.5709907412528992
0.5198404788970947
0.520870566368103
0.39451637864112854
0.3595665395259857
0.31139394640922546
0.48258939385414124
0.41701430082321167
0.42173901200294495
0.4975601136684418
0.7255296111106873
0.5046117305755615
0.4327870011329651
0.24825143814086914
0.33182093501091003
0.46077126264572144
0.2968744933605194
0.29549142718315125
0.5261203646659851
0.6354489326477051
0.4042167663574219
0.4847163259983063
0.5549031496047974
0.8588171005249023
0.4248051047325134
0.7934871912002563
1.2083427906036377
0.5466876029968262
0.6756384372711182
0.36433690786361694
0.4847244322299957
0.3705235719680786
0.5291607975959778
0.28290998935699463
0.5256454944610596
0.25066837668418884
0.42330121994018555
0.39034563302993774
0.6485021710395813
0.5536839365959167
0.6810474395751953
0.28616493940353394
0.2975524663925171
0.4803922772407532
0.6065143346786499
0.4710063338279724
0.3217339515686035
0.33765074610710144
0.577699601650238
0.6608144640922546
0.32610270380973816
0.2641526162624359
0.26010560989379883
0.6112856864929199
0.6567087769508362
0.24213087558746338
0.41445380449295044
0.417094886302948
0.5292305946350098
0.6391013860702515
0.6961878538131714
0.7456367015838623
0.4084923267364502
0.4399639666080475
1.0418230295181274
0.34187769889831543
0.23890824615955353
0.4305040240287781
0.49331527948379517
0.4765317440032959
0.3425435721874237
0.7979875802993774
0.7636194229125977
0.1932818591594696
0.40415897965431213
0.47625526785850525
0.2268429696559906
0.37402546405792236
0.4198788106441498
0.5280659794807434
0.436734139919281
0.25998425483703613
1.523371934890747
0.3986935019493103
0.4478091299533844
0.8893804550170898
0.5849652886390686
0.4613661766052246
0.764654278755188
0.44837886095046997
0.24713385105133057
0.448971688747406
0.7887667417526245
0.8639928698539734
0.5573877096176147
0.6842189431190491
0.33959829807281494
0.279604971408844
0.40632709860801697
0.38170409202575684
0.6637804508209229
0.5832213163375854
0.47478169202804565
0.561389684677124
0.6018308401107788
0.733843207359314
0.179780513048172
0.4590592384338379
0.36280980706214905
0.6399956345558167
1.0643699169158936
1.2793238162994385
0.3737300932407379
0.38815969228744507
0.2892373502254486
0.6094163060188293
0.504218578338623
0.21335431933403015
0.7652929425239563
0.6090099811553955
0.5366668105125427
0.8029133081436157
0.27252835035324097
0.7970331907272339
0.7227383852005005
0.6018510460853577
0.9193428158760071
0.341533362865448
0.39559072256088257
0.10619235038757324
0.5054929256439209
0.46804100275039673
0.2868261933326721
0.20508544147014618
0.5720195770263672
0.7916332483291626
0.6510480046272278
0.6231056451797485
0.31049808859825134
0.3035186529159546
0.18471850454807281
0.3667346239089966
0.2628253996372223
0.6053237318992615
0.7057119607925415
0.6662617921829224
0.5129550695419312
0.9598921537399292
0.19934257864952087
0.5652117133140564
0.4966585040092468
0.6341565847396851
0.3537454903125763
0.24269413948059082
1.1920669078826904
0.39341387152671814
0.6343628764152527
0.43427926301956177
0.7103995680809021
0.4502781927585602
0.5289756059646606
0.5883744359016418
0.5925721526145935
0.17052605748176575
0.4644271433353424
0.33325591683387756
0.22595171630382538
0.815475344657898
0.45044827461242676
0.2632538974285126
0.35503727197647095
0.27349725365638733
0.6604552865028381
0.7624766230583191
0.396819531917572
0.5108668208122253
0.37484508752822876
0.7746307849884033
0.46012863516807556
0.6799411773681641
0.957682728767395
0.33512669801712036
0.6566282510757446
0.4376412630081177
