0.553467869758606
0.3086158037185669
0.4143759608268738
0.3041735589504242
0.5344430208206177
0.580930233001709
1.286810278892517
0.4697635769844055
0.2972721457481384
1.0098092555999756
0.31843215227127075
1.0396249294281006
0.1832987517118454
0.20704126358032227
0.23710361123085022
0.49774235486984253
0.4886435866355896
1.1568982601165771
0.22477495670318604
0.5415956377983093
0.42739295959472656
0.6510536074638367
0.6159096956253052
0.6058082580566406
0.5221231579780579
0.3745355010032654
0.3115842342376709
0.5477638244628906
0.49321308732032776
1.050358533859253
0.538802444934845
0.6210588216781616
0.7487601637840271
0.8153676986694336
0.2259635478258133
0.37503793835639954
0.301373690366745
0.3812682032585144
0.12023206055164337
0.3750160336494446
0.7355016469955444
0.4132765829563141
0.1960989236831665
0.5611932873725891
0.2677897810935974
1.1060802936553955
0.5678397417068481
0.23888103663921356
0.6998133659362793
0.6278851628303528
0.6273170113563538
0.8580533862113953
0.3465500473976135
0.36245599389076233
0.44730886816978455
0.32569634914398193
0.3413706421852112
0.6707919239997864
0.9650200605392456
0.48495784401893616
0.3624972105026245
1.0164110660552979
0.5241528749465942
0.7197628617286682
0.9087573289871216
0.442876398563385
0.49441710114479065
0.39632537961006165
0.8230298757553101
0.43461576104164124
0.3198572099208832
0.48109182715415955
0.4965951442718506
0.2605913281440735
0.5427478551864624
0.5738455653190613
0.560329794883728
0.5518010854721069
0.742057204246521
0.3843468427658081
0.45819443464279175
0.5296043157577515
0.7535104751586914
0.5145820379257202
0.655241072177887
0.8506115078926086
0.831839382648468
0.8165712356567383
0.546205997467041
0.5201275944709778
0.5236564874649048
0.5076287388801575
0.31793540716171265
0.3452984690666199
0.9178072810173035
0.3060549199581146
0.33230656385421753
0.44311314821243286
0.40377822518348694
0.2513696849346161
0.763696014881134
0.595491349697113
0.5337716341018677
0.7375718951225281
0.1663956344127655
0.511709988117218
0.6549361944198608
0.4602692723274231
0.19994555413722992
0.5710185170173645
0.7017248272895813
0.7528749704360962
0.7169841527938843
0.6425760984420776
0.6157321929931641
0.6001585721969604
0.3364797830581665
0.8210840225219727
0.36194032430648804
0.700035572052002
0.5772727727890015
0.5007786750793457
0.2796463370323181
0.9257286190986633
0.7050713896751404
0.5700016617774963
0.665899932384491
0.6545304656028748
0.6914407014846802
0.5686293244361877
0.9547017812728882
0.26473256945610046
0.47631722688674927
0.6676751971244812
0.3929930627346039
0.6260783672332764
0.5085954666137695
0.30177241563796997
1.03825843334198
0.4022139012813568
0.3523000180721283
1.1143757104873657
0.6329630017280579
0.5600579977035522
0.34406381845474243
0.5269656181335449
0.2842862010002136
0.7196516990661621
0.3762581944465637
0.27533429861068726
0.4849697947502136
0.7515016794204712
0.3820236325263977
0.7800027132034302
0.21798141300678253
0.42101866006851196
0.265552282333374
0.31072095036506653
0.4441923201084137
1.0763813257217407
0.609329104423523
0.5105107426643372
0.571617603302002
0.445486843585968
0.552804172039032
0.709665834903717
0.30569538474082947
0.48092007637023926
0.6888850927352905
0.3530753254890442
0.7080392837524414
0.5035732984542847
1.2872064113616943
0.6862539052963257
0.6367002725601196
0.5165855288505554
0.7157543897628784
0.3395851254463196
0.5195953845977783
0.5455390810966492
0.24453850090503693
0.7094386219978333
0.34006786346435547
0.4204259514808655
0.8362473249435425
0.5607489347457886
0.32149142026901245
0.3729577660560608
0.25855374336242676
0.9415005445480347
0.5839791893959045
0.4207502007484436
0.6664184331893921
0.7400439977645874
0.2493281066417694
0.5698390603065491
0.24458763003349304
0.5441136956214905
0.4100266098976135
0.8479762077331543
0.7652044892311096
0.33207967877388
0.5712842345237732
0.9536647796630859
0.8470166921615601
0.7395374178886414
0.19915100932121277
0.40637749433517456
0.7367961406707764
0.1886385679244995
1.308664083480835
0.47973376512527466
0.5283610224723816
0.7209423184394836
0.4292418360710144
0.7241888046264648
0.49552592635154724
0.5332974195480347
0.4284879267215729
0.9904717206954956
0.3949137032032013
0.5735282897949219
0.33974599838256836
0.42606887221336365
0.4084283411502838
0.9039365649223328
0.5092512369155884
0.5326695442199707
0.9874926805496216
0.7986718416213989
0.664140522480011
0.4182624816894531
0.3508879244327545
0.6096054911613464
0.6501588821411133
0.6962687373161316
0.9111074209213257
0.44441285729408264
0.5619742274284363
0.3845967948436737
0.48728322982788086
0.6606112718582153
0.6987223029136658
0.5377289056777954
0.7399753332138062
0.3675662875175476
0.9764991998672485
0.3308606743812561
0.26375454664230347
0.7683712244033813
0.49001169204711914
0.6550992727279663
0.2597472071647644
0.4810684323310852
0.3993160128593445
0.5625287294387817
0.2896258533000946
0.3534401059150696
0.6112251877784729
0.3900827169418335
1.0653514862060547
0.5660627484321594
0.35988253355026245
0.15003935992717743
0.5273914337158203
0.3083852231502533
0.46294134855270386
0.7346194386482239
0.2570130228996277
0.5562060475349426
0.5320549011230469
0.4307655692100525
0.36250579357147217
0.4103149473667145
0.43599748611450195
0.5880287885665894
0.41224271059036255
0.4925861954689026
0.9139442443847656
0.3153281807899475
0.648204505443573
0.4534901976585388
0.7993165254592896
0.46392908692359924
0.2739946246147156
1.0538203716278076
0.5682520270347595
0.6317530274391174
0.4950742721557617
0.8271910548210144
0.34254884719848633
0.4098968505859375
1.2225393056869507
0.39875444769859314
0.5358471274375916
0.9992924928665161
0.46278682351112366
0.6206724047660828
0.6500980257987976
0.43397393822669983
0.22445175051689148
0.6497644186019897
0.49002379179000854
0.3665398955345154
0.7685451507568359
0.3095393478870392
0.961220383644104
0.5011371374130249
0.3451186716556549
0.21513251960277557
0.46240368485450745
0.9297716021537781
0.44172602891921997
0.368120402097702
0.5737965703010559
0.8860079050064087
0.3341413140296936
0.46171140670776367
0.5279163122177124
0.43113231658935547
0.306593120098114
0.7588221430778503
0.4004341959953308
0.6203568577766418
0.943149745464325
0.35201483964920044
0.340324342250824
1.209510087966919
0.4709411561489105
0.6680461764335632
0.6632153391838074
0.6146812438964844
0.726862907409668
0.40601372718811035
0.31906408071517944
0.4692808985710144
0.5007458925247192
0.7381744980812073
