0.6257504820823669
0.7174715399742126
0.7307265400886536
0.33807215094566345
1.1771485805511475
0.9828168749809265
0.5290307998657227
0.18897703289985657
0.30044025182724
0.6894018650054932
1.149228811264038
0.3779396414756775
0.5737608671188354
0.353020042181015
0.5486499071121216
0.6733917593955994
0.47860947251319885
0.34190768003463745
0.6481721997261047
0.774040699005127
0.5042886734008789
0.4443073272705078
0.5334038734436035
0.4407690167427063
0.3478993773460388
0.19474992156028748
0.5819870233535767
0.5964968800544739
0.26494845747947693
1.1633079051971436
0.37499764561653137
0.542487621307373
0.19692064821720123
0.36858445405960083
0.41157087683677673
0.24582500755786896
0.4693816602230072
0.661285400390625
1.117205023765564
0.5239713788032532
0.7619316577911377
0.3669375777244568
0.4441984295845032
0.9564922451972961
0.7498704791069031
0.6956659555435181
0.4223923683166504
0.35345059633255005
0.47485288977622986
0.4924420416355133
0.4321691393852234
0.5528210401535034
0.49643492698669434
0.47717219591140747
0.546362578868866
0.23104214668273926
0.5075219869613647
0.4835469126701355
0.6849936246871948
0.37846794724464417
0.6625534296035767
0.5278420448303223
0.9572278261184692
0.4367597997188568
0.6496192216873169
0.3536238372325897
0.5877251625061035
0.5512219071388245
0.5091350078582764
0.6083354353904724
0.3206149935722351
0.9809800386428833
0.4756649136543274
0.559604287147522
0.2086707353591919
0.4740963876247406
0.4148638844490051
0.34889423847198486
0.6967708468437195
0.8885571360588074
0.35511189699172974
0.23732271790504456
0.3534960150718689
0.35805147886276245
0.28044337034225464
0.4127880930900574
0.46876636147499084
0.45703285932540894
0.8407260775566101
0.5053264498710632
0.7916427850723267
0.44509243965148926
1.408805012702942
0.3011872172355652
0.41304054856300354
0.6542735695838928
1.0754660367965698
0.498786062002182
0.3947766125202179
0.5224951505661011
0.5085424184799194
0.6120630502700806
0.8270092010498047
0.4769071936607361
0.520826518535614
0.6919255256652832
0.32455748319625854
0.42525967955589294
0.5021623969078064
0.43920451402664185
0.7844732999801636
0.568493664264679
0.7533923983573914
0.41020315885543823
0.6343880891799927
0.3497398793697357
0.6956748366355896
0.8233248591423035
0.4522666335105896
0.8311483263969421
0.5571821928024292
0.39767035841941833
0.6676569581031799
0.6484612226486206
0.5437222719192505
0.6386627554893494
0.22666099667549133
0.5818698406219482
0.36413317918777466
0.7785250544548035
0.6369071006774902
0.4473150372505188
0.3248523771762848
0.30232948064804077
0.6143761873245239
0.7149262428283691
0.43453311920166016
0.8697749972343445
0.35221561789512634
0.5461225509643555
0.36059093475341797
0.5235854983329773
0.831134021282196
0.4723709225654602
0.8170254826545715
0.4329882562160492
0.44180530309677124
0.6049835085868835
0.4544449746608734
0.4808531403541565
0.7569724321365356
1.1340223550796509
0.393981397151947
0.3816826641559601
0.7223612070083618
0.3570055365562439
0.480682909488678
0.5597177743911743
0.19680747389793396
0.7158398032188416
0.7366896271705627
0.2913396656513214
0.4544277787208557
0.6322113871574402
0.33043956756591797
1.2199301719665527
0.3393864631652832
0.806674599647522
0.7283968925476074
0.471507728099823
0.589893102645874
0.4626297056674957
0.4044806957244873
0.8413408398628235
0.5391019582748413
0.8027469515800476
0.9790650606155396
0.26214155554771423
0.6070162653923035
1.0389633178710938
0.48466891050338745
1.1447474956512451
0.5502832531929016
0.49377164244651794
0.5074781179428101
0.23167400062084198
0.9517191648483276
0.8116168975830078
0.7243963479995728
0.2789539694786072
0.7365557551383972
0.6936486959457397
0.24873411655426025
0.2570137083530426
0.6747564077377319
0.49891528487205505
0.3632778525352478
0.8814851641654968
0.5787385106086731
0.5377697348594666
0.23735518753528595
0.28810399770736694
0.44136515259742737
0.39321595430374146
0.43148073554039
0.37750786542892456
0.29687753319740295
0.41870346665382385
0.8892637491226196
0.2910115718841553
0.7398619651794434
0.509350597858429
0.6521119475364685
1.292578935623169
0.3172210156917572
0.2631644010543823
0.277688205242157
0.44208383560180664
0.4273260533809662
0.32624107599258423
0.6969491243362427
0.6120201945304871
0.5205841064453125
0.4982677400112152
0.5395184755325317
0.7282945513725281
0.34291893243789673
0.7438644766807556
0.3568195402622223
0.4246128499507904
0.29145514965057373
0.36836954951286316
0.29931724071502686
0.549852728843689
0.6708582043647766
0.6085288524627686
0.47540396451950073
0.6888455152511597
0.7898254990577698
0.5579133629798889
0.5782116055488586
0.7848803400993347
0.5896731615066528
0.38659271597862244
0.6753390431404114
0.42665013670921326
0.5065793991088867
0.4881550669670105
0.5246606469154358
0.5362573266029358
0.4872683584690094
0.5661420822143555
0.5281446576118469
0.42842739820480347
0.8721383810043335
0.20936799049377441
0.35834163427352905
0.43630924820899963
0.3268381655216217
0.2813253700733185
0.3389074504375458
0.8548247218132019
0.3853195905685425
0.2930911183357239
0.5629792213439941
0.21019819378852844
0.4865664839744568
0.5578603148460388
0.22554118931293488
0.6739658713340759
0.3688625693321228
0.6245321035385132
0.3144340515136719
1.1015607118606567
0.4212704300880432
0.5276129841804504
0.20948824286460876
0.2654646039009094
0.932162880897522
0.9378096461296082
0.7700225710868835
0.367167204618454
0.5360733270645142
0.440041720867157
0.6737421154975891
0.38761070370674133
0.5713614225387573
0.5185235738754272
0.36903417110443115
0.2521752715110779
0.5959790945053101
0.41816872358322144
0.47621479630470276
0.41000574827194214
0.23229865729808807
0.8426691293716431
0.284384548664093
0.6820579171180725
0.9093630909919739
0.6432822942733765
0.5167492628097534
0.31603261828422546
0.5029446482658386
0.6664264798164368
0.2950679659843445
0.7917493581771851
0.4716002345085144
0.6837449669837952
0.6292701363563538
0.5578635334968567
0.6023237109184265
0.7149059772491455
0.3015322685241699
0.7332575917243958
0.7589433789253235
0.4566766619682312
0.5551084280014038
0.21054458618164062
0.7112747430801392
0.25898221135139465
0.4155772626399994
0.2864052653312683
0.5088664293289185
0.4945996403694153
1.019247055053711
0.3001782298088074
0.4318849444389343
0.25438830256462097
0.40872979164123535
0.18121224641799927
0.5222673416137695
0.18991461396217346
1.3084179162979126
0.36997321248054504
0.620714545249939
0.535496711730957
1.0144531726837158
0.8475733399391174
