0.6418007612228394
0.4059593081474304
0.4866867661476135
0.14536216855049133
0.29093679785728455
0.5291444063186646
0.4850868284702301
0.41070470213890076
0.4112203121185303
0.6399603486061096
0.6216627359390259
0.48546481132507324
0.9571801424026489
0.3343955874443054
0.24240832030773163
1.123464822769165
0.6557193994522095
0.24136941134929657
0.33346670866012573
0.5359907746315002
0.28532320261001587
0.5768420100212097
0.35394057631492615
0.4354549050331116
0.4870885908603668
0.5126250386238098
0.3495309352874756
1.0211172103881836
0.29264888167381287
0.42476463317871094
0.4080217480659485
0.26603779196739197
0.9117935299873352
0.7756251096725464
0.31313809752464294
0.251216322183609
0.6291321516036987
0.4089328348636627
0.7839767932891846
0.6607574820518494
0.4023723602294922
0.6031642556190491
0.4472096860408783
0.8752972483634949
0.5268374681472778
0.5063608288764954
0.5026808977127075
0.5109393000602722
0.4229508936405182
0.67985600233078
0.36445847153663635
1.2480615377426147
0.5454016327857971
0.48718875646591187
0.40355080366134644
0.4518234133720398
0.7680191993713379
0.6460191607475281
0.2887112498283386
0.40463247895240784
0.8349892497062683
0.2008386105298996
0.3819800317287445
0.5873960256576538
0.7004008889198303
0.6802364587783813
1.0138494968414307
0.7650052905082703
0.5264028310775757
0.7839505672454834
0.5810772776603699
1.2088396549224854
0.30490642786026
0.6471919417381287
1.0646727085113525
1.6409661769866943
1.1404954195022583
0.7153412699699402
0.7987276315689087
0.6025148630142212
1.1195927858352661
0.8034278750419617
0.2889558672904968
0.6258228421211243
0.3566787838935852
0.5787566304206848
0.5098684430122375
0.9579005241394043
0.4869280457496643
0.24592944979667664
0.3506954312324524
0.5735071897506714
0.8385434150695801
0.6381451487541199
0.5592299699783325
0.43522611260414124
0.5537852048873901
0.3732263445854187
0.3216005265712738
0.6396062970161438
0.7167565226554871
0.45199060440063477
0.32663729786872864
0.5504571199417114
0.8318530917167664
0.8836777806282043
0.7248369455337524
0.6596583724021912
0.45021671056747437
0.5667752623558044
1.1260977983474731
0.5664748549461365
0.6852397918701172
0.3830668330192566
1.0475976467132568
0.5052803754806519
0.4354662299156189
0.409816175699234
0.5262521505355835
0.20798861980438232
0.6958954334259033
0.7321379780769348
1.3866665363311768
0.25931602716445923
0.7146288156509399
0.8902746438980103
0.46069350838661194
0.5120705962181091
0.561677098274231
0.5595654845237732
0.5119186043739319
0.4332926869392395
0.41701602935791016
1.4681791067123413
0.1068698987364769
0.2674589455127716
0.4389546513557434
0.5591357350349426
0.3979286253452301
0.4809672236442566
0.39830800890922546
0.31537383794784546
0.38066235184669495
1.0199620723724365
0.5356721878051758
0.36036643385887146
0.34902459383010864
1.015833854675293
0.5557513236999512
0.7110376358032227
0.9592423439025879
0.41090598702430725
0.2399158775806427
0.34597107768058777
0.35264697670936584
0.5535911321640015
0.44032812118530273
0.6283345818519592
0.37927958369255066
0.3294646441936493
0.7786836624145508
0.5753751993179321
0.6800895929336548
0.4322713017463684
0.4150138795375824
0.7213201522827148
0.42429453134536743
0.420647531747818
0.4113595485687256
0.28249236941337585
0.7795441150665283
0.276132732629776
0.600922167301178
0.5714972615242004
0.25910061597824097
0.42736873030662537
0.33428850769996643
0.5699864029884338
0.40657442808151245
0.4803878664970398
0.21864669024944305
1.023102045059204
0.38336366415023804
0.9942682385444641
0.4672066569328308
0.7406283020973206
0.525287926197052
0.19810593128204346
0.5021494030952454
0.5817800760269165
0.5693201422691345
0.3847232460975647
0.24294114112854004
0.6254306435585022
0.1458429992198944
1.6067880392074585
0.393907755613327
0.595904529094696
0.5125107169151306
0.5046774744987488
0.5916549563407898
0.5486937165260315
0.7839099168777466
0.33061814308166504
0.21669308841228485
0.4623117446899414
0.4860221743583679
0.34838467836380005
0.5284948945045471
0.423444926738739
0.4097440242767334
1.0097709894180298
1.4105479717254639
0.7791839838027954
0.15817201137542725
0.6347571611404419
0.47359418869018555
0.2618013918399811
0.3974248766899109
0.6647697687149048
0.3195059299468994
0.7450127601623535
0.860176682472229
0.3222605288028717
0.5304116010665894
0.49616605043411255
0.8347408175468445
0.34672635793685913
0.7088255882263184
0.5322750210762024
0.5874453783035278
0.852952778339386
0.42562031745910645
0.632901132106781
0.3197902739048004
0.2783277928829193
0.9387691617012024
0.5561211705207825
0.5309897661209106
0.6715825200080872
0.2672097682952881
0.6610720753669739
0.5519875288009644
0.35644492506980896
0.6794940233230591
0.30044862627983093
0.5108464360237122
0.6312451958656311
0.43461960554122925
0.45919710397720337
0.4996678829193115
0.5338522791862488
0.3945290446281433
0.5504803657531738
0.41218170523643494
0.48627084493637085
0.277021586894989
0.572634220123291
0.5323365926742554
0.5136439204216003
0.776312530040741
0.5417547225952148
0.4967808127403259
0.35767999291419983
0.2840675711631775
0.652328610420227
0.41284480690956116
0.7317623496055603
0.8366462588310242
0.19625292718410492
0.8563493490219116
0.5379308462142944
0.11059725284576416
0.48482546210289
0.5935459136962891
0.5713530778884888
0.33874738216400146
0.3996365964412689
0.4491530954837799
0.9257688522338867
0.5364997386932373
0.43749481439590454
0.5403911471366882
0.2602636218070984
1.1617920398712158
0.7813383340835571
0.5126827359199524
0.21811330318450928
0.666406512260437
0.9071906805038452
0.793124794960022
0.4476768970489502
0.33300405740737915
0.396901398897171
0.7051957845687866
0.37671375274658203
0.5117511749267578
0.5931591987609863
0.29474687576293945
0.52295982837677
0.864438533782959
0.7405166029930115
0.5741578936576843
0.48504751920700073
0.4880654215812683
0.463496595621109
0.8435646295547485
0.6920218467712402
0.1809278428554535
0.8496508598327637
1.040291428565979
0.6680017709732056
0.3010634481906891
0.6008815765380859
0.2236136496067047
0.739628255367279
0.6960135698318481
1.0005810260772705
0.3448033630847931
0.591049075126648
0.6195931434631348
0.2782399356365204
0.498450368642807
0.3878611922264099
0.46852511167526245
0.627166748046875
0.4961310029029846
0.4783131182193756
0.8933310508728027
0.5698315501213074
0.5909758806228638
0.722176194190979
0.5645848512649536
0.6041867136955261
0.34812989830970764
1.364108681678772
0.693272590637207
0.6446109414100647
