0.4902583956718445
0.6716892123222351
0.49326151609420776
0.5846794247627258
0.5582583546638489
0.8512685894966125
0.6805292367935181
0.6050432324409485
0.4855380058288574
0.3570300042629242
0.8462570309638977
0.9429436922073364
0.4347175061702728
0.6792189478874207
0.6675875782966614
0.36721476912498474
0.650012195110321
0.4673498570919037
0.7243674993515015
0.4291970133781433
0.7722138166427612
0.8110780715942383
0.49072837829589844
0.3562259078025818
0.3929341733455658
0.29517093300819397
0.7734147310256958
0.5050805807113647
0.3567567765712738
0.5135805606842041
0.3239390254020691
0.9742118716239929
0.44454559683799744
0.4483723044395447
1.0967577695846558
0.2259969264268875
0.3142238259315491
0.3667663633823395
0.2643963694572449
0.4778994917869568
0.9711841344833374
0.29886460304260254
0.22914712131023407
0.5026901960372925
0.22111335396766663
0.631591796875
0.8251953125
0.760644793510437
0.26868051290512085
0.27541017532348633
0.25124138593673706
0.9480328559875488
0.5930633544921875
0.32059282064437866
0.1879328489303589
0.19839318096637726
0.344880610704422
0.389487087726593
0.4146067500114441
0.482361376285553
0.4893306791782379
0.4947877824306488
0.33711761236190796
0.24860963225364685
0.43065041303634644
0.2605850398540497
0.31284886598587036
0.5140939354896545
0.2730327844619751
0.47949305176734924
0.6550639867782593
0.5235212445259094
0.8287091255187988
0.806353747844696
0.864047646522522
0.5479040145874023
1.2284103631973267
0.3019585609436035
0.49814915657043457
1.014167070388794
0.4810620844364166
0.6362289190292358
0.3734808564186096
0.24053291976451874
0.5642690658569336
0.28963690996170044
0.9123865365982056
0.699771523475647
0.39009547233581543
0.3498763144016266
0.41304272413253784
0.5158091187477112
0.3963738977909088
0.4701473116874695
0.28537872433662415
0.2848629951477051
0.27179867029190063
0.2721387445926666
0.5024095177650452
0.44650888442993164
0.2680453956127167
0.8674077987670898
0.5588151812553406
0.41427820920944214
0.352945476770401
0.3165672719478607
0.1406446248292923
0.6947799921035767
0.4984583258628845
0.8632257580757141
0.3426336646080017
0.31311142444610596
0.4959622323513031
0.3342145085334778
0.5270379185676575
0.960702121257782
1.3348188400268555
0.6145605444908142
0.81194007396698
0.2971864342689514
0.700214684009552
0.9011284708976746
0.43203502893447876
0.2982511520385742
0.6643003225326538
0.7672551274299622
0.5116866827011108
0.8779454231262207
0.5009244680404663
0.94087153673172
0.7249645590782166
0.5625469088554382
0.3714989721775055
0.3187428414821625
0.21632274985313416
0.6640514135360718
0.7015572786331177
0.37056031823158264
0.33261317014694214
0.6683330535888672
0.3502824008464813
0.33110618591308594
0.35334229469299316
0.42353683710098267
0.43031859397888184
0.4066808819770813
0.5391504764556885
0.38914549350738525
0.3808000683784485
0.38992464542388916
0.41677039861679077
0.5206897258758545
0.8928788304328918
0.5364646315574646
0.8668252825737
0.5627905130386353
0.5289565920829773
0.46139398217201233
0.334072083234787
0.5298445820808411
0.5885817408561707
0.2346246987581253
1.3208333253860474
0.19478347897529602
0.4092632234096527
0.411548376083374
0.5859664082527161
0.4119415283203125
0.5549288988113403
1.2535030841827393
0.415880024433136
0.8156250715255737
0.6114861369132996
1.1439473628997803
0.648548424243927
0.5655592679977417
0.3208099901676178
0.535921037197113
0.4056242108345032
0.3742032051086426
0.5099899768829346
0.39566299319267273
0.33522066473960876
0.565948486328125
0.34670156240463257
0.7387292385101318
0.7194926142692566
0.37091681361198425
0.3538096845149994
0.5196844935417175
0.8491786122322083
0.3836996555328369
0.1923641860485077
0.3661631643772125
0.4808635711669922
0.861386775970459
0.3016751706600189
0.38721200823783875
0.875839114189148
0.406926691532135
0.562836766242981
0.1427750140428543
0.43235260248184204
0.8645084500312805
0.945783793926239
0.7081724405288696
0.25859832763671875
0.4042264521121979
0.3895631432533264
0.6159298419952393
0.4947572350502014
0.8487396240234375
0.5002049207687378
0.5857263803482056
0.7045686841011047
0.598484456539154
0.4960147738456726
1.2537319660186768
0.6196513772010803
0.5735142827033997
1.0743277072906494
0.5565690994262695
0.4646427035331726
0.841879665851593
0.29270437359809875
0.4108899235725403
0.4222640097141266
0.5758976936340332
0.49640560150146484
0.7232681512832642
0.9014862179756165
0.740761399269104
0.5145987272262573
0.2045685052871704
0.8233691453933716
0.9333860278129578
0.24918138980865479
0.3965252637863159
0.5892356634140015
0.8301903605461121
0.5773682594299316
0.4260760247707367
0.39570555090904236
0.8287894129753113
0.5073248744010925
0.524905800819397
0.8583046793937683
0.5508450269699097
0.4905838072299957
0.504444420337677
0.7661556601524353
0.3770523965358734
0.43097200989723206
0.4490085542201996
0.4665163457393646
0.4558606743812561
0.5080401301383972
0.5741378664970398
0.5293139219284058
0.31167611479759216
0.5909460783004761
0.42535871267318726
1.047123670578003
0.33143794536590576
0.47905606031417847
0.406114399433136
0.7638593316078186
0.7289930582046509
0.5733317732810974
0.47841304540634155
0.2723872661590576
0.48433437943458557
0.5664553642272949
0.7193704843521118
0.4965948462486267
0.741563618183136
0.4113611578941345
0.16308926045894623
0.7816227674484253
0.5763635635375977
0.5427972078323364
0.6760295629501343
0.8751384615898132
0.9394071698188782
0.35984736680984497
0.2811177968978882
0.6965958476066589
1.0873171091079712
0.5905600786209106
0.39843231439590454
0.3070797622203827
0.6436227560043335
0.5037006735801697
0.6693347692489624
0.30640578269958496
0.516304612159729
0.7085277438163757
0.42521676421165466
0.8978276252746582
0.6928315162658691
0.21824446320533752
1.0445492267608643
0.8534978032112122
0.37963345646858215
0.5524587631225586
0.4285036623477936
0.2814750075340271
0.4123389720916748
0.6621278524398804
0.24475951492786407
0.36654132604599
0.32603979110717773
0.6124153733253479
0.6367672681808472
0.654416024684906
0.6693722009658813
0.4801158308982849
0.3464648127555847
0.633791446685791
0.5157878994941711
0.35933658480644226
0.8578410148620605
0.7648090124130249
0.8721655011177063
0.5953634977340698
0.375446081161499
0.5226939916610718
0.5647698640823364
0.47602176666259766
0.5160554647445679
0.3970852494239807
0.3574262857437134
0.65159010887146
0.7007781267166138
0.9627907872200012
0.6807054281234741
0.42636823654174805
1.0026103258132935
