0.22969551384449005
0.7131308317184448
0.5746489763259888
0.8760446310043335
0.27642443776130676
0.6180842518806458
0.3993684649467468
0.5082077980041504
0.6906007528305054
0.35199418663978577
0.5037915110588074
0.4137400984764099
0.4787561297416687
0.35990142822265625
0.4311685562133789
1.0004280805587769
0.6380770802497864
0.4689156115055084
0.8246042132377625
0.30954617261886597
0.6554912328720093
0.17751657962799072
0.36169856786727905
0.451230525970459
0.761612594127655
0.5221762657165527
0.6086134910583496
0.2677418887615204
0.12919573485851288
1.3182196617126465
0.574482262134552
0.8777135014533997
0.7315190434455872
0.45253056287765503
0.5018624067306519
0.4491099715232849
0.4178580641746521
0.2395552098751068
0.563593327999115
0.3820502758026123
0.4181199073791504
0.5088962912559509
0.49178558588027954
0.49204450845718384
0.3967152535915375
0.6046172976493835
0.6513093113899231
0.2750702202320099
0.37868452072143555
0.2746792137622833
0.27681055665016174
0.4229702949523926
0.5023642182350159
0.5483847856521606
0.5044294595718384
0.6962918043136597
0.2273886501789093
0.4581349492073059
0.4202345013618469
0.39195889234542847
0.5233214497566223
0.29548853635787964
0.3874879777431488
0.46001043915748596
0.7488139867782593
0.8156150579452515
0.2422390878200531
0.4115116596221924
0.38076072931289673
0.277703195810318
0.3340222239494324
0.5398419499397278
0.6303428411483765
0.6919845342636108
0.8113681077957153
0.5478502511978149
0.656277060508728
0.6342357397079468
0.5186846852302551
0.6157720685005188
0.5492274165153503
0.26317697763442993
0.7852253317832947
0.24362292885780334
0.6623638868331909
0.5039210319519043
0.2784929573535919
0.6782006621360779
0.9660738706588745
0.5581755638122559
0.5417031645774841
1.0624701976776123
0.5424134135246277
0.3435283303260803
0.5603114366531372
0.4957098364830017
0.8450227975845337
0.31197819113731384
0.32973694801330566
0.9746404886245728
0.9118614196777344
0.6972088813781738
0.9370777010917664
0.609337329864502
0.9475530385971069
0.5642247200012207
0.5497463941574097
0.3611822724342346
0.426959753036499
0.24133329093456268
0.6875025629997253
0.5209206342697144
0.5898656845092773
0.8317028880119324
0.35871559381484985
0.45477327704429626
0.4159765839576721
0.3479626178741455
0.4039990305900574
0.5432194471359253
0.2059871405363083
0.35352277755737305
0.5125648975372314
0.5433619618415833
0.30561766028404236
0.7503247857093811
0.6657180190086365
0.7715336680412292
0.5022605657577515
0.61956387758255
0.5090123414993286
0.339412122964859
0.5491215586662292
1.431361198425293
0.5232744216918945
0.8868589401245117
0.36406221985816956
0.49309787154197693
1.0793694257736206
0.7119399309158325
0.39170974493026733
0.536185622215271
0.48389101028442383
0.36305803060531616
0.4820738732814789
0.675703763961792
0.30492523312568665
0.8984653353691101
0.2716115117073059
0.7599063515663147
0.7016484141349792
0.5078414678573608
0.6703366637229919
0.9007964134216309
1.1872382164001465
0.8709285855293274
0.9138482213020325
0.5499060750007629
0.3428495526313782
0.38232192397117615
0.6121145486831665
0.5711191892623901
0.5611699223518372
0.474386602640152
0.5798901319503784
0.666199803352356
0.5303551554679871
0.40117329359054565
0.3252885937690735
0.2814047932624817
0.40885335206985474
0.6824074983596802
0.8297697305679321
0.4033445417881012
0.3420291543006897
0.3328337073326111
0.580167829990387
0.449327290058136
0.277992308139801
0.9469811320304871
0.3693309426307678
0.9509763717651367
0.49915647506713867
0.7397491335868835
0.7546137571334839
0.38441553711891174
0.5227681398391724
0.9111120104789734
0.5993549823760986
0.6469687819480896
0.8366461992263794
0.18066826462745667
0.5740711092948914
0.4566149115562439
0.43398699164390564
0.8861645460128784
0.36181730031967163
0.6138171553611755
0.3574536144733429
0.5004637837409973
0.5122449994087219
0.501594066619873
0.512374758720398
0.16758310794830322
0.7404714822769165
0.41118893027305603
0.8634411692619324
0.3770023286342621
0.8056912422180176
0.4422381520271301
0.8001620173454285
0.30679941177368164
0.7280097603797913
0.5429953932762146
0.5976428389549255
0.7348427772521973
0.43015527725219727
0.8026094436645508
0.6480158567428589
0.7982622385025024
0.6258407235145569
0.5893964767456055
0.7749006152153015
1.0254714488983154
0.5544071197509766
0.6671662330627441
0.5105151534080505
0.36200428009033203
0.34889739751815796
0.4985486567020416
0.6750207543373108
0.20696201920509338
1.1240928173065186
0.6531829833984375
0.7253112196922302
0.3865066170692444
0.36209172010421753
0.36190366744995117
0.3732844889163971
0.29419487714767456
0.7270696759223938
0.8566668629646301
0.8062347173690796
0.8254637718200684
0.9754130244255066
0.37843069434165955
0.4867987632751465
0.5468549728393555
0.4582725465297699
0.27854424715042114
0.6925166249275208
0.8625596165657043
0.3705867826938629
0.36186519265174866
0.3879445195198059
0.7054508924484253
0.5654633641242981
0.5188180208206177
0.28968554735183716
0.2548254430294037
0.6544069647789001
0.40290623903274536
0.4865405559539795
0.2868979871273041
0.3027530014514923
0.2722683548927307
0.4924432635307312
0.4403950572013855
0.5526825189590454
0.5713444948196411
0.4303627908229828
0.5097048878669739
0.42547154426574707
0.5127084851264954
0.33786100149154663
0.5409418344497681
0.7543435096740723
1.0555846691131592
0.37377360463142395
0.35094308853149414
1.0744695663452148
0.7716101408004761
0.4495677947998047
0.9496920704841614
0.4435819685459137
0.4693690240383148
0.9231513738632202
0.322414755821228
0.19921544194221497
0.4955140948295593
0.5522323846817017
0.2681746184825897
0.8952046632766724
0.40307527780532837
0.3807503581047058
0.5321121215820312
0.33368873596191406
0.42083683609962463
0.7168879508972168
0.4835951328277588
0.4512408375740051
0.24688394367694855
0.5326288342475891
0.7458949685096741
0.4150094985961914
0.9807590246200562
0.8128013610839844
0.35773444175720215
0.5646141767501831
0.2174244374036789
0.384521484375
0.43281427025794983
0.43329325318336487
0.5317260026931763
0.3360958695411682
0.5170281529426575
0.4787103533744812
0.5797556638717651
0.5292841196060181
0.23982897400856018
0.5207863450050354
0.4513944685459137
0.5837512016296387
0.3555908799171448
0.5350620746612549
0.6869668960571289
0.4223294258117676
0.29063719511032104
0.6926642656326294
0.8777233362197876
0.49135684967041016
0.5062001943588257
0.7276093363761902
1.3004066944122314
0.32334715127944946
0.2673266530036926
1.2801513671875
0.15399424731731415
