0.4333268105983734
0.3053800165653229
0.42873525619506836
0.25421103835105896
0.4312874674797058
0.5860754251480103
0.5425935983657837
0.11966167390346527
0.5553692579269409
0.2770621180534363
0.2997433543205261
0.4181751310825348
0.40407267212867737
0.5197566151618958
0.5917860865592957
0.5119481086730957
0.5732901096343994
0.7824560403823853
0.4022855758666992
1.1319414377212524
0.24075564742088318
0.4623228907585144
0.5895847678184509
1.125443696975708
0.3586387634277344
0.6599154472351074
0.9970160722732544
0.671515941619873
0.24249987304210663
0.7851799130439758
0.6228731274604797
0.28800320625305176
0.6946657299995422
0.44485530257225037
0.6284458041191101
0.8978939056396484
0.59992915391922
0.40207114815711975
0.5313358306884766
0.4547128677368164
0.5869798064231873
0.3488978445529938
0.6285541653633118
0.7942969799041748
0.979468047618866
0.41740599274635315
0.4145747125148773
0.6018452644348145
0.523792564868927
0.3442470133304596
0.7076455950737
0.4369569718837738
1.1934447288513184
0.6067087650299072
0.3959163725376129
0.39894214272499084
0.6278547048568726
0.8466574549674988
0.3204629719257355
0.430666446685791
0.33705881237983704
0.6355798840522766
0.4275674819946289
0.9535066485404968
0.3493785858154297
0.34786319732666016
0.8022252917289734
0.5163768529891968
0.41092151403427124
1.2940781116485596
0.7427691221237183
0.6610739231109619
0.514000654220581
0.3840401768684387
0.4523850977420807
0.6402081251144409
0.37666448950767517
0.6666529178619385
0.2818237841129303
0.3781599998474121
0.3429203927516937
0.6538287997245789
0.27366313338279724
0.3487212061882019
0.6382325887680054
0.6112031936645508
0.5372706651687622
0.8781396746635437
0.5012365579605103
1.518615484237671
0.28316807746887207
0.3505200147628784
0.5790380835533142
0.9625528454780579
0.783428966999054
0.57277512550354
0.10049929469823837
0.9530318975448608
0.4592991769313812
0.4323297142982483
0.6193616986274719
1.0063008069992065
0.4726327359676361
0.2605704665184021
0.5829967856407166
0.8485150337219238
0.5829218626022339
0.4967629909515381
0.5472548007965088
0.35137054324150085
0.44276323914527893
0.37791872024536133
0.7273730635643005
0.4545283913612366
0.6290527582168579
0.248497873544693
0.15569937229156494
0.31204381585121155
0.7375216484069824
0.7149261832237244
0.6476716995239258
0.413043737411499
0.5460805892944336
0.298297643661499
0.5035178661346436
0.8877422213554382
0.844430148601532
0.748616099357605
0.6499160528182983
0.4316965937614441
0.2832144796848297
0.9356335401535034
0.666151762008667
0.43529003858566284
0.6104799509048462
0.2999103367328644
0.38952064514160156
0.8829954862594604
0.28035980463027954
0.5288256406784058
0.6251973509788513
0.9331034421920776
0.6601933240890503
0.6281814575195312
0.42906221747398376
0.8035489320755005
0.925510585308075
0.5046160817146301
0.39932990074157715
0.28436216711997986
0.3974342346191406
0.8822711706161499
0.5039249062538147
0.2896154522895813
0.5136701464653015
0.5768057107925415
0.30810096859931946
0.1931011825799942
0.47905245423316956
0.4781869947910309
0.33906257152557373
0.5301531553268433
0.7096288800239563
0.58768230676651
0.3022387623786926
0.615820050239563
0.49073243141174316
0.5644239783287048
0.2908875346183777
0.5575019121170044
0.6327106952667236
0.43372464179992676
0.8495875597000122
0.29767972230911255
0.5990227460861206
0.8748003840446472
0.954617977142334
0.48324695229530334
0.5288252234458923
0.5702857971191406
0.21837270259857178
0.2215466946363449
0.7089495658874512
0.7696158289909363
0.6377408504486084
0.45980939269065857
0.505440890789032
0.9601523280143738
0.5107007622718811
0.7584740519523621
0.4399336874485016
0.34519195556640625
0.5568658113479614
0.836262047290802
1.152831792831421
0.7475010752677917
0.7514432668685913
0.49576982855796814
0.3954409062862396
0.41871675848960876
0.48181670904159546
0.580324649810791
0.6225109100341797
0.6169294714927673
0.4837239384651184
0.412477970123291
0.48932114243507385
0.6827656626701355
0.8655998110771179
0.7909442782402039
0.5264297723770142
0.36066046357154846
0.7974765300750732
0.2464160919189453
0.3390139937400818
0.3425845205783844
0.9348641633987427
0.7015590071678162
0.48748987913131714
0.46732959151268005
0.5591146349906921
0.8662500381469727
0.47969740629196167
0.27641648054122925
0.4094060957431793
0.5173773765563965
0.6594177484512329
0.5769367218017578
0.8330528140068054
0.3894944190979004
0.3375947177410126
0.48328715562820435
0.8469182252883911
0.39621037244796753
0.44410768151283264
0.48053795099258423
0.8595952987670898
0.3348436951637268
0.3395509719848633
0.5814688205718994
0.41676267981529236
0.4028342366218567
0.5500330924987793
0.9459114074707031
0.15706422924995422
0.3614705204963684
0.18972867727279663
0.5504803657531738
0.6802903413772583
0.5831184387207031
0.22694805264472961
0.7263191938400269
0.20509138703346252
0.4288378655910492
0.8040927648544312
0.6932355761528015
0.40897488594055176
0.34354811906814575
0.5308640003204346
0.542205274105072
0.6628585457801819
0.24083085358142853
0.31869450211524963
0.4083508551120758
0.44694408774375916
0.3205874562263489
0.10587773472070694
0.7201881408691406
0.6096361875534058
0.4563300609588623
0.5159973502159119
1.2506704330444336
0.5793243646621704
0.3008543848991394
0.5027329325675964
0.302926629781723
0.5715384483337402
0.2669890522956848
0.43809622526168823
0.21836014091968536
0.4673314094543457
0.8876016736030579
0.3944289982318878
0.6840838193893433
0.5418570041656494
1.0684525966644287
0.7082792520523071
0.5128750801086426
0.314953476190567
0.19244997203350067
0.3631119430065155
0.9198323488235474
0.5682111978530884
0.3408708870410919
0.22106797993183136
0.4156511425971985
0.19019903242588043
0.5603176355361938
0.2671891450881958
0.7882579565048218
0.8056033849716187
0.6506670117378235
0.6969311237335205
0.6100128293037415
0.46035879850387573
0.4087063670158386
0.8913024663925171
0.32268351316452026
0.434934139251709
0.928017258644104
0.4334043562412262
0.6083875298500061
0.5620309114456177
0.45952826738357544
0.25070351362228394
0.31518077850341797
0.5308204889297485
0.21859416365623474
0.2848357856273651
0.7528985142707825
0.6777707934379578
0.6217503547668457
0.7075115442276001
0.6070889830589294
0.21854010224342346
0.43565115332603455
0.3330855965614319
0.5593042373657227
0.7438262701034546
0.5397644639015198
0.5836464762687683
0.4655906558036804
0.2897660732269287
0.3258775770664215
0.5312967896461487
0.3334727883338928
0.41246891021728516
0.7417614459991455
