0.586611270904541
0.41042646765708923
0.4553603529930115
0.3787246346473694
0.5236610770225525
0.6121438145637512
0.8767257928848267
0.6811286211013794
0.37224140763282776
0.5129846334457397
0.5617562532424927
0.48934420943260193
0.40542763471603394
0.38837504386901855
0.30635929107666016
0.36730313301086426
0.5500853061676025
0.41180509328842163
0.19608518481254578
0.5338631272315979
0.6504740118980408
0.4294924736022949
0.9718546867370605
0.33427923917770386
0.6087956428527832
0.543580174446106
0.5694893598556519
0.519565224647522
0.286172091960907
0.5755911469459534
0.4993669390678406
0.5365697741508484
0.28881505131721497
0.5965854525566101
0.25070181488990784
1.7230443954467773
0.5668632984161377
0.386727511882782
0.6230384111404419
0.45179420709609985
0.7399015426635742
0.5640840530395508
0.35429245233535767
0.30921152234077454
0.4057721197605133
0.34838446974754333
0.2930491864681244
0.6322066187858582
0.5104464292526245
0.5427461862564087
0.561616063117981
0.3934079706668854
0.3659500479698181
0.39829206466674805
0.37451696395874023
0.6005822420120239
0.18716976046562195
0.4069770276546478
0.5559846758842468
0.4082418978214264
0.3649374544620514
0.6074913144111633
0.38276177644729614
0.49340614676475525
0.5388461351394653
0.36324238777160645
0.5092597603797913
0.6518014073371887
0.7188712954521179
0.685711681842804
0.39707088470458984
0.15351632237434387
0.31491729617118835
0.5008987188339233
0.5450251698493958
0.47046589851379395
0.6647387742996216
0.5813604593276978
0.904763400554657
0.552925705909729
0.4676181674003601
0.5993362069129944
0.4712236523628235
0.6218836903572083
0.3901926577091217
0.539257824420929
0.7350279688835144
0.25516846776008606
0.8952274322509766
0.6320116519927979
0.8614901304244995
0.3430348038673401
0.6640949845314026
0.387565553188324
1.1243171691894531
0.5071941614151001
0.3533640503883362
0.47427624464035034
0.26505446434020996
0.5566250085830688
0.9834479093551636
0.553519070148468
1.0211976766586304
0.8347118496894836
0.6347750425338745
0.6944444179534912
0.5419415235519409
0.4260481894016266
0.5433707237243652
0.3420620858669281
0.7676529884338379
0.49555015563964844
0.332722932100296
0.46866703033447266
0.3177700340747833
0.6586887240409851
0.5933651924133301
0.4212266504764557
0.2552441358566284
0.2272992581129074
0.3574399948120117
0.5550004839897156
1.460160493850708
0.6669024229049683
0.2575403153896332
0.32009297609329224
0.43110790848731995
0.5764987468719482
0.3753594756126404
0.2792127728462219
0.6549533605575562
0.39555269479751587
0.6558176279067993
0.6745303869247437
0.6406984329223633
0.311816930770874
0.7793462872505188
0.23574790358543396
0.506335437297821
0.5573471188545227
0.5782413482666016
0.40402287244796753
0.5090126991271973
0.45089346170425415
0.8575838208198547
0.5853572487831116
0.27046123147010803
0.28108149766921997
0.5912240743637085
0.3984224796295166
0.7541791200637817
0.5767713785171509
0.5538617372512817
0.36337342858314514
0.18540965020656586
0.3985160291194916
0.45530033111572266
0.425569623708725
0.515125572681427
0.557494044303894
0.7321192026138306
0.7984001636505127
0.3063235282897949
0.6323121786117554
0.49115610122680664
0.31478530168533325
0.3247109353542328
0.5744264721870422
0.6666947603225708
0.4186067581176758
0.3462446331977844
0.4086880683898926
0.3150082230567932
0.673489511013031
0.7188349366188049
0.6202232241630554
0.2875072658061981
0.7925227880477905
0.3988245129585266
0.4199027121067047
0.7680217027664185
0.3674514889717102
0.5920994877815247
0.3862166702747345
0.3148043155670166
0.7150960564613342
0.8454740643501282
0.4701703190803528
0.37601304054260254
0.3475358784198761
0.9313834309577942
0.9663985371589661
0.6489424109458923
0.3875192105770111
0.4414599537849426
0.4206342101097107
0.37045973539352417
0.9978833198547363
0.47695392370224
0.5721290707588196
0.3745935559272766
1.3628360033035278
0.33176860213279724
0.43045681715011597
0.35070911049842834
0.5249050259590149
0.14196965098381042
0.6545991897583008
0.33103498816490173
0.9456035494804382
0.3428129553794861
0.397040992975235
0.5130093097686768
1.000637412071228
1.05495285987854
0.29488691687583923
0.9033952951431274
0.8126341700553894
0.4119519591331482
0.5174139738082886
0.566228985786438
0.40612897276878357
0.8986080884933472
0.42685994505882263
0.6525059938430786
0.7487562298774719
0.6784957647323608
1.1536601781845093
0.5440076589584351
0.783673107624054
0.3853946626186371
0.6477704644203186
0.9198182821273804
0.8101932406425476
0.39812490344047546
0.7822490930557251
0.2863844037055969
0.5812100172042847
0.3383403420448303
0.5384258031845093
1.0834944248199463
0.20673438906669617
0.21652841567993164
0.6290267705917358
0.49434298276901245
1.4845654964447021
0.4616366922855377
0.4343791902065277
0.3973674178123474
0.5378933548927307
0.33413639664649963
0.5837152004241943
0.38682860136032104
0.8727054595947266
0.6048869490623474
0.2628437280654907
0.5474486351013184
0.38760146498680115
0.2554236352443695
0.2873299717903137
0.6884685754776001
0.28610721230506897
0.5685757398605347
0.3273926377296448
0.21790596842765808
0.643402099609375
1.0876808166503906
0.40664204955101013
0.5885140299797058
0.47525709867477417
0.7362924814224243
0.46892914175987244
0.7201017141342163
0.8474940061569214
0.35724905133247375
0.7253978252410889
0.652947723865509
0.7813417911529541
0.8155292272567749
0.20596733689308167
0.6867568492889404
1.2765672206878662
0.6456932425498962
0.36249494552612305
0.32741573452949524
0.542730450630188
0.5016902685165405
0.7236946821212769
0.9303285479545593
0.8968187570571899
0.5080562829971313
0.5505180358886719
1.0336655378341675
0.36278995871543884
0.646115779876709
0.7861112356185913
0.6007752418518066
0.6407706141471863
0.4725412428379059
0.35986489057540894
0.7587964534759521
0.4876224100589752
0.8030215501785278
0.28194546699523926
0.7887778878211975
0.389744371175766
0.6875701546669006
0.43848323822021484
0.825751006603241
0.44428563117980957
0.5459725260734558
0.2779691517353058
0.7357224225997925
0.4792618751525879
0.47159186005592346
0.33844193816185
0.4540237486362457
0.35475605726242065
0.3311145007610321
0.8780825734138489
0.6688777804374695
0.43849700689315796
0.5732985734939575
0.34433603286743164
0.474275678396225
0.2374471127986908
0.40417471528053284
0.5158056616783142
0.5997077226638794
0.4839732050895691
0.6301381587982178
0.4938353896141052
0.3668588697910309
0.5593932271003723
0.5971455574035645
0.3889259994029999
1.0275185108184814
0.635598361492157
