0.5606003403663635
0.320321649312973
0.42245569825172424
0.8523656725883484
0.28088605403900146
0.3232952654361725
0.21291892230510712
0.4404543340206146
0.6713414192199707
0.29982098937034607
0.5108358860015869
0.21794696152210236
0.43297719955444336
0.25984764099121094
0.3755088746547699
0.4261457324028015
0.6991032958030701
0.49844759702682495
0.8398571014404297
0.399101585149765
0.4002911150455475
0.4756182134151459
0.2042592465877533
0.8181591033935547
0.4001081585884094
0.40044912695884705
0.46171650290489197
0.4190262258052826
0.7753742337226868
0.5293112397193909
0.5941370725631714
0.535933792591095
0.5137983560562134
0.40842780470848083
0.39267629384994507
0.5722477436065674
0.6829261779785156
0.38814395666122437
0.33121639490127563
0.7592921853065491
0.5146917700767517
1.3402159214019775
0.5350953936576843
0.6245397925376892
0.5330988764762878
0.4904874861240387
0.557409405708313
1.0366570949554443
0.4039076864719391
0.3227839171886444
0.9838742017745972
0.6307929158210754
0.434997022151947
0.4250057339668274
0.45651283860206604
0.5291109085083008
0.8197371363639832
0.46844273805618286
0.7882857918739319
0.5972176194190979
0.4172907769680023
0.46644482016563416
0.16538259387016296
0.7923893928527832
0.43165460228919983
0.46835756301879883
0.5016239285469055
0.5985510349273682
0.4146062433719635
0.7748027443885803
0.4082455039024353
0.4581858515739441
0.5843271017074585
0.2631925940513611
0.2694861590862274
0.6721338033676147
0.5503541231155396
0.5275819897651672
0.8313297033309937
0.3877459168434143
0.5308900475502014
0.48469990491867065
0.2059340924024582
0.7027660608291626
0.7666030526161194
0.5737994909286499
0.7297201156616211
0.2666459381580353
0.4529421925544739
0.53717041015625
0.7091488838195801
0.4472268223762512
0.5333769917488098
0.8756132125854492
0.40900754928588867
0.6147360801696777
0.6434424519538879
1.166452407836914
0.30903130769729614
0.1945662796497345
0.8683843612670898
0.5382928252220154
0.5203670859336853
0.5250474810600281
0.5538663864135742
0.721366822719574
0.699097752571106
0.8559206128120422
0.5372132658958435
0.47218838334083557
0.4838785231113434
0.6244392395019531
0.3237537443637848
0.2475031316280365
0.2761237323284149
0.41823309659957886
0.3310237526893616
0.33235377073287964
0.22888526320457458
0.4569855332374573
0.7601547241210938
0.357713520526886
0.9459630846977234
0.5510331392288208
0.6027626395225525
0.5597187876701355
1.215765357017517
0.5379817485809326
0.3340536952018738
0.5538004636764526
0.26959967613220215
0.39035606384277344
0.555367112159729
0.818335235118866
0.6041686534881592
0.37692004442214966
0.4099051356315613
0.5906945466995239
0.875247597694397
0.49604886770248413
0.5612730979919434
0.6382269859313965
0.529436469078064
1.0254005193710327
0.9100755453109741
0.27761322259902954
0.4795265197753906
0.2762588858604431
0.37755316495895386
0.6733654141426086
0.6997464895248413
0.4205237030982971
0.6172525882720947
0.6272757649421692
0.9201755523681641
0.43681469559669495
0.3423544764518738
0.7848673462867737
0.2980929911136627
0.5024479031562805
0.46270236372947693
1.2447516918182373
0.2537911534309387
0.4982396066188812
0.919672966003418
0.22550511360168457
0.5639978647232056
0.31855201721191406
0.5615893006324768
0.43856796622276306
1.1557161808013916
0.3536866009235382
0.5578117370605469
0.5596754550933838
0.49822884798049927
0.6841040253639221
0.2206159085035324
0.24015116691589355
0.22001442313194275
0.27080869674682617
0.545630156993866
0.5300899147987366
0.3499990999698639
0.4600638747215271
0.668964147567749
0.46567806601524353
0.4607519209384918
0.7762046456336975
0.8657724261283875
0.6547476649284363
0.3027969002723694
0.4343295991420746
0.3632071912288666
0.5495474934577942
0.46973180770874023
0.3588142395019531
0.6553974151611328
0.356400728225708
0.460040420293808
0.9648581743240356
0.47126078605651855
0.56480872631073
0.4377574920654297
0.3260428011417389
0.5362642407417297
0.23707595467567444
0.6472140550613403
0.46064502000808716
0.17553427815437317
0.42692622542381287
1.21420156955719
0.5991671681404114
0.27470487356185913
0.43993696570396423
0.6014735102653503
0.30017709732055664
0.631531834602356
0.2802848815917969
0.6562433242797852
0.4558919072151184
0.8732399940490723
0.43775883316993713
0.506336510181427
0.5978683233261108
0.531366229057312
0.8076562881469727
0.7912847995758057
1.001903772354126
0.5158151388168335
1.1084798574447632
0.6499290466308594
0.605754017829895
1.0983768701553345
0.3597489297389984
0.8012983202934265
0.6391304731369019
0.8212311863899231
0.8481985926628113
0.6376045942306519
1.1472952365875244
0.6357642412185669
0.8952166438102722
0.386264830827713
0.6995062232017517
0.6005755662918091
0.3533506393432617
0.6946917772293091
0.3193722069263458
0.47679299116134644
0.2624932527542114
0.2557647228240967
0.4993576109409332
0.46211108565330505
0.9010112881660461
0.4985223710536957
0.5209859609603882
0.5608117580413818
0.29115402698516846
0.2958736717700958
0.4166404604911804
0.8731657266616821
0.5997163653373718
0.8224385380744934
0.3624027669429779
0.40952855348587036
0.9116264581680298
0.4728776812553406
0.49858251214027405
0.24542589485645294
0.42533430457115173
0.6760743260383606
0.4336082339286804
0.45979276299476624
0.8242219090461731
0.5853625535964966
0.7557438015937805
0.2688010036945343
0.727047860622406
0.6739619374275208
0.3967977464199066
0.33774760365486145
0.525702714920044
0.98139888048172
0.5774788856506348
0.39368411898612976
0.6367788314819336
0.3590697646141052
0.2735994756221771
0.3656843304634094
0.7145851850509644
0.5296916365623474
0.4746246337890625
0.3446482717990875
0.4287228584289551
0.5326091051101685
0.917654812335968
0.20541982352733612
0.2884887158870697
0.770898699760437
0.5892526507377625
0.7739390134811401
0.4466552138328552
0.21728046238422394
0.8464866876602173
0.2203313410282135
0.7227593660354614
0.5672598481178284
0.6889816522598267
0.6768133044242859
0.45889729261398315
0.4794023633003235
0.8469024896621704
0.6022269129753113
0.2592131495475769
0.5697553157806396
0.4846431612968445
0.4151124954223633
0.38414132595062256
0.6122344136238098
0.8480245471000671
0.28623247146606445
0.4832380414009094
0.2808201313018799
0.6031322479248047
0.2716263234615326
0.45146217942237854
0.37591031193733215
0.6703318953514099
0.7758688926696777
0.36557888984680176
0.437921941280365
0.5963634252548218
0.45040184259414673
0.23616042733192444
0.32390326261520386
0.40871843695640564
0.6069931387901306
0.6548483371734619
