0.46148091554641724
0.6760526895523071
0.46733951568603516
1.1457328796386719
1.3348264694213867
0.7074199318885803
0.709080696105957
0.747749388217926
0.7128030061721802
0.5035794377326965
0.8169344067573547
0.7987608313560486
1.0043405294418335
0.6128033995628357
0.8532945513725281
1.0260854959487915
0.7487213015556335
0.7868131399154663
0.713140606880188
0.7067423462867737
1.0527760982513428
0.4434188902378082
0.6538519859313965
0.9196447134017944
0.6249813437461853
0.5082693099975586
0.66513991355896
0.707656979560852
0.6171221733093262
0.8362373113632202
0.9896783828735352
0.906777024269104
0.514777421951294
0.7443365454673767
0.5019115209579468
0.8524467349052429
0.6713231801986694
1.2479536533355713
0.9444358944892883
0.5058147311210632
0.6336909532546997
0.5857833027839661
0.7510432004928589
0.7975679039955139
0.7475541830062866
0.562788724899292
0.5860199332237244
0.4262978136539459
0.6864086985588074
0.7540373206138611
0.31519538164138794
1.0959434509277344
0.6881350874900818
0.3953251838684082
1.331528663635254
0.747199535369873
0.8950181007385254
0.9244097471237183
0.6603859663009644
0.5623354911804199
0.6378857493400574
0.5159177780151367
0.7406695485115051
1.1552430391311646
0.43832436203956604
1.0261576175689697
0.7709137797355652
0.5997297167778015
0.8216266632080078
0.7831149697303772
1.011323094367981
1.067797064781189
0.6287065744400024
0.8740024566650391
0.5987166166305542
0.5562935471534729
0.6768231987953186
0.7417758703231812
0.4291229248046875
1.2638019323349
0.8696092367172241
1.0971461534500122
0.339771032333374
0.49090415239334106
1.0734144449234009
0.6793692708015442
1.0298014879226685
0.5031142234802246
1.0023444890975952
0.535699725151062
1.0123844146728516
0.6092709302902222
1.1863157749176025
0.7452083230018616
1.0173027515411377
0.6952245831489563
1.1484413146972656
0.7076982855796814
1.0392844676971436
0.9271238446235657
0.6214100122451782
0.5551636219024658
1.0972917079925537
0.5314561128616333
0.8853046298027039
0.784421980381012
0.5375865697860718
1.227144479751587
0.6548989415168762
1.1343002319335938
0.7968491315841675
0.4496237635612488
0.6041383743286133
0.9272745847702026
1.1201746463775635
0.6691311597824097
0.5978352427482605
0.6585438251495361
0.469998300075531
0.7871458530426025
0.9551593065261841
1.0256450176239014
0.668302595615387
0.7034146785736084
0.7221968173980713
0.7883046865463257
0.45298585295677185
0.8541156649589539
0.6427220702171326
0.854056715965271
1.028058648109436
0.6292807459831238
0.5834320187568665
0.8080593943595886
0.8825817108154297
0.5331743359565735
0.526096761226654
0.43788498640060425
0.49073177576065063
0.7814542055130005
0.8957282304763794
0.7582740783691406
0.4727354645729065
1.0599002838134766
0.917428195476532
0.5881623029708862
0.530769944190979
0.5073562860488892
0.5899284482002258
1.1351299285888672
0.7283177971839905
0.5460889339447021
0.6918147802352905
0.5762084126472473
0.7193747758865356
1.1522248983383179
1.236912727355957
0.8181338310241699
0.761501669883728
0.6245368719100952
0.7735229134559631
0.9087852239608765
0.8409461975097656
0.4356616139411926
0.5319840312004089
0.6123720407485962
1.0000545978546143
0.5432733297348022
0.8614150285720825
0.6732895374298096
0.9241987466812134
0.9237033724784851
0.5100943446159363
0.6427968740463257
0.3974975049495697
0.49673992395401
0.7600886225700378
0.4224395155906677
0.5339034795761108
0.4977360665798187
0.5684107542037964
1.205315351486206
0.7891364693641663
0.676897406578064
1.1217219829559326
0.6520118117332458
0.6852508783340454
1.5664560794830322
0.5401641130447388
1.2660014629364014
0.5162253379821777
0.4071430265903473
1.0011358261108398
1.0869852304458618
0.8454169034957886
1.096510648727417
0.6989763975143433
1.0140655040740967
0.6741176843643188
0.816017746925354
0.6059994697570801
0.5480191111564636
0.5169551968574524
1.4319907426834106
0.8834651708602905
0.6921085715293884
0.6276978254318237
0.9622190594673157
0.919141948223114
0.892468273639679
0.7079941630363464
0.652211606502533
1.0508806705474854
1.0123142004013062
0.47330912947654724
0.9847453832626343
0.7353771924972534
0.7305749654769897
0.6739457249641418
0.8273208737373352
0.8022235631942749
1.0883443355560303
0.4828757345676422
0.5194244384765625
0.8590341806411743
0.7155906558036804
0.7832823991775513
0.7870422005653381
0.6645052433013916
0.8412753939628601
0.6995226144790649
0.8145647048950195
1.133207082748413
0.9365772008895874
1.0965300798416138
0.47418826818466187
0.7543986439704895
0.7843012809753418
0.672302782535553
0.7348721027374268
0.6980692744255066
0.6360174417495728
1.0341547727584839
0.7254193425178528
0.5451914668083191
0.5586291551589966
1.1323786973953247
0.6522749662399292
1.042762041091919
0.6523082852363586
0.7759287357330322
0.8655939102172852
0.43307510018348694
0.6689624786376953
0.6826514005661011
0.7387937903404236
0.6239065527915955
0.9081956744194031
0.7650375366210938
0.5364695191383362
0.4769093990325928
0.5441575050354004
0.7067931890487671
0.7573655247688293
0.9596360921859741
0.9762736558914185
0.6372241973876953
0.6737965941429138
0.6748534440994263
0.783974826335907
0.8405638933181763
0.4585648477077484
0.9930006861686707
0.6838513612747192
0.6623202562332153
0.7311128377914429
0.7980343103408813
0.5502739548683167
0.6203425526618958
0.7787001729011536
0.5972137451171875
0.5855151414871216
0.5696631669998169
0.5525213479995728
0.8461726307868958
0.371184766292572
0.9984520673751831
0.6989646553993225
0.7056410908699036
0.31494513154029846
0.847272515296936
0.928828239440918
0.9258773922920227
0.7425965070724487
0.8205171823501587
0.3804611563682556
0.42159444093704224
0.5360323786735535
0.8624571561813354
0.521291196346283
1.0449678897857666
0.6166917085647583
0.4302312731742859
0.41066551208496094
1.1145135164260864
1.0078556537628174
0.830815315246582
0.8921643495559692
1.272637128829956
1.0566604137420654
0.45570307970046997
0.6649859547615051
0.9315944910049438
0.6930920481681824
0.967563807964325
0.5286374092102051
0.8296562433242798
0.6431573629379272
0.8256065249443054
0.563430905342102
0.8539921045303345
0.5814898014068604
0.6617504358291626
0.7560123205184937
0.6634414196014404
0.7832933068275452
0.7683200836181641
0.7023254632949829
0.7926704287528992
0.551964282989502
0.8870539665222168
0.48614493012428284
0.5592014193534851
0.7669707536697388
0.7271603941917419
0.9510288238525391
0.4820919930934906
0.40493491291999817
