0.4920405447483063
0.45251768827438354
0.33615541458129883
0.39319100975990295
0.8612964749336243
0.4412328600883484
0.3400316834449768
0.5307194590568542
0.3730181157588959
0.4907359480857849
0.590757429599762
0.8166912198066711
0.3677985370159149
0.6433126330375671
0.5948541760444641
0.26545292139053345
0.6396216154098511
1.1591001749038696
0.5456868410110474
0.34866830706596375
0.5298612713813782
0.4480860233306885
0.2887607514858246
0.4650573134422302
0.9757526516914368
0.39444413781166077
0.37481236457824707
0.5403164029121399
0.7239829301834106
0.3979634642601013
0.4937624931335449
0.7151128649711609
0.711632251739502
0.20365414023399353
0.7633183598518372
0.8411676287651062
1.1595866680145264
0.5542711019515991
1.1720149517059326
0.4515693783760071
0.9609610438346863
0.8958266377449036
0.40145501494407654
0.5605039000511169
0.44104212522506714
0.5300967693328857
0.3743439018726349
0.7255957722663879
0.7470594048500061
0.5751626491546631
0.5291570425033569
0.3542802035808563
0.4846242070198059
0.21154960989952087
0.4597168564796448
0.7910614013671875
0.5286188721656799
0.35838815569877625
0.35839003324508667
0.3217800259590149
0.647028923034668
0.9999575614929199
0.33916211128234863
0.5778912305831909
0.90742427110672
0.3724607825279236
1.0354139804840088
0.5606464147567749
0.5753306150436401
1.2357513904571533
0.39910992980003357
0.39333540201187134
0.8316097259521484
0.4486159384250641
0.5432847738265991
0.2876749336719513
0.6053222417831421
0.4513567090034485
0.3854754567146301
0.38321858644485474
0.6373176574707031
0.7485215663909912
0.7459895014762878
0.29417458176612854
0.5073908567428589
0.7158764004707336
0.6095895767211914
0.7081465721130371
0.7423548698425293
1.2233545780181885
0.7004890441894531
0.40422114729881287
0.36327046155929565
0.6687124967575073
1.2336351871490479
1.0469566583633423
0.23301668465137482
0.23539647459983826
0.43076372146606445
0.5420218110084534
0.2437576800584793
0.9016569256782532
0.42129793763160706
0.5341871976852417
0.1758061647415161
0.31573206186294556
0.3062603771686554
0.5354945659637451
0.5776910185813904
0.4057336449623108
0.39144617319107056
0.27493953704833984
0.25647076964378357
0.5327853560447693
0.7017395496368408
0.3918948173522949
0.30624547600746155
0.23911115527153015
0.5282610654830933
0.15755733847618103
0.4312627911567688
0.21211591362953186
0.9696806073188782
0.4196811318397522
0.7514907717704773
0.5014217495918274
0.3684229552745819
0.4866066873073578
0.2785583436489105
0.9186742901802063
0.5463688969612122
0.5321093201637268
0.23077905178070068
0.3026319444179535
0.6647971868515015
0.6538687944412231
0.2419854700565338
0.43321824073791504
0.2875009775161743
0.7642133235931396
0.4793984293937683
0.43823403120040894
0.7025678753852844
0.27746501564979553
0.7649614214897156
0.22681041061878204
1.0282036066055298
0.8080562353134155
0.26643362641334534
0.6655036211013794
0.5252856016159058
0.5854589939117432
0.6398898363113403
0.6674202680587769
0.29183825850486755
0.3719204068183899
0.5095618367195129
0.3167033791542053
1.0873314142227173
0.722010612487793
0.5740814208984375
0.5368664264678955
0.58366459608078
0.7991556525230408
0.3169679045677185
0.37785473465919495
0.5035308003425598
0.7422727346420288
0.9289203882217407
0.3852357864379883
1.0858265161514282
0.3249451518058777
0.5713186860084534
0.5825464129447937
1.0636762380599976
0.9076544046401978
0.410454660654068
0.2536993622779846
0.5463169813156128
0.5769484639167786
0.46487855911254883
0.4502987265586853
0.4563826024532318
0.6018873453140259
0.6879908442497253
0.6180752515792847
0.3089759349822998
0.4269017279148102
0.4951939582824707
1.3918092250823975
0.4163377285003662
0.39796409010887146
0.27672278881073
0.6807395815849304
0.5865682363510132
0.5033996105194092
0.851546585559845
0.5901249647140503
0.5535883903503418
0.22217226028442383
0.5199760794639587
0.37789127230644226
0.8262154459953308
0.34312430024147034
0.4134295582771301
0.63875812292099
0.9284836649894714
0.9077482223510742
0.5003381967544556
0.17737595736980438
0.3797398507595062
1.0189754962921143
0.35896188020706177
0.5919168591499329
0.7439796328544617
0.5320478677749634
0.5036689043045044
0.5381362438201904
0.33449846506118774
0.5374909043312073
0.4900851249694824
0.47772446274757385
0.8719033002853394
0.2598542273044586
0.3707224726676941
0.7817357182502747
0.35390704870224
0.5224272012710571
0.4795152544975281
0.569920539855957
0.5988761186599731
0.6534062623977661
0.2852148413658142
0.8989471197128296
0.4819266200065613
0.6678465604782104
0.6887370944023132
0.5229900479316711
0.4122905135154724
0.6736219525337219
0.3088096082210541
0.34145042300224304
0.32190874218940735
0.5644640326499939
0.211491197347641
0.4016868472099304
0.2906568646430969
0.5149965882301331
0.30706632137298584
0.33585023880004883
1.1035997867584229
0.495626837015152
0.5537253618240356
0.6011598706245422
0.3874339461326599
0.5263946652412415
0.4528317451477051
0.5261050462722778
0.32809704542160034
0.2430640459060669
0.2830514907836914
0.4297911524772644
0.2896326184272766
0.7246848344802856
0.5252143144607544
0.5750833749771118
0.4808509945869446
1.1242574453353882
0.8814749717712402
0.2802487909793854
0.8555818796157837
0.4988487660884857
0.697837769985199
0.6088616251945496
0.44529762864112854
1.5385324954986572
0.6845982670783997
0.4341103434562683
0.44521960616111755
0.398743212223053
0.8092256784439087
0.18800672888755798
0.5072377920150757
0.536873459815979
0.6373273134231567
0.734650731086731
0.6811956167221069
0.420571506023407
0.6699309349060059
0.34514373540878296
1.0680540800094604
0.46847134828567505
0.3652103543281555
0.681712806224823
0.2984899878501892
0.8800436854362488
1.0100386142730713
0.21753248572349548
0.46562546491622925
0.6584503054618835
0.5837920904159546
0.4694962501525879
0.9848800897598267
0.5529714822769165
0.7662038803100586
0.5211191177368164
0.8159335255622864
0.8187310099601746
0.8476112484931946
0.30526643991470337
0.6597877740859985
0.4904640316963196
1.0804290771484375
0.5695433616638184
0.5163458585739136
0.8168658018112183
0.8791682124137878
0.45041316747665405
0.45140305161476135
0.7110064625740051
0.637556791305542
0.3573691248893738
0.9157768487930298
0.5834171772003174
0.8179421424865723
0.3026440143585205
0.5170186161994934
0.22878655791282654
1.3983409404754639
0.6989148855209351
0.5912230014801025
0.6303697228431702
0.7096155881881714
0.18531440198421478
0.5263766050338745
0.6498481035232544
0.4822041988372803
0.4834679365158081
