0.3363267481327057
0.4796174168586731
0.8164540529251099
0.20036497712135315
0.40882691740989685
0.702694296836853
0.4801402986049652
0.6400592923164368
0.4404616355895996
0.4344905912876129
0.6619781255722046
0.557683527469635
0.3782890737056732
0.45126843452453613
0.49670976400375366
0.5319275259971619
0.5000163912773132
0.2704121470451355
0.5977154970169067
0.7090042233467102
0.6417765021324158
0.5828335881233215
0.4251629710197449
0.2980710566043854
0.5553020238876343
0.30382925271987915
0.5896577835083008
0.9000701904296875
0.7737842798233032
0.2491803616285324
0.0939493253827095
0.5086525678634644
0.6008447408676147
0.49180173873901367
0.4562776982784271
0.2773802876472473
0.2880910634994507
0.48030441999435425
0.5689789056777954
0.3383502960205078
0.5489217638969421
1.244824767112732
0.4659583568572998
0.39247116446495056
0.6719977855682373
0.5721254348754883
0.4673183560371399
0.43555957078933716
0.8855057954788208
0.5342249870300293
0.3126010000705719
0.4741746485233307
0.46993255615234375
0.4325883984565735
0.9662690162658691
0.6500250101089478
0.49190106987953186
0.499772846698761
0.45067548751831055
0.5250612497329712
0.1712508201599121
0.8359244465827942
0.625477135181427
0.3448568880558014
0.5629274249076843
0.7971714735031128
0.5787774920463562
0.5325225591659546
0.6838875412940979
0.46271467208862305
0.8038308024406433
0.5169304609298706
0.8623849749565125
0.5054129958152771
0.443276584148407
0.5121580362319946
0.387064129114151
0.7251036763191223
0.7996482849121094
0.533676266670227
0.6991170048713684
0.31008896231651306
0.485879123210907
0.35823729634284973
0.6034236550331116
0.3544067144393921
0.7555519938468933
0.5227984189987183
0.4035419523715973
1.027847170829773
0.9357526898384094
0.5954207181930542
0.41909512877464294
0.5240627527236938
0.2335483580827713
0.49390164017677307
1.0431021451950073
0.8138716816902161
0.479764848947525
0.7275953888893127
0.35240447521209717
0.8605033159255981
0.773864209651947
0.31384891271591187
0.37955817580223083
0.4340828061103821
0.5151787996292114
0.7558767795562744
0.628423810005188
0.5822460055351257
0.397032231092453
0.827442467212677
0.6248177289962769
0.30349940061569214
1.4487316608428955
0.4122233986854553
0.6455691456794739
0.43419304490089417
0.39762330055236816
0.6445838212966919
0.580923318862915
0.4840901494026184
0.4769262671470642
0.8078036308288574
1.4632349014282227
0.5093734860420227
1.2509312629699707
0.4527449607849121
0.5942217111587524
0.40700262784957886
0.3070644736289978
0.4376696050167084
0.5016351342201233
0.5917233824729919
0.5755939483642578
0.4340805411338806
0.5564738512039185
0.4170413017272949
0.8558867573738098
1.0678458213806152
0.22995226085186005
1.2888158559799194
0.5720458626747131
0.3742092251777649
0.6244064569473267
0.9412743449211121
0.6857068538665771
0.6060808897018433
0.5575518608093262
0.2149045765399933
0.659080445766449
0.3531135022640228
0.3559230864048004
0.5179979801177979
1.1169512271881104
0.6027883291244507
0.5605046153068542
0.5208929181098938
0.6791338920593262
0.7397419214248657
0.4170854687690735
0.28965845704078674
0.4572699964046478
0.262891560792923
1.3921871185302734
0.38011887669563293
0.462301641702652
0.7635890245437622
0.522953450679779
0.6126136183738708
0.20224925875663757
0.35745763778686523
0.42073553800582886
0.5338011980056763
0.21909072995185852
0.4219602644443512
0.5809177756309509
0.4395020008087158
0.41639548540115356
0.5670743584632874
0.33868473768234253
0.8427872657775879
0.5399495363235474
0.43754059076309204
0.6344934701919556
0.6111043095588684
0.733277440071106
0.5472189784049988
0.5006494522094727
0.5183995962142944
0.5057239532470703
0.6934031248092651
0.5393952131271362
0.82275390625
0.6002805233001709
0.35268670320510864
0.3277318477630615
0.5184282064437866
0.387694776058197
0.4607326090335846
0.7976523637771606
0.4721064567565918
0.29267430305480957
0.30456215143203735
0.33090725541114807
0.48102840781211853
0.4844492971897125
0.5188274383544922
0.4899670481681824
0.35271984338760376
0.8245482444763184
0.5650518536567688
0.44085612893104553
0.6053584814071655
0.7990731000900269
0.4187057912349701
0.4276985228061676
0.5535171031951904
0.4060212969779968
0.4814140796661377
0.5361151695251465
0.5868046283721924
0.20719453692436218
0.6267179846763611
0.8771251440048218
0.9420982599258423
0.4084033966064453
0.4330498278141022
0.6381450891494751
0.32470619678497314
0.367026150226593
0.4516180157661438
0.6644002199172974
0.3650396466255188
0.48681846261024475
0.4280746579170227
0.694908857345581
0.375326931476593
0.3211337924003601
0.4913366436958313
0.5210349559783936
0.4349901080131531
0.8334909677505493
0.4551668167114258
0.8214403986930847
0.6240834593772888
0.4975384771823883
0.6783825159072876
0.45596522092819214
0.25258636474609375
0.6296529769897461
0.5147128701210022
0.8742439150810242
0.589911699295044
0.3180183470249176
0.3247470259666443
0.41707438230514526
0.8054110407829285
0.5121010541915894
0.3866649270057678
0.2476094514131546
0.4666353166103363
0.28029075264930725
0.6093792915344238
0.3646889626979828
0.5039144158363342
0.9449679255485535
0.4688261151313782
0.5223050117492676
0.4247506260871887
0.6239603161811829
0.9241223335266113
1.2312922477722168
0.5703646540641785
0.7346111536026001
0.64601069688797
0.7928402423858643
0.40296903252601624
0.3025418817996979
0.6348387598991394
0.701509416103363
0.4211685061454773
0.5027581453323364
0.43738269805908203
0.5043991804122925
0.4259008765220642
0.3909018635749817
0.4003978669643402
0.4365531802177429
0.33564454317092896
0.519633412361145
0.40066879987716675
0.37961849570274353
0.41125115752220154
0.8046994209289551
0.4967561364173889
0.42873698472976685
0.44385647773742676
0.45685893297195435
0.4681418538093567
0.7012966871261597
0.8145650625228882
0.21126532554626465
0.42433786392211914
0.5325518846511841
0.5785643458366394
1.0710506439208984
0.4399137496948242
0.44387978315353394
0.4529954493045807
0.5255059003829956
0.4807054102420807
0.5858135223388672
0.4069069027900696
0.5984699726104736
0.45915159583091736
0.844708263874054
0.3954135775566101
0.711076557636261
0.4505508542060852
0.5711588859558105
0.25910112261772156
0.4893820881843567
0.9169122576713562
0.3793007731437683
1.1130704879760742
0.7496362328529358
0.36791157722473145
0.23513352870941162
0.5478008389472961
0.5314464569091797
0.4293852746486664
0.3834611773490906
0.6024499535560608
0.37305617332458496
0.7079664468765259
0.5593318939208984
0.49653443694114685
