0.5859288573265076
0.8051850199699402
0.7159852385520935
0.42907124757766724
0.8124998211860657
0.5509518980979919
0.8333650827407837
0.7866646647453308
0.5314873456954956
0.7580472230911255
0.35956811904907227
0.8086817860603333
1.0380094051361084
0.7178936004638672
0.5990446209907532
0.5827865600585938
0.5597957372665405
0.30188965797424316
0.4401460587978363
0.5738614201545715
0.9767675399780273
0.4681819975376129
0.22368578612804413
0.77456134557724
0.3136128783226013
0.4068542420864105
0.30974453687667847
0.38897961378097534
0.32960477471351624
0.5156064629554749
0.3934629559516907
0.5518509745597839
0.4844018816947937
0.5338363647460938
0.2768283784389496
0.5868592858314514
0.5321097373962402
0.6434294581413269
1.0578572750091553
0.4236932396888733
0.6691354513168335
0.3338295519351959
0.6676545739173889
0.26287004351615906
0.42011746764183044
0.8651241064071655
0.42579102516174316
1.2405648231506348
0.6109169721603394
0.5495086908340454
0.33516258001327515
0.5516802668571472
0.14795909821987152
0.8692636489868164
0.29116496443748474
0.2148100882768631
0.3035818934440613
0.29733458161354065
0.4981324076652527
1.096624732017517
0.6703883409500122
0.21747231483459473
0.54572594165802
0.7642892599105835
0.554604172706604
0.48129668831825256
0.26563215255737305
0.7276018857955933
0.4374198913574219
0.2587062418460846
0.44746536016464233
0.5658345222473145
0.3647370934486389
0.47345390915870667
0.45517998933792114
0.28476396203041077
0.514426052570343
1.0793216228485107
0.38774460554122925
0.34236887097358704
0.3972063958644867
0.2546345591545105
0.62567138671875
0.9256470799446106
0.8835901021957397
0.8270201683044434
0.12780508399009705
0.3262065052986145
0.5591772198677063
0.5744016766548157
0.770171046257019
0.5450131297111511
0.4185396134853363
0.7579420804977417
0.5123570561408997
0.9851716756820679
0.2851017117500305
0.5970962643623352
0.34765586256980896
0.3965069055557251
0.7546395063400269
0.10882649570703506
0.3139655292034149
0.3416486382484436
0.8818209767341614
0.7149935960769653
1.6385425329208374
0.4023059010505676
0.44012823700904846
0.6131606698036194
0.5247080326080322
0.6156526803970337
0.7042434215545654
0.6951619386672974
0.29166799783706665
0.6657892465591431
0.46286430954933167
0.5644384026527405
0.8213407397270203
0.3276097774505615
0.5468682646751404
0.6638866662979126
0.5870956182479858
0.2629242539405823
0.40945491194725037
0.5820936560630798
1.0343034267425537
0.6785176992416382
1.0628576278686523
0.6859604120254517
0.5446857213973999
0.4990796446800232
0.6637569069862366
0.5307820439338684
0.6868265867233276
0.7113491892814636
0.8070510029792786
0.5342725515365601
0.3859112858772278
0.3887905180454254
0.2490541934967041
0.313556045293808
0.5253769159317017
0.5862345695495605
0.12281586974859238
0.419354110956192
0.44744348526000977
0.7086234092712402
0.5246315598487854
0.6296724677085876
0.5312498807907104
0.777874767780304
0.6516051888465881
0.2119794636964798
0.7924931049346924
0.7639983296394348
0.3677888810634613
0.4318428933620453
0.3057009279727936
0.7304478883743286
0.15129508078098297
0.41839665174484253
0.4045054316520691
0.3422558009624481
0.5365890264511108
0.3061828017234802
0.3577010929584503
0.32671117782592773
0.4464164674282074
0.383894681930542
0.8777483701705933
0.8572105169296265
0.21156258881092072
0.22242435812950134
0.5917624831199646
0.370120108127594
0.8327150344848633
1.0945022106170654
0.7244805097579956
0.6148802638053894
0.3400209844112396
0.5601500868797302
0.4879811704158783
0.39743444323539734
0.557236909866333
0.7089133262634277
0.33056479692459106
0.6607166528701782
0.4904881417751312
0.4588121473789215
0.5048381090164185
0.4175373613834381
0.3611052632331848
0.23030686378479004
0.27657976746559143
0.594831645488739
0.7478436827659607
0.23927488923072815
0.5492870807647705
0.4648837447166443
0.3825931251049042
0.5888491868972778
0.4641340374946594
0.5931158661842346
0.3947286307811737
0.6683610677719116
0.7717049717903137
0.48620548844337463
0.4494089186191559
0.1552935242652893
0.9225057363510132
0.23657889664173126
0.7603926658630371
0.7607114315032959
0.44143447279930115
0.39132794737815857
0.3327861428260803
0.5197153091430664
0.28593915700912476
0.4055427610874176
0.5269982814788818
0.4641956686973572
0.559477686882019
0.870955765247345
0.9326857328414917
0.3504667282104492
0.2437841147184372
0.7363724112510681
0.46646982431411743
0.886867344379425
0.38841360807418823
0.3477171063423157
0.36689653992652893
0.46856021881103516
0.3678077459335327
0.49938100576400757
0.41344618797302246
0.39579978585243225
0.4091806411743164
0.25687485933303833
0.5384411811828613
0.44121962785720825
0.18681612610816956
0.36323434114456177
0.4620046615600586
0.5990570187568665
0.8857110738754272
0.45272499322891235
0.48470553755760193
0.3216297924518585
0.260343462228775
0.6137903928756714
0.3332828879356384
0.3460693955421448
0.24597755074501038
0.781035304069519
0.3271993100643158
0.4978911280632019
0.621982991695404
0.23941895365715027
0.6745890378952026
0.4685596823692322
0.37920063734054565
0.21578887104988098
0.32457035779953003
0.6345632076263428
0.5378903150558472
0.536932647228241
0.3890691101551056
0.6913844347000122
0.8696829080581665
0.22745652496814728
0.6234452128410339
0.35409015417099
0.7215152978897095
0.5529977083206177
0.3433932662010193
0.3521321415901184
0.18925070762634277
0.3744186460971832
0.48816242814064026
0.4044186472892761
1.0864026546478271
0.14952817559242249
0.38521629571914673
0.3829846680164337
0.24626708030700684
0.45187312364578247
0.397142231464386
0.26749202609062195
0.729548454284668
1.0535173416137695
1.0043771266937256
0.22679169476032257
0.3713747560977936
0.4072257876396179
0.5731844902038574
1.1410471200942993
0.4157071113586426
0.2805367410182953
0.6975639462471008
0.6381092071533203
0.7755451798439026
0.6322969794273376
0.26920434832572937
0.28190597891807556
0.5626174807548523
0.6182283163070679
0.524325430393219
0.4112650454044342
0.5371391177177429
0.5316933393478394
0.7790610790252686
1.0055149793624878
0.4695146679878235
0.4655323624610901
0.8631976246833801
0.7216464877128601
0.596117377281189
0.43960800766944885
1.4340728521347046
0.4235510230064392
0.8884220123291016
0.6922471523284912
0.495170533657074
0.2960260510444641
0.4695685803890228
0.5807138681411743
0.8258523941040039
0.29139798879623413
0.5608809590339661
0.7753729224205017
0.445826917886734
0.8004409074783325
0.533718466758728
0.2745017409324646
0.5625334978103638
0.6570420861244202
