0.5747753381729126
0.45640501379966736
0.2407621443271637
0.3406369686126709
0.32645300030708313
0.4230539798736572
0.5253914594650269
0.6738836169242859
0.4949125647544861
0.42138972878456116
0.263511598110199
0.45247822999954224
0.35281211137771606
0.30273574590682983
0.4776248037815094
0.6284856796264648
0.698960542678833
0.505070686340332
0.4862378239631653
1.1814099550247192
0.22651195526123047
0.47824883460998535
0.3725600838661194
0.43548402190208435
0.5067082643508911
0.21397662162780762
0.7692866325378418
0.28585126996040344
0.4981827735900879
0.5765134692192078
0.18685375154018402
0.555858850479126
0.6542744040489197
0.2447059601545334
0.5959120988845825
0.9179388284683228
0.8311697244644165
0.1692378968000412
0.5468963384628296
0.3650133013725281
0.5618656873703003
1.091749906539917
0.3728886544704437
0.8697890043258667
0.45927637815475464
1.0953863859176636
0.5183159112930298
0.46934300661087036
0.4698176383972168
0.3981976807117462
0.5029026865959167
0.49317723512649536
0.5683708190917969
0.9153587222099304
0.5936331748962402
0.5829267501831055
0.3303684592247009
0.4006538391113281
0.37158218026161194
0.4340365529060364
0.8060717582702637
0.8647006154060364
0.38387808203697205
0.37922245264053345
0.9080179333686829
0.3015051782131195
0.37128520011901855
0.6172207593917847
0.8258876800537109
0.1873706430196762
0.7791841626167297
0.530724048614502
0.4848612844944
0.3920218348503113
1.21957266330719
0.3718460500240326
0.48485082387924194
0.6724483966827393
0.7179774641990662
0.38325729966163635
1.065601110458374
1.0885663032531738
0.4423135817050934
1.2024848461151123
0.4651644229888916
0.4314189851284027
0.6082581281661987
0.3320278525352478
0.39744311571121216
0.5486130714416504
0.7717533111572266
0.9811436533927917
0.41804346442222595
0.17081595957279205
0.750052273273468
0.4827919900417328
0.5987421870231628
0.3172970116138458
0.5107746124267578
0.6298936605453491
0.4171821177005768
0.7424044609069824
0.4238521456718445
0.42485207319259644
0.46203547716140747
0.5885068774223328
0.44411006569862366
0.8031668663024902
0.7253335118293762
0.12527523934841156
0.40393686294555664
0.5191826820373535
0.2710118889808655
0.8129339218139648
0.6755387783050537
0.785974383354187
0.7147129774093628
0.5629968643188477
0.4428192973136902
0.39026743173599243
0.4252707362174988
0.4495490491390228
0.4450981020927429
0.5009127855300903
0.5758492350578308
0.7008465528488159
0.47497454285621643
0.6063438653945923
0.48941564559936523
0.8750750422477722
0.3968592584133148
0.41588449478149414
0.42604178190231323
0.8229778409004211
0.4298451542854309
0.5833820104598999
0.3102893829345703
0.29884788393974304
1.1028759479522705
0.5994625091552734
0.3053395450115204
0.6482301354408264
0.4636818468570709
0.35927507281303406
0.9752829670906067
0.8212792277336121
0.5213971138000488
0.3216449022293091
0.8247528076171875
0.4455711245536804
0.7486680150032043
0.28527146577835083
0.32593122124671936
0.3820033669471741
0.37714317440986633
1.2157015800476074
0.5191117525100708
0.6476184129714966
0.45006340742111206
0.6802435517311096
0.977800726890564
0.3774460256099701
0.3885762691497803
0.5568560361862183
0.35832759737968445
0.22575250267982483
0.4456395208835602
0.6122959852218628
0.4844006896018982
0.4699806272983551
0.32183927297592163
0.24509131908416748
1.0895124673843384
0.40185585618019104
0.840438961982727
0.17940585315227509
0.8869794011116028
0.8160524368286133
0.7567377686500549
0.22499839961528778
0.41064706444740295
0.6456371545791626
0.9214893579483032
0.4829939901828766
0.585532546043396
0.5110957622528076
0.7813903093338013
0.4116887152194977
0.6017181277275085
0.6555272340774536
0.6554080843925476
0.7438740730285645
0.6209627389907837
0.4231840968132019
0.526328444480896
0.3702840805053711
0.5163556933403015
0.6330868005752563
0.5609658360481262
0.49544066190719604
0.405540406703949
0.6343905329704285
0.4188133180141449
0.7430601119995117
0.6506736874580383
0.7003379464149475
1.077115774154663
0.46929940581321716
0.4973369538784027
0.5201847553253174
0.457317590713501
0.21614614129066467
0.5769796371459961
0.7391909956932068
0.6266935467720032
0.6316620111465454
0.33565086126327515
0.35625213384628296
0.5484161972999573
0.5532783269882202
1.1069852113723755
0.398222953081131
0.46374502778053284
1.0899078845977783
0.41752690076828003
0.5608978271484375
0.5690937042236328
0.5114951729774475
0.6634013056755066
0.07226336002349854
0.6511763334274292
0.4419938921928406
0.6399816274642944
0.2506382465362549
0.6833935976028442
0.27720120549201965
0.42024049162864685
0.4165080189704895
0.17617978155612946
0.9471885561943054
0.4751008152961731
0.78675377368927
0.9544270634651184
0.5173153877258301
0.79169762134552
0.3080352246761322
0.3319559395313263
0.7865064740180969
0.7313162088394165
0.5301095843315125
0.2243393361568451
0.28920215368270874
1.2117518186569214
0.33231428265571594
0.7873697280883789
0.27565884590148926
0.25236910581588745
0.5803130865097046
0.4552476406097412
0.3121747672557831
0.41115766763687134
1.2856898307800293
0.6617603898048401
0.4703633785247803
0.5070540308952332
0.3725780248641968
0.7923794984817505
0.4423433840274811
0.3884811997413635
0.3832935690879822
1.70333993434906
0.6310056447982788
0.45544886589050293
0.3896750807762146
0.8989599347114563
0.7224023938179016
0.3028656542301178
0.3546457588672638
0.8933197855949402
0.14123988151550293
0.8602613210678101
0.3689699172973633
0.5068703889846802
0.4173411428928375
0.7562205195426941
0.5076145529747009
0.29678720235824585
0.8771308064460754
0.37128227949142456
0.48694363236427307
0.6192944049835205
0.460283100605011
0.1984718143939972
0.9575210809707642
0.7161592841148376
0.370054692029953
0.5242595672607422
0.5047875642776489
0.7218037843704224
0.3663037419319153
0.4326133131980896
0.39267364144325256
0.7530156373977661
0.2702396512031555
0.5326535105705261
0.30142632126808167
0.8465234041213989
0.5658280849456787
0.30070656538009644
0.7453662753105164
1.1410739421844482
1.1201239824295044
0.47739195823669434
0.3782263398170471
0.2653677463531494
1.3437354564666748
0.5825685858726501
0.1984538584947586
0.6505643129348755
0.5071805715560913
0.4308348596096039
0.4970744252204895
0.4513016641139984
0.5377348065376282
0.6333185434341431
0.5564993023872375
0.33479925990104675
0.9340208768844604
0.42672616243362427
0.7542571425437927
1.2997530698776245
0.5674887895584106
0.6195767521858215
0.41319388151168823
0.471958726644516
0.5372909903526306
1.099440336227417
1.360410213470459
