0.2453611195087433
0.6834768056869507
0.6341754198074341
0.46518588066101074
0.4500369131565094
0.6426641345024109
0.26517313718795776
0.3455806374549866
0.22002311050891876
0.6241708993911743
0.6128151416778564
0.8130558133125305
0.3646935820579529
0.37134814262390137
0.711499810218811
0.4544707238674164
0.3786625266075134
0.32701975107192993
0.5532277822494507
0.3332792818546295
0.2976369857788086
0.4602887034416199
0.4610674977302551
0.6251474618911743
0.5098562836647034
0.5135887861251831
0.3711696267127991
0.8391512036323547
0.3760148882865906
0.21087034046649933
0.7765140533447266
0.34268468618392944
0.5587027668952942
0.45073944330215454
0.29823532700538635
1.1370735168457031
0.5704143643379211
0.5835968255996704
0.5937232375144958
0.5473583340644836
0.6199577450752258
0.4331699311733246
0.6488817930221558
0.4124170243740082
0.5040827989578247
0.4424416422843933
1.378795862197876
1.2362828254699707
0.6210342645645142
0.34562331438064575
0.418264776468277
0.3092471957206726
0.5362235307693481
0.3703663945198059
0.39885208010673523
0.28360065817832947
0.20000246167182922
0.4054197371006012
0.6330997943878174
0.5598410367965698
0.6137272119522095
0.5167621374130249
0.44447842240333557
0.4188660979270935
0.425126850605011
0.537702739238739
0.503437876701355
0.4091818928718567
1.0750572681427002
0.2750653028488159
0.38386502861976624
0.44047099351882935
0.6445592641830444
0.5074599981307983
0.6852065324783325
0.8647418022155762
0.47163429856300354
0.5706160664558411
0.7592014074325562
0.5275939702987671
0.33496081829071045
0.3248632550239563
0.22927388548851013
0.23937693238258362
0.8880226016044617
0.5911086201667786
0.4558853209018707
0.546059250831604
0.8983551859855652
0.6772632002830505
0.38369885087013245
0.529874861240387
0.7523341178894043
0.25926661491394043
0.41082698106765747
0.926627516746521
0.3434549570083618
0.5980486869812012
0.29438939690589905
0.8140479922294617
0.9270391464233398
1.0847448110580444
0.45904746651649475
0.6288714408874512
0.575677752494812
0.5866537094116211
0.19776000082492828
0.6931243538856506
0.36349138617515564
0.5855627655982971
0.6798230409622192
0.641674816608429
0.4972779154777527
0.26000648736953735
0.31527215242385864
0.4568147659301758
0.47505173087120056
0.38350316882133484
0.4788942337036133
0.3810191750526428
0.5266941785812378
0.7651143074035645
1.1592071056365967
0.4846150875091553
0.596001148223877
0.5546525120735168
0.6161063313484192
0.5160914659500122
0.7005993127822876
0.7237019538879395
0.5208250284194946
0.7271119356155396
0.3722307085990906
0.52201908826828
0.3688214421272278
0.22030635178089142
0.5278152227401733
0.19237083196640015
0.3476141393184662
0.4715616703033447
0.8817582130432129
0.7315375208854675
0.6654194593429565
0.5697263479232788
0.9573690295219421
0.4381937086582184
0.47640377283096313
0.5227416753768921
0.4959588050842285
0.6112833619117737
0.2747822105884552
0.8980592489242554
0.7974151372909546
0.44797754287719727
0.5999795198440552
0.28036728501319885
0.5834061503410339
0.5084638595581055
0.34075483679771423
0.852391242980957
0.6010316014289856
0.7961140871047974
0.6252745389938354
0.27115434408187866
0.36798587441444397
0.4845237731933594
0.4321923851966858
0.2619054913520813
0.46684885025024414
0.3761711120605469
0.43175020813941956
0.8137292861938477
0.3958198130130768
0.3299502432346344
0.36445268988609314
1.026062250137329
0.48033004999160767
0.9356170892715454
0.8845670819282532
0.7107452154159546
0.46943679451942444
0.7147048711776733
0.6766761541366577
0.6041959524154663
0.7561942934989929
0.4742037355899811
0.2750254273414612
0.33585184812545776
0.6692014932632446
0.35430553555488586
0.62999027967453
0.32793885469436646
0.5748706459999084
0.18472912907600403
0.47787007689476013
0.8011582493782043
0.3988318145275116
0.6883775591850281
0.6041073203086853
0.5648438334465027
0.6053136587142944
0.2759464979171753
0.3602285385131836
0.40730538964271545
0.8949980735778809
0.6711791157722473
0.326543927192688
0.4758056700229645
0.5776106715202332
0.3990439772605896
0.4325472414493561
0.31282973289489746
0.41969600319862366
0.620032012462616
0.6511124968528748
0.7763368487358093
0.49695920944213867
0.2816195785999298
0.6516202092170715
0.5149811506271362
0.22642114758491516
0.5791232585906982
0.5458407998085022
0.6923798322677612
0.19818951189517975
0.7900339365005493
0.4169085919857025
0.25839313864707947
0.3284017741680145
0.4696792662143707
0.223859503865242
0.5231676697731018
0.9133478403091431
0.2592760920524597
0.5741348266601562
0.34260687232017517
0.3260452151298523
0.556197464466095
0.41093501448631287
0.8784651756286621
0.2689189016819
0.48210659623146057
1.0123330354690552
0.4469008445739746
0.4312952160835266
0.38773536682128906
0.729832649230957
0.9520686268806458
0.5834298729896545
0.7640215158462524
0.584340512752533
0.5822442770004272
0.4753555655479431
0.23928456008434296
0.5926979780197144
0.5507525205612183
0.5379289388656616
0.4923888146877289
0.7676526308059692
0.47281718254089355
0.5439168214797974
0.8939604759216309
0.4317142367362976
0.5827056765556335
0.44757920503616333
0.6248857378959656
0.3579350411891937
0.3875398635864258
0.34792277216911316
0.4961518347263336
0.16496914625167847
0.28613781929016113
0.15504175424575806
1.2339657545089722
0.6099122166633606
0.48630601167678833
0.4614238739013672
0.6200346946716309
0.45139217376708984
0.4312489628791809
0.3264731764793396
0.6472949385643005
0.7958782315254211
0.5936105847358704
0.6509888172149658
0.5365077257156372
0.8395102620124817
0.5381026268005371
0.2611071467399597
0.3849833011627197
0.5052844285964966
0.23335623741149902
0.5410088300704956
0.3996981084346771
0.5729667544364929
0.6189991235733032
0.8577888607978821
0.582050085067749
0.6664137244224548
0.4636656641960144
0.7712802886962891
0.5710759162902832
0.42792177200317383
0.6475827097892761
0.41756415367126465
0.26982492208480835
0.8121633529663086
0.37497660517692566
0.4799882769584656
0.41842055320739746
0.32519298791885376
0.5433477163314819
0.6733008623123169
0.29564613103866577
0.35665422677993774
1.2403342723846436
0.4418371319770813
0.4890795648097992
0.4049663543701172
0.6445670127868652
0.29818740487098694
0.43354615569114685
0.4951527714729309
1.0742908716201782
0.4740335941314697
0.5112683176994324
0.34594810009002686
0.824600338935852
0.6553414463996887
0.6661149263381958
0.8012604713439941
1.1477997303009033
0.38187021017074585
0.6041414141654968
0.851569652557373
0.5155540108680725
0.3847253918647766
0.8266887664794922
