0.340197890996933
0.3503935933113098
0.31409743428230286
0.5727239847183228
0.43331971764564514
0.6094670295715332
0.8602925539016724
0.28016573190689087
0.46519970893859863
0.28391483426094055
0.6631601452827454
0.20238347351551056
0.6447767615318298
0.15031273663043976
0.5864806771278381
0.914638340473175
0.348363995552063
0.6228200793266296
0.5570313334465027
0.5335468053817749
0.2554851770401001
0.3312531113624573
0.6831281781196594
0.35797563195228577
0.6630714535713196
0.4359337389469147
0.276057630777359
0.816630482673645
0.36199113726615906
0.8379360437393188
0.6042200922966003
0.604894757270813
0.5254406929016113
0.5009797811508179
0.5951715111732483
0.3490164875984192
0.5085088014602661
0.976804256439209
0.855962872505188
0.4437733292579651
0.6284023523330688
0.5045293569564819
0.8610417246818542
0.5384490489959717
0.4604540765285492
0.4593490660190582
0.24153263866901398
0.6003522276878357
0.2992698550224304
0.14945784211158752
0.477994829416275
0.6856252551078796
0.7377241849899292
0.7742100358009338
0.28911808133125305
0.5690760612487793
0.36028921604156494
0.5104321837425232
0.5934807062149048
0.43809300661087036
0.5946030616760254
0.369870662689209
0.4248434901237488
0.520514190196991
0.46217814087867737
0.5075899362564087
0.3501390218734741
0.5775030851364136
0.3559952676296234
0.645228922367096
0.31764915585517883
0.44250255823135376
0.37567347288131714
0.4626482427120209
0.6469942331314087
0.3051491677761078
0.6640734672546387
0.3894135355949402
0.4970231056213379
0.9688311815261841
1.027574896812439
0.36516857147216797
0.21012738347053528
0.5421368479728699
0.8357327580451965
0.4181612432003021
0.29731839895248413
0.4536305367946625
0.3586011528968811
0.346933513879776
0.4145188331604004
0.2665356993675232
0.2663656175136566
0.6830316781997681
0.5583929419517517
0.5686632990837097
0.3660561740398407
0.31045225262641907
0.37475401163101196
0.2446860373020172
0.6577388048171997
0.4882665276527405
0.581721305847168
0.5146962404251099
0.7779615521430969
0.411268413066864
0.48455238342285156
0.6725621819496155
0.42792588472366333
0.5390974879264832
0.5702344179153442
0.6865663528442383
0.574620246887207
0.44175273180007935
0.5664272308349609
0.35001349449157715
0.5432489514350891
1.1281455755233765
0.9180188179016113
0.45329269766807556
0.3427630066871643
0.3339366018772125
0.35891419649124146
0.42775899171829224
0.6059752106666565
0.10902456194162369
1.2040960788726807
0.5784379243850708
0.5174829959869385
0.3825327455997467
0.6343353986740112
0.386277973651886
0.639889657497406
0.2718890309333801
0.41800299286842346
0.27527666091918945
0.3874185085296631
0.30526694655418396
0.816154956817627
0.5203668475151062
0.49281206727027893
0.39793556928634644
0.27311116456985474
0.9758976697921753
0.6556864976882935
0.5153939127922058
0.5268779397010803
0.43217772245407104
0.7249382138252258
0.9134271740913391
0.5289956331253052
0.8451236486434937
0.5669931769371033
0.32163548469543457
0.5040541291236877
0.7096660137176514
0.41086769104003906
0.2600274980068207
0.3281351923942566
0.19418881833553314
0.3471519947052002
0.6548662781715393
0.5919701457023621
0.5808038115501404
0.3635808229446411
0.6696823239326477
0.4265623092651367
0.5362420082092285
0.19780059158802032
0.31437334418296814
0.4006076753139496
1.1015785932540894
0.1751146763563156
0.22214868664741516
0.7926715612411499
0.32906749844551086
0.3616827428340912
0.40045157074928284
0.25187352299690247
0.3206949830055237
0.8333684206008911
0.6506110429763794
0.7752221822738647
0.7732599973678589
0.6043892502784729
0.4512750506401062
0.22107625007629395
0.8690657615661621
0.3087676763534546
0.6585973501205444
1.0772197246551514
0.5424953699111938
0.5217305421829224
0.29663294553756714
0.6530348062515259
1.0896068811416626
0.5612487196922302
1.0795278549194336
0.7087869048118591
0.9112398028373718
0.8254745602607727
0.19667796790599823
0.7199538350105286
0.6963027119636536
0.9077774286270142
0.27674415707588196
0.3165830969810486
0.7018957138061523
1.4739590883255005
0.4148440957069397
0.6031821966171265
0.7727716565132141
1.4021456241607666
0.7362651824951172
0.542071521282196
0.7961523532867432
0.2880731225013733
0.641220211982727
0.4821693003177643
0.21246203780174255
0.6118801832199097
0.40272417664527893
0.5565821528434753
0.3545624315738678
0.39883914589881897
0.242843359708786
0.3298306465148926
0.7115877866744995
0.7245795726776123
0.5985254645347595
1.1082074642181396
0.48687392473220825
0.5546197891235352
0.3443414866924286
0.9538170099258423
1.1986973285675049
0.5886252522468567
0.5255723595619202
0.4446377158164978
0.3073439598083496
0.4173089861869812
0.6528561115264893
0.3868442177772522
0.5044711828231812
0.651927649974823
0.2633195221424103
0.3978547155857086
0.82374507188797
0.4812929630279541
0.6136761903762817
0.6048838496208191
0.39454713463783264
0.2476961612701416
0.18885330855846405
0.40697798132896423
0.5554405450820923
0.31721556186676025
0.3954319357872009
1.2887991666793823
0.4624406695365906
0.6846020817756653
0.7759706974029541
0.41172367334365845
0.7427831888198853
0.5525395274162292
0.9313865900039673
1.1065170764923096
0.3486476540565491
0.48206454515457153
0.7383192181587219
0.27175357937812805
0.5040961503982544
0.31445568799972534
0.33897215127944946
0.7545843720436096
0.7646008133888245
0.23242712020874023
0.7134500741958618
0.515565037727356
0.7283964157104492
0.628348708152771
0.24428682029247284
0.8795657157897949
0.30230775475502014
0.545106053352356
0.70085608959198
0.7849425673484802
0.5543764233589172
0.5665493011474609
0.46793419122695923
0.36005887389183044
0.8905078768730164
0.5190271735191345
0.5261958241462708
0.9295751452445984
0.45617175102233887
0.7406023740768433
0.8905617594718933
0.47164982557296753
0.23446416854858398
0.4455898702144623
0.2855185270309448
0.5773365497589111
0.7271865010261536
0.3026202917098999
0.698189377784729
1.3403280973434448
0.19054535031318665
0.5735844373703003
0.5629088282585144
0.400264173746109
0.9744537472724915
1.0918127298355103
0.7559002637863159
0.4004206657409668
0.4752122759819031
0.4599645733833313
1.3375476598739624
1.105686902999878
0.8726940155029297
0.6486037969589233
0.7872506976127625
0.4006273150444031
0.48744648694992065
0.35411643981933594
0.7951866388320923
0.5132238268852234
0.6078251004219055
0.38471511006355286
0.6595578789710999
0.7399576306343079
0.2223939597606659
0.5119134187698364
0.4514544606208801
0.6541529893875122
0.5493748188018799
0.7204716801643372
0.36577942967414856
