0.2981777489185333
0.4164792001247406
0.2853729724884033
0.8038519024848938
0.6557182669639587
0.684178352355957
0.4795265197753906
0.4629579484462738
0.376130074262619
0.7074897289276123
0.7139667272567749
0.2857893109321594
0.5349397659301758
0.9313802719116211
0.5622950792312622
0.4791671335697174
0.5667919516563416
0.5290490388870239
0.8049836158752441
0.49487581849098206
0.4225104749202728
0.4125600755214691
0.49013882875442505
0.3732836842536926
0.9398868680000305
0.6595040559768677
0.6461564302444458
0.6887423396110535
0.4918900430202484
0.7540744543075562
0.9082292318344116
0.5231472849845886
0.47026553750038147
0.7023841738700867
0.4079229235649109
0.43751031160354614
0.13301204144954681
0.5346916913986206
0.8021404147148132
0.6767075657844543
0.2840944826602936
0.7228621244430542
0.7015727162361145
0.4256132245063782
0.5746363401412964
0.4209238588809967
0.5918478965759277
0.9095556139945984
0.4570535123348236
0.3218033015727997
0.39642083644866943
0.30026715993881226
0.6383492350578308
0.7396349310874939
0.5919772386550903
0.3802156150341034
0.8730989694595337
0.3512036204338074
0.796759307384491
0.4294257164001465
0.9798446893692017
0.924334704875946
0.5840854644775391
0.6280753016471863
0.4256015419960022
0.7867293357849121
0.2313752919435501
0.19636063277721405
0.8751384615898132
0.3093182146549225
0.4461739957332611
0.4834531843662262
0.9726343154907227
0.6956387758255005
0.4024316668510437
0.3740530014038086
0.46977558732032776
0.4646281599998474
0.43901652097702026
0.704095721244812
0.6470891833305359
0.419346421957016
0.5654338598251343
0.45948752760887146
0.7016995549201965
1.1376525163650513
0.5551687479019165
0.7066372632980347
0.3969769775867462
0.5995943546295166
1.789202332496643
0.4443599581718445
0.4134025573730469
0.5255128145217896
0.4104248583316803
0.45201581716537476
0.17327003180980682
0.2907581627368927
0.5008329153060913
0.7757946848869324
0.30031922459602356
0.4007866382598877
0.66368567943573
0.44293156266212463
0.7422107458114624
0.7191911935806274
0.45515623688697815
0.3146085739135742
0.36317670345306396
0.7775185108184814
0.8388432264328003
0.3589988648891449
0.38452425599098206
0.4689599573612213
0.5794276595115662
0.6148990988731384
0.4137451648712158
0.4324440062046051
0.5157821774482727
0.5358657836914062
0.45330771803855896
1.097926139831543
0.3793407678604126
0.3418310880661011
0.39197203516960144
0.7630707621574402
0.6515581011772156
0.5281033515930176
0.5061835050582886
0.5015681982040405
0.36527523398399353
0.4057195782661438
0.9726530313491821
0.22778622806072235
0.18071721494197845
0.28395503759384155
0.45417261123657227
0.7851150631904602
0.3402917981147766
0.5536969304084778
0.5906050205230713
0.29037368297576904
0.5257555842399597
0.693871021270752
0.30970147252082825
0.30944502353668213
0.36302047967910767
0.3390966057777405
0.6442526578903198
0.9192731976509094
0.2641065716743469
0.6078319549560547
0.5037326812744141
0.4474087357521057
1.1896843910217285
0.4922666549682617
0.7776049971580505
1.1072957515716553
0.2550221383571625
1.0014331340789795
0.4213409423828125
0.703515887260437
0.6119210124015808
0.9687936902046204
0.6529157757759094
0.4292220175266266
0.6971784234046936
0.37234586477279663
0.31661278009414673
0.5621835589408875
0.13906805217266083
0.7443839311599731
1.1168936491012573
0.39785370230674744
0.40886741876602173
0.4435690939426422
0.36826232075691223
0.32661083340644836
0.5443806648254395
0.6909375190734863
0.5760973691940308
0.2863386571407318
0.3782346844673157
1.0497868061065674
0.3150620460510254
0.7915440797805786
0.4211858808994293
0.39379993081092834
0.3264444172382355
0.4758073687553406
0.5525601506233215
0.7181743383407593
0.5700997114181519
0.5095446705818176
0.5263081789016724
0.5615986585617065
0.5321562886238098
1.054024577140808
0.7012287378311157
0.4578896462917328
0.7193620800971985
0.5208854675292969
0.4575668275356293
0.5002729892730713
0.9243179559707642
0.6658539772033691
0.4300881326198578
1.2259595394134521
0.3844621181488037
0.300604909658432
0.24554267525672913
0.7636913657188416
0.8279287219047546
0.6204373240470886
0.7575520873069763
0.6381174921989441
1.0663813352584839
0.671682596206665
1.00150465965271
0.40950480103492737
0.8118969202041626
0.5805002450942993
0.8379144668579102
0.5070911645889282
0.8996779322624207
0.503301203250885
0.3891579210758209
0.3778495192527771
0.8394088745117188
0.18107137084007263
0.9588390588760376
0.3506341874599457
0.3796793222427368
0.41945165395736694
0.6548404693603516
0.6138861775398254
0.7843501567840576
0.9592628479003906
0.6452826261520386
0.5369143486022949
0.40878671407699585
0.6562920808792114
0.5666154026985168
0.5901700854301453
0.5414045453071594
0.19347825646400452
0.19700345396995544
0.6897428631782532
0.33606886863708496
0.6574460864067078
0.5449658632278442
0.766666829586029
0.4278959333896637
0.4003233015537262
0.42301058769226074
0.6390252113342285
0.2897643446922302
0.7965532541275024
0.24884088337421417
0.29418450593948364
0.4975922703742981
0.9263313412666321
0.3234938979148865
0.59159916639328
0.23390913009643555
0.19404444098472595
0.49118176102638245
0.42504531145095825
0.575719952583313
0.7989850044250488
1.0039575099945068
0.44587135314941406
0.7462701201438904
0.5105327367782593
0.3904075026512146
0.7758045196533203
0.48214617371559143
0.622631847858429
0.37127989530563354
0.4196602702140808
0.5740009546279907
0.27799057960510254
0.46410542726516724
0.4156462252140045
0.8885565996170044
0.8778627514839172
0.4918372631072998
0.7262059450149536
0.30591264367103577
0.6104704737663269
0.5109755396842957
0.40725430846214294
0.5957300066947937
0.7735994458198547
0.6749848127365112
0.6403034329414368
0.382492333650589
0.26101571321487427
0.382649302482605
0.6415021419525146
0.37461838126182556
0.419037401676178
0.44783204793930054
0.23392891883850098
0.31462761759757996
0.4262877404689789
0.8823688626289368
0.853405773639679
1.0532808303833008
0.2899048924446106
0.2765125334262848
0.6386898756027222
0.4853549599647522
0.6283792853355408
0.5087736248970032
0.3406270444393158
0.2690609097480774
0.49846237897872925
0.4076627194881439
0.6512025594711304
0.6501630544662476
0.8049113154411316
0.6660079956054688
0.560580849647522
0.30822259187698364
0.42644190788269043
0.8004636764526367
0.5438135862350464
0.6525616645812988
0.4876481890678406
0.4805988371372223
0.39819562435150146
0.7906054258346558
1.0600433349609375
0.7482172846794128
0.42438191175460815
0.5126475095748901
1.8899579048156738
