1.1837170124053955
0.27596279978752136
0.27039650082588196
0.46801406145095825
0.96319979429245
0.3442119061946869
0.6298677325248718
0.5510429739952087
0.4241445064544678
0.3198257386684418
0.32933005690574646
0.5247772932052612
0.4908234179019928
0.3609362244606018
0.344015508890152
0.1549738645553589
0.5430824160575867
0.4140203595161438
0.44134339690208435
0.6514264345169067
0.6991967558860779
0.6583173274993896
0.29723721742630005
0.7113180160522461
0.762859046459198
0.7784963846206665
0.6709243655204773
0.6168136596679688
0.8713482618331909
0.5142706036567688
0.6150578260421753
0.8925966024398804
0.5386190414428711
0.5752893686294556
0.6174062490463257
0.5120868682861328
0.39911994338035583
0.3698531687259674
0.31630629301071167
0.39135807752609253
0.29937544465065
0.4629512429237366
0.43573737144470215
0.32794424891471863
0.4259624481201172
0.8217591047286987
0.7494884133338928
0.6505559682846069
0.5513454675674438
0.21912889182567596
0.3779886066913605
0.2521490156650543
0.8370729684829712
0.7297090291976929
0.5075558423995972
0.3583906292915344
0.5069578886032104
1.1265836954116821
0.567878246307373
0.575249195098877
0.3571017384529114
0.7627488374710083
0.6755244135856628
0.6034051775932312
0.5880962610244751
1.134019374847412
0.4861012399196625
0.5687161684036255
0.4388517737388611
0.592322051525116
0.8653558492660522
0.732428252696991
0.8645788431167603
0.30714255571365356
0.6546427607536316
0.5489720702171326
0.34765109419822693
0.3733763098716736
0.2804473042488098
0.46574515104293823
0.47581958770751953
0.28438347578048706
1.2965232133865356
0.4456033706665039
0.5302807688713074
0.47944125533103943
0.7124163508415222
0.7223256826400757
0.38028252124786377
0.6871815323829651
0.6821534037590027
0.40100154280662537
0.4157916009426117
0.8116256594657898
0.46784621477127075
0.46188297867774963
0.6528876423835754
0.6490945816040039
0.5862892866134644
0.9817007780075073
0.3901190161705017
0.33352968096733093
0.30667588114738464
0.5013184547424316
0.22155213356018066
0.5867044925689697
0.5305178761482239
0.3066628873348236
0.4849221110343933
0.2500927746295929
0.613359808921814
0.39026549458503723
0.7159249186515808
0.3764210641384125
0.2962110638618469
0.8505860567092896
0.7278127670288086
0.7932711839675903
1.1600459814071655
0.6533135175704956
0.3917016088962555
0.5716791152954102
0.5687841176986694
0.5576427578926086
0.24802546203136444
0.387929230928421
0.7194734811782837
0.4281391203403473
0.4158058166503906
0.8780652284622192
0.40021878480911255
0.5621153712272644
0.5148398876190186
0.42465829849243164
0.5199122428894043
0.6738142967224121
0.428900808095932
0.8462182879447937
0.7871572971343994
0.5555471777915955
1.2743045091629028
0.5326060652732849
0.8870288133621216
0.2688506543636322
0.9623300433158875
0.5156666040420532
0.7718765735626221
0.506518542766571
0.34621500968933105
0.6873441934585571
0.5773452520370483
0.5799211859703064
0.250389963388443
0.842660129070282
0.2643340229988098
0.3961736559867859
0.4881874620914459
0.8294714093208313
0.446044921875
0.3778645992279053
0.5754350423812866
0.21121355891227722
0.33991357684135437
0.47709521651268005
0.6553449630737305
0.6245120763778687
0.2654310166835785
0.2945604920387268
0.561093270778656
0.4574505388736725
0.8245023488998413
0.5198215246200562
0.2444247305393219
0.4946649670600891
0.8799699544906616
0.31223809719085693
2.032207489013672
0.6438570022583008
0.44084230065345764
0.5175405144691467
0.5053242444992065
0.45879656076431274
0.5251450538635254
0.5473960638046265
0.6272933483123779
0.29915910959243774
0.9005182385444641
0.374931663274765
0.49897271394729614
0.16996100544929504
0.33152204751968384
0.4726201593875885
0.4968377947807312
0.7975535988807678
0.6998850703239441
0.4039766788482666
0.6075639724731445
0.3634062111377716
0.37301233410835266
0.3154973089694977
0.5669070482254028
0.2531297206878662
0.6433414816856384
0.35144805908203125
0.7030960321426392
0.32355278730392456
0.7691503763198853
0.49142614006996155
0.41618481278419495
0.6641191244125366
0.45402073860168457
0.4500655233860016
0.7308146357536316
0.9968167543411255
0.4594053626060486
0.40206122398376465
0.31551966071128845
0.4218529164791107
0.2608777582645416
0.6134070158004761
0.4536427855491638
0.4168873727321625
0.5153271555900574
0.22058692574501038
0.5116409063339233
0.5073729157447815
0.5330001711845398
0.46678057312965393
0.5216042995452881
0.39528077840805054
0.8674667477607727
0.3188096880912781
0.3027198314666748
0.33166855573654175
0.3744346499443054
0.42344337701797485
0.48643389344215393
0.6222125291824341
0.37964552640914917
0.7349082827568054
0.33189961314201355
0.546006977558136
0.35445308685302734
0.9651126861572266
0.9420449137687683
0.3744339346885681
0.3696650266647339
0.2232324630022049
0.2839668393135071
0.39851027727127075
0.4155980944633484
0.2078796923160553
0.449066162109375
0.2833757996559143
0.6522706151008606
0.9330227971076965
0.5564128160476685
0.5280052423477173
0.7203351259231567
0.33203840255737305
0.37412282824516296
0.6948405504226685
0.7649493217468262
0.5246647000312805
0.20432963967323303
1.0945379734039307
0.6043574213981628
0.569308876991272
0.5904101133346558
0.5212408304214478
0.6532694101333618
0.7799416184425354
0.43971651792526245
0.5179365873336792
0.8090876340866089
0.6714117527008057
0.49615663290023804
0.28578391671180725
0.6794076561927795
0.34058332443237305
0.34283143281936646
0.4061163365840912
0.46922773122787476
0.5384586453437805
0.611282229423523
0.5356260538101196
0.17768169939517975
1.2553006410598755
0.47931036353111267
0.2877016067504883
0.36786380410194397
0.23487818241119385
0.5714961886405945
0.6444422006607056
0.7282974123954773
0.2441691905260086
0.4470880627632141
0.35017892718315125
0.3431575894355774
0.6028259992599487
0.5007618069648743
0.9137360453605652
0.3220597803592682
0.4515310227870941
0.3943234384059906
0.30198934674263
0.8956453204154968
1.0347001552581787
0.3890686631202698
0.3243524432182312
0.6574946641921997
0.5186748504638672
0.6846169233322144
0.3056476414203644
0.4926539361476898
0.4333447813987732
0.5760406255722046
0.4812444746494293
0.45932555198669434
1.3461248874664307
0.269415944814682
0.19043061137199402
0.25381940603256226
0.6571047306060791
0.7955516576766968
0.5016538500785828
0.6785593628883362
0.41835498809814453
0.6944311261177063
0.3562968373298645
0.42744773626327515
0.4570414423942566
0.8986194729804993
0.931568443775177
0.2983475923538208
0.6204076409339905
0.3520738482475281
1.5487042665481567
