0.6975662112236023
0.4778057038784027
0.2553752660751343
0.5683174133300781
0.3062533438205719
0.44050630927085876
0.34694477915763855
0.28304362297058105
0.7184565663337708
0.4792788624763489
0.47406941652297974
0.5521513223648071
0.32407674193382263
0.6219123005867004
0.25138160586357117
0.471088707447052
0.4142417013645172
0.5139942169189453
0.8869415521621704
0.7072411775588989
0.3435271680355072
0.22034423053264618
0.4240248203277588
0.24119193851947784
0.6378203630447388
0.526692807674408
0.3403114676475525
0.2867800295352936
0.4374713897705078
0.3439335227012634
0.6080246567726135
0.36306244134902954
0.3025878071784973
0.638415515422821
0.3107881546020508
0.48946747183799744
0.6129133105278015
0.7048218846321106
0.3928491771221161
0.6600745320320129
0.40341004729270935
0.2257198989391327
0.550251841545105
0.3604450821876526
0.46680164337158203
0.5895411372184753
0.4989575445652008
0.4644104540348053
0.4344654679298401
0.8143385648727417
0.5188406109809875
1.0815978050231934
0.21158161759376526
0.3618447184562683
0.37783870100975037
0.587989330291748
0.43852686882019043
0.898800253868103
0.5106155276298523
0.9983633756637573
0.7242878675460815
0.4842475950717926
0.7590136528015137
0.5093231201171875
0.35877305269241333
0.8285198211669922
0.8986450433731079
0.31093737483024597
0.6361162066459656
0.40920692682266235
0.9115360975265503
1.0855742692947388
0.5734890699386597
0.8198526501655579
0.28769388794898987
0.9531959295272827
0.934935450553894
0.735357403755188
0.7352840900421143
0.7231268882751465
0.2530581057071686
0.5478310585021973
0.368434339761734
0.5190181136131287
0.5206454396247864
0.4793141484260559
0.239459827542305
0.5506799817085266
0.20899410545825958
0.6579768061637878
0.9347420930862427
0.3592330813407898
0.8688946962356567
1.0332212448120117
0.5236843824386597
0.419703871011734
0.539162814617157
0.27090081572532654
1.0274945497512817
0.34347063302993774
0.38275760412216187
0.46337491273880005
0.6444727182388306
0.30829888582229614
0.5493242740631104
0.3967418670654297
0.5294770002365112
0.44634804129600525
0.7347670793533325
0.29094037413597107
0.3267787992954254
0.23996612429618835
0.4487587809562683
1.0649340152740479
0.48434561491012573
0.8503665924072266
1.1261193752288818
0.7056650519371033
0.37910252809524536
0.6844140887260437
0.8194047212600708
0.4316543936729431
0.24018149077892303
0.971168041229248
0.5577083826065063
0.4398952126502991
0.4274105131626129
0.14692538976669312
0.5986172556877136
0.3649669289588928
0.7336750030517578
0.5969328880310059
0.4435819089412689
0.43020305037498474
0.7602322101593018
0.36734089255332947
0.8575196266174316
0.38884931802749634
0.3794812560081482
0.4495193064212799
0.8383526802062988
0.5987874269485474
0.42558375000953674
0.38138988614082336
1.0618107318878174
0.24805083870887756
0.4370630383491516
0.3935275077819824
0.20942504703998566
0.46576184034347534
0.6151490807533264
0.25212547183036804
0.3823380768299103
0.2801015079021454
0.34205061197280884
0.47870635986328125
0.23518237471580505
0.43286222219467163
1.1242491006851196
0.5080646276473999
0.6845173835754395
0.4179684519767761
0.8525716066360474
0.5308753252029419
0.43583840131759644
0.6246033906936646
0.7362739443778992
0.7897195816040039
0.3281802535057068
0.3578191101551056
0.4301721453666687
0.4395974278450012
1.121071457862854
0.3025566637516022
0.26259103417396545
0.2933540940284729
0.5240728855133057
0.7427304983139038
0.6475455164909363
0.5181183815002441
0.9608851671218872
0.9875262975692749
0.43873563408851624
0.43900203704833984
0.41034212708473206
1.098726511001587
0.5496649742126465
0.5560705065727234
0.509616494178772
0.4354022443294525
0.4449527859687805
0.5050522685050964
0.2656635344028473
0.48008623719215393
0.4889616370201111
0.7817894220352173
0.22881872951984406
0.7056317925453186
0.349231094121933
0.5362130403518677
0.48134487867355347
0.34023672342300415
0.4739319682121277
0.7243903875350952
0.20784565806388855
0.30031850934028625
0.9481313824653625
0.6156781911849976
0.44620099663734436
1.36394464969635
0.3575769066810608
0.2693638801574707
0.5199547410011292
0.8720470666885376
0.47127896547317505
0.5682746171951294
0.6467193961143494
0.3842852711677551
0.33020877838134766
0.31891441345214844
0.6016985774040222
0.5102903246879578
0.4849041998386383
0.440429151058197
0.4821748733520508
0.33909696340560913
0.3219783306121826
0.7049713134765625
0.6466249823570251
0.4502843916416168
0.6471527814865112
0.7958016395568848
0.5108246803283691
0.4106672406196594
0.9384313821792603
0.44945192337036133
0.7919538021087646
0.5150577425956726
0.18490681052207947
0.6530979871749878
0.39631834626197815
0.37028825283050537
0.35401543974876404
0.45389285683631897
0.3703117370605469
0.5395848751068115
0.9321893453598022
0.4216702878475189
0.5001094341278076
0.5026317834854126
0.5718759894371033
0.6718018651008606
0.6805211305618286
0.7943993806838989
0.48013177514076233
0.9376371502876282
0.7807364463806152
0.44742292165756226
0.5273061990737915
0.5874435901641846
0.5704525709152222
0.949863076210022
0.6069469451904297
0.6510089635848999
0.4508960247039795
0.6928943395614624
1.009573221206665
0.7168076038360596
0.24345096945762634
0.5532420873641968
0.5779083371162415
0.4626472592353821
0.699621319770813
0.5173354744911194
0.6765692830085754
1.0365650653839111
0.6633375287055969
0.1869911253452301
0.4082518517971039
0.6104484796524048
0.7431458234786987
0.39357489347457886
1.5435296297073364
0.4751508831977844
0.6045422554016113
0.19467149674892426
0.7568126916885376
0.4256158769130707
0.12223932892084122
0.502424955368042
0.44079160690307617
0.6666666269302368
0.4654289782047272
0.6546911001205444
0.3037238121032715
0.47706717252731323
0.560113787651062
0.5646334886550903
0.5206934809684753
0.4142405092716217
0.2326086014509201
0.3239918351173401
0.6247990727424622
0.3586058020591736
0.3472566604614258
0.5064241290092468
0.5565613508224487
0.7929542660713196
0.4808395802974701
0.33600813150405884
0.4748983383178711
0.3643079698085785
0.24311478435993195
0.6179593205451965
0.4796052873134613
0.18024742603302002
0.4553627371788025
0.49590325355529785
0.6074041128158569
0.4779530167579651
0.4907417893409729
0.44808635115623474
0.49883103370666504
0.6726388931274414
0.6039031744003296
1.0427536964416504
0.42310410737991333
0.8249746561050415
0.28766533732414246
0.368150919675827
0.7734309434890747
0.40490418672561646
0.23473422229290009
0.647943377494812
0.9820645451545715
0.5255671143531799
0.5998204350471497
0.9384596347808838
