0.47337788343429565
0.7512519955635071
0.5543254613876343
0.3673526644706726
0.5671426057815552
1.1626174449920654
0.3774060010910034
0.4413285255432129
0.6196511387825012
0.5762194395065308
0.47433599829673767
0.5874301791191101
0.33825355768203735
0.46664467453956604
0.9699313044548035
0.43395891785621643
0.7071343660354614
0.8758613467216492
0.4879079759120941
0.3344544768333435
0.36670738458633423
0.8180959820747375
0.7073037624359131
0.23671790957450867
0.8240203857421875
0.7677850723266602
0.44970864057540894
0.5549747943878174
0.5833528637886047
0.6218945980072021
0.5745612382888794
0.29979586601257324
0.5038818717002869
0.514729380607605
0.4453884959220886
0.22920069098472595
0.4077026844024658
0.13839122653007507
0.32866156101226807
0.3081859350204468
0.7034386396408081
0.5506821870803833
0.6120262742042542
0.6568973064422607
0.6675227284431458
0.23495671153068542
0.25728482007980347
0.48952072858810425
0.5781818628311157
0.5344516038894653
0.7080878019332886
0.4757242202758789
0.7987207770347595
0.36671513319015503
0.36199837923049927
0.5656791925430298
0.38079163432121277
0.3067843019962311
0.45124882459640503
0.3133392333984375
0.7856935262680054
0.5484199523925781
0.24941858649253845
0.9548851251602173
0.20083323121070862
0.6163150072097778
1.2142115831375122
0.42219066619873047
0.8766223192214966
0.40629667043685913
0.3592314124107361
0.4940725862979889
0.4536256194114685
0.6353376507759094
0.704770028591156
0.3634343147277832
0.7529539465904236
0.5925318002700806
1.343150019645691
0.3474258482456207
0.763798713684082
0.6227205395698547
0.4809512197971344
0.5175390243530273
0.5347156524658203
0.7073867917060852
0.262337863445282
0.7900712490081787
0.3096875846385956
0.38134506344795227
0.7929322123527527
0.4338109493255615
1.0157235860824585
0.7031911015510559
0.4698701798915863
0.6580171585083008
0.4162839949131012
0.3422936797142029
0.4440116882324219
0.3298162519931793
0.5283650159835815
0.5662902593612671
0.5692425966262817
0.8739402890205383
0.6693632006645203
0.36157384514808655
0.34430640935897827
0.7082699537277222
1.3165781497955322
0.21861746907234192
0.8356157541275024
0.7578034996986389
0.4386757016181946
0.6583530306816101
0.7618381381034851
0.3672449290752411
0.2512708902359009
0.9152770042419434
0.5013958215713501
0.3182598352432251
0.19423556327819824
0.8216918110847473
0.47417116165161133
0.7202467918395996
0.48788318037986755
1.2091197967529297
0.5835304260253906
0.9760551452636719
0.46297264099121094
0.7411659955978394
0.47612103819847107
0.5371168255805969
0.27017655968666077
0.5407717227935791
0.4167249798774719
0.5735884308815002
0.4629010260105133
0.37834611535072327
0.8640497922897339
0.3718363046646118
0.32092422246932983
0.5485371351242065
0.31012552976608276
0.42582663893699646
0.6199612617492676
0.7866567969322205
0.595899760723114
0.3764793276786804
0.5360071063041687
0.332164466381073
0.7906425595283508
0.5605405569076538
0.723567008972168
0.2520444393157959
0.5377960801124573
0.3054000735282898
0.5646594762802124
0.5457710027694702
0.5153359174728394
0.7403263449668884
0.781408429145813
1.0019915103912354
1.0292744636535645
0.44939032196998596
0.4597575068473816
0.5126767158508301
0.5548920631408691
0.8412723541259766
0.49308520555496216
0.26036685705184937
0.33173108100891113
0.775795578956604
0.5408618450164795
0.5185891389846802
0.2869947850704193
0.6626468896865845
0.36593955755233765
0.6234515905380249
0.46327129006385803
1.3040434122085571
0.5950515270233154
0.6183335185050964
0.6086786389350891
0.27687254548072815
0.3777752220630646
0.26346296072006226
0.573593258857727
0.41989484429359436
0.8642798662185669
0.28639450669288635
0.27438876032829285
0.43374529480934143
0.90416020154953
1.2258590459823608
0.39898407459259033
0.6105049848556519
0.41586580872535706
0.5003310441970825
0.5436297655105591
0.7377224564552307
0.4811449944972992
0.3813990354537964
0.7605481147766113
0.38961827754974365
0.4245263636112213
0.6925042867660522
0.8671102523803711
0.5886021852493286
0.5704244375228882
0.23722609877586365
1.321697473526001
0.37519049644470215
0.6133796572685242
0.3079371750354767
1.0265100002288818
0.37229833006858826
0.21681495010852814
0.6776115298271179
0.5433983206748962
0.4526151716709137
0.5182660818099976
0.4172230660915375
0.5384722948074341
0.4575541615486145
0.32846304774284363
0.9756790995597839
0.22434325516223907
0.613048255443573
0.757038414478302
0.5123122334480286
0.6078119874000549
0.517463743686676
0.6370230317115784
0.23049792647361755
0.802789032459259
0.5024987459182739
0.6454319953918457
0.7695886492729187
0.33934491872787476
0.4908900260925293
0.2851184606552124
0.2315705269575119
0.43142637610435486
0.6413806676864624
0.3209250867366791
1.2900339365005493
0.5969727039337158
0.8420351147651672
0.5347899198532104
0.43655672669410706
0.8586568832397461
0.6338635087013245
0.8087546229362488
0.5752953290939331
0.41121476888656616
0.526728630065918
0.6692682504653931
0.2937396168708801
0.25366532802581787
0.3999761939048767
0.40541982650756836
0.3743606209754944
0.7290987968444824
0.448861300945282
0.7176816463470459
0.7429224252700806
0.5033388137817383
0.3467874526977539
0.3684982359409332
0.8498510122299194
0.3929867148399353
0.39647376537323
0.7215644717216492
0.256082147359848
0.36475974321365356
0.3297765851020813
0.5386287569999695
0.7201575636863708
0.407653272151947
0.8680855631828308
0.345612108707428
0.35134822130203247
0.44023197889328003
0.24135592579841614
0.5580302476882935
0.7661865949630737
0.3755025565624237
0.9284180402755737
0.32022225856781006
0.25205716490745544
0.33898791670799255
0.33532217144966125
0.5358233451843262
1.0006744861602783
0.6790871024131775
0.27250272035598755
0.9249690175056458
0.6549512147903442
0.38416630029678345
0.3777596354484558
0.6421820521354675
0.4249565005302429
0.649722695350647
0.5521532893180847
0.5679351091384888
0.6814817190170288
1.1600509881973267
0.2883376479148865
0.8866337537765503
0.3254331052303314
0.4895060956478119
1.0046532154083252
0.48620638251304626
0.257802814245224
0.25968465209007263
0.6683180928230286
0.7678565382957458
0.2422892302274704
0.368781715631485
0.6007863283157349
0.37479859590530396
0.6780999898910522
0.48655271530151367
0.7061501145362854
0.19455651938915253
0.6212054491043091
0.6214175224304199
0.34474945068359375
0.7948861718177795
0.26212579011917114
0.4302920401096344
0.6182684898376465
0.5184850692749023
0.8138335943222046
0.5252145528793335
0.3794673979282379
0.6483736038208008
0.9705495834350586
