1.3008943796157837
0.8338958024978638
1.062856674194336
0.9523475766181946
0.5966935157775879
0.6816272735595703
0.7920511960983276
0.6107460856437683
0.8605494499206543
0.9188156127929688
0.6603773832321167
1.0350737571716309
0.7040963768959045
0.5500796437263489
0.5944952964782715
1.0090279579162598
0.6385496258735657
0.7179059982299805
1.229400396347046
1.002942442893982
0.49596792459487915
0.8141935467720032
0.6468132138252258
0.9508589506149292
0.994271457195282
0.7220181226730347
0.5582327842712402
0.9409304857254028
0.8239251375198364
0.5173190236091614
0.5902385711669922
1.109122633934021
0.6889581680297852
0.7907615900039673
0.5470835566520691
1.5243263244628906
0.49496668577194214
0.8592516183853149
0.9759742617607117
0.9569128155708313
0.744613528251648
0.6229852437973022
0.7225105166435242
0.7526394128799438
0.7753134369850159
0.5551806688308716
0.9176002740859985
0.5705024003982544
0.5669790506362915
0.6464009881019592
0.4214157164096832
1.1009905338287354
0.5230695009231567
0.5451804399490356
0.8657518625259399
0.6087431311607361
0.7687322497367859
0.68879234790802
0.5301252603530884
0.7645124793052673
0.6728826761245728
0.6331318616867065
0.5654761791229248
0.5024978518486023
0.8033161163330078
0.46674615144729614
0.5895820260047913
0.5677361488342285
0.6514949798583984
0.65581876039505
0.7705700993537903
0.8211948275566101
0.9967328906059265
0.8978080749511719
1.1327587366104126
0.7543540000915527
0.6454349756240845
0.3385036885738373
0.6506480574607849
0.4290582537651062
0.6108218431472778
0.6428800821304321
0.4911450445652008
0.8949167132377625
0.6371719837188721
0.5860684514045715
0.9391509890556335
0.7806313633918762
0.44636043906211853
1.1142643690109253
1.3266631364822388
0.5966979265213013
0.5704011917114258
0.6401574611663818
0.5607396960258484
0.5385773777961731
1.26356840133667
0.52177494764328
1.093531608581543
1.1189491748809814
0.5943352580070496
0.8079360127449036
0.5820884704589844
0.7926387190818787
0.6642655730247498
0.789493978023529
0.9290369153022766
0.6112222075462341
0.5909198522567749
0.5949248671531677
0.7075866460800171
1.01828932762146
1.1048002243041992
1.1209089756011963
0.6489071846008301
1.1742109060287476
0.8441146612167358
0.4689376950263977
0.8136696815490723
0.3895190358161926
0.6272076368331909
0.6033891439437866
0.8884354829788208
0.568881094455719
0.7197723984718323
0.9785552024841309
0.6466569900512695
0.7993760108947754
0.8788425326347351
1.0043351650238037
0.7104769945144653
0.6940587162971497
0.7182872295379639
0.8160485029220581
0.8158823251724243
0.3863157331943512
1.1460927724838257
0.5342708230018616
0.6951969861984253
0.7891987562179565
0.5267936587333679
0.9465312957763672
0.9462645649909973
0.64655601978302
0.6614372134208679
0.7433265447616577
0.5568608045578003
0.6182579398155212
0.5548158884048462
0.5666730403900146
0.8796581029891968
0.5481317043304443
0.6712766289710999
0.4916650652885437
0.6400560140609741
1.1327714920043945
0.6079379320144653
1.2267227172851562
0.9397726058959961
1.463173747062683
0.7684994339942932
0.8953949809074402
0.7659562826156616
0.5962703824043274
0.6565183997154236
0.6738519668579102
0.7284777760505676
0.8158574104309082
0.8378517031669617
0.6139987111091614
0.4860919415950775
0.5292735695838928
0.8105069994926453
0.7883385419845581
0.9640339016914368
0.7886760234832764
0.826114296913147
1.0428555011749268
0.6866141557693481
0.687073290348053
0.571966290473938
0.9556609988212585
0.6590930223464966
0.5330796837806702
0.7772698998451233
0.7752271890640259
0.6950043439865112
1.0405495166778564
0.8434046506881714
0.8395393490791321
1.2855637073516846
0.6758919954299927
0.6680448651313782
1.0734821557998657
0.847164511680603
0.5055216550827026
0.7256135940551758
1.0545971393585205
0.6945856809616089
0.7930841445922852
0.7550051212310791
0.6223524212837219
0.6430819630622864
0.6779691576957703
0.9657034873962402
0.5535662174224854
0.5939587354660034
1.0735450983047485
0.5139172077178955
0.5036541223526001
0.38176313042640686
0.7037476301193237
1.0783745050430298
0.6079750061035156
0.6990792155265808
0.43274468183517456
0.7007063627243042
0.5898047685623169
0.585874617099762
0.7318345308303833
0.6976381540298462
0.9904124140739441
0.6999034881591797
0.6844826936721802
0.759296178817749
0.7009216547012329
0.7273694276809692
0.7177643775939941
0.4793279767036438
0.6076607704162598
0.8535262942314148
0.757724940776825
0.7879689335823059
0.7387164235115051
0.5978477597236633
0.6485063433647156
0.7807958722114563
1.0985021591186523
0.8863674402236938
0.4732275903224945
0.41864830255508423
0.8670633435249329
0.5458804368972778
0.43945980072021484
0.7753924131393433
0.5547641515731812
1.4248089790344238
0.42569485306739807
1.342168927192688
0.5466923713684082
0.9592735171318054
0.44107943773269653
0.7029046416282654
0.6522004008293152
0.411675363779068
0.4115206301212311
0.9615813493728638
0.9612959027290344
0.6179987192153931
0.7678030729293823
0.8776790499687195
0.7536225318908691
0.8137432932853699
0.7701009511947632
1.7142059803009033
0.6564645767211914
0.5988216400146484
1.0020573139190674
0.3796223998069763
0.8509699106216431
0.9093588590621948
0.7955048680305481
0.49511727690696716
0.6981359124183655
0.6099154353141785
0.723871111869812
0.7468744516372681
0.864239513874054
0.5898288488388062
0.5907817482948303
0.883223831653595
1.0759782791137695
0.7593584060668945
0.45665407180786133
0.5307650566101074
0.5711669325828552
0.5298990607261658
0.3910536468029022
0.7835116982460022
0.7693358063697815
1.3833367824554443
0.6212362051010132
0.6090124845504761
1.0504246950149536
0.7249673008918762
1.0781738758087158
0.8341803550720215
0.651710033416748
0.5904804468154907
0.5304862856864929
0.8952663540840149
0.7769219279289246
0.6875529289245605
0.8219736814498901
0.6380573511123657
0.7554711699485779
0.9622116088867188
0.563892662525177
0.7493870258331299
0.9447437524795532
0.8852354884147644
0.8955312967300415
0.3868745267391205
1.1332576274871826
0.7650952339172363
0.6904149055480957
1.0037610530853271
0.8000295758247375
0.548671305179596
0.8315004110336304
0.5145827531814575
1.224014401435852
0.8211053609848022
0.9956437945365906
0.9470928311347961
0.6516420245170593
0.6052426695823669
0.6836820840835571
0.815632700920105
0.5926573872566223
0.650982677936554
0.6546554565429688
0.49246296286582947
0.6789199113845825
0.8670780062675476
0.8952814340591431
1.5839489698410034
0.8534743189811707
