0.47467127442359924
0.25116389989852905
0.7224888801574707
0.5973861217498779
0.3848203718662262
0.3955082297325134
0.4593134820461273
0.3461712896823883
0.4622834324836731
0.6892201900482178
0.5911000967025757
0.3414919972419739
0.6460472941398621
1.2320178747177124
0.5756822824478149
0.4969813823699951
0.5348110795021057
0.7428747415542603
0.2085830271244049
1.0751756429672241
0.3531891107559204
1.1000394821166992
0.6082620620727539
0.29369598627090454
0.7824684381484985
0.5145994424819946
0.6725507974624634
0.3759797513484955
1.0615453720092773
0.32510659098625183
0.757416844367981
0.4083138406276703
0.8059626817703247
0.41239696741104126
0.28256937861442566
0.46847230195999146
0.3025074601173401
0.3373028337955475
0.3927844166755676
0.5413886904716492
0.28202003240585327
0.8717988133430481
0.5095394253730774
0.5243208408355713
0.6311167478561401
0.2354624718427658
0.7410831451416016
0.3584500849246979
0.30447179079055786
0.6784977912902832
0.2096671611070633
0.3684335947036743
0.5920451283454895
0.696928083896637
0.7537762522697449
0.9711536169052124
0.6665031909942627
0.7317880988121033
0.3806189298629761
0.8057301640510559
0.3336401879787445
0.7097176313400269
0.642025887966156
0.5145999193191528
0.38709181547164917
0.6320863962173462
0.30005648732185364
0.9396867752075195
0.31669101119041443
0.5032334923744202
0.64384925365448
0.7282031178474426
0.3780337870121002
0.6833242177963257
0.3733835816383362
0.28972020745277405
0.5663195848464966
0.5917885303497314
1.0114741325378418
0.4734436869621277
0.2937289774417877
0.578558623790741
1.0533405542373657
0.6070388555526733
0.331062376499176
0.480325847864151
0.34901121258735657
0.3091713488101959
0.37516260147094727
0.2146635800600052
0.5651520490646362
0.2969786822795868
0.41008615493774414
0.546920120716095
0.6112996935844421
0.2897402048110962
0.7282362580299377
0.5126402974128723
0.4218656122684479
0.3695988059043884
0.3135750889778137
0.7419726252555847
0.5586587190628052
0.37809625267982483
0.6634763479232788
0.9470659494400024
0.5291457176208496
0.21525053679943085
0.6321417689323425
0.6817144155502319
0.3265564441680908
0.7326350212097168
0.7868290543556213
0.48187026381492615
0.7388715147972107
0.48708590865135193
0.48063674569129944
0.788155734539032
0.7289566397666931
0.4569193720817566
0.25249314308166504
0.8657726049423218
0.19333016872406006
0.5077461004257202
0.7411540746688843
0.6279667019844055
0.5081876516342163
0.8892843127250671
0.3166669011116028
0.7715585827827454
0.6423457860946655
0.5672615766525269
0.6412079930305481
0.8954316973686218
0.4632498323917389
0.638116180896759
0.743101954460144
0.1576184779405594
0.4457727074623108
0.5280171632766724
0.33817750215530396
0.5015981793403625
0.3005136549472809
0.3427034914493561
0.9978512525558472
0.6082131266593933
0.8193953633308411
0.6587637662887573
0.4375724792480469
0.34465891122817993
0.3101993799209595
0.6336197257041931
0.5261412858963013
0.6133893132209778
0.645243763923645
0.8920170664787292
0.506589412689209
0.32191890478134155
0.48376837372779846
0.44421082735061646
0.922378659248352
0.5804736614227295
0.4159887731075287
0.21074895560741425
0.33604949712753296
0.5304345488548279
0.5440071821212769
0.4699575901031494
0.5822199583053589
0.6934225559234619
0.6101707220077515
0.4183596968650818
0.7267524003982544
0.5407043695449829
0.38707655668258667
0.3972606360912323
0.40847793221473694
0.6617041826248169
0.3745785355567932
0.7172651886940002
0.3340148329734802
0.5010372400283813
0.5559161901473999
0.5631024837493896
1.2145235538482666
0.4647236764431
0.47945481538772583
0.8281865119934082
0.773365318775177
0.46120065450668335
0.5337976217269897
0.2683922052383423
0.6907682418823242
0.38320043683052063
0.5113804936408997
0.51288902759552
0.45463070273399353
0.49841755628585815
0.6121141910552979
0.646252453327179
0.3906426429748535
0.43664178252220154
0.6982471346855164
0.4483110308647156
0.5768316984176636
0.5211974382400513
0.5746258497238159
0.3173861801624298
0.8606856465339661
0.6113788485527039
0.76085364818573
0.8416631817817688
0.6033762097358704
0.4355509281158447
1.029822587966919
0.7205052375793457
0.29361605644226074
0.6828575134277344
0.2812013328075409
0.3337239623069763
0.6323737502098083
0.6864662766456604
0.8704970479011536
0.37828606367111206
0.2239646017551422
0.6334210634231567
0.6979802846908569
0.5522505044937134
0.9102746844291687
1.2251672744750977
0.4497612416744232
0.37053224444389343
0.5105299949645996
1.1041148900985718
0.5024043321609497
0.4986003339290619
0.8151262402534485
0.2183581292629242
0.37089765071868896
0.5299183130264282
0.5289636850357056
0.34338831901550293
0.4497685432434082
0.535088837146759
0.4146266579627991
0.5661463141441345
0.8453598022460938
0.41895976662635803
0.4465581476688385
0.32733890414237976
0.6989116668701172
0.30604666471481323
0.884597659111023
0.6169430017471313
0.45020633935928345
0.32324156165122986
0.5853126645088196
0.33920401334762573
0.6224600076675415
0.5924955606460571
0.3483559489250183
0.33529868721961975
0.4173755645751953
0.5905300974845886
0.556085467338562
0.6134849786758423
0.49769264459609985
0.6927105188369751
0.4907389283180237
0.29737579822540283
0.45370763540267944
0.6946549415588379
0.5978754758834839
0.6313897967338562
0.35805487632751465
0.37208494544029236
0.2859744429588318
0.27942901849746704
0.5253324508666992
0.7714980244636536
0.4306381344795227
0.461017370223999
0.2821098566055298
0.7597050070762634
0.5090534687042236
1.1182861328125
0.7889184355735779
0.43760210275650024
0.7103949785232544
0.325857937335968
0.7292383909225464
0.3798062801361084
0.6197250485420227
0.4382292628288269
0.559778094291687
0.9223586320877075
0.25599080324172974
0.6675797700881958
0.5084234476089478
0.6606470346450806
0.35527825355529785
0.16249264776706696
0.4724297523498535
0.2422826737165451
0.6473590731620789
0.7728081345558167
0.5570076107978821
0.3297778069972992
0.4922606348991394
0.5781351327896118
0.20433907210826874
0.5918723940849304
1.2523967027664185
0.7994740009307861
0.506467878818512
0.4475482404232025
0.40814805030822754
0.6306883096694946
0.8813431859016418
0.42214861512184143
0.5396936535835266
0.5167235136032104
0.46110329031944275
0.6174629330635071
0.6719120144844055
0.6158565282821655
0.4235476851463318
0.3014049828052521
0.38460156321525574
0.5607167482376099
0.6025285720825195
0.4306541383266449
0.40686193108558655
0.580626904964447
0.22339248657226562
0.6361950635910034
0.34739255905151367
0.7254607081413269
