0.6052387356758118
0.38675373792648315
0.7241584062576294
0.4017849862575531
0.3719204068183899
0.3503570854663849
0.4758163094520569
0.3776434361934662
0.603484034538269
0.49295926094055176
0.6975799798965454
0.7329898476600647
0.36237019300460815
0.8107813000679016
0.38973817229270935
0.6750513911247253
0.24229583144187927
0.48185887932777405
0.2920595109462738
0.6329512596130371
0.6299793720245361
0.392432302236557
0.5767693519592285
0.8219232559204102
0.5897666215896606
0.4613913893699646
0.7430762648582458
0.39954233169555664
0.48008498549461365
0.23061223328113556
0.5672889947891235
0.7109708189964294
0.40974944829940796
0.3469504714012146
0.5562037229537964
0.8819136619567871
0.9116856455802917
0.39472150802612305
0.276017963886261
0.6356191635131836
0.38680174946784973
0.5294994115829468
0.4758997857570648
0.3540993332862854
0.3137724995613098
0.23396041989326477
0.36330708861351013
0.4259275496006012
0.24453386664390564
0.711110532283783
0.5280856490135193
0.4588380455970764
0.3076225221157074
0.4084259867668152
0.5509945750236511
0.6945551037788391
0.5368368029594421
0.4865805506706238
0.4235538840293884
0.536705493927002
0.6123830080032349
0.4553040564060211
0.5518360137939453
0.5046266317367554
0.4769816994667053
0.33295831084251404
0.58501136302948
0.5246356129646301
0.6901578307151794
0.6305986642837524
0.3388957977294922
0.6626376509666443
0.4541971683502197
0.4368510842323303
0.7977058291435242
0.7719810009002686
0.3410661518573761
0.3008737862110138
0.608744740486145
0.5556876063346863
0.45643845200538635
0.6671081781387329
0.6842532753944397
0.7122045755386353
0.4769600033760071
0.4862157702445984
0.30120977759361267
0.383627712726593
0.8396013975143433
0.5433933138847351
0.5422255396842957
0.518275260925293
0.49548959732055664
0.3000623881816864
0.5621902346611023
0.5736854076385498
0.9011307954788208
0.724136471748352
0.5924906730651855
0.664789617061615
0.7236720323562622
1.0923981666564941
0.4719223976135254
0.6309488415718079
0.6818583011627197
0.45534902811050415
0.4682639539241791
0.49479812383651733
0.24976913630962372
0.9465281367301941
0.6423829197883606
0.4808514714241028
0.34625616669654846
0.7285534739494324
0.3237965703010559
0.5556737184524536
0.7199680209159851
0.4838770925998688
0.4602000117301941
0.5211450457572937
0.4841464161872864
0.7009392976760864
0.5288199186325073
0.7173279523849487
0.35853585600852966
0.5280147790908813
0.6738030314445496
0.2622022032737732
0.49839895963668823
1.0565400123596191
0.257124125957489
0.5984869003295898
0.6547819972038269
0.27891719341278076
0.5411068201065063
0.8745603561401367
0.5371745228767395
0.20169594883918762
0.36406397819519043
0.2337288111448288
0.8330286741256714
0.5378926396369934
0.4408082067966461
0.9080589413642883
0.7333249449729919
0.47903189063072205
0.5761991739273071
0.7794132232666016
0.3974774181842804
0.1918880194425583
0.49933043122291565
0.6683412194252014
0.5965896844863892
0.9431560635566711
0.6164954900741577
0.4058043360710144
0.3325062394142151
0.6215734481811523
0.4277614951133728
0.39044827222824097
0.2663814425468445
0.4317599833011627
0.764286458492279
0.265259712934494
0.3461384177207947
0.7336663007736206
0.7387068867683411
0.46077173948287964
0.5922205448150635
0.5470094680786133
0.6142174005508423
0.5886825323104858
0.5190067291259766
0.29057180881500244
0.3365306258201599
0.4689238667488098
0.4434623718261719
0.45893678069114685
0.42682474851608276
0.4844491481781006
0.6331935524940491
0.5640546083450317
1.0045610666275024
0.5938199758529663
0.49642419815063477
0.6256115436553955
0.29861775040626526
0.756109356880188
0.5488004088401794
0.7498155236244202
1.162174940109253
0.5621779561042786
0.5320706367492676
0.9458905458450317
0.6327995657920837
0.4556942880153656
0.551195502281189
0.3239533305168152
0.25861185789108276
0.5681551098823547
0.6135193705558777
0.4676944315433502
0.4104744493961334
0.91984623670578
0.5043982863426208
1.023428201675415
0.3771955668926239
0.5560270547866821
0.45299655199050903
0.9354938268661499
0.6739033460617065
0.3371894955635071
0.36185264587402344
0.4494535028934479
0.41636762022972107
0.34779074788093567
0.5448535680770874
0.18943241238594055
0.4944535195827484
0.2617240250110626
0.38551053404808044
0.4463671147823334
0.6469889283180237
0.3786799907684326
0.5423922538757324
0.7070382833480835
0.4248722195625305
0.8735772371292114
0.5495947003364563
0.48152342438697815
0.6404532790184021
0.8909386396408081
0.4723663926124573
0.3785257935523987
0.24037818610668182
0.2919294536113739
0.304396390914917
0.484428733587265
0.7391601800918579
0.5441678762435913
0.7200315594673157
0.3458992838859558
0.341556578874588
0.5617254376411438
0.23444262146949768
0.42825573682785034
0.46363386511802673
0.41452842950820923
0.23512616753578186
0.3413686752319336
0.6766656637191772
0.45181265473365784
0.6124353408813477
0.8115321397781372
0.7226298451423645
0.5380163192749023
0.5111098289489746
0.46793994307518005
0.431566059589386
0.8056588172912598
0.3171389698982239
0.7366048097610474
0.35678452253341675
0.9246808886528015
0.6242702603340149
0.40048161149024963
0.3898910880088806
1.1703684329986572
0.9713064432144165
0.38616061210632324
0.22658753395080566
0.5612400770187378
0.8268663287162781
0.6628156900405884
0.8438218832015991
0.8097134828567505
0.3333038091659546
0.35760942101478577
0.6075393557548523
0.7180503010749817
0.573379397392273
0.6926997303962708
1.0176278352737427
0.5342124104499817
0.6663445234298706
0.6722284555435181
0.5042835474014282
0.3985055088996887
0.5326191186904907
0.27653998136520386
0.4647466540336609
0.4433268904685974
0.44620242714881897
0.6702088117599487
0.39756110310554504
0.8095113635063171
0.39310142397880554
0.233241468667984
0.5803171396255493
0.3635239899158478
0.8066089749336243
0.28059813380241394
0.6532451510429382
0.5316054821014404
1.028596043586731
0.9417904615402222
0.35834604501724243
0.5211653709411621
0.7512718439102173
0.44309568405151367
0.8808001279830933
0.6536338329315186
1.1648669242858887
0.7213950753211975
0.2554337680339813
0.4995816648006439
0.3709162771701813
0.34489235281944275
0.5211848020553589
0.23945505917072296
0.44041284918785095
0.3102681040763855
0.8170021176338196
0.4672733247280121
0.2062573879957199
0.6998211145401001
0.65641850233078
0.35968852043151855
0.5277472138404846
0.42915335297584534
0.25968262553215027
0.6267971396446228
0.4389621317386627
0.5592719912528992
1.0082169771194458
0.22338852286338806
0.4289831519126892
0.8643259406089783
