0.4772055149078369
0.7287477254867554
0.5055360198020935
0.5135043859481812
0.45005521178245544
0.9844537973403931
0.431467205286026
0.5054162740707397
0.6352337598800659
0.4176674783229828
0.5491007566452026
0.7880823016166687
0.9686518907546997
0.5404140949249268
0.46917062997817993
0.5487946271896362
0.45119771361351013
0.7303852438926697
0.547617495059967
0.6265696883201599
0.2652517259120941
0.5038847923278809
0.4970911145210266
0.8383984565734863
0.3107633888721466
0.5205879211425781
0.4986209273338318
0.5958589315414429
0.5735451579093933
0.7415300607681274
0.35072362422943115
0.3253035247325897
0.3780759274959564
0.5282236337661743
0.5690097808837891
0.5096887350082397
0.7720271944999695
0.4383210241794586
0.3660438656806946
0.40683382749557495
0.5287103652954102
0.6888412833213806
0.4070294499397278
0.4125071167945862
0.49818676710128784
0.7450246810913086
0.3428242802619934
0.9428572654724121
0.9166480898857117
0.5568291544914246
0.4261929988861084
0.8393996357917786
0.5910772681236267
1.042538046836853
0.27045077085494995
0.7949825525283813
0.561083197593689
0.6116524934768677
0.5333325266838074
0.465107262134552
0.6580255031585693
0.5734483003616333
0.49003633856773376
0.8391106724739075
0.3988646864891052
0.6571705937385559
0.5249210596084595
0.657351553440094
0.6329135894775391
0.6033350229263306
0.4458913803100586
0.48159074783325195
0.4353521466255188
0.5304790735244751
0.45544666051864624
0.5506094694137573
0.5895273089408875
0.45801645517349243
0.481619656085968
0.5247254967689514
0.5426941514015198
0.3398067355155945
0.4962283968925476
0.5902220606803894
0.8348239660263062
0.38500577211380005
0.25681719183921814
0.3970511853694916
0.5507463216781616
0.48688292503356934
0.8301101922988892
0.4428373873233795
0.4249463975429535
0.5803712010383606
1.2258784770965576
0.5178588032722473
0.43567436933517456
0.6814910173416138
0.5633977055549622
1.5024334192276
0.5138782262802124
0.29526224732398987
0.5950535535812378
0.26708316802978516
0.7456793785095215
0.545074462890625
1.1618969440460205
0.8063152432441711
0.5855830907821655
0.29995429515838623
0.3825931251049042
0.6425418853759766
0.28732916712760925
0.24204882979393005
0.7696926593780518
0.2985847592353821
0.8682432174682617
0.15118882060050964
0.4405769407749176
0.2855174243450165
0.3755912482738495
0.6509619951248169
0.40425482392311096
1.3682215213775635
0.37565261125564575
0.36593079566955566
0.7365382313728333
0.6168831586837769
0.5591748952865601
0.2594608664512634
0.6654729843139648
0.6963426470756531
0.5698690414428711
0.5486894845962524
0.816409707069397
0.38369783759117126
0.876727283000946
0.31690073013305664
0.4882003664970398
0.3691069483757019
0.4003368318080902
0.3235990107059479
0.6281951069831848
0.4639875888824463
0.6667229533195496
0.8267728686332703
0.5129464268684387
0.22902044653892517
0.6270569562911987
0.7205540537834167
0.4594520032405853
0.541742205619812
0.34857603907585144
0.36213788390159607
0.5839368104934692
0.2630045711994171
0.6499825716018677
0.4184274673461914
0.31218400597572327
0.7517485022544861
0.5231888890266418
0.5579656362533569
0.70062655210495
0.4910874366760254
0.5201741456985474
0.2801976203918457
0.678820013999939
0.3728054165840149
0.6164090037345886
0.3845071792602539
0.8306465148925781
0.34836527705192566
0.4020400643348694
0.5402988195419312
0.38028037548065186
0.9224971532821655
0.3194037079811096
0.6014100313186646
0.6599294543266296
0.9909170269966125
0.9511153101921082
0.3162831664085388
0.8826166987419128
0.49993762373924255
0.4904025197029114
0.6076055765151978
0.5933534502983093
0.4421677589416504
0.33757466077804565
0.4061136245727539
0.5748991966247559
0.34436994791030884
0.6345878839492798
0.24545541405677795
0.5129660367965698
0.6645725965499878
0.30530470609664917
0.5635823011398315
0.5612144470214844
0.4338706433773041
0.43084487318992615
0.38910776376724243
0.4148126542568207
0.6180720329284668
0.44849634170532227
0.4917122721672058
0.5224926471710205
0.555503249168396
0.399277001619339
0.7858131527900696
0.8332660794258118
0.32304057478904724
0.3235761225223541
0.8528226613998413
0.3683792054653168
0.7583662867546082
0.27656587958335876
0.7385416030883789
0.46881890296936035
0.4710838794708252
0.5578134655952454
0.3928479254245758
0.4004881978034973
0.3482015132904053
0.47899723052978516
0.631729006767273
0.5109094381332397
0.49811896681785583
0.12289591133594513
0.5020018219947815
0.45999374985694885
0.20681409537792206
0.3434751033782959
1.0929468870162964
0.4913456439971924
1.046524167060852
0.9014036059379578
0.6307423710823059
0.4765327572822571
0.2949647903442383
0.31711068749427795
0.24360644817352295
0.4204440712928772
0.5265701413154602
0.8239603042602539
1.3795571327209473
0.5517243146896362
0.6763144731521606
0.9154056310653687
0.2222897708415985
0.6184579133987427
0.3187839090824127
0.5319082736968994
0.29809805750846863
0.7095884084701538
0.433882474899292
0.3143169581890106
0.4232073724269867
0.5108568072319031
0.48307958245277405
0.3696975111961365
0.39252740144729614
0.6368515491485596
0.8834947347640991
0.2050069272518158
0.47722315788269043
0.692001461982727
0.1256687343120575
0.4170684814453125
0.5528967976570129
0.453960657119751
1.1392836570739746
0.36477184295654297
0.6275460124015808
0.3698490262031555
0.6410313844680786
0.3794899880886078
0.23144979774951935
0.27405157685279846
1.0380488634109497
0.7001655697822571
0.26815468072891235
0.3275049328804016
0.8270454406738281
0.6199873685836792
0.5662404298782349
0.48497122526168823
0.7500119209289551
0.4913538992404938
0.5728265047073364
0.4844185411930084
0.37336647510528564
0.27120232582092285
0.7410432696342468
0.44717058539390564
0.3653983473777771
0.25819042325019836
0.4781573414802551
0.4711824357509613
0.5891658663749695
0.8218504190444946
0.24554100632667542
0.4058751165866852
0.47953853011131287
0.7612179517745972
0.5887764096260071
0.6739597916603088
0.3416760265827179
0.4984220862388611
0.9036048054695129
0.8560528755187988
0.44282960891723633
0.25472313165664673
0.9841062426567078
0.3957197070121765
0.8665873408317566
0.9444796442985535
0.3738470673561096
0.46366581320762634
0.2588655352592468
0.5790900588035583
0.8433471918106079
0.344920814037323
0.6109158992767334
0.44231367111206055
0.709510326385498
0.6158337593078613
0.3678537905216217
0.41423287987709045
0.346525639295578
0.4568476676940918
0.5862816572189331
0.6462496519088745
0.48609915375709534
0.653705358505249
0.7204865217208862
0.3857014775276184
0.5926178097724915
