0.4421829581260681
1.0351454019546509
0.5376476049423218
0.47378063201904297
0.24855828285217285
0.8378607034683228
1.1264307498931885
0.3387131094932556
0.42138156294822693
0.32271304726600647
0.6281415820121765
0.47061529755592346
0.3271058201789856
0.44917306303977966
0.8524910807609558
1.0102437734603882
0.8885948061943054
0.5127792358398438
1.0051953792572021
0.8548755645751953
0.32895421981811523
0.7611435055732727
0.5489798188209534
0.3522607982158661
0.7079885601997375
0.34745916724205017
0.7318159937858582
0.6337152719497681
0.3107922673225403
0.3327809274196625
0.5835862159729004
0.6466768383979797
0.7055534720420837
0.4873013496398926
0.2736463248729706
0.2925964295864105
0.7987347841262817
0.6661838293075562
0.35532572865486145
0.5026852488517761
0.42572689056396484
0.441986620426178
0.5938819646835327
0.6932315826416016
0.5995333790779114
0.3415498435497284
0.5755493640899658
0.3081430196762085
0.33924391865730286
0.5486047863960266
0.5970247387886047
1.2003450393676758
0.9511533975601196
0.7593438625335693
0.4777511656284332
0.6584863662719727
0.4283326268196106
0.4422532916069031
0.3014812469482422
0.3365166485309601
0.23006358742713928
0.5775278806686401
0.15905407071113586
0.5268080830574036
0.5608750581741333
0.6600719690322876
0.30255475640296936
0.3128478527069092
0.49703294038772583
0.46732965111732483
0.37746256589889526
0.8109259605407715
0.7490026950836182
0.5825625061988831
0.41466253995895386
0.6440858840942383
1.0355522632598877
0.6567838788032532
0.4775509834289551
0.36778944730758667
0.4968295097351074
0.29137295484542847
0.5055587887763977
0.8054558038711548
0.5404954552650452
0.3122271001338959
0.9803098440170288
0.608795166015625
0.38159289956092834
0.3237292766571045
0.2781739830970764
0.5589946508407593
0.2945381999015808
0.3845364451408386
0.7141858339309692
0.7151301503181458
0.5427616834640503
0.8509849309921265
0.24245485663414001
0.527350902557373
0.3707377016544342
0.5362315773963928
0.5928839445114136
0.6336691975593567
0.22264115512371063
0.7988463044166565
0.5035112500190735
0.9342438578605652
0.4143919050693512
0.7440340518951416
0.555526852607727
0.5329001545906067
0.45572805404663086
0.41548585891723633
0.968256950378418
0.35070380568504333
0.42024070024490356
0.35055050253868103
0.8089503049850464
0.26332956552505493
0.20034916698932648
0.4553661346435547
1.0745521783828735
0.6535145044326782
0.2819443941116333
0.39829784631729126
0.9817625284194946
0.599929928779602
0.46037787199020386
0.6166194081306458
0.7443296313285828
0.2120659053325653
0.9614436030387878
0.9628530740737915
0.9812436103820801
0.4036200940608978
0.523107647895813
0.5605530142784119
0.297321617603302
0.15699899196624756
1.127845287322998
0.28185710310935974
0.7633563876152039
0.792898952960968
0.318991482257843
0.6295124888420105
1.167725682258606
0.2669455111026764
0.7492103576660156
0.6809029579162598
0.6362947821617126
0.31589874625205994
0.8762232065200806
0.38503825664520264
0.4734801650047302
0.29896798729896545
1.0350013971328735
1.0232679843902588
1.0129482746124268
0.3058093190193176
0.46727830171585083
0.2393830120563507
0.7312214374542236
0.5814611315727234
1.2145929336547852
0.5731602907180786
0.4498535692691803
0.596007227897644
0.4233613908290863
0.24369850754737854
0.505376935005188
0.2117873728275299
0.595150351524353
0.2887170910835266
0.5079072117805481
0.1634509265422821
0.5119813084602356
0.7031387090682983
0.3301757276058197
0.6715534925460815
0.897473931312561
0.37470003962516785
0.565031111240387
0.5398648977279663
0.7342933416366577
0.4252762198448181
0.5678920745849609
0.3975621461868286
0.5045040249824524
0.5889749526977539
0.9208856821060181
0.37453722953796387
0.5121029019355774
0.6567624807357788
0.2955814599990845
0.16668793559074402
0.25155195593833923
0.5483796000480652
0.08411689847707748
0.7829462885856628
0.5099630951881409
0.6586469411849976
0.5589790344238281
0.2564474940299988
0.3181914687156677
0.7613977789878845
0.46187859773635864
0.3182317018508911
0.5218745470046997
0.40104612708091736
0.6138721704483032
0.6940069198608398
0.5841621160507202
0.3063853681087494
0.3197314143180847
0.4758884310722351
0.6790149211883545
1.0794821977615356
0.4316350519657135
0.47808367013931274
0.2260933220386505
0.4195583462715149
0.9280683398246765
0.24796447157859802
0.3496178984642029
0.30753636360168457
0.6729782223701477
0.454068660736084
0.38426926732063293
0.7496591806411743
0.7780207395553589
0.3357451856136322
0.24357716739177704
0.7159148454666138
0.561002254486084
0.5561209917068481
0.37602514028549194
0.6643970608711243
0.6902409791946411
0.5331770181655884
0.546963095664978
0.6040780544281006
0.7470157742500305
0.6858915686607361
0.5151124596595764
0.7919696569442749
0.2925886809825897
0.4801763892173767
0.47083157300949097
0.3498663306236267
0.6969274878501892
0.5548382997512817
0.6848015189170837
0.22774676978588104
0.5113996267318726
0.8568261861801147
0.4045941233634949
0.871464729309082
0.8343452215194702
0.4299716055393219
0.5284806489944458
0.6043285727500916
0.7997736930847168
0.6051328182220459
0.9372535943984985
0.44347935914993286
0.5812517404556274
0.22964724898338318
0.3790970742702484
0.4366292357444763
0.6234245300292969
0.24995622038841248
0.29131168127059937
0.40942320227622986
0.36642852425575256
0.8602362871170044
0.23442015051841736
0.7032618522644043
0.4334750175476074
0.4568074345588684
0.5012486577033997
0.3468922972679138
0.6318522691726685
0.8087838888168335
0.5412907004356384
0.580004870891571
0.5862483978271484
0.5060006380081177
0.7830451726913452
0.4400796890258789
0.7315382361412048
0.6140679121017456
0.38957780599594116
0.32212772965431213
0.7555963397026062
0.4898280203342438
0.41280609369277954
0.2409725934267044
0.20493793487548828
1.1300086975097656
0.8260713815689087
0.5916828513145447
0.3167290687561035
0.25810059905052185
0.7649049162864685
0.6105033159255981
0.44303828477859497
0.5670250058174133
0.7792682647705078
0.8513399958610535
0.9374526739120483
0.34138837456703186
0.6510895490646362
0.6765782237052917
0.9809405207633972
0.45689764618873596
0.4190879464149475
0.8345848917961121
0.4406154155731201
0.2577570378780365
0.24571534991264343
0.34354734420776367
0.36405789852142334
0.6023064851760864
0.32876238226890564
0.7536861300468445
0.6871246099472046
0.5868422985076904
0.9938971400260925
0.34883061051368713
0.40235909819602966
0.45316848158836365
0.6912292242050171
0.6960991024971008
0.3029429614543915
0.7998123168945312
0.24479040503501892
0.6021354794502258
