0.5252487063407898
0.6199824213981628
0.7691707015037537
0.5892161130905151
0.5458928346633911
0.67995285987854
1.0551024675369263
0.44559240341186523
0.5303238034248352
0.9439321756362915
0.5138738751411438
0.5967386364936829
0.44138193130493164
0.6816214323043823
0.4124646782875061
0.542352557182312
0.5355779528617859
0.9146888852119446
0.19615069031715393
0.7423480153083801
0.33657556772232056
0.6009842157363892
0.7060401439666748
0.5256854891777039
0.6065958738327026
0.5073006749153137
0.6195804476737976
0.3136746287345886
0.5061085224151611
0.3943796455860138
0.3265465199947357
0.5985602736473083
0.27337735891342163
0.3298872411251068
0.7683044672012329
0.29762011766433716
0.26271867752075195
1.1824157238006592
0.8595520257949829
0.3683016300201416
0.47410768270492554
0.5700128078460693
0.2723765969276428
0.6992098093032837
0.40913254022598267
1.00588858127594
0.38651856780052185
0.5117328763008118
0.5356590151786804
0.6278254389762878
0.5197781920433044
0.7563682198524475
0.908035397529602
0.6940494775772095
0.6846277117729187
0.5056461095809937
0.558256983757019
0.35945409536361694
0.6506026983261108
0.39508944749832153
0.4749685823917389
0.6337674856185913
0.1557668149471283
0.4249308705329895
0.45194244384765625
0.7527916431427002
0.3970070481300354
0.5724517703056335
0.9726332426071167
0.6134847402572632
0.3387751579284668
0.5587488412857056
0.21595588326454163
0.8263945579528809
0.6301189661026001
0.6731430292129517
0.5980590581893921
0.2440771758556366
0.33607393503189087
0.9205049276351929
0.2749767303466797
0.5757139921188354
0.4926740527153015
0.2516147792339325
0.4485078752040863
0.7136660814285278
0.3165972828865051
0.5364637970924377
0.7466480731964111
0.6644855737686157
0.568426251411438
0.5517274737358093
0.7184463739395142
0.7421778440475464
0.7337851524353027
1.0906035900115967
0.4477221369743347
0.852321982383728
0.6783889532089233
0.3557654917240143
0.5004528164863586
1.0314619541168213
0.6126986742019653
0.3828735053539276
0.457463800907135
0.30223792791366577
0.7701277136802673
0.6608105897903442
0.4560941159725189
0.4359970986843109
0.1762457638978958
0.47325578331947327
0.4076082110404968
0.3533531725406647
0.35942864418029785
1.018954873085022
0.361781507730484
0.6034398674964905
0.6725573539733887
0.8675798177719116
0.8623220324516296
1.7347781658172607
0.6459195017814636
0.5087359547615051
0.1245991587638855
0.8108285069465637
0.44613179564476013
1.1376662254333496
0.31527143716812134
0.4210209846496582
0.530495822429657
0.4980125427246094
0.8703296780586243
0.31719809770584106
0.826930820941925
0.7675142288208008
0.7711723446846008
0.9016679525375366
0.5987896919250488
0.4637199342250824
0.3945974111557007
0.4954911172389984
0.5734624862670898
0.6033592224121094
0.7324387431144714
0.36068421602249146
0.372327595949173
0.9368585348129272
0.5153581500053406
0.1550658494234085
1.1043589115142822
0.569334864616394
0.3684011399745941
0.33946749567985535
0.21307353675365448
0.5200647115707397
0.5314103364944458
0.44618692994117737
0.3751373589038849
0.3114781975746155
0.8966879844665527
0.6557940244674683
0.5913636088371277
0.5397630929946899
0.6356499791145325
0.4309268891811371
0.9242769479751587
0.9344075322151184
0.4240925908088684
0.6797720789909363
1.3613152503967285
0.3901432752609253
0.6087996959686279
0.43947696685791016
0.5227962136268616
0.967930018901825
0.6404535174369812
0.3552733063697815
0.3925582766532898
0.5568650960922241
0.4363643527030945
0.4683656096458435
0.6983240246772766
0.5766793489456177
0.213066965341568
0.45875224471092224
0.32586854696273804
0.7100133895874023
0.3706955313682556
0.6295835971832275
0.35175254940986633
0.44418206810951233
0.7150524258613586
0.6937936544418335
0.38671693205833435
0.5985234975814819
0.7430974245071411
0.8186861872673035
0.608675479888916
0.5065258741378784
0.34336191415786743
0.8240714073181152
0.450605571269989
0.6911450624465942
0.8822959661483765
0.6600545644760132
0.17358969151973724
0.6231461763381958
0.5580695271492004
0.6035141944885254
0.3907080292701721
0.9272410273551941
0.4944319725036621
0.41225165128707886
0.49509334564208984
0.3972596526145935
0.2325327843427658
0.7627677321434021
0.8699763417243958
0.592153787612915
0.4705362915992737
0.6109637022018433
1.025726318359375
0.381287157535553
0.32777565717697144
0.8557767868041992
0.6085638999938965
0.34288907051086426
0.22897036373615265
0.3171752393245697
0.6399415135383606
0.7688226699829102
0.35783734917640686
0.2769008278846741
0.2482178658246994
0.6501452326774597
0.15046262741088867
1.1282225847244263
0.4997636377811432
0.9396122097969055
0.26800209283828735
0.4852716326713562
0.45306435227394104
0.5442560911178589
0.8806713223457336
0.34891781210899353
0.26339447498321533
0.5209423303604126
0.903845489025116
1.0513808727264404
0.4634130001068115
1.0737305879592896
0.5771702527999878
0.6727759838104248
0.4523540139198303
0.6753427386283875
0.8794187307357788
0.38704031705856323
0.29480427503585815
0.5153909921646118
0.2872541546821594
0.3903500735759735
0.5016627907752991
0.7816106081008911
0.6358129382133484
0.5348288416862488
1.1530964374542236
0.8461810946464539
0.5362142324447632
0.8797394633293152
0.2586436867713928
0.32521766424179077
0.4042585492134094
0.5042076110839844
0.6745935678482056
0.7353729009628296
0.3867708146572113
0.6432158350944519
0.24286513030529022
0.35297709703445435
0.5829260945320129
0.329367458820343
0.7166780233383179
0.27428776025772095
0.8722802996635437
0.5031158924102783
0.47398290038108826
0.4578072130680084
0.6237972378730774
0.4483443796634674
0.6836827993392944
0.6070125102996826
0.33278846740722656
0.9738443493843079
0.5598767995834351
0.42159295082092285
0.6777416467666626
0.7519627809524536
0.4417646527290344
0.26714274287223816
0.7548088431358337
0.5250601768493652
0.7992662191390991
0.5546500086784363
0.27379974722862244
0.5444164872169495
0.7624760270118713
0.13713125884532928
0.6106969118118286
0.35954728722572327
0.9391577839851379
0.7591420412063599
0.8058889508247375
0.5142026543617249
0.37794965505599976
0.4112474322319031
0.8613920211791992
0.8967589139938354
0.5079444050788879
0.4325074553489685
0.3886250853538513
0.4712657332420349
0.5131576061248779
0.8353604078292847
0.5417488813400269
0.6078602075576782
0.8046981692314148
0.38796964287757874
0.49479588866233826
0.5148081183433533
0.2722369432449341
0.24824866652488708
0.4607548713684082
0.7031819820404053
0.35044804215431213
0.7054744362831116
0.9378588795661926
0.43054065108299255
