0.3138831853866577
0.2730104327201843
0.3232547640800476
0.8060164451599121
0.4539552330970764
0.960096001625061
0.568711519241333
0.22501900792121887
0.8885853886604309
0.3863388001918793
0.2913352847099304
0.6634097099304199
0.20840394496917725
0.4858275055885315
0.4725233018398285
0.2507742643356323
0.5166254043579102
0.8507311940193176
0.6374404430389404
0.16459408402442932
0.5671758055686951
0.5926178693771362
0.3591872751712799
0.6384556889533997
0.8855133056640625
0.23646453022956848
0.558712899684906
0.28549131751060486
0.6159681677818298
0.4604260325431824
0.5563085675239563
0.2872999310493469
0.3551868498325348
0.7106948494911194
0.349586546421051
0.8858224749565125
0.6368368864059448
0.5124551057815552
0.36602625250816345
0.5834485292434692
0.5790830850601196
0.8529499173164368
0.7866147756576538
0.3342525064945221
0.519443154335022
0.36249393224716187
0.4200912415981293
0.6955199241638184
1.1507446765899658
0.4244878888130188
0.8496068716049194
0.5174528360366821
0.506926417350769
0.666843593120575
0.6863803267478943
0.6937922239303589
0.940009593963623
0.32670342922210693
0.6356522440910339
0.5427263975143433
0.3257536292076111
0.48407620191574097
0.42587175965309143
0.531485915184021
1.024219274520874
0.4995163381099701
0.3597121834754944
1.0104470252990723
0.5906535387039185
0.46517592668533325
0.23484840989112854
0.2003660649061203
0.310697466135025
0.30303800106048584
0.4860547184944153
0.6501428484916687
0.36723488569259644
0.315378874540329
0.6254783868789673
0.7134497761726379
0.91510009765625
0.2886897921562195
0.4162043035030365
0.4375186562538147
0.6064652800559998
0.3089921474456787
0.8094757199287415
0.44542020559310913
0.5354549884796143
1.0256214141845703
0.5496715307235718
0.2975829243659973
0.3244818449020386
0.3065127730369568
0.2359619140625
0.7599069476127625
0.5394179224967957
0.7003483176231384
0.5356591939926147
0.5496379137039185
0.3325277268886566
0.9210060834884644
0.6439911723136902
0.5531543493270874
0.40449777245521545
0.8476282358169556
0.7829108238220215
0.9364960789680481
0.2885281443595886
0.4444144666194916
0.7864553928375244
0.6877679228782654
0.9536905288696289
0.764900803565979
0.33595651388168335
0.6443626284599304
0.549271285533905
0.3895769715309143
0.3132641315460205
0.6621493101119995
0.7183347940444946
0.3038584291934967
0.9541823267936707
0.40715259313583374
0.6050492525100708
0.9131593704223633
0.6117388010025024
0.5686874389648438
0.7690285444259644
0.5364664793014526
0.5722733736038208
0.49404746294021606
0.59807288646698
0.4385480284690857
0.7982150316238403
0.4041244387626648
0.3401823341846466
0.5305218696594238
0.328696072101593
0.4681094288825989
0.20824556052684784
0.7474220395088196
0.3749299645423889
0.660198450088501
0.24922442436218262
0.44090622663497925
0.4410414695739746
0.5620173215866089
0.43593573570251465
0.5001477003097534
0.7088207006454468
0.6650230288505554
1.364960789680481
0.37220269441604614
0.9024408459663391
0.7030206918716431
0.6680877804756165
0.7005231380462646
0.5593023300170898
0.4186316430568695
0.5946091413497925
0.40453094244003296
0.3700945973396301
0.5489625930786133
0.3705388605594635
0.23208455741405487
0.37975504994392395
0.3841334879398346
0.717415452003479
0.6829808950424194
0.372825562953949
0.4311867654323578
0.573964536190033
0.5234609842300415
0.26441723108291626
0.43876582384109497
0.34800177812576294
0.2545071840286255
0.63423091173172
0.2730996608734131
0.3987480700016022
0.32542964816093445
0.9227361679077148
0.5753523111343384
0.5258245468139648
0.4270711839199066
0.495047003030777
0.5600482225418091
0.3737693130970001
0.29323136806488037
0.615909218788147
0.3996390700340271
0.3823717534542084
1.0161892175674438
0.3788183629512787
0.35039788484573364
0.9810965657234192
0.5021117329597473
0.5742508172988892
0.5315484404563904
1.1143418550491333
0.35622546076774597
0.7609539031982422
0.6104229688644409
0.5675702095031738
0.29115939140319824
0.5058731436729431
0.3569612503051758
0.7850959300994873
0.2062012404203415
0.40712547302246094
0.69209223985672
0.45156246423721313
0.7778285145759583
0.7764611840248108
0.21754932403564453
0.49348026514053345
0.7427327036857605
1.0022516250610352
0.2227058857679367
0.31248340010643005
0.26418203115463257
0.6547042727470398
0.862267017364502
0.4168155789375305
0.9801610112190247
0.43416690826416016
0.4422644078731537
0.6447330713272095
0.396171510219574
0.7766206860542297
0.5144910216331482
0.5666537284851074
0.2695469260215759
0.3370000720024109
0.2658540606498718
0.45629429817199707
0.6233709454536438
0.35893815755844116
0.70526522397995
0.7162675857543945
0.5944766402244568
0.6540530323982239
0.45375317335128784
0.6002812385559082
0.6071704626083374
0.308023065328598
0.741739809513092
0.3745137155056
0.34853801131248474
0.4590226709842682
0.3004368543624878
0.7993671894073486
0.5636743307113647
0.3298492431640625
0.8522108197212219
0.45468491315841675
0.7364389896392822
0.24387884140014648
0.43755635619163513
0.5559403300285339
0.5979844927787781
0.6125255823135376
0.34369364380836487
0.4099859297275543
0.589066207408905
0.43773525953292847
0.5579239130020142
0.4299691319465637
0.49588924646377563
0.6005206108093262
0.4585646092891693
0.5798760056495667
0.8216684460639954
0.9168612360954285
0.6702936887741089
0.715774416923523
0.5423954725265503
0.7318546175956726
0.4847230315208435
0.5954480171203613
0.24072954058647156
0.43293213844299316
0.6190121173858643
1.2638484239578247
0.35657408833503723
0.5156898498535156
0.34136325120925903
0.5442103147506714
0.379683256149292
0.2975940704345703
0.732009768486023
0.8907747268676758
0.5250484347343445
0.2740097939968109
0.39487385749816895
0.46747875213623047
0.26970601081848145
0.6421436667442322
0.6085145473480225
0.19367840886116028
0.3794950842857361
0.3456704914569855
0.8742595911026001
0.5793169736862183
0.6540836095809937
1.1794612407684326
0.5547078847885132
1.0697158575057983
0.37680575251579285
0.3670716881752014
0.2806732952594757
0.6302014589309692
0.5848175287246704
0.6469791531562805
0.2519471049308777
0.9405319094657898
0.5818926095962524
0.5926423668861389
0.4854244589805603
0.3315410614013672
0.5855711698532104
0.8052690625190735
0.9657735824584961
0.21128320693969727
0.41940006613731384
0.3491436839103699
0.39087265729904175
0.3425324559211731
0.39557594060897827
0.5609556436538696
1.017242431640625
0.8054850697517395
0.25256261229515076
0.7965496182441711
0.5373591184616089
0.7513121366500854
1.351941466331482
