0.818526566028595
0.8299862742424011
0.6861478090286255
0.38871094584465027
0.7663575410842896
0.7240665555000305
0.8568146824836731
0.5529720187187195
0.3600368797779083
0.41113561391830444
0.47913727164268494
0.46705883741378784
0.5300863981246948
0.4162469804286957
0.8066658973693848
0.5293371081352234
0.3889121413230896
0.30681467056274414
0.5643516778945923
0.7226325869560242
0.6328643560409546
0.3111693263053894
0.3246312737464905
0.7295543551445007
0.3856864869594574
0.6418583989143372
0.2786833941936493
0.683268666267395
0.8366063237190247
0.5384905934333801
0.5340670347213745
0.4341806471347809
0.3021124303340912
0.45004692673683167
0.31087175011634827
0.31665313243865967
0.33339643478393555
0.4900088310241699
0.4215729832649231
0.5366710424423218
0.5276613235473633
0.643460750579834
0.5650245547294617
0.7088418006896973
0.49158087372779846
0.8165650367736816
0.3605356812477112
0.8133648633956909
0.5336400270462036
0.24652108550071716
0.36020585894584656
0.44062671065330505
0.5672540664672852
0.4937801957130432
0.7741546630859375
0.4083681106567383
0.4870681166648865
0.30983129143714905
0.6793105602264404
0.3989945650100708
0.721089243888855
0.4149457812309265
0.14025534689426422
1.0218526124954224
0.8280448913574219
0.3542458415031433
0.801323413848877
0.4173361659049988
0.3001722991466522
0.6209713816642761
0.13738520443439484
0.46911659836769104
0.34072622656822205
0.4531475007534027
0.5084088444709778
0.1280839741230011
0.5199530720710754
0.3460220694541931
0.5369876623153687
0.6880350708961487
0.7077862024307251
0.24048881232738495
0.2509278655052185
0.6253213882446289
0.5119749307632446
0.5667101144790649
0.5946884751319885
0.418612003326416
0.476323664188385
1.0567740201950073
0.47829198837280273
0.32564085721969604
0.5274346470832825
0.6683441996574402
0.4643213152885437
0.4365018904209137
0.8594084978103638
0.6581228375434875
0.6812524199485779
0.7972713708877563
0.34563329815864563
0.5466331839561462
0.5381508469581604
0.38338008522987366
0.9737541079521179
0.4863548278808594
0.5450621843338013
0.5057209730148315
0.7384374737739563
0.33096545934677124
0.38345178961753845
0.6609965562820435
0.5764252543449402
0.8168463706970215
0.44742029905319214
0.30160605907440186
0.6190124750137329
0.3877045512199402
0.3342931270599365
0.5139421224594116
0.5935065150260925
0.5384644269943237
0.43179482221603394
0.6783771514892578
0.7094336152076721
0.4915091395378113
0.4405456483364105
0.6363698244094849
0.5256279110908508
0.5774453282356262
0.4237281382083893
0.4640073776245117
0.573957622051239
0.6671777963638306
0.8024896383285522
0.36415404081344604
0.7470120191574097
0.39877286553382874
1.1830384731292725
0.5025021433830261
0.4865371584892273
0.5374698638916016
0.2645372152328491
0.9769355654716492
0.7639608383178711
0.6291431784629822
0.47844424843788147
0.6231993436813354
0.42979803681373596
0.47666606307029724
0.39316654205322266
0.2688143253326416
1.012840986251831
0.38488084077835083
0.5898396372795105
0.33737310767173767
0.498007595539093
0.6527006030082703
0.7771468162536621
0.5763927698135376
0.4040362238883972
0.5105026960372925
0.20500285923480988
0.43981868028640747
0.35224658250808716
0.20742730796337128
0.3071824014186859
0.5090236663818359
0.8768367767333984
0.7057867646217346
0.35274839401245117
0.5103448629379272
1.0849483013153076
0.5571104288101196
0.7054768800735474
0.6493973731994629
0.48354095220565796
0.37900716066360474
0.5067697167396545
0.9749172329902649
0.2752194106578827
0.393506795167923
0.8273611068725586
0.201571986079216
1.040281057357788
0.8575992584228516
0.4090612530708313
0.3609101474285126
1.670960783958435
0.7286293506622314
0.9666019678115845
1.1283068656921387
0.5077117681503296
0.46380871534347534
0.49817267060279846
1.4144551753997803
0.36790362000465393
0.3849489688873291
0.33741483092308044
0.21475033462047577
0.2586561441421509
0.3965214788913727
0.16788586974143982
0.3883967399597168
0.41938939690589905
0.2706141471862793
0.3407782316207886
0.6580474376678467
0.49988269805908203
0.9094897508621216
0.3790954053401947
0.30982333421707153
0.5011507272720337
0.42964595556259155
0.7689077854156494
1.3674020767211914
0.3869151473045349
0.5099730491638184
0.32501450181007385
0.559299886226654
0.6518410444259644
0.33840757608413696
0.5103465914726257
0.3237248957157135
1.188136339187622
0.445134699344635
0.23597994446754456
0.575957715511322
0.219697043299675
0.29770320653915405
0.910812497138977
0.781646192073822
0.6426109075546265
0.2848835587501526
0.5260776877403259
0.5062047839164734
0.308346688747406
0.33532050251960754
0.5292665362358093
0.8254590034484863
0.5179660320281982
0.5298147201538086
0.733333945274353
0.565223753452301
0.5578307509422302
0.23961758613586426
0.3255130350589752
0.578702449798584
0.6626570820808411
0.7340185046195984
0.5722543597221375
0.4126916825771332
0.9464882016181946
0.671693742275238
1.1231859922409058
0.5550803542137146
0.7172068357467651
0.5933027267456055
0.29097414016723633
0.881027340888977
0.35169321298599243
0.45603251457214355
0.29227006435394287
0.308577299118042
0.4373508393764496
0.5180994272232056
0.4505736231803894
0.8103277087211609
0.3862289786338806
0.7679909467697144
0.48348307609558105
0.48529911041259766
0.985782265663147
0.5675543546676636
0.41869935393333435
0.7462669610977173
0.6406780481338501
0.5635136365890503
0.42022982239723206
0.36366361379623413
0.4273366928100586
0.5552877187728882
0.277920126914978
0.5780247449874878
0.6154446601867676
0.40663495659828186
0.9389546513557434
0.5859865546226501
0.6330411434173584
0.7763231992721558
0.4613479971885681
0.6405045390129089
0.38766470551490784
0.207315132021904
0.2297106236219406
0.7595478892326355
0.1627025604248047
0.6703284978866577
0.9845565557479858
0.931394100189209
0.4306538701057434
0.6444249749183655
0.6153355836868286
0.44337597489356995
0.35942354798316956
0.7073334455490112
0.5950750708580017
0.29917338490486145
0.5663391351699829
0.7520702481269836
0.44706791639328003
0.2388380467891693
0.6875826716423035
0.6694405674934387
0.5460857152938843
0.3971215486526489
0.4210290312767029
0.3168085217475891
0.38405075669288635
0.8306277990341187
0.42336305975914
0.7520169019699097
0.6278648376464844
0.3675154447555542
0.17759940028190613
0.5492576360702515
1.0831516981124878
0.5036225318908691
0.46954458951950073
0.5172538757324219
0.2903267443180084
0.8264576196670532
0.4450724720954895
0.3042794466018677
0.8549294471740723
0.6024140119552612
0.41300296783447266
0.8697803616523743
