0.45552921295166016
0.36471062898635864
0.7343124151229858
0.48269596695899963
0.4875659942626953
0.41391658782958984
0.3647071421146393
0.2538169324398041
0.5451818704605103
0.3975684344768524
0.43806299567222595
0.519850492477417
0.3940093219280243
0.26260480284690857
0.9655718803405762
0.47799140214920044
0.2016495168209076
0.4360430836677551
0.5669364929199219
0.4988546371459961
0.4421451985836029
0.511538028717041
0.493506520986557
0.7551102042198181
0.9532049894332886
0.34306445717811584
0.45203131437301636
0.5696569681167603
0.4277230203151703
0.565886378288269
0.2666080892086029
0.5950942635536194
0.511840283870697
0.39208415150642395
0.3984735608100891
0.6185318827629089
1.0072957277297974
0.2535688579082489
0.4200785160064697
0.5847236514091492
0.49484533071517944
0.5619443655014038
0.502367377281189
0.1865665465593338
0.7592585682868958
0.47221270203590393
0.6775887608528137
0.6437781453132629
0.5701311826705933
0.6903316378593445
0.5670687556266785
0.5671817660331726
0.7608822584152222
0.35947465896606445
0.7650972604751587
0.4976390302181244
0.4764643609523773
0.7537562251091003
0.5693805813789368
0.49052801728248596
0.4105446934700012
0.34949177503585815
0.5632678270339966
0.6178598403930664
0.33224016427993774
0.6915706396102905
0.2769392132759094
0.6694158315658569
0.5837520360946655
0.3665584921836853
0.7411087155342102
0.5716528296470642
0.43761691451072693
0.592624306678772
0.7017461061477661
0.7593857049942017
0.46517953276634216
0.269416481256485
0.3507947325706482
0.41882023215293884
0.49705058336257935
0.376383513212204
0.5706993341445923
0.27381542325019836
0.5018272399902344
1.0266449451446533
0.6824349761009216
0.4984995722770691
0.4274800419807434
0.49369144439697266
0.5277029275894165
0.21878591179847717
0.5240181684494019
0.1883699595928192
0.7405122518539429
0.5278874635696411
0.38499054312705994
0.4010241627693176
0.9902008175849915
0.6522473692893982
0.5253885984420776
0.37923136353492737
1.107250690460205
0.38290461897850037
0.3520568907260895
0.5115200281143188
0.4169558584690094
0.6832910776138306
0.37508049607276917
0.7469140291213989
0.39317265152931213
0.49976950883865356
0.26113104820251465
0.5360317826271057
0.45140203833580017
1.0641924142837524
0.6841672658920288
0.5851980447769165
0.38958504796028137
0.36405235528945923
0.4806114733219147
0.47539272904396057
0.5099788904190063
0.6047272086143494
0.4102408289909363
0.4234646260738373
0.5950919389724731
0.6527489423751831
0.38641589879989624
0.5181803703308105
0.4670805037021637
0.36634358763694763
0.3636725842952728
0.3486051559448242
0.4979129433631897
0.42140841484069824
0.5972107648849487
0.5187714695930481
0.5796231627464294
0.5180776715278625
0.46356600522994995
0.588675856590271
0.4914368689060211
0.5709048509597778
0.3150617778301239
1.0221185684204102
0.5558866262435913
0.6880871653556824
1.1331801414489746
0.48807448148727417
0.5022777318954468
0.5035754442214966
0.6812177896499634
1.249316930770874
0.7930809259414673
0.40339651703834534
0.4590598940849304
0.4856809079647064
0.7236353158950806
0.4918147623538971
0.6733030080795288
0.35222870111465454
0.29088348150253296
0.5834674835205078
0.4485883116722107
0.3354363739490509
0.5415346622467041
0.2375253438949585
0.7470016479492188
0.2116250991821289
0.5239665508270264
0.9247472882270813
0.3302842974662781
0.3307730257511139
0.8212113380432129
0.8587338328361511
0.534710705280304
0.39094600081443787
0.4356310963630676
0.5443709492683411
0.29333871603012085
0.42030319571495056
0.7777693271636963
0.6027673482894897
0.31240972876548767
0.7708685994148254
0.35476964712142944
0.6658873558044434
0.3290528357028961
0.7019048929214478
0.40623727440834045
1.2204549312591553
0.8368453979492188
0.5629407167434692
1.154547929763794
0.3352215886116028
0.37964364886283875
0.5635212659835815
1.1308093070983887
0.3074234426021576
0.7981308102607727
0.4051900804042816
0.2902492582798004
1.5788288116455078
0.8852187991142273
0.6269710063934326
0.4036150872707367
0.7684529423713684
0.4881111979484558
0.641116738319397
0.3520433008670807
0.6371542811393738
0.424701064825058
0.35670676827430725
0.28412190079689026
0.5853346586227417
0.9991883039474487
0.5873726010322571
0.9779561758041382
0.396928995847702
0.4810769557952881
0.9360893368721008
0.7809547781944275
0.2801818549633026
0.38773614168167114
0.8947380185127258
0.8041965365409851
0.6071748733520508
0.6542001962661743
0.5975803136825562
0.26008397340774536
0.7023423910140991
0.648613691329956
0.35948318243026733
0.8901659250259399
0.5366783738136292
0.4321224093437195
0.3902687132358551
0.4210585653781891
0.399170458316803
0.2897374927997589
0.596854567527771
0.5780699849128723
0.80860835313797
0.696597695350647
0.796389102935791
0.49496325850486755
0.8052272796630859
0.6436952352523804
0.5824983716011047
0.5568395853042603
0.9034196138381958
0.46202707290649414
0.7051136493682861
0.786605715751648
0.6710675954818726
0.28765326738357544
0.37859803438186646
0.3067515194416046
0.6728088855743408
0.3565632104873657
0.8942310214042664
0.7273651957511902
0.2943616509437561
0.6613525152206421
0.27107295393943787
0.6250943541526794
0.5517269372940063
0.6631225347518921
0.30757173895835876
0.5773696899414062
0.5284833908081055
0.828610897064209
0.39988774061203003
0.6010128259658813
0.3403605818748474
0.5976480841636658
0.5892837047576904
0.8710553050041199
0.4290134012699127
1.0218194723129272
0.6010294556617737
0.5521378517150879
0.501632571220398
0.5193020701408386
0.5364558100700378
0.25555726885795593
0.48435401916503906
0.44685155153274536
0.5514155626296997
0.7680193185806274
1.061395525932312
0.3506113588809967
0.5947713851928711
0.32209593057632446
0.4019680917263031
0.8947634696960449
0.46494507789611816
0.5111185312271118
0.3800673484802246
0.2738381028175354
0.9190385937690735
0.5719335079193115
0.21193265914916992
0.8898990750312805
0.284129798412323
0.7441684603691101
0.5593082308769226
0.24900808930397034
0.39961713552474976
0.5538636445999146
0.47604331374168396
0.6146010160446167
0.4594099521636963
0.2252940684556961
0.4051875174045563
0.3852595388889313
0.3291862905025482
0.5168582201004028
0.3405753970146179
0.4938761591911316
0.40285244584083557
0.6664217710494995
0.5615864992141724
0.5185661315917969
0.34603267908096313
0.3410441279411316
0.4368046820163727
1.0447977781295776
0.37705695629119873
0.2337065041065216
0.369230180978775
0.8893547058105469
0.6110724210739136
0.3397217392921448
0.5097678303718567
0.3417077362537384
0.6522155404090881
