0.6372911334037781
0.4674947261810303
0.36610111594200134
0.5462789535522461
0.5784687995910645
0.5109230279922485
0.6035412549972534
0.8545764684677124
0.39043286442756653
1.1631412506103516
0.32352858781814575
0.4848693907260895
0.9229320287704468
0.4890701174736023
0.518720269203186
0.5574847459793091
0.4797897934913635
0.9415832757949829
0.32716965675354004
0.6725038290023804
0.726548969745636
0.9313033819198608
0.6083947420120239
0.8993193507194519
0.31533604860305786
0.42863768339157104
1.2037580013275146
0.9259328842163086
0.45775705575942993
0.27561837434768677
0.3551330268383026
0.5889087915420532
0.6982713937759399
0.47763895988464355
0.6052466630935669
0.5272713899612427
0.4532136917114258
0.24956099689006805
0.4382372796535492
0.566143810749054
0.4250563681125641
0.2162715494632721
0.3342828154563904
0.31464487314224243
0.2008271962404251
0.4388812184333801
0.8437291979789734
0.40936946868896484
0.3181622624397278
0.4670534133911133
0.48558369278907776
0.4395103454589844
0.5368459820747375
0.5361624956130981
0.8787804841995239
0.7305680513381958
0.683215856552124
0.47041040658950806
0.42608022689819336
0.8527029752731323
0.6545840501785278
0.5506635904312134
0.4297214448451996
0.4407142698764801
0.3767856955528259
0.3670347034931183
1.2360833883285522
0.27677255868911743
0.2847479283809662
0.6731880903244019
0.8155785799026489
0.35993534326553345
0.6631676554679871
0.45959123969078064
0.192328542470932
0.48500901460647583
0.2353067398071289
0.36201778054237366
0.4043996334075928
0.44208016991615295
0.6731010675430298
0.4285087585449219
0.9281982183456421
0.3188949227333069
0.25590214133262634
0.7981233596801758
0.3711697459220886
0.3647204339504242
0.8860724568367004
0.40904292464256287
0.4140419065952301
0.26774492859840393
1.274461269378662
0.1515446901321411
1.1146976947784424
0.8326794505119324
0.6945887804031372
1.1408780813217163
0.5518778562545776
0.8064875602722168
0.2653311789035797
0.5750026106834412
0.23162159323692322
0.45635414123535156
0.4580279290676117
0.21483667194843292
0.24356508255004883
0.34331780672073364
0.5619003176689148
0.4858315587043762
0.4448569416999817
0.37307342886924744
0.5093613266944885
0.3321846127510071
0.7513655424118042
0.5803705453872681
0.21908004581928253
0.7475934624671936
0.17158368229866028
0.5668514966964722
0.4310891032218933
0.5678412318229675
0.18346914649009705
0.30673885345458984
0.4904453754425049
0.699382483959198
0.3494740128517151
0.7661939859390259
0.5702092051506042
0.32193055748939514
0.6238091588020325
0.7000927925109863
0.5765396952629089
0.3973000943660736
0.3454999625682831
0.5024694800376892
0.38763752579689026
0.42956894636154175
0.483426958322525
0.5204982161521912
0.4857420325279236
0.4758540987968445
0.6942007541656494
0.7984884977340698
0.8059663772583008
0.6853055357933044
1.0477830171585083
0.6971218585968018
0.3173380494117737
0.22149792313575745
0.27719253301620483
0.26052412390708923
0.8225029110908508
0.40863895416259766
0.6540367603302002
0.6081619262695312
0.548442006111145
0.569981575012207
0.38122645020484924
0.42550188302993774
0.5094809532165527
1.2164113521575928
0.6986711621284485
0.5084438920021057
0.6608149409294128
0.3633453845977783
0.4715270400047302
0.47363752126693726
0.31811267137527466
0.574123740196228
0.8097481727600098
0.43588656187057495
0.4000003933906555
0.33951425552368164
0.41011181473731995
0.6676302552223206
0.36628568172454834
0.6478231549263
0.44639453291893005
0.39428678154945374
0.5150486826896667
0.2955665588378906
0.5617722272872925
0.19813570380210876
0.5069836378097534
0.30702799558639526
0.476569801568985
0.5464988350868225
0.5425055623054504
0.6071844696998596
0.6123951077461243
0.8023020625114441
0.45558300614356995
0.5299402475357056
0.40002918243408203
0.36232656240463257
0.21822719275951385
0.5750404596328735
0.2922874689102173
0.6402214765548706
0.29591017961502075
0.4233645498752594
0.8018295168876648
0.37000080943107605
0.24405089020729065
0.38128846883773804
0.2749360203742981
0.565288245677948
0.7878714799880981
0.24242046475410461
0.46402493119239807
0.2287379503250122
0.2567046880722046
0.4077518880367279
0.357036828994751
0.5245123505592346
0.6623746752738953
0.7094528675079346
0.4289563298225403
0.190425306558609
0.3353251814842224
0.6486993432044983
0.6540032625198364
0.5361008644104004
0.5097401142120361
0.7757340669631958
0.7481919527053833
0.840157151222229
0.5489808320999146
0.5810121297836304
0.267612487077713
0.3022802472114563
0.6730717420578003
0.6487771272659302
0.6360642313957214
0.25531893968582153
0.41628122329711914
0.5937058329582214
0.3372146189212799
0.5313422679901123
0.38322073221206665
0.46946460008621216
0.4269338548183441
0.6027011275291443
0.35049787163734436
0.38746577501296997
0.582686722278595
0.7497934699058533
0.35836970806121826
1.1785246133804321
0.8454064130783081
0.2035450041294098
0.5903297662734985
0.45270824432373047
1.0495693683624268
0.4988914430141449
0.6943731307983398
0.6966973543167114
0.7443955540657043
0.37603846192359924
0.879074215888977
1.0152652263641357
0.30727776885032654
0.558168888092041
0.42080697417259216
0.36147522926330566
0.44597774744033813
0.6857510209083557
0.4422375559806824
0.23841185867786407
0.6240640878677368
0.29204708337783813
0.7454536557197571
1.119999647140503
0.6341102719306946
0.6417585611343384
0.5081064701080322
0.5618072152137756
0.3339812755584717
0.5426738262176514
0.16443732380867004
0.3129130005836487
0.48869290947914124
0.46418577432632446
1.0286494493484497
0.34285369515419006
0.8310195207595825
0.2511408030986786
0.4989015460014343
1.007164716720581
0.23639316856861115
0.6480911374092102
0.27756601572036743
0.7041402459144592
0.48710528016090393
0.7444769740104675
0.9498928189277649
0.448906809091568
0.696036696434021
1.0663321018218994
0.6961446404457092
0.6672388911247253
0.526960551738739
0.4546465277671814
0.32973259687423706
0.2564440667629242
0.44055572152137756
0.6924184560775757
0.1967652142047882
0.4476848542690277
0.4770011007785797
0.48366981744766235
0.8594151735305786
0.4259437918663025
0.5541728734970093
0.43855223059654236
0.4841915965080261
0.21737487614154816
0.7978492379188538
0.5404579043388367
0.36111679673194885
0.3439639210700989
0.6613930463790894
0.6149275898933411
0.42757758498191833
0.46545666456222534
0.40479040145874023
0.41989952325820923
1.173560380935669
0.4506057798862457
0.4981052279472351
0.32525816559791565
0.6678022146224976
0.9385875463485718
0.8477937579154968
0.5773651003837585
0.556128978729248
0.3992351293563843
