0.5847598314285278
0.7896226644515991
0.6717504262924194
0.4842786192893982
0.6676174402236938
0.5454467535018921
0.5628217458724976
0.2716490626335144
0.4930703043937683
0.4776230752468109
0.6555584669113159
0.4719258248806
0.4270264506340027
0.8656708002090454
0.5988548398017883
0.6426871418952942
0.280131995677948
0.43149060010910034
0.5059534311294556
0.4850434362888336
0.6127892732620239
0.3971741795539856
1.2079137563705444
0.23431608080863953
0.6490932703018188
0.32376226782798767
0.628251314163208
0.8742609024047852
0.6838088035583496
0.8268581628799438
0.9231592416763306
0.4873366951942444
0.3939673900604248
0.6871708631515503
0.5723336935043335
0.8800382614135742
0.30385980010032654
0.5161231160163879
0.8386340141296387
0.5554089546203613
0.5684736967086792
0.6674743890762329
0.5393989086151123
0.44234830141067505
0.26584717631340027
0.322262167930603
0.2661743760108948
0.6923810839653015
1.1777269840240479
0.33481889963150024
0.35215792059898376
0.750889241695404
0.326369971036911
0.6539484858512878
0.48906683921813965
0.4782159924507141
0.5861250758171082
0.6289456486701965
0.19209618866443634
0.30531007051467896
0.5521401166915894
0.32939451932907104
0.7317144870758057
0.361667275428772
0.46424466371536255
0.5264496207237244
0.6196171045303345
0.35983482003211975
0.3665199875831604
0.4671618938446045
0.5519137978553772
0.4558640420436859
0.6307721734046936
0.19744668900966644
0.6688645482063293
1.0193839073181152
0.6393651962280273
0.5893517732620239
0.7114408612251282
0.4609721302986145
0.47706347703933716
0.9282339811325073
0.8644624948501587
0.31951242685317993
0.4293976426124573
0.821589469909668
0.5870025157928467
0.2502700984477997
0.5769484639167786
0.47917526960372925
0.29735517501831055
0.5909250378608704
0.5102618932723999
0.707790195941925
1.087109088897705
0.4420071542263031
0.8662421107292175
0.30081847310066223
0.3421877920627594
0.4689718186855316
0.49407100677490234
0.19481128454208374
0.8930158615112305
0.31433960795402527
0.5213190317153931
0.318529337644577
0.38103750348091125
0.413144052028656
0.7731289863586426
0.2189248502254486
1.3214677572250366
0.5693024396896362
0.39938315749168396
0.5012015104293823
0.5866354703903198
0.2204594612121582
0.30685892701148987
0.25195521116256714
0.5767576098442078
0.819769024848938
0.4744338393211365
0.40371936559677124
0.5392559766769409
0.38070663809776306
1.1209807395935059
0.6787999868392944
0.49811673164367676
0.24800534546375275
0.20871388912200928
0.5056250691413879
1.0392738580703735
0.5700134038925171
0.24688208103179932
0.49234360456466675
0.41847366094589233
0.717032253742218
0.47916945815086365
0.2874707579612732
0.3351284861564636
0.6035341024398804
0.7080599069595337
0.5818729996681213
1.5567806959152222
0.6650072336196899
0.318372517824173
0.4956952929496765
0.5052849650382996
0.6229872703552246
0.6087103486061096
0.41053375601768494
0.43418556451797485
0.602000892162323
0.38897958397865295
0.21718204021453857
0.2565217614173889
0.44791969656944275
0.5640354752540588
1.1271418333053589
0.7708063125610352
0.261377215385437
0.5473170280456543
0.30516695976257324
0.7063528299331665
0.3671405017375946
0.3247503638267517
0.5805073380470276
0.5941275954246521
0.500470757484436
0.45440611243247986
0.36014020442962646
0.4820585250854492
0.2394741028547287
0.24374136328697205
0.6585343480110168
0.6617863774299622
0.6389784216880798
0.7536844611167908
0.3616325557231903
0.5905898809432983
1.0079559087753296
0.7067669630050659
0.3648969531059265
0.5731183290481567
0.39328309893608093
0.5735937356948853
0.7077006101608276
0.38581323623657227
0.20746178925037384
0.5831698775291443
0.2861661911010742
0.40394753217697144
0.4180077612400055
0.5761679410934448
0.46802443265914917
0.6079190969467163
0.587858259677887
0.47311466932296753
0.4172019958496094
0.6740845441818237
0.40215134620666504
0.5442880988121033
0.6003469228744507
1.1486167907714844
0.17399552464485168
0.7227819561958313
0.2996070086956024
0.2403397113084793
0.6598414182662964
0.5569146871566772
1.0794649124145508
0.7999719977378845
0.6793991923332214
0.3630297780036926
0.44483762979507446
0.4042932987213135
0.20276641845703125
0.5683284997940063
0.42897772789001465
0.500882089138031
0.7621822357177734
0.4278813302516937
0.3896758556365967
0.39428919553756714
1.5404062271118164
0.46776342391967773
0.2881437838077545
0.26490500569343567
0.7109063863754272
0.2877137064933777
0.8842048645019531
0.34767240285873413
0.4171888828277588
0.333895742893219
0.77632075548172
0.4762074947357178
0.5642862319946289
0.41695719957351685
0.4969089925289154
0.5391733050346375
0.43230992555618286
0.5486224293708801
0.6808807253837585
0.30682042241096497
0.612636387348175
0.9637924432754517
0.2621825337409973
0.5008066892623901
0.6873663663864136
0.22344732284545898
0.7118759751319885
0.45140546560287476
0.2610703110694885
0.18986333906650543
0.4393657147884369
0.5357424020767212
1.0215150117874146
0.3172895312309265
1.0297248363494873
0.9294017553329468
0.744766891002655
0.24540574848651886
1.3580741882324219
0.3197419345378876
0.6156835556030273
0.3810886740684509
0.4710204601287842
0.4177621006965637
0.5202978253364563
0.12670564651489258
0.24228432774543762
0.6024707555770874
0.6365818977355957
0.44166937470436096
0.7090085744857788
0.3022257685661316
0.488339900970459
0.37276506423950195
0.43410730361938477
0.3498777449131012
0.3546421527862549
0.8414129018783569
0.39961934089660645
0.2788481116294861
0.6467998623847961
0.6979392766952515
0.554766833782196
0.2875531315803528
0.45459574460983276
0.4609774649143219
1.0132579803466797
0.7204341888427734
0.5657515525817871
0.6602576971054077
0.41914382576942444
0.4653055667877197
0.7653246521949768
0.5581082105636597
0.48002251982688904
0.3516426682472229
0.6623212099075317
0.7540301084518433
0.386063814163208
0.7021273374557495
0.8789693117141724
0.20036229491233826
0.6439839601516724
0.28542909026145935
0.34912028908729553
0.7304801940917969
0.4158073365688324
0.37512773275375366
0.37473157048225403
0.83616703748703
0.5990753769874573
0.6251385807991028
0.5226818323135376
0.3661819100379944
0.8400001525878906
0.9932073354721069
0.5569188594818115
0.3448648750782013
0.5649093389511108
0.49291545152664185
0.5200799703598022
1.0465121269226074
0.687944233417511
0.24391064047813416
0.44227123260498047
0.34849077463150024
0.5843156576156616
0.472806841135025
0.25078636407852173
0.5653672814369202
0.4643824100494385
0.5509019494056702
0.5473650693893433
0.4505440294742584
0.8186511397361755
