0.5711337924003601
0.7076339721679688
0.7142581939697266
0.5654499530792236
0.541366457939148
0.7267616987228394
0.5804044008255005
0.7637313604354858
0.7803294062614441
0.9761909246444702
0.8518913984298706
0.5088478326797485
0.5641829967498779
0.6363781690597534
0.7228132486343384
0.6602193117141724
1.3049081563949585
0.690557599067688
0.7908147573471069
0.6625634431838989
0.8407983779907227
0.5423656702041626
0.7031552195549011
0.5866544842720032
0.6184746026992798
0.5604405999183655
0.6884428858757019
0.539344310760498
0.7012089490890503
0.5874202847480774
0.6623435616493225
0.8047510981559753
0.44668346643447876
1.0870949029922485
0.6439226865768433
0.4584749639034271
0.8264447450637817
0.5488392114639282
0.8117202520370483
0.8345189094543457
0.8191207647323608
0.31107014417648315
0.5617250800132751
0.4247351288795471
0.6292544603347778
1.1377003192901611
0.5023642778396606
0.9350736737251282
0.6275193691253662
0.9747718572616577
0.5547913312911987
0.6753209829330444
0.5149206519126892
0.8430461883544922
0.6591019630432129
0.9777315258979797
0.8213766813278198
0.6446889638900757
1.0345392227172852
0.7044354677200317
0.5135388374328613
0.7006607055664062
0.670073390007019
0.4956762194633484
0.7087177634239197
0.696569561958313
0.9539983868598938
1.3138426542282104
1.1638721227645874
0.6410686373710632
0.6769798398017883
1.060888648033142
1.2628724575042725
0.7747849225997925
0.9615281820297241
0.43102917075157166
0.9556062817573547
0.7240715622901917
0.5241845846176147
0.44599056243896484
0.9225784540176392
0.45772695541381836
1.0713108777999878
0.7143550515174866
0.5358221530914307
1.1812293529510498
0.9107524156570435
1.2090067863464355
1.2216869592666626
0.9525372385978699
0.49533867835998535
0.7243119478225708
0.7826833724975586
0.8456751108169556
0.7728120684623718
0.8117896318435669
0.6711400747299194
0.9484583139419556
0.650325357913971
1.1182243824005127
0.7854120135307312
0.6124075055122375
0.7678181529045105
0.8441718816757202
0.6871892213821411
0.6405827403068542
0.7486960291862488
0.7543931007385254
0.7769783735275269
1.1469801664352417
0.8653189539909363
0.8359478712081909
0.5798384547233582
0.40678268671035767
0.721068263053894
0.5401926636695862
0.6623259782791138
1.4544076919555664
0.559721827507019
0.7280378341674805
0.5761165618896484
1.0354257822036743
0.39565086364746094
0.5772082209587097
0.5690304636955261
0.7907172441482544
0.9992438554763794
0.7083064317703247
0.835511326789856
0.7005984783172607
0.5050865411758423
0.42167478799819946
0.7926011085510254
0.7570107579231262
0.842689037322998
0.6880525350570679
0.43705520033836365
0.6536082625389099
0.6451288461685181
0.6416293382644653
1.1091054677963257
0.5607680082321167
0.9808984994888306
0.8015652894973755
1.142507553100586
0.8444057703018188
0.6108526587486267
0.5775273442268372
0.8334539532661438
0.574339747428894
0.7637768983840942
0.7580087780952454
1.1335341930389404
0.35334762930870056
0.6514418125152588
1.0864856243133545
1.0686779022216797
0.47615379095077515
0.5205305218696594
0.7146453261375427
0.4645873010158539
0.6626158952713013
1.4666433334350586
0.7826942801475525
1.076850414276123
0.5601352453231812
0.8859022259712219
1.2955366373062134
0.8147844076156616
0.530491828918457
0.6710216403007507
0.7205755114555359
0.5905747413635254
0.5960100293159485
1.0099395513534546
0.7478400468826294
0.5994707942008972
0.6225437521934509
0.9455165863037109
0.37274301052093506
1.1652171611785889
0.8156258463859558
0.7802862524986267
0.6241668462753296
0.854785144329071
0.8183391690254211
0.8542643785476685
0.6648792028427124
0.4767746031284332
0.45262154936790466
0.543753445148468
0.5407147407531738
1.3387502431869507
0.8126880526542664
1.2974859476089478
0.9089439511299133
0.5982658267021179
1.1197261810302734
0.9324852228164673
0.658171534538269
0.7697986960411072
0.45931750535964966
0.7119778990745544
0.794761598110199
0.5017352104187012
0.6796810626983643
0.5370216965675354
0.5543544888496399
0.9620027542114258
0.6397086381912231
0.47363168001174927
1.1419936418533325
0.6458091735839844
0.6765258312225342
0.5976618528366089
0.7778466939926147
0.9035638570785522
0.706128716468811
0.825761616230011
0.4802582859992981
0.7653611302375793
0.6186718940734863
0.5452401041984558
0.5443689227104187
1.0390760898590088
0.434453547000885
0.5497667789459229
0.6105015277862549
0.5226439237594604
0.7108399868011475
0.615231990814209
0.4513421058654785
0.6176014542579651
0.8736461400985718
0.7548248171806335
0.7667880058288574
0.9564788937568665
0.8641692996025085
0.9758574366569519
0.45962268114089966
0.510919451713562
0.6289340257644653
0.8909971117973328
0.6057853102684021
0.4770579934120178
0.5331175923347473
0.4924907684326172
0.6838704347610474
1.1855194568634033
0.5430698394775391
0.8883298635482788
0.8793412446975708
1.0938096046447754
1.1736332178115845
0.411882221698761
0.8833969235420227
0.5140811204910278
1.0055739879608154
0.7605403065681458
0.8239949941635132
1.155057668685913
0.7210391759872437
0.5790452361106873
0.9974052309989929
0.8125537037849426
0.6362071633338928
0.5900881290435791
0.743990421295166
0.7752012610435486
0.7356239557266235
1.1840873956680298
1.2379564046859741
1.1557645797729492
0.6163461208343506
0.7529047727584839
0.6340874433517456
0.6082452535629272
0.7066429853439331
0.7258886694908142
0.5805650949478149
0.627821147441864
0.630387008190155
0.9390320777893066
0.9416314959526062
0.6519433856010437
0.858094334602356
0.6909049153327942
0.6985757946968079
0.6787585616111755
0.5492171049118042
1.23749577999115
0.7892708778381348
0.6455601453781128
0.6898709535598755
0.8876506090164185
0.7247176170349121
0.5272620320320129
0.4444139897823334
0.8697263598442078
1.0280488729476929
0.7351135611534119
0.7509793043136597
0.6088823080062866
0.678156852722168
0.7981189489364624
0.6363662481307983
0.5113530158996582
1.1235655546188354
0.4978042542934418
0.671805202960968
0.7052772045135498
0.6123740077018738
0.9201868176460266
1.0909453630447388
0.9149833917617798
0.5558261871337891
0.48551592230796814
0.9414087533950806
0.6070073246955872
0.8510313034057617
0.4648720324039459
0.6731549501419067
0.6374224424362183
1.0410130023956299
1.2443199157714844
0.6703670024871826
0.7495334148406982
1.5482159852981567
0.6189669966697693
0.9862688183784485
0.6649491190910339
1.032466173171997
0.8906210660934448
0.8579851388931274
0.6896896362304688
0.6718014478683472
0.7871509790420532
0.4820645749568939
