0.8997597694396973
0.48782023787498474
0.5143738389015198
0.3854326605796814
0.8860647082328796
0.9069129824638367
1.1343615055084229
0.6604918241500854
0.20265662670135498
0.5886287093162537
0.5848962068557739
0.6116727590560913
0.6665579676628113
0.5316351056098938
0.9298847317695618
0.653720498085022
0.287977397441864
0.543811023235321
0.2970876395702362
0.2782759368419647
0.6005607843399048
0.5854405164718628
0.4937848150730133
0.6652723550796509
0.21321478486061096
0.13876524567604065
0.348416268825531
0.4305073618888855
0.8235600590705872
0.9128826260566711
0.8656956553459167
0.2714826464653015
0.3043523132801056
0.5083060264587402
0.5859544277191162
1.0612657070159912
0.316159188747406
0.5248264670372009
0.2714996933937073
0.6260801553726196
0.8994778394699097
0.7749146223068237
0.42657390236854553
0.7113351821899414
0.5068359375
0.652137041091919
0.33983343839645386
0.2679131031036377
0.7450884580612183
0.544121265411377
1.0901401042938232
0.4042859971523285
0.37366193532943726
0.4082576334476471
0.6051403880119324
0.8353455662727356
0.4853890538215637
1.0577749013900757
0.6434026956558228
0.7689040899276733
0.8734861612319946
0.28132012486457825
0.31185075640678406
0.37782159447669983
0.9822249412536621
0.26285290718078613
0.4420011639595032
0.7080478072166443
0.5703874230384827
0.4999162554740906
0.3345385193824768
0.7539860606193542
0.6972495913505554
0.169587641954422
0.14305099844932556
0.9437117576599121
0.24452023208141327
0.5810390710830688
0.37062937021255493
0.29975733160972595
0.35952839255332947
0.39449283480644226
0.6391596794128418
0.3836226761341095
0.4597145915031433
0.6815019249916077
0.3845643401145935
0.5315787196159363
0.5900957584381104
0.31520572304725647
0.46726512908935547
0.5371979475021362
0.48190420866012573
0.3955059051513672
0.6779950261116028
0.8930603265762329
0.8777402639389038
0.48606425523757935
0.359125554561615
0.6084436774253845
0.642906904220581
0.4279240071773529
0.5592431426048279
0.46212711930274963
0.9659540057182312
0.889208972454071
0.4918503761291504
0.5031569600105286
0.31336167454719543
0.46043556928634644
0.436605840921402
0.4698348045349121
0.3863692581653595
0.8632987141609192
0.668664276599884
0.49704569578170776
0.6730102300643921
0.3399549126625061
0.7445535063743591
0.5873242616653442
0.39172571897506714
0.6686749458312988
0.9704386591911316
0.2839967608451843
0.4754100739955902
0.5927703976631165
0.5269060730934143
0.5967777967453003
0.3310634195804596
0.33336853981018066
0.4204651713371277
0.3357264995574951
0.3277132511138916
0.7296122312545776
0.5283330678939819
0.7900255918502808
0.4145210385322571
1.0065803527832031
0.3545529246330261
0.954790472984314
0.22366547584533691
0.6225784420967102
0.6841899752616882
0.527682900428772
0.4437296390533447
0.46101218461990356
0.41964954137802124
0.7127252817153931
0.5878592729568481
0.3986964821815491
0.24657289683818817
0.2892970144748688
0.2400534600019455
0.4131503701210022
0.2294059693813324
0.6917886734008789
0.2412010133266449
0.4624726176261902
0.42053088545799255
0.25349119305610657
0.19586226344108582
0.9029644727706909
0.8437165021896362
0.34374845027923584
0.538173258304596
0.7891373634338379
0.5367087125778198
0.8334175944328308
0.6294665932655334
0.5064390301704407
0.23103877902030945
0.41740673780441284
0.3429630994796753
0.4637986123561859
0.6448569297790527
0.646675169467926
0.5406684279441833
0.546821117401123
0.288135290145874
0.5689715147018433
0.9899724721908569
0.3781072199344635
0.7930434942245483
0.5561508536338806
0.2932822108268738
0.6047126054763794
0.5495656728744507
0.6771687865257263
0.5631281733512878
0.5207037329673767
0.2770546078681946
0.5176420211791992
0.5437740087509155
0.5041622519493103
0.42587852478027344
0.7340627908706665
0.38320496678352356
0.5813993811607361
0.40692606568336487
0.5533657670021057
0.3652861714363098
0.5053585767745972
0.6431635022163391
0.5821329951286316
0.44578227400779724
0.4688803255558014
0.47717294096946716
0.34474119544029236
0.37165579199790955
0.4847330152988434
0.3525471091270447
0.33338573575019836
0.9624210596084595
0.9295310974121094
0.3581794500350952
0.49752798676490784
0.16280120611190796
0.7794714570045471
0.37451454997062683
0.25599244236946106
0.5546191930770874
0.8082456588745117
0.13456302881240845
0.298412561416626
0.5557153820991516
0.22687456011772156
0.31778907775878906
0.6385868787765503
0.26858726143836975
0.4946136474609375
0.42901021242141724
0.41826897859573364
0.4285596013069153
0.5905488133430481
0.5221210718154907
0.4191797375679016
0.5398702621459961
0.250173956155777
0.9569258689880371
0.6140368580818176
0.7991811037063599
1.0077853202819824
0.7655596733093262
0.5397985577583313
0.41238030791282654
0.25756168365478516
0.36320534348487854
0.32916364073753357
0.5583440065383911
0.365906298160553
0.1823664903640747
0.5707018971443176
0.5690141320228577
0.3239777088165283
1.0983500480651855
0.7564154863357544
0.7549629211425781
0.6495281457901001
0.1255815029144287
0.5640245676040649
0.7062054872512817
0.2992057204246521
0.2132677584886551
0.9365432858467102
0.25437483191490173
0.37003663182258606
0.6024219393730164
0.5281399488449097
0.6681631803512573
0.31682804226875305
0.4126831889152527
0.5933927297592163
0.351788192987442
0.19933488965034485
0.21163229644298553
0.5754452347755432
0.45601406693458557
0.5401273965835571
0.7760677337646484
0.9080964922904968
0.489983469247818
0.1626417189836502
0.30077388882637024
0.23493817448616028
0.6379170417785645
0.629497230052948
0.7113013863563538
0.526339054107666
0.3670564293861389
0.20774134993553162
0.3926583230495453
0.2920908033847809
0.7318302392959595
0.38639116287231445
0.9561165571212769
0.7199326753616333
0.7353256344795227
0.6245065331459045
0.5820578336715698
0.38583821058273315
0.3525298833847046
1.172186255455017
0.48231783509254456
0.22635269165039062
0.5920916795730591
0.44801267981529236
0.39164966344833374
0.24533744156360626
0.7002283930778503
0.49753323197364807
0.6299547553062439
0.42369475960731506
0.7353698015213013
0.47797030210494995
0.6053828001022339
0.7843243479728699
0.3985784649848938
0.541353166103363
0.5510478019714355
0.48974543809890747
0.3735862970352173
0.7904209494590759
0.421182245016098
0.9811016321182251
0.42668312788009644
0.27762776613235474
0.894417405128479
0.6068885922431946
0.4019526541233063
0.22074198722839355
0.4273633062839508
0.7053059339523315
0.4942356050014496
0.4132097363471985
0.40525275468826294
0.7355983853340149
0.7591791152954102
0.9270796179771423
