0.47591447830200195
0.4531235694885254
0.44160547852516174
0.29397088289260864
0.30955106019973755
1.0269774198532104
0.565515398979187
0.42229241132736206
0.3001115024089813
0.30503135919570923
0.5165232419967651
0.17718154191970825
0.22790808975696564
0.4105898439884186
0.24167127907276154
0.3251769542694092
0.45679837465286255
0.23571500182151794
0.5350979566574097
0.7287589907646179
1.0575568675994873
0.592128336429596
0.43568143248558044
0.5243748426437378
0.710506021976471
0.5131059885025024
0.33493006229400635
0.6966144442558289
0.584373950958252
0.2964540421962738
0.46638450026512146
0.5418592691421509
0.4461599290370941
0.40884166955947876
0.38626304268836975
0.49356502294540405
0.4996568560600281
0.24854135513305664
0.32128480076789856
0.9081001281738281
0.704903244972229
0.4711635708808899
0.18146981298923492
0.49163109064102173
0.44099974632263184
0.4364504814147949
0.400442510843277
0.5621508359909058
0.19449383020401
0.4445533752441406
0.22007688879966736
0.8941081762313843
0.5225589871406555
0.5304163694381714
0.5426090955734253
0.4788270592689514
0.2500324249267578
0.6310772895812988
0.5406363010406494
0.3914051651954651
0.15935826301574707
0.31619733572006226
0.27303263545036316
0.4945088028907776
0.35243329405784607
1.00974440574646
1.049933671951294
0.4113714098930359
0.2613276541233063
0.5057069063186646
0.5383982062339783
0.8151327967643738
0.6027395129203796
0.26240402460098267
0.5771962404251099
0.4770641326904297
0.6983340382575989
0.39369314908981323
1.0124313831329346
0.655748188495636
0.34916868805885315
0.7276984453201294
0.6280481219291687
0.5217169523239136
0.7011974453926086
0.7341630458831787
0.768043041229248
0.8718377947807312
0.24595694243907928
0.4125763475894928
0.7188762426376343
0.6328138113021851
0.4089179039001465
0.7787912487983704
0.21826884150505066
0.5270270109176636
0.43054160475730896
0.6284061074256897
0.341947466135025
0.44633007049560547
0.5606658458709717
0.828891932964325
1.434853196144104
0.6064859628677368
0.4465141296386719
0.33002373576164246
0.5336734652519226
0.6950169801712036
0.2996114194393158
0.5722047090530396
0.38465723395347595
0.33480125665664673
0.4133625030517578
0.5068854093551636
0.6392623782157898
0.32456108927726746
1.321384072303772
0.6945173144340515
0.41741615533828735
0.5845024585723877
0.3736146092414856
0.18233802914619446
0.13302935659885406
0.70909184217453
0.14590665698051453
0.36163586378097534
0.9417346715927124
0.7445840239524841
0.8584478497505188
0.6124166250228882
0.44129180908203125
0.4687073826789856
0.4948430061340332
0.34872207045555115
0.26940321922302246
0.3383043706417084
0.6555784344673157
0.6309753656387329
0.5308269262313843
0.5003926753997803
0.3941393494606018
0.919623851776123
0.604902982711792
0.5570508241653442
0.8689999580383301
0.5864080786705017
0.4391084611415863
0.5340833067893982
0.3568679094314575
0.48003095388412476
0.8537688255310059
0.41646355390548706
0.7997060418128967
0.3231961131095886
0.44975170493125916
0.2638618052005768
0.6854527592658997
0.42462214827537537
0.6801711320877075
0.836872935295105
0.4709644317626953
0.3648168742656708
0.915119469165802
0.7243021130561829
0.0978085994720459
0.40358105301856995
0.6614089012145996
0.6443573832511902
0.5270800590515137
0.1839030236005783
0.5147351026535034
0.5180738568305969
0.6184686422348022
0.4874604344367981
0.4947752058506012
0.755562424659729
0.5133386850357056
0.2266160547733307
0.6559916734695435
0.6547838449478149
0.7651530504226685
0.46814560890197754
0.13946005702018738
0.4026356637477875
0.8035919070243835
0.2393912822008133
0.6292558312416077
0.26453763246536255
1.2171204090118408
0.42081165313720703
0.2453031986951828
0.6526405811309814
1.1360480785369873
0.8358200788497925
0.3463694453239441
0.3948918879032135
0.3884672522544861
0.7721887826919556
0.7672579884529114
0.34632009267807007
0.5690765380859375
1.0301244258880615
0.2888137698173523
0.7782173156738281
0.22791776061058044
0.6412981748580933
0.17651106417179108
0.3959421217441559
0.7862999439239502
0.43564358353614807
0.4441567063331604
0.4080475866794586
0.5688803791999817
0.3305804133415222
0.5251194834709167
0.5009439587593079
0.32735544443130493
0.42920589447021484
1.066211223602295
1.1360262632369995
0.9661355018615723
0.8989297747612
0.2197054624557495
0.4699404835700989
0.9835001230239868
0.4582628309726715
0.9428768157958984
0.5047186613082886
0.35843324661254883
0.2973816990852356
0.5546628832817078
0.48541873693466187
0.6576325297355652
0.5500360727310181
0.38384953141212463
0.45108190178871155
0.4617312550544739
0.6108530759811401
0.29541054368019104
0.4198017120361328
0.1704387366771698
0.7637425661087036
0.7466250658035278
0.3208211064338684
0.5806248784065247
0.29714351892471313
0.48495998978614807
0.6681152582168579
0.6900282502174377
0.5130615830421448
0.5745927095413208
1.0151164531707764
0.21800370514392853
0.6126721501350403
0.43927812576293945
0.35958021879196167
0.6004626154899597
0.6147027015686035
0.4309670329093933
0.243174746632576
0.6753236055374146
0.5908306241035461
0.5170942544937134
0.6311023831367493
0.4428492486476898
0.5149689316749573
0.7366541028022766
0.7049596905708313
0.40367308259010315
0.6512347459793091
0.9151908755302429
0.798293948173523
0.3902287781238556
0.6257818341255188
0.5509265065193176
0.6829886436462402
0.9073232412338257
0.24659809470176697
0.49459272623062134
0.5147538185119629
0.8425016403198242
0.22831454873085022
0.6304669976234436
0.7116044163703918
0.3752844035625458
0.5199517607688904
0.21056897938251495
0.660690188407898
0.902845025062561
0.49229878187179565
0.6525155901908875
0.34664446115493774
0.2710939943790436
0.41293591260910034
0.47257599234580994
1.067259669303894
0.4997401237487793
0.5226505994796753
0.4775499403476715
0.8163934946060181
0.3734357953071594
0.4605120122432709
0.5325570106506348
0.45689859986305237
0.5946047902107239
0.3652437627315521
0.8593899011611938
0.4124324917793274
0.5784938931465149
0.32651057839393616
0.27674227952957153
0.7015410661697388
0.42592257261276245
0.3131617605686188
0.32750216126441956
0.27172771096229553
0.2480461597442627
0.7602802515029907
0.3581485450267792
0.7424237132072449
0.956285297870636
0.8569746017456055
0.3867228329181671
0.3545675277709961
0.547044575214386
0.3592342138290405
0.669899582862854
0.2947867512702942
1.2738815546035767
0.3904985785484314
0.5517170429229736
1.1101558208465576
0.39516717195510864
0.8507162928581238
0.3865249752998352
0.43098607659339905
0.2730790376663208
0.5505600571632385
