0.6750249862670898
0.11410187184810638
0.46065932512283325
0.2429889440536499
0.6889576315879822
0.5858232975006104
0.26982468366622925
0.4455485939979553
1.0149452686309814
0.2317925989627838
0.952508270740509
0.5911182761192322
0.8233693242073059
0.497994989156723
0.3362695276737213
0.6262884140014648
0.3142421245574951
0.46208077669143677
0.47413429617881775
0.30256199836730957
1.1611368656158447
0.8964227437973022
0.5780147314071655
0.4707717001438141
0.6122385263442993
0.37731480598449707
0.3061438202857971
0.46370601654052734
0.4435206949710846
0.5132120251655579
0.8847399950027466
0.2583257555961609
0.527366042137146
0.46563443541526794
0.5738465785980225
0.4838070273399353
0.5092169642448425
0.7276579737663269
0.7783291339874268
0.6157799959182739
0.4444219172000885
1.1100318431854248
0.8710170984268188
0.5880536437034607
1.0012418031692505
0.6980560421943665
0.5791467428207397
0.42591533064842224
0.707154393196106
0.564111590385437
0.8648260235786438
0.3362833857536316
0.42525893449783325
0.5120765566825867
0.408710241317749
0.6546584367752075
0.28992900252342224
0.6109700202941895
0.3311153054237366
0.44679683446884155
0.3715663552284241
0.5988788604736328
0.6546793580055237
0.5827751159667969
0.4598313868045807
1.532602310180664
0.3037979304790497
0.567851722240448
0.5143693089485168
0.3059418499469757
0.8284710049629211
0.7065377831459045
0.48022279143333435
0.502416729927063
0.3890731930732727
0.3360857665538788
0.5740794539451599
0.39742550253868103
0.496539443731308
0.36179542541503906
2.462465763092041
0.31981340050697327
0.6243897676467896
0.48931407928466797
0.42405590415000916
0.6790135502815247
0.40036338567733765
0.5802437663078308
0.7412806749343872
0.6564135551452637
0.37370362877845764
0.46614131331443787
0.5750879049301147
0.55272376537323
0.6055094003677368
0.5841158032417297
0.48601144552230835
0.40174394845962524
0.5192756652832031
0.8225257992744446
0.8798931837081909
0.6838380694389343
0.25616759061813354
0.8676463961601257
0.15906170010566711
0.2847939133644104
0.296731561422348
0.72655189037323
0.22443857789039612
0.4935314655303955
0.38172388076782227
0.5573880076408386
0.35960468649864197
0.6862795352935791
0.8152357339859009
0.5922694802284241
0.4951556324958801
0.6979108452796936
0.9868890643119812
0.49696287512779236
0.7256404757499695
0.5330283045768738
0.582929253578186
0.4496464133262634
0.31766894459724426
0.6950898170471191
0.5790039896965027
0.3451526165008545
0.8144643902778625
0.34203025698661804
0.5147751569747925
0.630782961845398
0.9753538370132446
0.3836047649383545
0.596014678478241
0.32484641671180725
1.0506683588027954
0.49746084213256836
0.34964457154273987
0.37271079421043396
0.48493441939353943
0.38837867975234985
0.5730358362197876
0.6951575875282288
0.35978907346725464
0.4858434796333313
0.5605493783950806
0.4803926944732666
0.6176841855049133
0.6473085284233093
0.6963634490966797
0.7772740125656128
0.649191677570343
0.9846171140670776
0.4119536876678467
0.241287499666214
0.7125990390777588
0.42480379343032837
0.4572857916355133
0.44583064317703247
0.4204859137535095
0.6898465156555176
0.4997207224369049
0.318462610244751
0.6527896523475647
0.33272793889045715
0.5093017816543579
0.6600499749183655
0.21036426723003387
0.3735660910606384
0.5328983664512634
0.4384217858314514
0.42757415771484375
0.5075808763504028
0.4765084385871887
0.2931862771511078
0.40396079421043396
0.6632499694824219
0.22461998462677002
0.5576149225234985
0.3409803509712219
0.572564423084259
0.5746058225631714
0.5431362390518188
0.6056160926818848
0.3479641377925873
0.33610594272613525
0.34438997507095337
0.2666623294353485
0.9581542015075684
0.5133541226387024
0.44081002473831177
0.40298324823379517
0.846941351890564
0.9537823796272278
0.3297458589076996
0.8604897260665894
0.47523945569992065
0.6256592869758606
0.48314571380615234
0.25527575612068176
0.3257540464401245
0.6271756291389465
0.6087039709091187
0.5249078869819641
0.5783113241195679
0.7078788876533508
0.6515381932258606
0.8117750287055969
0.36220771074295044
0.4921188950538635
0.7615538835525513
0.5396069288253784
0.5929447412490845
0.5343278646469116
0.35478994250297546
0.45292535424232483
1.0761338472366333
0.4218432307243347
0.5447141528129578
0.5629695057868958
0.3845115602016449
0.4569298326969147
0.3643898367881775
0.7163889408111572
0.6757580637931824
1.214843511581421
0.28022268414497375
0.4413510262966156
0.5162985920906067
0.3906773626804352
1.0039749145507812
0.47508668899536133
0.46601423621177673
0.40341854095458984
0.3860340118408203
0.45008450746536255
0.9506500959396362
0.23664097487926483
0.4943341314792633
0.4483579695224762
0.44934922456741333
0.6748302578926086
0.7413678765296936
0.20945779979228973
0.32153239846229553
0.49164262413978577
0.6126733422279358
0.268063485622406
0.4195529818534851
0.597981333732605
0.22106890380382538
0.1850251853466034
0.2376607358455658
0.6618896722793579
0.2923315167427063
0.19043397903442383
0.24451646208763123
0.41127586364746094
0.7623354196548462
0.38208162784576416
0.7234090566635132
0.3933969736099243
0.29502126574516296
0.7707672119140625
0.2963135242462158
0.6023024916648865
0.7762058973312378
0.47988662123680115
0.23523512482643127
0.593728244304657
0.17483502626419067
0.47993773221969604
0.37156927585601807
0.5948623418807983
0.4501989781856537
0.5847904682159424
0.6351040601730347
0.2699962556362152
0.3799545466899872
0.6848635077476501
0.3141382932662964
0.3391434848308563
0.6402063369750977
0.5470307469367981
0.26872843503952026
0.2669033706188202
0.22133629024028778
0.22113049030303955
0.5839143395423889
0.38585224747657776
0.17487657070159912
0.5544679760932922
0.25797343254089355
0.6141870617866516
0.7682393789291382
0.4553454518318176
0.585209846496582
0.27107805013656616
0.5000737905502319
0.6821366548538208
0.3685264587402344
0.6934698820114136
0.7059956789016724
0.6456319689750671
0.29536736011505127
0.587049126625061
0.6752305030822754
0.5166012048721313
0.27635660767555237
0.6727477312088013
0.5731422305107117
1.1501805782318115
0.693108081817627
0.7199022173881531
0.3601214587688446
0.3987484574317932
0.28098946809768677
0.23110607266426086
0.2594446539878845
0.37011536955833435
0.6852251887321472
0.3102242350578308
0.4473312497138977
0.7435856461524963
0.7135113477706909
0.15894390642642975
0.4194797873497009
0.507900595664978
0.45769062638282776
0.5760612487792969
0.5465868711471558
0.7716238498687744
0.5060450434684753
0.476375013589859
0.3291376233100891
0.48699912428855896
0.3215331733226776
