0.49899426102638245
0.49367398023605347
0.945757269859314
0.3381171226501465
0.4160182476043701
0.5055501461029053
0.3464434742927551
0.6039753556251526
0.7130054235458374
0.44216984510421753
0.5356777906417847
0.7978329658508301
1.0469963550567627
0.7938058376312256
1.16525137424469
0.44398069381713867
0.642745852470398
0.7032386660575867
0.2881963551044464
0.4979105591773987
0.5520157814025879
0.6397987008094788
1.0496277809143066
1.2358832359313965
0.5462636947631836
0.4966346323490143
1.0014569759368896
0.7732008695602417
0.49777349829673767
0.8704603314399719
0.3625853657722473
0.4415163993835449
1.1395595073699951
0.6812533140182495
0.9322881698608398
0.670729398727417
0.7628153562545776
0.27789145708084106
0.6386475563049316
1.1492950916290283
0.6922076344490051
0.44962573051452637
0.5154979825019836
0.6381593346595764
0.3863595426082611
0.27050426602363586
1.0576730966567993
0.2763780653476715
0.4218253195285797
0.369414746761322
0.6998564004898071
0.6150017976760864
0.7768645286560059
0.5976694822311401
0.61711585521698
0.4609205722808838
0.20796938240528107
0.4845179617404938
0.4932563900947571
0.5235558748245239
0.7034233808517456
0.7820979356765747
0.7522901892662048
0.6042224168777466
0.16480718553066254
0.475926011800766
0.4921751916408539
0.3243498206138611
0.42729344964027405
0.6290048360824585
0.2242434024810791
0.4937655031681061
0.5312906503677368
0.8531225919723511
0.32798632979393005
0.42917680740356445
0.5528197288513184
0.5616945624351501
0.38256537914276123
0.5258652567863464
0.5605760812759399
0.47060710191726685
0.26855596899986267
0.5755006670951843
0.5492821335792542
0.7106277346611023
0.5424898266792297
0.46059027314186096
0.22982195019721985
0.3545095920562744
0.13666094839572906
1.0685726404190063
0.4644261300563812
0.18677712976932526
0.40193596482276917
0.4317120611667633
0.6911499500274658
1.0825388431549072
0.3418737053871155
0.16677626967430115
0.4561948776245117
0.1992294192314148
0.44033995270729065
0.8974488377571106
0.5151439309120178
0.5042517781257629
0.5265669822692871
0.3181949555873871
0.3394647538661957
0.7406197786331177
0.3372681736946106
0.25662049651145935
0.8517969846725464
0.3403424620628357
0.31816133856773376
0.5081890225410461
0.8921487927436829
0.21771788597106934
0.42621079087257385
1.3055411577224731
0.8936599493026733
0.38964614272117615
0.35748377442359924
0.4745829701423645
0.6179760694503784
0.5744300484657288
0.5733572244644165
0.24018797278404236
0.3457653820514679
0.6664217114448547
0.4392085075378418
0.3374466300010681
0.284332275390625
0.4720882475376129
0.3907054364681244
0.2854909300804138
0.6182445883750916
0.6704639196395874
0.6837858557701111
0.5762858986854553
0.5460246801376343
0.30010372400283813
0.146527498960495
0.5732113122940063
0.6592686176300049
0.4859386086463928
0.5908900499343872
0.8082147836685181
1.0936673879623413
0.7372797727584839
0.4342213273048401
0.9556768536567688
0.7464433908462524
0.5689202547073364
0.4432717263698578
0.5117161870002747
0.6308042407035828
0.6260720491409302
0.8798317909240723
0.3241942226886749
0.4974689483642578
0.45407065749168396
0.6887292265892029
0.3984697759151459
0.6484943628311157
0.4110337197780609
0.7820435762405396
0.6450375914573669
0.22269181907176971
0.31839531660079956
0.8046682476997375
0.48200494050979614
0.28961053490638733
0.5575029253959656
0.384552001953125
0.18629388511180878
0.15286998450756073
0.4986144006252289
0.9649164080619812
0.3228869140148163
0.2536187171936035
0.468689501285553
0.35657399892807007
0.4045700132846832
0.9853767156600952
0.5726776123046875
0.24272608757019043
0.6082751750946045
0.47086724638938904
0.3642893135547638
0.5347954630851746
0.6876443028450012
0.6166524887084961
0.5516828298568726
0.4745091497898102
0.20773234963417053
0.7469092607498169
0.3745170533657074
0.6753926873207092
1.0600610971450806
0.3524354100227356
0.4538296163082123
0.49314695596694946
0.2866484224796295
0.520196795463562
0.8076817393302917
0.3973909318447113
0.6799386143684387
0.5684755444526672
0.3278657793998718
0.5796162486076355
0.4663434624671936
0.4681328237056732
0.5831978917121887
0.5395419001579285
0.9432573318481445
0.43311405181884766
0.679686427116394
0.6186051368713379
0.8028620481491089
0.6737398505210876
0.44317930936813354
1.2543469667434692
0.7985593676567078
0.8792380094528198
0.202269047498703
0.4714849591255188
0.5129727125167847
0.5714899301528931
0.827551543712616
0.3996354043483734
0.925505518913269
0.6696561574935913
0.4556043744087219
1.0038560628890991
0.5610496997833252
1.0130951404571533
0.46679458022117615
0.5395869016647339
0.41119804978370667
0.5001640319824219
0.7398610711097717
0.4012611508369446
0.5886945724487305
0.6356122493743896
0.4554169774055481
0.41785162687301636
0.6526281833648682
0.6157175898551941
0.6019147634506226
0.42327243089675903
0.4384920001029968
0.6222494840621948
0.4270590841770172
0.3265645205974579
0.3751179277896881
0.638367772102356
0.1956687867641449
0.5281775593757629
0.5303840637207031
1.1134480237960815
0.22591300308704376
0.6619678139686584
0.8190103769302368
0.4972318112850189
0.3740141987800598
0.4761791229248047
0.43820470571517944
0.17072917520999908
0.39346131682395935
0.49534958600997925
0.5312610864639282
0.41857409477233887
0.4523165225982666
0.5287590026855469
0.8148543238639832
0.2893140912055969
0.6141424775123596
0.6138052344322205
0.5553030967712402
0.3214665651321411
0.6011271476745605
0.33683085441589355
0.616527259349823
0.6389485597610474
0.29980987310409546
0.39504939317703247
0.34291014075279236
0.630034327507019
0.4102513790130615
0.2897045612335205
0.5063220858573914
0.8469772338867188
0.37568986415863037
0.4209052622318268
0.5199477076530457
0.5392252206802368
0.6042329668998718
1.0318589210510254
0.6270838975906372
0.8419853448867798
0.5661110877990723
0.7666044235229492
0.22613981366157532
0.7207759022712708
0.691942572593689
0.3724939823150635
0.355857789516449
0.5925460457801819
0.9178844690322876
0.2837371230125427
0.7317807078361511
0.5633731484413147
0.31091681122779846
0.4914914667606354
0.41087204217910767
0.36709803342819214
0.41371384263038635
0.3000451922416687
0.1712675392627716
0.3496125340461731
0.3979649841785431
0.3579743206501007
0.8809155225753784
0.5623034238815308
0.2798890471458435
0.6985180377960205
0.3522709012031555
1.0211899280548096
0.23931880295276642
0.787169337272644
0.46594175696372986
0.35135823488235474
0.580299437046051
0.38579636812210083
0.34587663412094116
0.25191831588745117
1.262754201889038
