0.3069104850292206
0.587007999420166
0.361642062664032
0.27757909893989563
0.45113664865493774
0.4723425805568695
0.5476295351982117
0.5049306154251099
0.3980708718299866
0.5952683687210083
0.5283836126327515
0.47690248489379883
0.8128207921981812
1.0126795768737793
0.5914402008056641
0.578815221786499
0.27293553948402405
0.5285961627960205
0.5589240193367004
0.763209342956543
0.421901136636734
0.6256373524665833
0.6177041530609131
0.3496399521827698
0.3910663425922394
0.2744201123714447
0.7601879239082336
1.2401840686798096
0.6024605631828308
0.457053005695343
0.275665283203125
0.36761969327926636
0.3593263626098633
0.3926897644996643
0.7597440481185913
0.6349285840988159
0.41787204146385193
0.4365415573120117
0.6295153498649597
0.5464516878128052
0.7671146392822266
0.3928961157798767
0.8155125379562378
0.5702934265136719
0.22944578528404236
0.8059255480766296
0.2063254565000534
0.818126380443573
0.2990042567253113
0.47390732169151306
0.9598588943481445
1.0787385702133179
0.3800576329231262
0.3842957317829132
0.9654756784439087
0.3309665322303772
0.42098528146743774
0.5741761922836304
0.42233410477638245
0.5929291248321533
0.24611744284629822
0.43952685594558716
0.28591832518577576
0.3896850645542145
0.6502993106842041
0.5272057056427002
0.8543769121170044
0.6342648863792419
0.63753741979599
0.26669198274612427
1.127610445022583
0.3813963234424591
0.6510255932807922
0.7005133628845215
0.24643969535827637
0.3087535798549652
0.23838844895362854
0.37626466155052185
0.4574919641017914
0.21794041991233826
0.6804684400558472
0.24473214149475098
0.6145059466362
0.3058478832244873
0.37415194511413574
0.8590847253799438
0.3023979663848877
0.33168551325798035
0.8561686277389526
0.33886292576789856
0.44150012731552124
0.5128486156463623
0.9880250692367554
0.5656383633613586
0.4644530415534973
0.5042621493339539
0.5206485986709595
0.7386852502822876
0.449165403842926
0.9320759773254395
0.44543391466140747
0.4152728021144867
0.6271156668663025
0.3448863923549652
0.4830324053764343
0.2756340205669403
0.3741939961910248
0.5830258131027222
0.3647981584072113
0.43147602677345276
0.32943153381347656
0.5544577836990356
0.49829331040382385
0.5596663355827332
0.2692275643348694
0.41225385665893555
1.0334292650222778
0.5647920370101929
0.5545648336410522
0.8173271417617798
0.4641812741756439
0.46304017305374146
0.3493458330631256
0.7252136468887329
0.23134222626686096
0.5514997243881226
0.549583375453949
0.5323735475540161
0.396833211183548
0.6558831930160522
0.35504209995269775
0.8591619729995728
0.5067405700683594
0.3103693127632141
0.5494434833526611
0.47363168001174927
0.7528805732727051
0.49542683362960815
0.6949583888053894
0.2663303017616272
0.8140756487846375
0.8531161546707153
0.6446276903152466
0.39580869674682617
0.8144460916519165
0.827013373374939
1.0128636360168457
0.6288272142410278
0.9538763165473938
0.5783804059028625
0.6514663100242615
0.4541386067867279
0.5956125259399414
0.43393000960350037
0.9036201238632202
0.48849931359291077
0.3597143590450287
0.5989225506782532
0.6725121736526489
0.501585841178894
0.42431917786598206
0.37843161821365356
0.4667739272117615
0.2689560055732727
0.7216853499412537
0.5759075880050659
0.4661116600036621
0.39753007888793945
1.0951423645019531
0.48630356788635254
0.5502636432647705
0.4693256914615631
0.5721785426139832
0.44257134199142456
0.42912396788597107
0.435403048992157
0.5383498668670654
0.4570617079734802
0.47667360305786133
1.103628396987915
0.5683740973472595
1.0058088302612305
0.6920211315155029
0.4139076769351959
1.0451834201812744
0.45526614785194397
0.5165990591049194
0.5810876488685608
0.4687540531158447
0.576482355594635
0.5493856072425842
0.2681270241737366
0.46019047498703003
0.5265876650810242
0.5029708743095398
0.32243165373802185
0.2559910714626312
0.5727894306182861
0.46922796964645386
0.44264307618141174
0.5636409521102905
0.493723064661026
0.4208686351776123
0.8340997695922852
0.5802648067474365
0.8658895492553711
0.7138952016830444
1.22325599193573
0.5152066349983215
0.6251377463340759
0.35983806848526
0.4259417653083801
0.36047035455703735
0.5871389508247375
0.2506136894226074
0.4081200659275055
0.4446200728416443
0.23948654532432556
1.123486876487732
0.5250772833824158
0.6526234745979309
0.6165269613265991
0.6191698908805847
0.4813498556613922
0.24457626044750214
0.7151474356651306
0.8045668601989746
0.4984003007411957
0.4419260025024414
0.6603624224662781
1.000489592552185
0.5778341293334961
0.6893991231918335
0.49413275718688965
0.7419468760490417
0.3243981897830963
0.6084778308868408
1.0071203708648682
0.509933352470398
0.7582876086235046
0.4583621919155121
0.537165641784668
0.6721321940422058
0.28956159949302673
0.69370037317276
0.25432178378105164
0.5371074080467224
0.5925626754760742
0.4771122336387634
0.2957172393798828
0.3898719251155853
0.1967546045780182
0.5720863938331604
0.39001694321632385
0.5291463136672974
0.4940806031227112
0.4878966212272644
0.7690225839614868
0.4299243092536926
0.4072279930114746
0.7527369856834412
0.6013227701187134
0.45654335618019104
0.44871950149536133
0.35963329672813416
0.2755693793296814
0.27586740255355835
0.24035319685935974
0.41286522150039673
0.5328783988952637
0.44389623403549194
0.47857189178466797
0.4232776165008545
0.5312652587890625
0.2596127390861511
0.3863021731376648
0.5769820809364319
0.595137894153595
0.6260254383087158
0.7315468788146973
0.12980806827545166
0.43150749802589417
0.6529192924499512
0.498152494430542
0.5421870946884155
0.491801917552948
0.6042325496673584
0.6561425924301147
0.6583070158958435
0.6210015416145325
0.6035982370376587
1.0005242824554443
0.8613045811653137
0.34670424461364746
0.2140381634235382
0.5632348656654358
0.7270978093147278
0.5354520678520203
0.48943060636520386
0.49071669578552246
1.1968815326690674
0.43829894065856934
0.7211474180221558
0.35294702649116516
0.9246619343757629
0.49317866563796997
0.5519806146621704
0.5078946352005005
0.8256195783615112
0.745654821395874
0.4181821346282959
0.29922109842300415
0.6450924277305603
0.3594759702682495
0.21515700221061707
0.22069180011749268
0.4079999327659607
0.6135181188583374
0.38169533014297485
0.789810299873352
0.32327792048454285
0.257669061422348
0.42124682664871216
0.571243941783905
0.593386709690094
0.31378498673439026
0.3921228051185608
0.47263139486312866
0.5326889157295227
0.29764899611473083
0.31317880749702454
0.63921719789505
0.22540239989757538
0.5665595531463623
0.9720636606216431
0.6588566899299622
0.5450502038002014
1.2743172645568848
