1.228914499282837
0.9198600649833679
0.3599044978618622
0.4757971167564392
0.5241234302520752
0.5400105118751526
0.2864909768104553
0.7814792394638062
0.7231956720352173
1.7149261236190796
0.5596566200256348
0.5991261005401611
0.6526765823364258
0.7018648386001587
0.4518910348415375
0.329281747341156
0.2937902808189392
0.2753138840198517
1.2085216045379639
0.7815057635307312
0.3610149025917053
0.3814432919025421
0.37051576375961304
0.5035220384597778
0.9454943537712097
0.3476172983646393
0.3844068646430969
0.3453806936740875
0.3545284867286682
0.39068514108657837
0.5295496582984924
0.9361066818237305
0.8412193059921265
0.38197413086891174
0.5033881068229675
0.5406742095947266
0.6941761374473572
0.4385104775428772
0.2736791670322418
0.7471942901611328
0.3826015591621399
0.4747459292411804
0.3160814940929413
0.37172943353652954
0.40604621171951294
0.6419447660446167
0.8816326856613159
0.34018921852111816
0.4295540452003479
0.4216192662715912
0.5105653405189514
0.46865004301071167
0.3774799704551697
0.2545704245567322
0.31294575333595276
0.7258989214897156
0.497941792011261
0.9478484988212585
0.5771774053573608
0.7752488255500793
0.5006638765335083
0.8745113611221313
0.47566622495651245
0.6588731408119202
0.6586645245552063
0.5755699276924133
0.24626407027244568
0.866499125957489
0.9386085271835327
0.28500744700431824
0.493990033864975
0.7749212980270386
0.6611979007720947
0.5353755950927734
0.46033746004104614
0.9154419898986816
0.784168541431427
1.1137510538101196
0.31909841299057007
0.54071044921875
0.3304816782474518
1.0076967477798462
0.6950152516365051
0.43744176626205444
0.5109857320785522
0.9460903406143188
0.5150368809700012
0.8083879351615906
0.5745105743408203
1.0152534246444702
0.27281901240348816
0.4881718158721924
0.8047825694084167
0.34703221917152405
0.4474165439605713
0.49236059188842773
0.40164071321487427
1.0013760328292847
0.4738961160182953
0.20243246853351593
0.5880231857299805
0.3332069516181946
0.44518738985061646
0.27171894907951355
0.5076153874397278
0.843036949634552
0.6055951118469238
0.5946193933486938
0.38456597924232483
0.12059661000967026
0.3448769450187683
0.8320857882499695
0.8167837262153625
0.5093806982040405
0.5912384390830994
0.727953314781189
0.472787082195282
0.5024465918540955
0.5097793340682983
0.12510493397712708
0.4423794746398926
0.7630602717399597
0.4306822419166565
0.4207030236721039
0.7107542753219604
0.3671678900718689
0.3445546627044678
0.8343175053596497
1.1880807876586914
0.4555984437465668
0.6502305865287781
0.6398229598999023
0.41545066237449646
0.5630557537078857
0.9098647236824036
0.6287327408790588
0.6008352041244507
0.46931058168411255
0.46753302216529846
1.4954471588134766
0.6618128418922424
0.33268895745277405
0.5268912315368652
0.3447328209877014
0.5958513021469116
0.3800206780433655
0.5474029779434204
0.43237000703811646
0.5981572270393372
0.5560826063156128
0.2763298451900482
0.7955000996589661
0.2638997435569763
0.5840733647346497
0.5310586094856262
0.5851186513900757
0.6223591566085815
0.4410334527492523
0.6349364519119263
0.784159779548645
0.5422935485839844
0.7290621995925903
0.841221034526825
0.7314621806144714
0.2944556176662445
0.36218398809432983
0.5120262503623962
0.7955569624900818
0.7036858797073364
0.5930248498916626
0.3571523129940033
1.4261462688446045
0.5509477853775024
0.5427950620651245
0.5938834547996521
0.9037162661552429
0.679502010345459
0.6705703735351562
0.393978476524353
0.4342018961906433
1.0380939245224
0.33039528131484985
0.39407485723495483
0.34859150648117065
0.48949527740478516
0.6596465706825256
0.573451578617096
0.5006883144378662
0.11131834983825684
0.4184689521789551
0.5129203796386719
0.5909883975982666
0.48781734704971313
0.5610033869743347
0.6698268055915833
0.7804607152938843
0.4835214614868164
0.9564386606216431
0.6744667887687683
0.6017693281173706
0.5444983243942261
0.5759540796279907
1.1284234523773193
0.6201322674751282
0.8452751040458679
0.628659188747406
0.48855048418045044
0.8583254814147949
0.57821124792099
0.46892252564430237
0.3918554186820984
0.5265164971351624
0.2602141797542572
0.7403558492660522
0.5656784772872925
0.5555499792098999
0.9443130493164062
0.51856929063797
0.40835246443748474
0.6245229840278625
0.5390152931213379
0.8364297747612
0.5401094555854797
0.43861326575279236
0.6998866200447083
0.30956557393074036
0.7229021191596985
1.5263875722885132
0.3229188323020935
0.278382807970047
0.35191085934638977
0.6374223828315735
0.7115947604179382
0.5480645895004272
0.3282763361930847
0.5100144743919373
0.35721278190612793
0.32521143555641174
0.3549961447715759
0.5102056860923767
0.32562509179115295
0.5512375831604004
0.4569045901298523
0.8827115893363953
0.4088882505893707
0.45796218514442444
0.5547443628311157
0.49131345748901367
0.5307442545890808
0.3555838167667389
0.4116233289241791
0.32849738001823425
0.7839837074279785
0.584600567817688
0.347236692905426
0.43225717544555664
0.3715830445289612
0.49094587564468384
0.21458187699317932
0.46994251012802124
0.6013277173042297
0.30288395285606384
1.1857858896255493
0.6529238224029541
0.3457466959953308
0.52518230676651
0.385695219039917
0.5103274583816528
0.4128393232822418
0.8042173385620117
0.6046779751777649
0.5804201364517212
0.4515851140022278
0.6441577076911926
0.7998583912849426
0.4870729446411133
0.9923917055130005
0.9561425447463989
0.800768256187439
0.38322800397872925
0.3508140444755554
0.3210018277168274
0.2578253149986267
0.32477274537086487
0.4409216344356537
0.3614751696586609
0.46079152822494507
0.8375899195671082
0.3664974570274353
0.7895687818527222
0.5153076648712158
0.31655463576316833
0.6395337581634521
0.874411940574646
0.43136459589004517
0.23657509684562683
0.6385506987571716
0.2673051953315735
0.822522759437561
0.6278946399688721
0.4361342489719391
0.553991973400116
0.5251482725143433
0.8325217962265015
0.14877882599830627
0.8277295827865601
0.545754611492157
0.4944683909416199
0.4821586608886719
0.3268027901649475
0.31468337774276733
0.3971708416938782
0.3031276762485504
0.711230993270874
1.109349012374878
0.6415008306503296
0.6597062349319458
0.3530971109867096
0.4930626451969147
0.2138703316450119
0.7431987524032593
0.3773480951786041
0.4591776728630066
0.2560269236564636
0.7237372398376465
0.4475667476654053
0.4758163392543793
0.19455735385417938
0.3023985028266907
0.6341339349746704
0.5729497671127319
0.670164167881012
0.13344234228134155
0.43460020422935486
1.2481855154037476
0.24577155709266663
0.618615448474884
0.19216342270374298
