0.5114889740943909
0.3032465875148773
0.38628897070884705
0.656550407409668
0.3240012526512146
1.0769052505493164
0.7736142873764038
0.2591128647327423
0.49129700660705566
0.6921375393867493
0.6473343968391418
0.3777586817741394
0.6636546850204468
0.8021709322929382
0.8016149401664734
0.7164186835289001
1.6057335138320923
0.4778837263584137
0.3562455177307129
0.47127312421798706
0.4535536766052246
0.8397423028945923
0.5621163249015808
0.5153205394744873
0.5286399722099304
0.9117391705513
0.39512693881988525
0.49770641326904297
0.5116686820983887
0.38171252608299255
0.23583340644836426
0.8466326594352722
1.1782580614089966
0.3090098798274994
0.13082396984100342
0.3832322657108307
0.6290453672409058
0.7079020738601685
0.3878912627696991
0.4689284861087799
0.6368646621704102
0.29406943917274475
0.6061260104179382
0.4438025951385498
0.4792991578578949
0.7964606285095215
0.4287073016166687
0.3034743666648865
0.39099249243736267
0.9760384559631348
0.766883373260498
0.33766695857048035
0.4267500936985016
0.40221792459487915
0.6377476453781128
0.6333858966827393
0.23686738312244415
0.8678943514823914
0.30299636721611023
0.8514172434806824
0.5011671185493469
0.5813676118850708
0.8154869079589844
0.6340728402137756
0.4314254820346832
1.1143972873687744
0.40238672494888306
0.48181384801864624
0.3892936110496521
1.0627626180648804
0.3458544611930847
0.31433334946632385
0.42192745208740234
0.6251906156539917
0.37851500511169434
0.39976996183395386
0.38720569014549255
0.6106151342391968
0.615109384059906
0.2982296347618103
0.4047030508518219
0.32522112131118774
0.43637457489967346
0.4376886785030365
0.24105039238929749
0.3696262836456299
0.4005892872810364
0.20508773624897003
0.4383670687675476
1.687343955039978
0.6505143642425537
0.422482967376709
0.8254052996635437
0.3493208587169647
0.5222209692001343
0.6379382014274597
0.32217997312545776
0.4827534556388855
0.8685800433158875
0.7747054696083069
0.40099459886550903
0.6998748183250427
0.6746010184288025
0.20477457344532013
0.4906608462333679
0.5800806879997253
0.7816721200942993
0.5301029086112976
0.19419071078300476
0.6905563473701477
0.38689684867858887
0.2405015528202057
0.44462791085243225
0.3234289586544037
0.8787900805473328
0.4097418189048767
0.34152597188949585
0.6535328030586243
0.4599880576133728
0.47102218866348267
0.2825223207473755
0.5372921824455261
0.4922882616519928
0.45634156465530396
0.3687860667705536
0.635150134563446
0.6433933973312378
0.14377042651176453
0.20318742096424103
0.30931341648101807
0.621485710144043
0.8735594749450684
0.6444902420043945
0.43872132897377014
0.5042155981063843
1.0790379047393799
0.4237845540046692
0.4681857228279114
0.8548427820205688
0.7703906893730164
0.24297940731048584
0.6861532330513
0.5124260187149048
0.423342764377594
0.6081832647323608
0.6985229253768921
0.5107829570770264
0.29236143827438354
0.29914045333862305
0.6895917057991028
0.8151212930679321
0.45534247159957886
0.2706458568572998
0.3940567672252655
0.6254889369010925
0.4901770055294037
0.22743001580238342
0.6100252866744995
0.5777579545974731
0.4829707741737366
0.49699410796165466
0.34212279319763184
0.6885578036308289
0.9318217039108276
0.6736252903938293
0.43156805634498596
0.5348770022392273
0.5681290626525879
0.5513680577278137
0.4900067448616028
1.1096364259719849
1.099582552909851
0.35911256074905396
0.5666284561157227
0.22747239470481873
0.6102651357650757
0.8610101938247681
0.36561959981918335
0.7443222999572754
1.883374810218811
0.6259191036224365
0.35404086112976074
1.0493041276931763
0.5040448307991028
1.1667249202728271
0.4004283845424652
0.6277411580085754
0.3988019824028015
0.5931512117385864
0.6218256950378418
0.7209808826446533
0.5337961912155151
0.9621313214302063
0.39791610836982727
0.3398492932319641
0.7772775292396545
0.7996479868888855
1.3255800008773804
0.28560659289360046
0.6666017770767212
1.1022164821624756
0.6534042954444885
0.5413689017295837
0.5075993537902832
0.3746064603328705
0.458970844745636
0.6685388684272766
1.0308729410171509
0.36805641651153564
0.5090212225914001
0.8619936108589172
0.46755465865135193
0.3069228529930115
1.0220686197280884
0.32639092206954956
0.4405008852481842
0.2696816921234131
0.3380511701107025
0.270789235830307
0.6830707788467407
0.5016988515853882
0.5346853137016296
0.5942116379737854
0.24375145137310028
0.6113914251327515
0.4507772922515869
0.763888418674469
0.44632968306541443
1.1189000606536865
0.3162401616573334
0.5844365358352661
0.8546661138534546
0.3271191716194153
1.305088758468628
0.5237764120101929
0.6649962663650513
1.0234414339065552
0.5598771572113037
0.40800705552101135
0.5045230984687805
0.7458585500717163
0.17722076177597046
0.4359763264656067
0.24427421391010284
0.4843837320804596
1.2014728784561157
0.31064119935035706
0.36638379096984863
0.6541144251823425
0.28505459427833557
0.44770488142967224
0.6259368062019348
0.3321358561515808
0.6823815703392029
0.24798628687858582
0.48727530241012573
0.5218607187271118
0.7750099897384644
0.266159325838089
0.8154665231704712
0.7113360166549683
0.6067093014717102
0.30373698472976685
0.5769391059875488
0.5591003894805908
0.39058464765548706
0.5060678124427795
0.5611730813980103
0.6123113036155701
0.6897417306900024
0.5581466555595398
0.8994430303573608
0.7046365737915039
0.48252391815185547
0.6609603762626648
0.39024701714515686
0.5019014477729797
0.3871297240257263
0.508465588092804
0.3814552426338196
0.8197298049926758
0.5731297731399536
0.48226070404052734
0.3604968786239624
0.7271393537521362
0.2078532874584198
0.42311444878578186
0.6278343200683594
0.5332557559013367
0.6455096006393433
0.40481990575790405
1.1854227781295776
0.29020223021507263
0.4881288409233093
0.5520059466362
0.5515391230583191
0.5703223943710327
0.5889760255813599
0.33393600583076477
0.33523479104042053
0.41602596640586853
0.31844139099121094
0.2749321460723877
0.8698957562446594
0.7448657155036926
0.6387831568717957
0.21742156147956848
0.8555701971054077
0.34213247895240784
0.7492398619651794
0.4573913514614105
0.32457271218299866
0.49985799193382263
0.34795957803726196
0.3169178068637848
0.2905973494052887
0.4613507390022278
0.33439964056015015
0.47181200981140137
0.5269519090652466
0.5163270235061646
0.5214134454727173
0.4514256417751312
0.6971026659011841
0.6059430241584778
0.1817796677350998
0.5742722749710083
0.5437711477279663
0.6315854787826538
0.774760901927948
0.4055757522583008
0.821272075176239
0.4450123906135559
0.595789909362793
0.4465581774711609
0.3238574266433716
0.3957138657569885
0.8174317479133606
