0.3250076472759247
0.13257534801959991
0.4760015606880188
0.3265923857688904
0.5534504652023315
0.796934962272644
0.533963680267334
0.9827475547790527
0.4623245596885681
0.13040105998516083
0.5964277386665344
0.379157155752182
0.49194249510765076
0.4984096586704254
0.5630411505699158
0.3701503574848175
0.6591691374778748
1.1236259937286377
0.3818325996398926
1.0156623125076294
0.6566978693008423
0.46974626183509827
0.2691991627216339
0.15708497166633606
0.379815012216568
0.5950496792793274
0.5210739970207214
0.39442911744117737
0.33354151248931885
1.1538450717926025
0.40339550375938416
1.2113956212997437
0.8065555691719055
0.37913140654563904
0.3072746694087982
0.31489700078964233
0.32646799087524414
0.8240369558334351
0.37125223875045776
1.171979308128357
0.4153505861759186
0.5630456209182739
0.4658057689666748
0.3953492045402527
0.4655788838863373
0.6716107726097107
0.6005284786224365
0.4640364646911621
0.9026349782943726
0.5983441472053528
0.4230491518974304
0.44879770278930664
0.35975581407546997
0.7646850347518921
0.6344085335731506
0.7722188234329224
0.7090729475021362
0.45727452635765076
0.5431058406829834
0.4518284797668457
0.870527446269989
0.4433373510837555
0.2222129851579666
0.4801711142063141
0.5342807769775391
0.490031898021698
0.6996876001358032
0.5379496812820435
0.7472622990608215
1.3556182384490967
0.2910913825035095
0.3822634816169739
0.3732524812221527
0.5709373354911804
0.4157329499721527
0.3065345287322998
0.39149776101112366
0.2092408835887909
0.5705677270889282
0.46251875162124634
0.5408076047897339
0.625879168510437
0.4162620007991791
0.38338422775268555
0.4099884629249573
0.6214696168899536
0.34430140256881714
0.3517623543739319
0.6628462672233582
0.30492982268333435
0.3194492757320404
0.2995442748069763
1.1778489351272583
0.4389533996582031
0.48358774185180664
0.6281216740608215
0.7666994333267212
0.4971974790096283
0.4263237416744232
0.3940674662590027
0.8608411550521851
0.5776163339614868
0.40893298387527466
0.4160056710243225
0.7179405093193054
0.47932758927345276
0.5558833479881287
0.4675547480583191
0.3940379321575165
0.7366327047348022
0.7300413846969604
0.6590014696121216
0.14976432919502258
0.4728643000125885
0.768621027469635
0.5030410289764404
0.45790165662765503
0.23366761207580566
0.48229679465293884
0.5218393206596375
0.38526713848114014
0.9849399328231812
0.359259694814682
0.7115317583084106
0.29074135422706604
0.35421791672706604
0.5109823346138
0.5240110158920288
0.6233385801315308
0.7117191553115845
0.35884177684783936
0.4041445255279541
0.9697078466415405
0.5340481996536255
0.6177328824996948
0.5839227437973022
1.1348443031311035
0.6051174402236938
0.5040270090103149
0.8170709609985352
0.7508226633071899
0.3700888752937317
0.40998005867004395
0.4781063199043274
0.6949129700660706
0.4597861170768738
0.4176705479621887
0.38831159472465515
0.5359366536140442
0.3371165096759796
0.4283851683139801
0.3881955146789551
0.30273202061653137
0.8312050700187683
0.6566511988639832
0.5112046003341675
0.40231162309646606
0.527391254901886
0.38378626108169556
0.5934675931930542
0.6553140878677368
0.6532945036888123
0.5474491119384766
0.4009927809238434
0.21479693055152893
0.7582932710647583
0.662665605545044
0.4891621470451355
0.4102404713630676
0.25785031914711
0.7720052599906921
0.8482955694198608
0.5031364560127258
0.6941920518875122
0.6871472001075745
0.2805445194244385
0.49638232588768005
0.5881711840629578
0.7463446259498596
0.3390440046787262
0.5427865982055664
0.5326858758926392
0.5490249395370483
0.16778074204921722
0.24627217650413513
0.9267059564590454
0.6039705276489258
0.40100717544555664
0.5262853503227234
0.7090033888816833
0.8872745633125305
0.6418194770812988
0.4398046135902405
1.0518290996551514
0.5157718062400818
0.3563833236694336
0.6946508884429932
0.5049151182174683
0.3814104199409485
0.4354473948478699
0.5164579153060913
0.2742157280445099
0.8654559850692749
0.4761081337928772
0.7081718444824219
0.527353048324585
0.45286139845848083
0.7041982412338257
0.4174061715602875
0.3362957537174225
0.6668695211410522
0.4200778007507324
0.5499094724655151
0.5325533747673035
0.807530403137207
0.464883416891098
1.0126745700836182
0.2132691591978073
0.9193751215934753
0.33568495512008667
0.6810801029205322
0.5243960022926331
0.6573956608772278
0.6069661378860474
0.7141130566596985
0.3452513813972473
0.5555726289749146
0.6641411185264587
0.5185864567756653
0.41170263290405273
0.3972305357456207
0.475852906703949
0.8687134981155396
0.35088250041007996
0.46281418204307556
0.29174402356147766
0.7533165812492371
0.507623553276062
0.3132416605949402
0.38546210527420044
0.4814514219760895
0.5224758386611938
0.5144302248954773
0.6616513133049011
0.4735392928123474
0.4761086404323578
0.33437350392341614
0.9528751373291016
0.4209657609462738
0.7028837203979492
0.376421183347702
0.4740064740180969
0.4795748293399811
0.48354655504226685
0.29692772030830383
0.3781445026397705
0.4120391309261322
0.38193124532699585
0.384468674659729
0.769524097442627
0.5988069176673889
0.38563960790634155
0.3943629264831543
0.6111565828323364
0.1982516199350357
0.2429325133562088
0.5860304236412048
0.27635112404823303
0.17780204117298126
0.6470485329627991
0.5577216148376465
0.4493212103843689
0.3061860501766205
0.8465573191642761
0.3933975398540497
0.3397960662841797
0.9651838541030884
0.679418683052063
0.22105875611305237
0.999647319316864
0.689548134803772
0.7468137741088867
0.5437739491462708
0.3193679749965668
0.5904353857040405
0.661352276802063
0.36309778690338135
0.45638638734817505
0.8898383378982544
0.38067054748535156
0.4804443418979645
0.24754586815834045
0.49796971678733826
0.24957938492298126
0.6486821174621582
0.6218182444572449
0.5007889270782471
0.3654380738735199
0.16858480870723724
0.9610021710395813
0.6322246789932251
1.2734062671661377
0.5375673174858093
0.2954633831977844
0.7562734484672546
0.5500158071517944
0.2560696601867676
0.7051270008087158
0.37887758016586304
0.6457760334014893
0.4817593991756439
0.888823390007019
0.7098771929740906
0.5081601738929749
0.602139413356781
0.5049831867218018
0.3906556963920593
0.3167567849159241
0.2403608113527298
0.5677545666694641
0.43940553069114685
0.283047080039978
0.62189781665802
0.4167991578578949
0.7379616498947144
0.2213815152645111
0.5354651212692261
0.4485815167427063
0.33794185519218445
1.0084176063537598
0.47900867462158203
0.9448837041854858
0.5790242552757263
0.5342846512794495
0.3994631767272949
0.5224009156227112
0.36743050813674927
0.6928704380989075
