1.144248604774475
0.8136690855026245
0.9169713258743286
1.2587374448776245
1.0745254755020142
0.8257369995117188
0.5138944983482361
0.8528267741203308
0.5901435017585754
0.7553133964538574
1.0297263860702515
0.9331133961677551
0.6412678956985474
0.9903866052627563
0.33192166686058044
0.564069926738739
0.90342777967453
0.6881080865859985
0.7818604111671448
0.45562228560447693
0.8135339021682739
0.6652230024337769
0.7923139929771423
0.906973659992218
0.6050963401794434
0.8347707986831665
0.6029833555221558
0.7615817785263062
0.8338386416435242
0.7339359521865845
0.8492047190666199
0.6088272333145142
1.0381888151168823
0.7687089443206787
0.9477344751358032
0.6666694283485413
0.7555652260780334
0.6206213235855103
0.5982667803764343
0.8767083883285522
0.5893217325210571
0.48183673620224
0.9370777010917664
0.6289027333259583
1.1399738788604736
0.7061547040939331
0.5661391019821167
1.162687063217163
0.659763753414154
0.7313863039016724
0.9697593450546265
0.5253015756607056
0.38797372579574585
0.7597308158874512
0.8271404504776001
0.6154798269271851
0.7119399309158325
0.6432880163192749
0.40562668442726135
0.9170137643814087
0.7544662356376648
0.8557491302490234
0.7930961847305298
0.7575803995132446
1.0499305725097656
1.2307159900665283
0.4543468952178955
0.9350600242614746
0.6695217490196228
0.4902653694152832
0.7192105054855347
0.5978895425796509
0.5281432271003723
0.5914362072944641
0.33775654435157776
0.7707203030586243
0.845914363861084
0.40579161047935486
0.5575006008148193
0.7029095888137817
0.3085264563560486
0.8012503385543823
0.5213640928268433
0.5816885232925415
0.46793943643569946
0.640856921672821
0.9720115661621094
0.48862725496292114
0.8053109049797058
1.0021637678146362
0.6880257725715637
0.8347810506820679
0.5055464506149292
0.7914937138557434
1.0379602909088135
0.6952013969421387
0.8274049758911133
0.8178445100784302
0.5710651278495789
0.4966960549354553
0.6220785975456238
0.8191256523132324
1.4647338390350342
0.6300734281539917
0.8892995715141296
0.7519172430038452
0.5782563090324402
1.0789541006088257
0.6188458204269409
0.8094733357429504
0.999354362487793
0.3938201367855072
0.5282238721847534
0.7648162841796875
0.7829541563987732
0.630476176738739
0.684356153011322
0.5779538750648499
0.6354979276657104
0.4477699398994446
0.8531062006950378
0.7209786772727966
0.6924816370010376
0.7282547950744629
0.5443536043167114
0.5219001770019531
1.1662256717681885
1.0793049335479736
0.6291487812995911
0.8086660504341125
0.5403507947921753
0.5319527387619019
0.36173123121261597
0.4708080291748047
0.403324693441391
0.700297474861145
1.0665603876113892
0.5547077059745789
0.9405048489570618
0.5722257494926453
0.7369393706321716
0.9017046093940735
0.76412433385849
0.8716939687728882
0.666476309299469
0.6628395318984985
0.6235340237617493
0.6223037242889404
0.8299276232719421
0.5604994893074036
0.737370491027832
0.48356762528419495
0.6059780716896057
0.58209627866745
0.706321120262146
0.8107296228408813
1.0333452224731445
1.012306809425354
0.686152458190918
0.9307926893234253
0.4565261900424957
0.5798071026802063
0.6510857343673706
1.797974944114685
0.5866654515266418
0.5408649444580078
0.9541758298873901
0.8134497404098511
0.763887882232666
0.7499501705169678
0.6850594282150269
0.5165088772773743
0.8764211535453796
0.3439352810382843
0.5956821441650391
0.6412888169288635
0.7644389271736145
1.4890658855438232
0.4776657223701477
0.8458542823791504
0.3965456485748291
0.7926729321479797
0.8835147023200989
0.5005375742912292
0.8044437170028687
0.8929912447929382
0.6158121228218079
0.8172957301139832
1.1496175527572632
0.5909504890441895
0.8103903532028198
0.4211731553077698
0.6964317560195923
0.4981388449668884
0.6080609560012817
0.6977198719978333
0.6400977373123169
0.7382124662399292
0.6214183568954468
1.3598406314849854
0.4657205641269684
0.982323944568634
0.7653570175170898
0.7749569416046143
0.5855914354324341
0.806115448474884
0.3641262948513031
0.6226836442947388
1.0601094961166382
0.9082231521606445
0.8044427633285522
0.5481322407722473
0.5344961285591125
1.028747797012329
0.7583813667297363
0.6533216238021851
0.916283905506134
0.8075157403945923
0.7183786630630493
1.0153656005859375
0.5166863799095154
0.6141780614852905
0.7037953734397888
0.6222701072692871
0.8301332592964172
0.48332223296165466
0.7174654603004456
0.9736173748970032
0.8318020701408386
0.8258054852485657
0.6331830024719238
1.017661690711975
0.7147043347358704
1.2349116802215576
0.7607242465019226
0.7430789470672607
0.45759615302085876
0.6467138528823853
0.8321188688278198
0.5341914296150208
0.6207133531570435
0.8481346368789673
0.6214905977249146
0.5864527821540833
0.5469347238540649
0.8733857870101929
0.7462663650512695
0.6699052453041077
0.4800172746181488
0.6933745741844177
0.9697335958480835
0.6243352890014648
1.2010087966918945
0.8293724060058594
0.7231887578964233
0.6964377760887146
0.726386547088623
0.7793315052986145
1.1176279783248901
0.8380743265151978
0.6639902591705322
1.4365503787994385
0.809956431388855
0.6489337086677551
0.6574305295944214
0.708305299282074
0.5551381707191467
0.35577717423439026
0.9084404110908508
1.0017192363739014
0.7085714936256409
0.8921307325363159
1.0300214290618896
0.9532504081726074
0.8886066675186157
0.8885074853897095
0.5056539177894592
0.5537020564079285
0.670256495475769
0.5202115774154663
0.5731045007705688
0.34134966135025024
0.7359887361526489
0.6094808578491211
0.39132794737815857
0.5147948861122131
0.5485501885414124
0.9588927030563354
0.5470849275588989
0.9463879466056824
0.6568435430526733
0.6782798171043396
0.5966662168502808
0.4830036163330078
0.4849388003349304
0.5704604983329773
0.6412957906723022
0.9224315881729126
0.42650851607322693
0.4335480332374573
0.3739071190357208
0.40718787908554077
0.9629716873168945
0.9189472198486328
1.045173168182373
0.5992991328239441
0.8973312377929688
0.8812087178230286
0.8297670483589172
0.6799411773681641
0.9736630320549011
0.5732635259628296
0.6472042798995972
0.44270724058151245
1.0355825424194336
0.7992101907730103
0.5006240606307983
0.8879931569099426
1.0784310102462769
0.49799108505249023
0.4577910006046295
0.6785052418708801
0.925399661064148
0.8545023798942566
0.5343503355979919
0.6682294011116028
0.54465252161026
0.6508293747901917
1.043426275253296
0.5396468043327332
0.5532480478286743
0.562224805355072
0.7202993631362915
0.6440063714981079
0.4416974186897278
0.944503903388977
0.8431726694107056
1.089619755744934
