0.4491700530052185
0.45910581946372986
0.45213308930397034
0.9252763986587524
0.5373085141181946
1.0732152462005615
0.5470979809761047
0.3834293484687805
0.5599585771560669
0.33205240964889526
0.3584863245487213
0.4861621856689453
0.49748945236206055
0.5926655530929565
0.7249618768692017
0.6446328163146973
0.459280401468277
0.7607155442237854
0.36211371421813965
0.257425457239151
0.44946393370628357
0.4839450418949127
0.39222896099090576
0.33903267979621887
0.4344675540924072
0.6276016235351562
0.6971520781517029
0.4985801577568054
0.31584176421165466
0.8427278399467468
0.46244755387306213
0.7354974746704102
1.0978381633758545
0.41076725721359253
0.6360548138618469
0.6965230107307434
0.38423454761505127
0.5816644430160522
0.20594653487205505
0.9662141799926758
0.413929283618927
0.44154810905456543
0.20357546210289001
0.49872270226478577
0.4323854446411133
0.5387519598007202
0.6631547808647156
0.9368268251419067
0.47943490743637085
0.5483136177062988
0.3656200170516968
0.8012531995773315
0.6851326823234558
0.7209890484809875
0.8446024060249329
0.49214786291122437
0.3797934055328369
0.407500684261322
0.5084425210952759
0.49938899278640747
0.5998855829238892
0.2091740369796753
0.45438671112060547
0.4350184500217438
0.34257036447525024
0.5758668184280396
0.9321941137313843
1.1948893070220947
0.6403965950012207
0.6525999903678894
0.5280723571777344
0.8053375482559204
0.45648908615112305
0.6652637720108032
0.5186520218849182
0.9476858377456665
0.8631585836410522
0.49589625000953674
0.7146339416503906
0.38646426796913147
0.44789355993270874
0.6033402681350708
0.4305178225040436
0.7043880224227905
0.3834809362888336
0.40128451585769653
0.7363901138305664
0.3911904990673065
0.6570050120353699
0.36830970644950867
0.4389570355415344
0.8220435976982117
0.3974102735519409
0.5603286027908325
0.5858148336410522
0.2686493992805481
0.34075579047203064
0.5181918144226074
1.1459662914276123
0.37323302030563354
0.7723038196563721
0.3097594976425171
0.4375363290309906
0.6766213774681091
0.4786350727081299
0.8959430456161499
0.3431912064552307
0.18355637788772583
1.0904741287231445
0.45891302824020386
0.5541130304336548
0.4613666534423828
0.7618488669395447
0.46421727538108826
0.3634788393974304
0.34794726967811584
0.4768238067626953
1.066131591796875
0.2801099419593811
0.3828697204589844
0.55473792552948
0.39701777696609497
0.2696244716644287
0.2384910136461258
0.3263546824455261
0.8577060699462891
0.4064006805419922
0.41306790709495544
0.5114351511001587
0.4509102702140808
0.5680200457572937
0.36620715260505676
1.0765318870544434
0.5120159387588501
0.39219504594802856
0.5914851427078247
0.37029725313186646
1.3551602363586426
0.4077214300632477
0.45546436309814453
0.6636772751808167
0.8604629635810852
0.6996005773544312
0.17740820348262787
0.24179521203041077
0.4629141390323639
0.32687750458717346
0.24697017669677734
0.5745033621788025
0.3677939772605896
0.39813292026519775
0.6573917269706726
0.44275355339050293
0.962360680103302
0.697196900844574
0.48681315779685974
0.28462252020835876
0.5941265821456909
0.6422666311264038
0.38703909516334534
0.2953112721443176
0.6793087720870972
0.5357581377029419
0.8662593960762024
1.0641529560089111
0.34493058919906616
0.8494161367416382
0.5742902755737305
0.42212003469467163
0.37166714668273926
0.2970319390296936
0.5883914232254028
0.28913795948028564
0.7154226303100586
0.49531078338623047
0.629593551158905
0.6714407801628113
0.3911752700805664
0.8704907298088074
0.28661805391311646
0.6498717069625854
0.8252445459365845
1.0220675468444824
0.46551528573036194
0.8534140586853027
0.36446601152420044
0.35256651043891907
0.6142507195472717
0.28617677092552185
0.5972935557365417
0.8002490997314453
0.5988272428512573
0.6660563945770264
0.8006370663642883
0.8168438673019409
0.5842341184616089
0.46975383162498474
0.2503975033760071
0.4144452214241028
0.3960930407047272
0.8334919214248657
0.49963459372520447
0.39466267824172974
0.34458863735198975
0.461935818195343
0.5180392861366272
0.6761056184768677
0.3709902763366699
1.0093140602111816
0.56902676820755
0.8541019558906555
0.6266576051712036
0.288567453622818
0.43959173560142517
0.7490308880805969
0.33618685603141785
0.6309552192687988
0.429104745388031
0.7025834918022156
0.6285058259963989
0.7849400639533997
0.6057735681533813
0.5577206611633301
0.5660035014152527
0.40968793630599976
0.29834550619125366
0.5377219319343567
0.6386424899101257
0.2881559133529663
0.3614462614059448
0.40016087889671326
0.9084173440933228
0.8536285161972046
0.4948349893093109
0.6456037759780884
0.45892420411109924
0.7547014355659485
0.5669472813606262
0.8866492509841919
0.3041674494743347
0.839834988117218
0.6928052306175232
0.7121210098266602
0.1990174651145935
0.6091330051422119
0.1494901329278946
0.5248385071754456
0.49994462728500366
0.7144176363945007
0.34277215600013733
0.46511974930763245
0.4192507863044739
1.0422929525375366
0.48380112648010254
0.3384312689304352
0.4261649549007416
0.46004295349121094
0.44740185141563416
0.48748916387557983
0.5959778428077698
0.2554337978363037
0.8334062695503235
0.7284992933273315
0.8828665018081665
0.5288065671920776
0.9100093841552734
0.7767835855484009
0.472362220287323
0.4889395833015442
0.3276936113834381
0.5761195421218872
0.6778749227523804
1.1096619367599487
0.40542444586753845
0.9077947735786438
0.5537264347076416
0.43457645177841187
0.5634264945983887
0.6514941453933716
0.6597789525985718
0.7153908610343933
0.5831714868545532
0.43530935049057007
0.19690153002738953
0.37046560645103455
0.5843753218650818
0.8533835411071777
0.8818513751029968
0.3991840183734894
0.6456668972969055
0.4398738741874695
0.7092462778091431
0.3973774313926697
0.3589199185371399
0.33194345235824585
0.7629845142364502
0.36077311635017395
0.4006327688694
0.6711819767951965
0.34733763337135315
0.667595386505127
0.2780036926269531
0.5744830369949341
0.38055384159088135
0.33094003796577454
0.46891993284225464
0.2992808520793915
0.37893545627593994
0.4106636047363281
0.4658285975456238
0.5929534435272217
0.2290552854537964
0.5749244093894958
0.6301477551460266
0.42679858207702637
0.46082037687301636
0.7511744499206543
0.5922461748123169
0.24133393168449402
0.39606744050979614
0.6270303726196289
0.8661075830459595
0.33167991042137146
0.6087712049484253
0.5164945721626282
0.6825314164161682
0.7270216345787048
0.34809237718582153
0.6949016451835632
0.4986369013786316
0.2910726070404053
0.6343676447868347
0.3408218026161194
0.33472007513046265
0.7492660284042358
0.18913796544075012
0.12889394164085388
0.18346862494945526
