0.3908405900001526
0.41418027877807617
0.5459291338920593
0.592331051826477
0.498551607131958
0.20155152678489685
0.4166647493839264
0.5452946424484253
0.23312588036060333
0.6479021310806274
0.8773218393325806
0.6300588846206665
0.5281535387039185
0.5258998870849609
0.6777716875076294
0.4055429995059967
0.6433752775192261
0.5403673052787781
0.4837827682495117
0.29329928755760193
0.3824698328971863
0.38067662715911865
0.5383723974227905
0.49545758962631226
0.4852401316165924
0.599773108959198
0.36222749948501587
0.35798168182373047
0.5776042938232422
0.28563016653060913
0.5367287397384644
0.28963038325309753
0.7844041585922241
0.4033925533294678
1.4436331987380981
0.4815414547920227
0.3107140064239502
0.6337364912033081
1.1047353744506836
0.3153505027294159
0.6936917901039124
0.22787705063819885
0.30071279406547546
0.47845426201820374
0.3263568878173828
0.8469823598861694
0.5843621492385864
0.7801195383071899
0.4328404366970062
0.8796095848083496
0.6997061967849731
0.8071452379226685
0.2806358337402344
0.2537282705307007
1.1123225688934326
0.3067542016506195
0.4057926535606384
0.6775020956993103
0.6869399547576904
0.44684624671936035
0.8892514109611511
0.2732514441013336
0.3571103811264038
0.24034705758094788
0.5410012006759644
0.5353381037712097
0.5081455111503601
0.36227908730506897
0.3530382513999939
0.29487982392311096
0.84895259141922
0.34508588910102844
0.8454779386520386
0.26816362142562866
0.4976097047328949
0.7316969633102417
0.5213068723678589
0.3436776101589203
0.3613894581794739
0.5288404822349548
0.3565913736820221
0.43568387627601624
0.24143457412719727
0.7215566635131836
1.1430110931396484
0.5004573464393616
0.3576461672782898
0.5593643188476562
0.5138367414474487
0.5162989497184753
0.25424808263778687
0.30411139130592346
0.5398154854774475
0.35165396332740784
0.6414698362350464
0.5893269181251526
0.34261709451675415
0.4899276793003082
0.7897338271141052
0.6477198600769043
0.9693114161491394
0.5523515939712524
0.5887387990951538
0.5724872350692749
0.8585009574890137
0.6079138517379761
0.34785231947898865
0.3284951150417328
0.7774803042411804
0.48469677567481995
0.7325652837753296
0.2728983461856842
0.6625622510910034
0.4272971749305725
0.9618347883224487
0.6707032918930054
0.1716865599155426
0.2888484299182892
0.7788809537887573
1.1357698440551758
0.3121569752693176
0.33603495359420776
0.967052161693573
0.4879624843597412
0.7043158411979675
0.6032020449638367
0.4783906042575836
0.41801804304122925
0.3916100561618805
0.6278600692749023
0.5547118186950684
0.3594896197319031
0.7119454741477966
0.3390476107597351
0.6734762191772461
0.7894423007965088
0.25687241554260254
0.46236905455589294
0.7633804678916931
0.4863205850124359
0.6451634168624878
1.0634942054748535
0.5608868598937988
0.5042251348495483
0.8129435777664185
0.5374472141265869
0.3506672978401184
0.4231654703617096
0.3802512586116791
0.5814176201820374
0.3023061156272888
0.6594157218933105
1.0312917232513428
0.37700143456459045
0.5219805240631104
0.5195038318634033
0.6269602179527283
0.4893290102481842
0.5263078808784485
0.29147353768348694
0.6376045942306519
0.6384790539741516
0.522740364074707
0.7221970558166504
0.4820190370082855
0.23488397896289825
1.0315687656402588
0.7417737245559692
0.832489013671875
0.5404390096664429
0.7008496522903442
0.35591331124305725
0.5757284760475159
0.47963470220565796
0.4320860803127289
0.7735098600387573
0.5971792936325073
0.5098766088485718
0.4261866509914398
0.419140100479126
0.6291444897651672
0.806165874004364
0.8078739047050476
0.4785481095314026
0.3305341303348541
0.2541651427745819
0.5464786291122437
0.39042940735816956
0.38662272691726685
0.42954540252685547
0.5735708475112915
0.5497449040412903
0.6209249496459961
0.47125935554504395
0.48294535279273987
0.44416266679763794
0.37096452713012695
0.3416224718093872
0.30157676339149475
0.5255411267280579
0.621070146560669
0.47428637742996216
0.7115519642829895
0.5120204091072083
0.7770716547966003
0.4333309233188629
0.3092736303806305
1.1567941904067993
0.5533629655838013
0.6473240852355957
0.32688650488853455
0.2987256646156311
0.6826618313789368
0.6158817410469055
0.9328553080558777
0.4262998700141907
0.40871986746788025
0.5218985080718994
0.2742902636528015
0.5978733897209167
0.4877799153327942
0.6149159669876099
0.27181899547576904
0.6746006011962891
0.4861234724521637
0.7059923410415649
0.7730745077133179
0.488351434469223
0.5912339091300964
0.39550384879112244
0.25653722882270813
0.4036511480808258
0.5011138916015625
0.9116106033325195
0.3173503279685974
0.2538069188594818
0.2039147913455963
0.6335102319717407
0.8544851541519165
0.4494546353816986
0.8042572140693665
0.48666539788246155
0.6450139880180359
0.5552237033843994
0.8377246856689453
0.31497353315353394
0.29778099060058594
0.6096287965774536
0.7219408750534058
0.6766328811645508
0.4149878919124603
0.4090077877044678
0.8059536218643188
1.0997265577316284
0.36012202501296997
0.9563578367233276
0.25293710827827454
0.5277999043464661
0.4332454800605774
0.5844268798828125
0.30426666140556335
0.622081458568573
0.6984076499938965
0.33423152565956116
0.2872900366783142
0.5384784936904907
0.4505840241909027
0.5471166372299194
0.22343721985816956
0.2825908660888672
0.9188993573188782
0.3133534789085388
0.36920350790023804
0.37377431988716125
1.2293025255203247
0.7958518862724304
0.4733959138393402
0.3278847336769104
1.5182945728302002
0.6517284512519836
0.7304906845092773
0.28196007013320923
0.6163721084594727
0.54460209608078
0.4255543649196625
0.40047264099121094
0.5859748721122742
0.5555840730667114
1.0469619035720825
0.39097175002098083
0.38490042090415955
0.49815407395362854
0.23760858178138733
1.1512110233306885
0.4827424883842468
0.35250717401504517
0.2564381957054138
0.607509970664978
0.48468834161758423
0.7668739557266235
0.44538408517837524
0.20083382725715637
0.587511420249939
0.5036449432373047
0.4621860384941101
0.5383188128471375
0.23648199439048767
0.893082320690155
1.1234513521194458
0.3120928406715393
1.0621815919876099
0.41183677315711975
0.26885658502578735
0.4114986062049866
0.49304208159446716
0.7126936316490173
0.6723036170005798
0.5962940454483032
0.4713059365749359
0.43511080741882324
0.4433876574039459
0.5264850854873657
0.44794535636901855
0.4126567244529724
0.2700018584728241
0.809664249420166
0.7620344758033752
0.23663094639778137
0.529227614402771
0.3472999036312103
0.5355395078659058
0.5666630864143372
0.6308675408363342
0.3228291869163513
0.2433658093214035
0.6644042730331421
0.5656010508537292
1.0340704917907715
