0.327224463224411
0.9732114672660828
0.8737146258354187
0.6676494479179382
0.5280030965805054
0.5067527890205383
0.2642536759376526
0.7306299209594727
0.6147030591964722
0.8331543207168579
0.40381526947021484
0.5936786532402039
0.32155948877334595
1.117863655090332
0.46329396963119507
0.6256569027900696
0.7477899193763733
0.3638954162597656
0.5170220136642456
0.7278393507003784
0.20809288322925568
0.49667540192604065
1.1367770433425903
0.7133775949478149
0.439365953207016
0.36757439374923706
0.6814032793045044
0.5383394956588745
0.4072832465171814
0.7400592565536499
0.5604305863380432
0.6681743860244751
0.4541807174682617
0.48646244406700134
0.32740023732185364
0.7792178392410278
0.48966750502586365
0.7191712856292725
0.6346945762634277
0.8494617342948914
0.6528316736221313
0.3229800760746002
0.3266722559928894
0.5070610642433167
0.38738518953323364
0.5702978372573853
0.4982447624206543
0.9614236950874329
0.6748247146606445
0.5092033743858337
0.7068848609924316
0.44438761472702026
0.24699454009532928
0.45190295577049255
0.1433521807193756
0.25187379121780396
0.47191721200942993
0.31726762652397156
0.24292202293872833
0.44256964325904846
0.6935665011405945
0.472714364528656
0.7603557705879211
0.3760198950767517
0.5643471479415894
0.3407134413719177
0.5547721982002258
0.8838197588920593
0.30386847257614136
1.218016266822815
0.31250232458114624
0.8706722259521484
0.41177278757095337
0.38004061579704285
0.5491176247596741
0.5424253940582275
0.9150555729866028
0.46181702613830566
0.765368640422821
0.45307475328445435
0.4162449240684509
0.5764983892440796
1.2237074375152588
0.4528399109840393
0.4519875645637512
0.5210379362106323
0.33325308561325073
0.5082701444625854
0.30837029218673706
0.3047674000263214
0.28972238302230835
0.36330461502075195
0.2339586466550827
0.6081702709197998
0.15585577487945557
1.031404733657837
0.4037652015686035
0.4858105778694153
0.8195387125015259
0.25603896379470825
0.8558475375175476
0.5034181475639343
0.3204401135444641
0.3095244765281677
0.7548230290412903
0.46888598799705505
0.33944758772850037
0.6613727807998657
0.8965362310409546
0.3024228513240814
0.9017215967178345
0.3529760241508484
0.5563042163848877
0.5256621241569519
0.6353793144226074
0.5000163316726685
0.19492249190807343
0.471337229013443
0.7052859663963318
0.7709277868270874
1.2920137643814087
0.3410699963569641
0.38236987590789795
1.6221046447753906
0.577343761920929
0.4978523850440979
0.6687980890274048
0.33321866393089294
0.9968550801277161
0.4037662148475647
0.3503498435020447
0.6791312098503113
0.727185845375061
0.6084610819816589
0.606352686882019
0.5161601305007935
0.5351667404174805
0.4051951766014099
0.25976043939590454
0.397754967212677
0.5264833569526672
0.5317897796630859
0.24619503319263458
0.9918485879898071
0.16158512234687805
0.6141703724861145
1.2270495891571045
0.5634140968322754
0.7359065413475037
0.22556598484516144
1.0034692287445068
0.23313024640083313
0.3637453615665436
0.6448055505752563
0.48851317167282104
0.46280336380004883
0.38598746061325073
0.46450257301330566
0.31319689750671387
0.45629340410232544
0.3785293996334076
0.644576907157898
0.2897491455078125
0.6713997721672058
0.5448936820030212
0.4460877478122711
0.3662187457084656
0.46293574571609497
0.8347940444946289
0.5008845329284668
0.9718368649482727
0.19622400403022766
0.6249813437461853
0.7175718545913696
1.0672308206558228
0.43839582800865173
0.4402129054069519
0.6540411710739136
0.30255135893821716
0.8825599551200867
0.9877111315727234
0.6576374173164368
0.3179646134376526
0.42242246866226196
0.35767751932144165
0.2716020345687866
0.30269655585289
0.3676372468471527
0.5638295412063599
0.3587149679660797
0.5366314649581909
0.5649958848953247
0.39978477358818054
0.4601778984069824
0.27194294333457947
0.8377904891967773
0.27964454889297485
0.5910259485244751
0.7482188940048218
0.5203048586845398
0.34273630380630493
0.562457263469696
0.6166304349899292
0.1890752613544464
0.2149699628353119
0.8315027952194214
0.31395047903060913
0.3606640696525574
0.39358946681022644
0.304563045501709
0.39217567443847656
0.7919777035713196
0.5664798617362976
0.37585166096687317
0.6831742525100708
0.652023434638977
0.5314133763313293
0.6344338655471802
1.0208975076675415
0.4677746295928955
0.6714574694633484
0.42603516578674316
0.31586796045303345
0.7143665552139282
0.5647709965705872
1.1334388256072998
0.798930287361145
0.553113579750061
0.557836651802063
0.6815506219863892
0.9457645416259766
0.6191746592521667
0.3764159679412842
0.5982484817504883
0.5695024728775024
0.475635826587677
0.3948519825935364
0.5865389704704285
0.6695574522018433
0.5445624589920044
0.5745708346366882
0.26902031898498535
1.007765769958496
0.36769595742225647
0.7787522673606873
0.4226173460483551
0.33891862630844116
0.7168946266174316
0.6169050931930542
0.6845892071723938
0.600432276725769
0.47417157888412476
0.5988370776176453
0.39627718925476074
0.4702606201171875
0.28558701276779175
0.570022702217102
0.4125276505947113
0.3168617784976959
0.5173053741455078
0.5032895803451538
0.611322283744812
0.9640226364135742
0.17025336623191833
0.4182652533054352
0.25976917147636414
0.4222152829170227
0.30193859338760376
0.5438082218170166
0.9837328195571899
0.7197656631469727
0.32533973455429077
0.980732798576355
0.5305834412574768
0.3817717432975769
0.40668225288391113
1.384117841720581
0.5118453502655029
0.576532244682312
0.6278940439224243
0.40838128328323364
0.6541370153427124
0.4063006043434143
0.5976081490516663
0.33301854133605957
0.8575466275215149
0.21104201674461365
0.6857085824012756
0.4523150324821472
0.7283550500869751
0.4533045291900635
0.463662326335907
0.4032743573188782
0.6100066900253296
0.7471864819526672
0.33795276284217834
0.4691740572452545
0.44981035590171814
0.7486726641654968
0.17788133025169373
0.44109421968460083
0.21131138503551483
0.41689246892929077
0.7806538939476013
0.4868849813938141
0.8059316873550415
0.3361063599586487
0.23135223984718323
0.4273850917816162
0.4976331293582916
0.4255378842353821
0.4522685110569
0.5716774463653564
0.7579029202461243
0.34538838267326355
0.5008620023727417
0.6198221445083618
0.8743897676467896
0.2702842950820923
0.5618768930435181
0.2398659735918045
0.25545376539230347
0.6859622001647949
0.3938080072402954
0.4734826683998108
0.9294974207878113
0.8500405550003052
0.6029911041259766
0.5764354467391968
0.4251679480075836
0.7104460000991821
0.37754571437835693
0.3713657259941101
0.739286482334137
0.2578342854976654
0.5949523448944092
0.32009464502334595
0.20459620654582977
