0.6099558472633362
0.5273657441139221
0.3316372036933899
0.9219701886177063
0.19517812132835388
0.961617648601532
0.5799636244773865
0.6365002393722534
0.8486353158950806
0.6111895442008972
0.6353527903556824
0.3659655749797821
0.6357710957527161
0.395219087600708
0.6264691352844238
0.562847912311554
0.6259264349937439
0.627167284488678
0.8982383012771606
0.5657207369804382
0.6764701008796692
0.2357650250196457
0.6568232774734497
0.6821967363357544
0.2974003255367279
0.8489416241645813
0.3778318464756012
0.40832558274269104
0.2559056580066681
0.4050697386264801
0.4996345639228821
0.2807329297065735
0.5894137024879456
0.6043429374694824
0.635829746723175
0.3386310040950775
0.7207703590393066
0.7042073011398315
0.4780307710170746
0.30155742168426514
0.3022128939628601
0.6098707914352417
0.7133461236953735
0.3953462541103363
0.5079140663146973
0.36680957674980164
0.6133468151092529
0.7521883249282837
0.38238248229026794
0.5050743818283081
0.42935457825660706
0.7091645002365112
0.5647388696670532
0.3884456753730774
0.38605326414108276
0.658517062664032
0.8419286608695984
1.3354671001434326
0.44663572311401367
0.42579060792922974
0.3693877160549164
0.2427014857530594
0.376364141702652
0.6766069531440735
0.7354071736335754
0.4286833703517914
0.7511029243469238
0.683728814125061
0.3742572069168091
0.3618832528591156
0.5018635988235474
0.2998044490814209
0.5344378352165222
0.526416003704071
0.7982405424118042
0.9716909527778625
0.6129993200302124
0.47456851601600647
0.6320596933364868
0.46133145689964294
0.9821567535400391
0.25356602668762207
0.35375654697418213
0.3682318329811096
0.36986762285232544
0.5252460837364197
0.7289591431617737
0.37478211522102356
0.7802408337593079
0.5985738635063171
0.8422792553901672
0.632811963558197
0.40226712822914124
0.9956091046333313
0.3768182694911957
0.25379228591918945
0.6694855690002441
0.5747414827346802
0.252967894077301
0.620982825756073
0.630013644695282
0.4196928143501282
0.4859144687652588
0.33218368887901306
0.31856754422187805
0.5440966486930847
1.1672942638397217
0.364663302898407
0.39007773995399475
0.5461801290512085
0.5138874650001526
0.624874472618103
0.6220906972885132
0.5393006801605225
0.43397432565689087
0.5914350748062134
0.5844536423683167
0.6410750150680542
0.7349225282669067
0.8322674036026001
0.5646487474441528
0.7556927800178528
0.40606385469436646
0.27262434363365173
0.7625685930252075
0.17197221517562866
0.7350057363510132
0.5198146104812622
0.31522974371910095
0.4212532937526703
0.2986370027065277
0.9342225790023804
0.5861966609954834
0.12374348938465118
0.4749527871608734
0.6045456528663635
0.5287100076675415
0.2091095745563507
0.29770660400390625
0.994718074798584
0.436126708984375
0.8348517417907715
0.23499520123004913
0.9943689107894897
0.2696005403995514
0.7919665575027466
0.611274003982544
0.38967788219451904
1.3896836042404175
0.5206460356712341
0.4378949999809265
0.41015228629112244
0.47328758239746094
0.6706374287605286
0.9954169988632202
0.6209529638290405
0.7484191060066223
0.6146887540817261
0.30618998408317566
0.7742727994918823
0.3322010040283203
0.6854879260063171
0.3900594115257263
0.7162660360336304
0.6921476721763611
0.9434099197387695
0.6818707585334778
0.9133588671684265
0.32832178473472595
0.5975605249404907
0.48003140091896057
0.5556472539901733
1.0517216920852661
0.27082085609436035
0.3004327714443207
0.8852159380912781
0.4487721025943756
0.4631044268608093
0.7194979786872864
0.871273398399353
0.8055921792984009
0.6572158932685852
0.17818450927734375
0.8482635617256165
0.6455533504486084
0.3933688998222351
0.6180151104927063
0.9792228937149048
0.1746143400669098
0.298223078250885
0.6991707682609558
0.4708370268344879
0.5541930198669434
0.21829691529273987
0.46795907616615295
0.5612174868583679
0.6891502141952515
0.4563252329826355
0.3433929979801178
0.37451764941215515
0.9452880620956421
0.4312017858028412
0.3651946783065796
0.5513864755630493
0.48086661100387573
0.37038177251815796
0.4512879252433777
0.708162784576416
0.4820007383823395
0.45703211426734924
0.4330381453037262
0.7137344479560852
1.3265774250030518
0.7319113612174988
0.1518014520406723
0.46862608194351196
0.6262749433517456
0.4929959774017334
0.6063401699066162
0.4573351740837097
1.0239744186401367
0.2766096293926239
0.256438672542572
0.33998697996139526
0.5027648210525513
0.24264483153820038
0.6555701494216919
0.45731672644615173
0.22907908260822296
0.6359775066375732
0.42488154768943787
0.6238048672676086
0.2812332212924957
0.38531166315078735
0.2297600954771042
0.3745454251766205
0.27570849657058716
0.4742400050163269
0.5829882621765137
0.5453647375106812
0.7785702347755432
0.5866712331771851
1.111232042312622
0.7588881254196167
0.4810367226600647
0.7008324861526489
0.22615495324134827
0.6948361396789551
0.5603635907173157
0.5315607786178589
0.4338429570198059
1.238674521446228
0.6117691993713379
0.33817824721336365
0.5742613673210144
0.5167631506919861
0.3751979470252991
0.752405047416687
0.430791437625885
0.6877413988113403
0.6417375802993774
0.5864903926849365
0.8328703045845032
1.4055802822113037
0.4898788332939148
0.3702661395072937
0.7140525579452515
0.5944920778274536
0.40829530358314514
0.6217190623283386
0.6765908002853394
0.6835271716117859
0.2682742476463318
0.6078425645828247
0.8728011846542358
0.5471480488777161
0.8380066752433777
0.4782153069972992
0.4725070893764496
0.6040655374526978
0.7852314114570618
0.6209398508071899
0.5714130997657776
0.27624449133872986
0.24887557327747345
0.8446841239929199
0.4020983576774597
0.3828238546848297
0.7468293905258179
0.35441914200782776
0.6765457391738892
0.6181305646896362
1.106891393661499
0.5087196230888367
0.18613091111183167
0.29108160734176636
0.6499317288398743
0.5758764147758484
0.48008131980895996
0.5590952634811401
1.3236019611358643
0.3033355176448822
0.6260477900505066
0.6215939521789551
0.624107837677002
0.837646484375
0.37929558753967285
0.4259594976902008
0.5791558027267456
0.8249832987785339
0.38740020990371704
0.2853303849697113
0.590428352355957
0.5930745601654053
0.4195731580257416
0.2335621863603592
0.4263724386692047
0.4786139130592346
0.6958469152450562
0.4588462710380554
0.9330272674560547
0.26049113273620605
0.4345629811286926
0.3605934679508209
0.3953261971473694
0.9192107319831848
0.7317755818367004
0.46533212065696716
0.5337592959403992
0.2601109445095062
0.6640601754188538
0.09600786864757538
0.595687747001648
0.2979031503200531
0.3238525092601776
0.804721474647522
0.7906866073608398
0.46908333897590637
