0.41136425733566284
0.2480098307132721
0.5313320159912109
0.6541687250137329
0.659303605556488
0.5632659196853638
0.7743389010429382
0.5894352793693542
0.4139174520969391
0.9506279230117798
0.278594970703125
0.6399369239807129
0.7794690728187561
0.3552742898464203
0.30690330266952515
0.6602968573570251
0.6121891736984253
1.0486997365951538
0.49081817269325256
0.5718129873275757
0.2662350535392761
0.318490207195282
0.37304162979125977
0.3533371388912201
0.7662256956100464
0.47699394822120667
0.6524189114570618
0.45112863183021545
0.5886712670326233
0.6184356808662415
0.7176310420036316
0.5833339095115662
0.620608925819397
0.7779184579849243
0.5765388607978821
0.35473933815956116
0.5532212853431702
0.5065529942512512
0.6214525699615479
0.42368483543395996
0.5541868209838867
0.5211699604988098
0.38357996940612793
0.8537155985832214
0.7429422736167908
0.4429703652858734
0.380497008562088
0.6089437007904053
0.45815038681030273
0.260591983795166
0.2405804693698883
0.8375927805900574
0.367556631565094
0.3931151330471039
0.6647005081176758
0.4247567057609558
0.7699653506278992
0.42953580617904663
0.2678723931312561
0.556252121925354
1.2089731693267822
0.4149508476257324
0.37744030356407166
0.9050430059432983
0.5475746393203735
0.6980558633804321
0.5695687532424927
0.6219632625579834
0.5725828409194946
0.43582987785339355
0.7685235142707825
0.6925350427627563
0.5578254461288452
0.6408628225326538
0.3430868685245514
0.8548480868339539
0.3250036835670471
0.2444005012512207
0.5004804730415344
0.4757615923881531
0.28572338819503784
0.4405442774295807
0.6912196278572083
0.3974328339099884
0.46452513337135315
0.18582068383693695
0.8049594163894653
0.5099229216575623
0.9403289556503296
0.3924807608127594
0.5408298373222351
0.2284877598285675
0.7833886742591858
0.5524506568908691
0.6230305433273315
0.48968425393104553
0.16822096705436707
0.46045103669166565
0.25611013174057007
0.46063628792762756
0.7721331119537354
0.40308696031570435
0.4417012631893158
0.2887113094329834
0.3832235336303711
0.42449864745140076
0.3299974203109741
0.3991987109184265
0.6319530010223389
0.36660635471343994
0.7662310004234314
0.8977271318435669
0.8033046722412109
0.877091109752655
0.32274070382118225
0.38810330629348755
1.0240408182144165
0.5540002584457397
0.5015722513198853
0.49330711364746094
0.25893136858940125
0.39332476258277893
0.5263350009918213
0.8459528684616089
0.5821203589439392
0.4932260513305664
0.6541104912757874
0.2223730832338333
0.5041729211807251
0.49566856026649475
0.2793407440185547
0.1718607097864151
0.41540995240211487
0.8655074834823608
0.7848793268203735
0.6901901960372925
0.8246905207633972
0.4703555703163147
0.8375213742256165
0.41001659631729126
0.5590987205505371
0.49800747632980347
0.34924808144569397
0.1938561350107193
0.2655540108680725
0.39382514357566833
0.47972798347473145
0.33724695444107056
0.508089542388916
0.4855264723300934
0.42669063806533813
0.5650871992111206
0.8604100346565247
0.7169947624206543
0.6545113325119019
0.47160473465919495
0.5089101195335388
0.538426399230957
0.4164044260978699
0.2802489697933197
0.359774112701416
0.49738749861717224
0.9254199266433716
0.5715049505233765
0.4776846766471863
0.43634033203125
0.5818026661872864
0.585243821144104
0.7597134113311768
0.5409680604934692
0.293011337518692
0.4724649488925934
0.4421737790107727
0.6456384658813477
0.8283568620681763
0.2860765755176544
0.5351546406745911
0.300594300031662
0.6985491514205933
0.43396836519241333
0.7401036620140076
0.3729521930217743
0.2211836874485016
0.20376014709472656
0.29324185848236084
0.6533428430557251
0.637191653251648
0.36259859800338745
0.2989157736301422
0.3091263175010681
0.4229479730129242
0.5967966318130493
0.34755516052246094
0.2789776921272278
0.8130884170532227
0.3341723084449768
0.24864521622657776
1.0000032186508179
0.4198242127895355
0.6691169142723083
0.517431914806366
0.7239735722541809
0.4379512667655945
0.25056275725364685
0.6117984056472778
0.3561616539955139
0.4871426522731781
0.4760529100894928
0.5514474511146545
0.42584824562072754
0.20875000953674316
0.5825036764144897
0.6237597465515137
0.5319646596908569
0.6583988070487976
0.33791622519493103
0.7103288769721985
0.4264512062072754
0.46481651067733765
0.6363122463226318
0.4767821431159973
0.6689239740371704
0.6409602761268616
1.1622272729873657
0.5477672815322876
0.5602222084999084
0.49314719438552856
1.2016276121139526
0.19635453820228577
0.5689342021942139
0.8788601756095886
0.7433480024337769
0.5287750959396362
0.5191888809204102
0.8067131042480469
0.9221717119216919
0.38093462586402893
0.5379797220230103
0.887410044670105
0.6684419512748718
0.41189026832580566
0.1986575871706009
0.7590500116348267
0.8312464952468872
0.6585763692855835
0.6238960027694702
0.432689368724823
0.39726191759109497
0.556713342666626
0.7181317210197449
0.35320526361465454
0.21398325264453888
0.34470847249031067
0.7644056081771851
0.830298900604248
0.2887599468231201
0.30287298560142517
0.5638812780380249
0.4159208834171295
0.6727304458618164
0.3565385341644287
0.8063586950302124
0.48644742369651794
1.154004693031311
0.5101345777511597
0.4443121552467346
0.36325326561927795
0.5093895792961121
0.41465917229652405
0.41793292760849
1.349118947982788
0.552467942237854
0.6785866022109985
0.38142117857933044
0.47135964035987854
0.25461360812187195
0.9932205080986023
0.3928781747817993
0.7042540311813354
0.6147657632827759
0.3099291920661926
0.7490297555923462
0.36720556020736694
0.5684601664543152
0.7678815722465515
0.8269997835159302
0.30183467268943787
0.4187549948692322
0.3849031925201416
0.30363860726356506
0.26629069447517395
0.43590888381004333
0.3374115824699402
0.3411358594894409
0.5331977009773254
0.6895892024040222
0.6575825810432434
0.5003352165222168
0.5902531147003174
0.3023941218852997
0.507875919342041
0.508262038230896
0.33558374643325806
0.4782392084598541
1.3690893650054932
0.27874016761779785
0.4662061631679535
0.4340159296989441
0.39027732610702515
0.6460645794868469
0.44517239928245544
1.0106950998306274
0.8007346391677856
0.5058188438415527
0.3126494586467743
0.3256199359893799
0.5597643256187439
0.7744812965393066
0.49636974930763245
0.8403258323669434
0.4019142985343933
0.4559703767299652
1.264251470565796
0.6388498544692993
0.1934853345155716
0.4938594698905945
1.0790127515792847
0.7609430551528931
0.8434139490127563
0.413735955953598
0.6203727722167969
0.6316236257553101
0.6788105964660645
0.20680975914001465
0.46225810050964355
0.9399003982543945
0.4372941851615906
1.7170692682266235
