0.7109345197677612
0.7740811705589294
0.5001224279403687
0.5365802049636841
1.3815152645111084
0.7344580888748169
0.2731291353702545
0.5348440408706665
0.5953910946846008
0.5382251143455505
0.9360081553459167
1.115459680557251
0.7512367963790894
0.5101152658462524
0.3092738091945648
0.47179850935935974
0.5077581405639648
0.5762943029403687
0.4860665202140808
0.4476441442966461
0.5435793995857239
0.41959285736083984
0.5939332246780396
0.6859360933303833
0.6894974708557129
0.45044106245040894
0.44261616468429565
0.4127194285392761
0.462214857339859
0.6706295013427734
0.603527843952179
0.6957556009292603
0.2819064259529114
0.6322402954101562
0.3230000138282776
0.6677524447441101
0.2693966031074524
0.36696523427963257
0.2115144282579422
0.6244148015975952
0.18297502398490906
0.6663140654563904
0.3169695734977722
0.35880857706069946
0.5556591749191284
0.4238903522491455
0.9334709048271179
0.4035211503505707
0.9979268908500671
0.4928878843784332
0.5203561782836914
0.5610321760177612
0.3888367712497711
0.5617454648017883
0.30154427886009216
0.760787844657898
0.587950587272644
0.32295840978622437
0.6984227895736694
0.3441981077194214
0.36771321296691895
0.6029818058013916
0.5714821815490723
0.34293776750564575
0.4458952844142914
0.9462253451347351
0.2963096499443054
0.3588739335536957
0.48655611276626587
0.3718031048774719
0.44383612275123596
0.5999940633773804
0.4405130445957184
0.19712579250335693
0.2750958502292633
0.3364945352077484
0.538206160068512
0.37947213649749756
0.19950279593467712
0.493776798248291
0.5436915755271912
1.0265768766403198
0.7603562474250793
0.3784416913986206
0.39160430431365967
0.5052579641342163
1.4263956546783447
0.2408723086118698
0.33120182156562805
0.6626055836677551
0.40204524993896484
0.516381561756134
0.5439850091934204
0.4971286356449127
1.0690962076187134
0.7732457518577576
0.45809030532836914
0.5812255144119263
0.5706936120986938
0.613089919090271
0.8014089465141296
0.466530978679657
0.594468891620636
0.615665853023529
0.6774865388870239
0.5039947032928467
0.5096019506454468
0.3841404914855957
0.47856879234313965
0.28968945145606995
1.2591854333877563
0.3133235275745392
0.7319679856300354
0.4759051203727722
0.9135881662368774
0.6212288737297058
0.37756744027137756
0.5943067669868469
0.8892485499382019
0.43876856565475464
0.6326946020126343
0.6351346969604492
0.6087698936462402
0.7901934385299683
0.8649044036865234
0.4114348888397217
0.6673893928527832
0.7544163465499878
0.9689539670944214
0.48108235001564026
0.579747200012207
0.4143180847167969
0.8323297500610352
0.8170278668403625
0.49086958169937134
0.4254561960697174
0.7523654103279114
0.2164144217967987
0.6561685800552368
0.4352285861968994
0.5705296993255615
0.4719026982784271
0.5968905687332153
0.8881173133850098
0.867386519908905
0.22267639636993408
0.2252514809370041
0.4389494061470032
0.22554798424243927
0.3243936002254486
0.6314951777458191
0.610209584236145
0.17609810829162598
0.24038252234458923
1.1026811599731445
0.34239134192466736
1.0428544282913208
0.40250763297080994
0.5990550518035889
0.8934351801872253
0.8120512962341309
0.32970142364501953
0.620983362197876
0.3391847610473633
0.623937726020813
0.6772028207778931
0.31675755977630615
0.9907917976379395
0.2923571467399597
0.5249217748641968
0.28237828612327576
0.3968198895454407
0.38163337111473083
0.6843797564506531
0.30240488052368164
0.3400488495826721
0.7198663949966431
0.3459436595439911
0.8244840502738953
0.3412415385246277
0.46764594316482544
0.475169837474823
0.21747860312461853
0.3388323187828064
1.2577087879180908
0.6445139050483704
0.7504481077194214
0.8649129867553711
0.5680895447731018
0.5092970728874207
0.7560333013534546
0.5535092353820801
0.5648630261421204
0.538880467414856
1.1285834312438965
0.4390191435813904
0.42447543144226074
0.33124208450317383
0.3607092499732971
0.4652330279350281
0.36343449354171753
0.4431484341621399
0.33051592111587524
0.5367012023925781
0.34689953923225403
0.5346187353134155
0.4096550941467285
0.8265401721000671
0.3689001500606537
0.47652745246887207
0.5241754651069641
0.4523633122444153
0.27400916814804077
0.8352720141410828
0.6369827389717102
1.0024440288543701
0.4535229802131653
0.44123440980911255
0.5636093020439148
0.6070355176925659
0.3164070248603821
0.5646432638168335
0.36634624004364014
0.3238237202167511
0.4536237120628357
0.7384539842605591
0.7233699560165405
0.8665561676025391
0.3690091669559479
0.8360341787338257
1.1602590084075928
0.59770667552948
0.7771136164665222
0.2259458601474762
0.876248836517334
0.6298335194587708
0.8753095865249634
0.32174429297447205
0.46349820494651794
1.3510124683380127
0.45558857917785645
0.8821171522140503
0.3020860552787781
0.29149553179740906
0.4678308367729187
0.7019907236099243
0.40067267417907715
0.18314944207668304
0.5853487849235535
0.5345827341079712
0.7501348257064819
0.33893194794654846
0.5143517255783081
0.8918458819389343
0.5617256760597229
1.102157711982727
0.4268319010734558
0.5082100629806519
0.43200987577438354
0.5258844494819641
0.5872279405593872
0.3654841482639313
0.5542588233947754
0.4097854495048523
0.33167022466659546
0.4224715232849121
0.3935779929161072
0.5494977831840515
1.0517237186431885
0.37886255979537964
0.44898080825805664
1.0037195682525635
0.2768726944923401
0.6639173626899719
0.572871744632721
1.1532938480377197
0.5648914575576782
0.6522718667984009
1.1155881881713867
0.4997282922267914
0.46179500222206116
0.31020697951316833
0.4398278295993805
0.2897258400917053
0.44982534646987915
0.717270016670227
0.4705875515937805
0.2448166161775589
0.3598173260688782
0.6424562335014343
0.6566923260688782
1.2376086711883545
0.37687253952026367
0.2391936331987381
0.4757676124572754
0.6394647359848022
0.3190380930900574
0.1983925849199295
0.5809516906738281
0.4011422097682953
0.6193064451217651
0.8026849031448364
0.5546128153800964
0.29743072390556335
0.4211706519126892
0.7487295866012573
0.7249006032943726
0.6176854372024536
0.771070659160614
0.608795166015625
0.4811517596244812
0.6567822694778442
0.6530486941337585
0.6955507397651672
0.40967997908592224
0.5399116277694702
0.5315476059913635
0.5151990652084351
0.8027610778808594
0.8826673626899719
0.4310567378997803
0.3637191653251648
0.4759981036186218
0.8650366067886353
0.6153923273086548
0.45657262206077576
0.42387837171554565
0.5844622850418091
0.5055409669876099
0.4825424253940582
1.1429755687713623
0.46303826570510864
0.5096467733383179
0.2696346044540405
0.5719565749168396
0.4307060241699219
0.3122102618217468
0.35745835304260254
