0.4173256754875183
0.5993245840072632
0.8590517044067383
0.47169166803359985
0.8059898614883423
0.5219458341598511
0.3802702724933624
0.3470829427242279
0.286350280046463
0.7385026812553406
0.3286658227443695
0.3088836669921875
0.5490885376930237
0.39190611243247986
0.5507532358169556
0.27513521909713745
0.4257829785346985
0.5677376389503479
0.7707562446594238
0.29470422863960266
0.344810426235199
0.650900661945343
0.7361890077590942
0.49076423048973083
0.7566236257553101
0.4251006543636322
0.5803845524787903
0.9259916543960571
0.5697308778762817
0.6107388734817505
0.41323122382164
0.6133155822753906
0.3239886164665222
0.457540363073349
0.40090829133987427
0.6308282613754272
0.1882694512605667
0.20389476418495178
0.5455387830734253
0.5614191293716431
0.5254884958267212
0.4938231408596039
0.8196321725845337
0.29845017194747925
0.730288565158844
0.3056824803352356
0.5573832988739014
1.7049968242645264
0.4438813328742981
0.36631137132644653
0.5967909693717957
0.4597708582878113
0.30671635270118713
0.24317717552185059
0.4228610098361969
0.44412755966186523
0.556294322013855
0.2801368534564972
0.2953280806541443
0.411123126745224
0.3641972839832306
0.47765254974365234
0.7548473477363586
1.2004961967468262
0.48401325941085815
0.6509367823600769
0.27845752239227295
0.8719270825386047
0.2389579564332962
0.2543725371360779
0.2991477847099304
0.6020765900611877
0.38461270928382874
0.6895188093185425
0.6406805515289307
0.5405195355415344
0.5181304812431335
0.7177090644836426
0.4210835099220276
0.5766772627830505
0.92610102891922
0.44292527437210083
0.5356816053390503
0.47094017267227173
0.39287814497947693
0.2008088082075119
0.7001916766166687
0.6659991145133972
0.6323773264884949
0.359183669090271
0.25911659002304077
0.7219241261482239
0.3388682007789612
1.6066296100616455
0.5153428912162781
0.6280557513237
0.3593709468841553
0.5492955446243286
0.5128681063652039
0.30308404564857483
0.3010963797569275
0.7236015796661377
0.546309769153595
0.4305262565612793
0.06309332698583603
0.5251860618591309
0.6031725406646729
0.6733149290084839
0.5001853704452515
0.4264708459377289
0.6242401003837585
0.8167597651481628
0.9135867953300476
0.4240608215332031
0.2913852632045746
0.45456042885780334
0.18938449025154114
0.28703632950782776
0.46337252855300903
0.7705087661743164
0.5813677906990051
0.8246558904647827
0.3185804486274719
0.7969087362289429
0.5749642252922058
0.6080757975578308
0.6034600138664246
0.27754920721054077
0.6188417673110962
0.48666539788246155
0.9611469507217407
0.6138683557510376
0.5775771141052246
0.4603970944881439
0.4502538740634918
0.6050412058830261
0.5872797966003418
0.7724820971488953
0.6955045461654663
0.4838462769985199
0.7709407806396484
0.8327641487121582
0.48351597785949707
0.6900079250335693
0.7396708726882935
0.6181537508964539
0.7576137185096741
0.8426931500434875
0.4378184676170349
0.8239765167236328
0.538592517375946
0.6410633325576782
0.4880245327949524
0.7683508992195129
0.4853803515434265
0.420362651348114
0.31866154074668884
0.8549979329109192
0.39144405722618103
0.31088849902153015
0.7663990259170532
0.4405941069126129
0.3365460932254791
1.0577598810195923
0.6490325331687927
0.1049443930387497
0.452836275100708
0.8447256088256836
0.29852908849716187
0.30020564794540405
0.3737552762031555
0.322445809841156
0.3770090639591217
0.8007794618606567
0.5718055963516235
0.49027031660079956
0.6315568685531616
0.34883207082748413
0.5407575368881226
0.6375691294670105
0.43023791909217834
0.4948931634426117
0.37819594144821167
0.37783992290496826
0.5773065686225891
0.5735034346580505
0.5988472700119019
1.0086275339126587
0.35367006063461304
0.34121793508529663
0.5278148651123047
1.2565630674362183
0.6428037881851196
0.6121681928634644
0.4762316346168518
0.49011731147766113
0.7634943723678589
0.698535144329071
0.4648204743862152
0.4220617711544037
0.36293572187423706
0.507054328918457
0.7308809161186218
0.6098511219024658
0.5085914731025696
0.32413727045059204
0.7276090383529663
0.29022639989852905
0.77752286195755
0.651124119758606
0.6766899228096008
0.5307407975196838
0.8437842130661011
0.4693562388420105
0.7649763822555542
0.6539589166641235
0.3993189334869385
0.48685383796691895
0.3917962908744812
0.31180495023727417
0.3221891522407532
0.3894576132297516
0.3656412661075592
0.366428941488266
0.6280115842819214
0.6333516240119934
0.3228134512901306
0.6109638214111328
0.5120944976806641
0.7890557050704956
0.4883694648742676
0.4614003598690033
0.432950884103775
0.5203753113746643
0.7174342274665833
0.6075938940048218
0.5221546292304993
0.2849203944206238
0.3516579270362854
0.38630104064941406
0.2886187434196472
0.9136092066764832
0.48998361825942993
0.5827411413192749
0.5749030709266663
0.6495531797409058
0.4701334536075592
0.9176816940307617
0.4299130439758301
0.5103464126586914
0.1303771436214447
0.13792626559734344
0.29106011986732483
0.3947693705558777
0.6598788499832153
0.32172802090644836
0.7338656187057495
0.30028921365737915
0.809206485748291
0.2443297803401947
0.42066678404808044
0.6769975423812866
0.4006592333316803
0.4771636128425598
0.5357198715209961
0.7066856622695923
0.24651499092578888
0.1550845205783844
0.3954141139984131
0.5491939783096313
0.4764508306980133
0.4858601987361908
0.7153486013412476
0.47007885575294495
0.3924044668674469
0.973802387714386
0.3889535069465637
0.7115858793258667
0.34672051668167114
0.45145779848098755
0.1252128779888153
0.3589859902858734
0.6294310688972473
0.345583438873291
0.5077594518661499
0.5921450853347778
0.3298092782497406
0.4338604509830475
1.3332682847976685
0.44868403673171997
0.5785611867904663
0.7260521650314331
0.3257969319820404
0.49073371291160583
0.6955265998840332
0.8508322834968567
0.5742297768592834
0.4533706605434418
0.3704190254211426
0.29683607816696167
1.0339558124542236
1.1048996448516846
0.6663154363632202
0.5195651650428772
0.7755383253097534
0.2583436667919159
0.2688276767730713
0.7211165428161621
0.6128488779067993
0.47879424691200256
0.2891654372215271
0.34216123819351196
0.7638872861862183
0.738434374332428
0.2886836528778076
0.5389630198478699
0.34458860754966736
0.4694012999534607
0.29248517751693726
0.8923317790031433
0.5760091543197632
0.6376609802246094
0.6373729109764099
1.0239897966384888
0.20838336646556854
0.5314932465553284
0.49140292406082153
0.8017495274543762
0.46731990575790405
0.374033659696579
0.5856149196624756
0.8208742141723633
0.5611213445663452
0.49228429794311523
0.4274134635925293
0.47694557905197144
0.722305178642273
0.9833786487579346
