1.3757507801055908
0.768753707408905
0.5233913064002991
0.29387611150741577
0.9283519983291626
0.6605221629142761
0.41934138536453247
0.7898033857345581
0.914696216583252
0.8556234240531921
1.1327964067459106
0.5199575424194336
0.3494614362716675
0.49116525053977966
0.6322050094604492
0.40157294273376465
0.3694489896297455
0.8133900761604309
0.9142376184463501
0.24280793964862823
0.2228330671787262
0.413790225982666
0.4251778721809387
0.47472667694091797
0.7693198323249817
0.4277987480163574
0.30502766370773315
0.4384041726589203
0.5458729863166809
0.3319642245769501
0.672082245349884
0.8245837092399597
0.5100997686386108
0.3520149290561676
0.6707752346992493
0.4871760308742523
0.5875526666641235
0.3405015468597412
0.393887996673584
0.8439863324165344
0.38945499062538147
0.9539005160331726
0.6805528402328491
0.6946480870246887
0.18464918434619904
0.40210646390914917
0.5488123297691345
0.48883265256881714
0.8763493299484253
0.32265374064445496
0.6070625185966492
0.3442706763744354
0.5122426748275757
0.8957401514053345
0.39888566732406616
0.7467390894889832
0.2891320586204529
0.335624635219574
0.7067305445671082
0.9153348803520203
0.3703354299068451
0.22803685069084167
0.27771416306495667
0.590598464012146
0.771061360836029
0.5687916874885559
0.42084819078445435
0.6312285661697388
0.7805516719818115
0.4165413975715637
0.40997791290283203
0.43062978982925415
0.7718871831893921
0.6713453531265259
0.38051581382751465
0.5106322169303894
0.6894859075546265
0.3891374468803406
0.5027599334716797
0.2592870593070984
0.4135775566101074
0.6516870260238647
0.789819061756134
0.2246720790863037
0.4121416211128235
0.41205883026123047
0.4209319055080414
0.37091413140296936
0.4026917517185211
0.22414124011993408
0.5172563791275024
0.40745478868484497
0.33492809534072876
0.32135114073753357
0.5661147236824036
0.441933810710907
0.3615705370903015
0.7874035835266113
0.800590991973877
0.48834696412086487
0.3127759099006653
0.6460288166999817
0.6286037564277649
0.31195497512817383
0.3233049511909485
0.6726186275482178
0.46277743577957153
0.33571332693099976
0.4149376451969147
0.5596145987510681
0.46942535042762756
0.5990043878555298
0.43642839789390564
0.7329360246658325
0.47979459166526794
0.7859389185905457
1.1050283908843994
0.5487240552902222
0.5688641667366028
0.25993022322654724
0.35467392206192017
1.0169070959091187
0.7381251454353333
0.49349063634872437
0.7745327949523926
0.9096019864082336
0.7394593954086304
0.9186586141586304
0.48933467268943787
0.36484065651893616
0.3237345218658447
0.5211821794509888
0.8631219863891602
0.47826069593429565
0.7745807766914368
0.4142266809940338
0.471965491771698
0.7625116109848022
0.3635828495025635
0.5016545653343201
0.5248625874519348
0.2961130738258362
0.30649006366729736
0.21131762862205505
0.9195274114608765
0.6194454431533813
0.935141384601593
0.6359753012657166
0.5080554485321045
0.43506893515586853
0.18919554352760315
0.536963164806366
0.45288562774658203
0.4089767038822174
0.7916415929794312
0.6757169365882874
0.5896361470222473
0.8307434320449829
0.23913665115833282
0.5717488527297974
0.6259343028068542
0.40071946382522583
0.4087006449699402
0.2719172537326813
0.35712242126464844
0.21317753195762634
0.6114649772644043
0.44557952880859375
0.27172693610191345
0.40261682868003845
0.5208690762519836
0.5642467737197876
0.4748724102973938
0.6321114301681519
0.528367280960083
0.4113149642944336
0.7603625059127808
0.341461718082428
0.25703153014183044
0.28715676069259644
0.46879085898399353
0.5072959065437317
0.7175254821777344
0.7445333003997803
0.24115979671478271
0.45347508788108826
0.3947274684906006
0.4370391368865967
0.6361955404281616
1.3003859519958496
0.3571273684501648
0.21855008602142334
0.46795493364334106
0.3344036340713501
0.6162203550338745
0.49988308548927307
0.5382992029190063
0.5768617391586304
0.44184690713882446
0.7245057821273804
0.43548592925071716
0.4528951048851013
0.40560752153396606
0.29463911056518555
0.5835664868354797
0.4180554747581482
0.23569878935813904
0.6056801080703735
0.723253607749939
0.5794165730476379
0.8880273103713989
0.289196252822876
0.21332871913909912
0.6681296229362488
0.5531421899795532
1.2569726705551147
0.44524702429771423
0.3124510943889618
0.43477243185043335
0.6237004995346069
0.5013707876205444
0.3399617373943329
0.5616889595985413
1.369903802871704
0.4720509648323059
0.23469464480876923
0.5682251453399658
0.4138844609260559
0.37740054726600647
0.285437673330307
0.9234528541564941
0.38411059975624084
0.4971694052219391
0.5539907813072205
0.6058913469314575
0.4245564043521881
0.5888565182685852
0.6956990957260132
0.9243288040161133
0.838292121887207
0.6984254717826843
0.7323163747787476
0.3406974971294403
0.5646858811378479
0.569954514503479
0.30901384353637695
0.20661966502666473
0.6425337791442871
0.6879196166992188
0.7075114846229553
0.434925377368927
0.31009405851364136
0.42767220735549927
0.5921148061752319
0.7239866852760315
0.46728721261024475
0.431293785572052
0.4891633093357086
0.27979183197021484
0.3408814072608948
0.26942795515060425
0.8693010210990906
0.8323577046394348
1.1012680530548096
0.7533560991287231
0.8487529754638672
0.41463908553123474
0.7686493992805481
0.963010311126709
0.4841483235359192
0.2857033610343933
0.32115399837493896
0.5570093989372253
0.6227484941482544
0.8449599146842957
0.23034116625785828
0.23346738517284393
0.8023920059204102
0.48344355821609497
0.7315670847892761
0.3864409625530243
0.8562883138656616
0.3745957016944885
0.28151535987854004
0.32001861929893494
0.4735860228538513
0.4101777970790863
0.5849977731704712
0.5834876894950867
0.652843713760376
0.48491019010543823
0.6379088163375854
0.44714802503585815
0.591912567615509
0.8274919390678406
0.5726122856140137
0.4500982165336609
0.617707371711731
0.31023460626602173
0.5179850459098816
0.46985822916030884
0.6748937368392944
0.7023479342460632
0.6108886003494263
0.32000216841697693
0.5346131920814514
0.11675354093313217
0.4158174395561218
0.4936441481113434
1.4533292055130005
0.3255440592765808
0.2916030287742615
0.45627182722091675
0.4489479959011078
1.1302649974822998
0.34340327978134155
0.7116135358810425
0.3628433346748352
0.15566101670265198
0.8517491221427917
0.689505934715271
0.4981521666049957
0.5134900212287903
0.6839240789413452
0.4898811876773834
0.38877934217453003
0.7563463449478149
0.47415074706077576
0.3719896674156189
1.2371736764907837
0.6452531814575195
0.6884087324142456
0.2694213390350342
0.731296956539154
0.5560207366943359
0.9194211959838867
0.39564213156700134
0.7408189177513123
