0.2502412796020508
0.536074161529541
0.4888129234313965
0.15188497304916382
0.6444315314292908
0.46859732270240784
0.7462738752365112
0.9123727679252625
0.42021360993385315
0.3750028610229492
1.0621191263198853
0.4730839729309082
0.459193617105484
0.7946059107780457
0.5758201479911804
0.6551457643508911
0.29178133606910706
0.7078967094421387
0.4981670379638672
0.3300100564956665
0.8376394510269165
0.1994210183620453
0.37150001525878906
0.8129278421401978
0.4942694306373596
0.7415674924850464
0.4307439923286438
0.5535147190093994
0.22596526145935059
0.1873086392879486
0.2697235643863678
0.34924477338790894
0.6306506395339966
0.4435950219631195
0.3161882758140564
0.6407298445701599
0.5374359488487244
0.5665809512138367
0.2415696680545807
0.20707127451896667
0.3370080292224884
0.4562975764274597
0.6806744933128357
0.4457564353942871
0.4694196581840515
0.44296494126319885
0.39258623123168945
0.6472795605659485
0.22509849071502686
0.5102659463882446
0.3385266959667206
0.6650488972663879
0.6075439453125
0.6134355664253235
0.5636295080184937
0.4286457598209381
0.8100678324699402
0.6226862668991089
0.3025979697704315
0.3272933065891266
0.7462831735610962
0.4634183943271637
0.5344291925430298
0.7287118434906006
0.7466493844985962
0.5559876561164856
0.35283201932907104
0.6780304908752441
0.8773300051689148
0.33516985177993774
0.5003071427345276
0.5256307125091553
0.6724700331687927
0.5326652526855469
0.5439390540122986
0.3830622732639313
0.5692456364631653
0.5493788123130798
0.851356029510498
0.44205960631370544
0.485665887594223
0.6586934924125671
0.3800494074821472
0.8161800503730774
0.44993647933006287
0.3304382264614105
0.44196954369544983
0.4228554368019104
0.45607227087020874
0.46081963181495667
0.23163025081157684
0.8709794282913208
0.4988418519496918
0.29910045862197876
0.47755223512649536
0.26955774426460266
0.6702940464019775
0.3579486012458801
0.49325865507125854
0.2389725148677826
0.23429057002067566
0.8928588628768921
0.46050453186035156
0.2964087426662445
0.32864895462989807
0.3067634701728821
0.5263564586639404
0.5919453501701355
0.5539352893829346
0.49026307463645935
0.27282848954200745
0.4321475028991699
0.7813435792922974
0.6044273972511292
0.9181269407272339
0.5355842709541321
0.6511210799217224
0.6265420913696289
0.5207744240760803
0.5269260406494141
0.6918338537216187
0.36123350262641907
0.23595276474952698
0.1967633217573166
0.5539671778678894
0.26633843779563904
0.5737338662147522
0.5708091259002686
0.35957837104797363
0.5833548307418823
0.6865529417991638
0.25423774123191833
0.6563271284103394
0.4084708094596863
0.34505340456962585
1.1151859760284424
0.2637178897857666
0.5022608637809753
0.4072273373603821
0.3077562749385834
0.4076605439186096
0.8979616165161133
0.362255722284317
0.942912757396698
0.3766977787017822
0.7411010265350342
0.36650457978248596
0.5754067301750183
0.507006824016571
0.5282936692237854
0.6445235013961792
0.5264967679977417
0.696773886680603
0.275564581155777
0.44941776990890503
0.7079852819442749
0.4214153289794922
0.7487269639968872
0.41989436745643616
0.6157406568527222
0.4940783381462097
0.3754795491695404
0.49049538373947144
0.4708178639411926
0.6154163479804993
0.37802332639694214
0.2518838047981262
0.26698559522628784
0.4272304177284241
0.5094578862190247
0.27290767431259155
0.6138665676116943
0.4566005766391754
0.3843706250190735
0.4709160327911377
0.6718506813049316
0.6049674153327942
0.8152399063110352
0.6000702381134033
0.38038474321365356
0.4910135269165039
0.7889050841331482
0.2616204619407654
0.47251051664352417
0.3035624623298645
0.5282823443412781
0.8795921206474304
0.6934406161308289
0.7053107023239136
0.3244115710258484
0.15730611979961395
0.6647793650627136
0.4130287766456604
0.7798595428466797
0.4234198033809662
0.6224344968795776
0.445229709148407
0.6028434634208679
0.4848891794681549
0.8449422717094421
1.1666374206542969
0.6379604935646057
0.730486273765564
0.8821568489074707
0.394082635641098
0.8362091183662415
0.6691998839378357
0.4103303849697113
0.2990880608558655
0.4010799527168274
1.047695517539978
0.3950269818305969
0.6050503849983215
0.7752982378005981
0.875301718711853
0.4280650019645691
0.5765286684036255
0.7070969343185425
0.4863806664943695
0.31532448530197144
0.3655976355075836
0.4764340817928314
0.2932010293006897
0.39345425367355347
0.4824696183204651
0.4934675097465515
0.8740118741989136
0.5809793472290039
0.4895552098751068
0.2372754067182541
0.5280927419662476
0.26422256231307983
0.40438395738601685
0.4473653733730316
0.906673789024353
0.36428895592689514
0.35475075244903564
0.5639709234237671
0.7678976655006409
0.625938892364502
1.3692004680633545
0.4911404550075531
0.8546849489212036
0.9068239331245422
0.7028088569641113
0.569364607334137
0.6207014322280884
0.39113301038742065
0.9266489148139954
0.3193477392196655
0.6689442992210388
0.6988497376441956
0.3565933406352997
1.1284323930740356
0.8310235142707825
0.4801185727119446
0.7041003704071045
0.9694511294364929
0.2571556568145752
0.9699884653091431
0.28086376190185547
0.457066148519516
1.0364394187927246
0.5560377836227417
0.7405753135681152
0.5153593420982361
0.5302281379699707
0.5314804315567017
0.5981649160385132
0.41942882537841797
0.5959967374801636
0.521950364112854
0.8764635920524597
0.3293185532093048
0.5080606341362
0.48985686898231506
0.44710493087768555
0.751835823059082
0.6420990228652954
0.754362940788269
0.6336178779602051
0.6593601107597351
0.7788053750991821
0.5497229695320129
0.5800226926803589
0.9755141139030457
0.4213968813419342
0.40511494874954224
0.5809322595596313
0.5284173488616943
0.6382302045822144
0.7698246240615845
0.552596390247345
0.4681017994880676
0.35992664098739624
0.46430549025535583
0.6338984370231628
1.0243711471557617
0.5107482075691223
0.6198381185531616
0.4080929756164551
0.7662719488143921
0.845781683921814
0.41978558897972107
0.4848983883857727
0.9328626394271851
0.41500234603881836
0.7196695804595947
0.3382863402366638
0.6632460355758667
0.5597497224807739
0.7707570195198059
0.25106126070022583
0.3455491364002228
0.8244357109069824
0.7433327436447144
0.817655086517334
0.34971722960472107
0.3192737102508545
0.33369317650794983
0.5850170254707336
0.524664044380188
0.47116121649742126
0.8128479719161987
0.5312210321426392
0.308613657951355
0.6008853912353516
0.5572878122329712
0.6844428777694702
0.5202835202217102
0.5369652509689331
0.6733369827270508
0.3838115632534027
0.6150789856910706
0.36295217275619507
0.5641204714775085
0.5707838535308838
0.40051746368408203
