0.9344711303710938
0.7486651539802551
0.5891688466072083
0.19935235381126404
0.6235179901123047
0.32636386156082153
0.4303298592567444
0.26444336771965027
0.4700900614261627
0.4459458291530609
0.57839435338974
0.3260318338871002
0.6634936332702637
0.7544347047805786
0.30614495277404785
0.15268594026565552
0.7146916389465332
0.32443270087242126
1.135864019393921
0.5488797426223755
1.0276814699172974
0.29456835985183716
0.591743528842926
0.9192506670951843
0.2475450336933136
0.45046916604042053
0.3432348668575287
0.933850884437561
0.8019638061523438
0.25855201482772827
0.22997653484344482
0.6068724393844604
0.5365340113639832
0.6322358250617981
0.32767254114151
0.4969332814216614
0.8600351214408875
0.2538394331932068
0.34479233622550964
0.3068661689758301
0.9239813089370728
0.6521826982498169
0.3218168616294861
0.5136598348617554
0.41009482741355896
0.779329776763916
0.33475369215011597
0.14956657588481903
0.3607107400894165
0.336070716381073
1.0572599172592163
0.48142433166503906
0.4031759202480316
0.5935460925102234
0.5383663773536682
0.604649007320404
0.5718438029289246
0.3854953646659851
0.4514633119106293
0.593852698802948
0.5980756282806396
0.7672063112258911
0.7448743581771851
0.6745675206184387
0.43014341592788696
0.5811480283737183
1.1301013231277466
0.28508391976356506
0.3609561026096344
0.47333988547325134
0.3138856589794159
0.23833151161670685
0.6057519316673279
0.7324748039245605
0.33198532462120056
0.2267621010541916
0.7731457948684692
0.4642699360847473
0.5891258120536804
0.6520789861679077
0.267373263835907
0.45479267835617065
0.4067358076572418
0.5394143462181091
0.40220099687576294
0.4270137846469879
0.3827725052833557
0.3352612853050232
0.6606214046478271
0.4574337899684906
0.4159615933895111
0.9989306330680847
0.5369263887405396
0.6459208726882935
1.1320830583572388
0.3028809428215027
0.5022143721580505
0.4970366954803467
0.42751628160476685
0.25363194942474365
0.5767305493354797
0.4509633183479309
0.547305703163147
0.7471758723258972
0.3742510974407196
0.433056503534317
0.29350587725639343
0.8864558339118958
0.7008520364761353
0.7769904136657715
0.5314434766769409
1.0536381006240845
0.4669730067253113
0.3126157820224762
0.5798889398574829
0.5300115346908569
0.37366780638694763
0.5370897650718689
0.6867166757583618
0.5863474607467651
0.8290544748306274
0.621481716632843
0.451413631439209
0.8715417981147766
0.4895252287387848
0.6066718697547913
0.5974153280258179
0.5853455662727356
0.33739718794822693
0.4420167803764343
0.4266168475151062
0.9723539352416992
0.34692516922950745
0.9602347612380981
0.8005868196487427
0.9846259951591492
0.6823127865791321
0.4044993817806244
0.2854771912097931
0.4288463592529297
0.650093674659729
0.7357452511787415
0.5185489058494568
0.3960057199001312
0.6973646283149719
0.5146578550338745
0.5368777513504028
0.45846834778785706
0.3683938980102539
0.766559898853302
0.5324906706809998
0.46925249695777893
0.9407351613044739
0.3212292492389679
0.5762364864349365
0.49162212014198303
0.6455817222595215
0.6102874875068665
0.4591410756111145
0.6162022352218628
1.1970568895339966
0.9570310711860657
0.9200433492660522
0.401663213968277
0.42873233556747437
0.8143577575683594
0.2183184176683426
0.6070563197135925
0.9197818636894226
0.6546396017074585
0.7257506251335144
1.2678897380828857
0.6092060208320618
0.450894296169281
0.3298068046569824
0.6770283579826355
0.40122586488723755
0.28869330883026123
0.38052064180374146
0.7454341650009155
0.7100263833999634
0.4871395230293274
0.43296223878860474
0.5334595441818237
0.8553412556648254
0.4348377287387848
0.5170466899871826
0.4726746678352356
0.7882363200187683
0.33295395970344543
0.23778967559337616
0.29037022590637207
0.3602622151374817
0.3830479383468628
0.25394925475120544
0.45331668853759766
0.45393115282058716
0.32834067940711975
1.281741738319397
0.5139034390449524
0.41810426115989685
0.525441586971283
0.8185088038444519
0.4907039701938629
0.9423609972000122
0.8629798889160156
0.7767330408096313
0.38415461778640747
0.37746694684028625
0.748587965965271
0.6532343626022339
0.9719399213790894
0.24193044006824493
0.4172389507293701
0.3906155228614807
0.48784151673316956
0.4584602415561676
0.7857081890106201
0.7729995846748352
0.3182317912578583
0.37728750705718994
0.4292888641357422
0.7951327562332153
0.9261423945426941
0.26828593015670776
1.238933801651001
0.9621189832687378
0.7019490003585815
0.6573967337608337
0.2853788733482361
0.8453191518783569
0.3102862536907196
0.40116095542907715
0.48121556639671326
0.3733864724636078
0.3771554231643677
0.2613721489906311
0.3863603472709656
0.32030314207077026
0.33773550391197205
0.7215779423713684
0.7706141471862793
0.7320621609687805
0.2841603457927704
0.4024673402309418
1.1055395603179932
0.3265872597694397
1.0147525072097778
0.2913713753223419
0.4114704132080078
0.20256829261779785
0.31300604343414307
0.2759588658809662
0.9499942660331726
0.21182218194007874
0.3056507706642151
0.6672153472900391
0.29070600867271423
0.6443772315979004
0.44580087065696716
0.38203176856040955
0.5208337903022766
0.8137108683586121
0.3109990060329437
0.19202283024787903
0.4887751638889313
0.3345540761947632
0.40618428587913513
0.3342570662498474
0.24619022011756897
0.2784002423286438
0.4583228528499603
0.3235006332397461
0.5125632286071777
0.4477621614933014
0.22846896946430206
0.7149714231491089
0.24169273674488068
0.9580734968185425
0.6769543886184692
0.44269171357154846
0.5075187087059021
0.5743418335914612
0.867877185344696
0.7550864219665527
0.2035771906375885
0.4880284368991852
0.8111231923103333
0.7303637266159058
0.3051814138889313
0.5856173038482666
1.0223219394683838
0.4536899924278259
0.5053065419197083
0.4600858688354492
1.0816404819488525
0.45057040452957153
0.5178967714309692
0.49129095673561096
0.7292996644973755
0.635920524597168
0.4043896794319153
0.5275336503982544
0.5129135847091675
0.6792973875999451
0.7219240069389343
0.38075777888298035
0.5148049592971802
0.323324590921402
0.23621106147766113
0.6149789094924927
0.2867148518562317
0.6609289646148682
0.5113800764083862
0.9252671003341675
0.804653525352478
0.47515687346458435
0.5335489511489868
0.5508771538734436
0.38139480352401733
0.6518257856369019
0.8058542013168335
0.5401002168655396
0.7087247967720032
0.4878712296485901
0.6400647163391113
0.506440281867981
0.542442262172699
0.5307590365409851
0.41592589020729065
0.18233683705329895
0.3430299162864685
0.3983364701271057
0.46153146028518677
0.7305258512496948
0.40113940834999084
0.7359177470207214
1.31941819190979
