0.7841939926147461
0.6652605533599854
0.7671053409576416
0.6173648834228516
0.5764265060424805
0.9454286694526672
0.6807447075843811
0.42976823449134827
0.5132278203964233
1.3459397554397583
0.6013766527175903
0.47861847281455994
0.5984393358230591
0.9418427348136902
0.7744365930557251
0.6160845756530762
0.6937844157218933
0.5861033201217651
0.454791396856308
0.6386920809745789
0.8697130084037781
1.0141150951385498
0.6925535202026367
0.6866463422775269
0.477367103099823
0.48765334486961365
0.6988118290901184
0.3757476806640625
0.8575830459594727
0.7258599400520325
0.5251588821411133
0.6487876772880554
0.7888805270195007
0.6679423451423645
0.9450824856758118
0.9999488592147827
0.8717550039291382
0.6437870264053345
0.73557049036026
0.6408668756484985
0.8510122299194336
0.6727426052093506
0.544235348701477
0.6643673181533813
0.7942279577255249
0.9852625727653503
0.5725651979446411
0.8332220911979675
0.37852126359939575
0.7947806119918823
1.4789718389511108
0.6573604345321655
1.3082525730133057
0.5250903367996216
0.7030219435691833
1.0869534015655518
0.8747249841690063
1.079877495765686
0.41291743516921997
0.32610884308815
0.5655016303062439
0.5116262435913086
0.6587257385253906
0.6240490674972534
0.6117672920227051
0.8081163167953491
0.5167721509933472
0.6091278195381165
0.5628092885017395
1.0675625801086426
0.618918240070343
1.344543218612671
0.6044024229049683
0.5969813466072083
0.8337815403938293
0.6321077346801758
0.7642374038696289
0.5754331350326538
0.3955112397670746
0.8312526941299438
0.8181101083755493
0.8022418022155762
0.4484361708164215
0.9248603582382202
1.1825096607208252
0.6694484949111938
0.8850685358047485
0.4125504493713379
1.0340065956115723
0.3675536513328552
0.49156904220581055
0.4209766387939453
0.8810523748397827
0.5760923624038696
0.9748001098632812
0.7462953925132751
0.7328546643257141
0.8768346905708313
0.5866831541061401
1.1435654163360596
0.9202910661697388
1.2236831188201904
0.34580788016319275
0.5685170292854309
1.1328606605529785
1.177793025970459
0.8780937194824219
0.5673949718475342
0.8785961866378784
0.6789119243621826
0.6887873411178589
0.5346679091453552
0.6312471628189087
0.7678103446960449
0.9411482810974121
0.3495100140571594
0.6972300410270691
1.1635383367538452
1.6333118677139282
0.9769676327705383
0.6184508204460144
0.662554919719696
0.547198474407196
0.757116436958313
0.8056080937385559
0.752496063709259
1.3368228673934937
0.5689795613288879
0.9543046951293945
0.7689367532730103
1.4868495464324951
0.6709515452384949
0.8787895441055298
0.5506221652030945
0.599640965461731
0.702038586139679
0.6528022885322571
0.5126118659973145
0.6432328224182129
0.4524732232093811
0.7419029474258423
0.5756844282150269
0.5513920783996582
0.48620548844337463
0.5870113372802734
0.6200486421585083
0.7008410692214966
1.035250186920166
0.677467942237854
0.7492666244506836
0.8172968029975891
0.6440429091453552
0.9536565542221069
0.7968406677246094
0.7038527131080627
0.3872571587562561
0.535386323928833
0.8679097890853882
1.0722928047180176
1.1409938335418701
0.6061207056045532
0.7812303304672241
0.9790293574333191
0.8322135210037231
0.6934096217155457
0.6090868711471558
0.8154786825180054
0.9119358062744141
0.7138216495513916
0.638473629951477
0.830626368522644
0.8228009939193726
0.7141287326812744
0.9531041979789734
1.173553705215454
0.8084286451339722
1.0365933179855347
0.5898646116256714
0.6316827535629272
0.9449236989021301
0.5591441988945007
0.8433240056037903
1.0553418397903442
0.5410414934158325
0.803697943687439
0.5413064360618591
0.6500176787376404
1.040102243423462
1.2407166957855225
0.5247873067855835
0.6220775842666626
0.9891934394836426
0.7476953268051147
0.37865981459617615
0.6320841908454895
0.7259321212768555
1.0119558572769165
0.6781158447265625
0.6681667566299438
0.7179509401321411
0.6685815453529358
0.9020638465881348
0.7326817512512207
0.5765671133995056
0.9054470062255859
0.728359580039978
0.6581305265426636
0.7538697719573975
0.4474969804286957
0.9098149538040161
0.7378363013267517
0.42224282026290894
0.7257292866706848
0.5278071165084839
0.7553864121437073
0.5773607492446899
0.8847461938858032
0.9874073266983032
0.6191612482070923
1.0994298458099365
0.8054118156433105
0.45416373014450073
0.6273831129074097
0.832489013671875
0.562045693397522
0.3658500611782074
0.7831352353096008
0.45905715227127075
0.6955521702766418
1.7162834405899048
0.7986739873886108
0.5923773646354675
0.6571156978607178
0.8808853030204773
1.0455827713012695
0.8796922564506531
0.4092613160610199
0.571974515914917
1.0303804874420166
1.1482720375061035
0.6807879209518433
0.5283821225166321
0.9219579696655273
0.9053424000740051
0.7690763473510742
0.4397831857204437
0.931348443031311
0.7284621000289917
0.8902475237846375
0.8203914761543274
0.7804791927337646
0.6437680125236511
0.7346299886703491
0.9702890515327454
0.7596805691719055
0.7973528504371643
0.8487485647201538
0.3334203362464905
0.5889388918876648
0.5155396461486816
0.4786492884159088
0.9974260330200195
0.7116459608078003
0.6090824007987976
0.6979683637619019
1.166886568069458
1.0401725769042969
0.6396747827529907
0.7047175168991089
0.6171901226043701
1.182819128036499
0.6336056590080261
0.4521542191505432
0.706964373588562
0.8206596374511719
0.6235958933830261
0.6929384469985962
0.6962281465530396
0.6631988883018494
0.7493830919265747
1.0283154249191284
0.6164525747299194
0.4466279149055481
0.3400508761405945
0.5339801907539368
0.45859646797180176
0.4568255543708801
0.4777294993400574
0.6665939092636108
0.6191121935844421
1.1748079061508179
0.5670393705368042
0.6077181696891785
0.8812770843505859
0.6201680898666382
0.301557719707489
0.6243492960929871
0.6403259038925171
0.7366499900817871
0.7096639275550842
0.6802594065666199
0.5522640347480774
0.3498135209083557
1.020622730255127
0.6720102429389954
0.49557098746299744
0.8275220990180969
0.5798420310020447
0.7225071787834167
0.774223268032074
0.4493401050567627
0.5620427131652832
0.7033845782279968
1.3073784112930298
0.6110020875930786
0.4906467795372009
0.8629957437515259
0.9301908612251282
1.2504680156707764
0.6370826959609985
0.48366203904151917
0.7765110731124878
0.5910666584968567
0.7274044156074524
0.720143735408783
0.4804922938346863
0.9539744257926941
1.3763233423233032
0.6280465126037598
0.5580965280532837
0.8165897130966187
0.8437674641609192
0.44574275612831116
1.0768077373504639
0.8834538459777832
0.3957926630973816
0.6434075236320496
0.5700961947441101
