0.9779685139656067
0.6872556805610657
0.37499624490737915
0.6673372983932495
0.7528879046440125
0.7551581263542175
0.494806706905365
0.8262956738471985
0.38235384225845337
0.923297107219696
0.7430395483970642
0.7142249941825867
0.43563976883888245
0.4668942987918854
0.26765602827072144
0.46546873450279236
1.0120620727539062
0.6657561659812927
0.6491613388061523
0.5136092305183411
0.563115119934082
0.5128359794616699
0.3948286771774292
0.7563514113426208
0.8669290542602539
0.3800166845321655
0.8278093338012695
0.33344659209251404
0.4381890296936035
0.39139875769615173
0.38517457246780396
0.3535844683647156
0.7323452234268188
0.3313025236129761
0.29047033190727234
0.509183406829834
0.580712616443634
0.2890578806400299
0.370680570602417
0.4967159330844879
0.5959796905517578
0.2609272003173828
0.6188288927078247
0.31506529450416565
0.336365282535553
0.5375137329101562
0.5013094544410706
0.8661127090454102
0.3387068808078766
0.5567293763160706
0.36694785952568054
0.4473820626735687
0.34391069412231445
0.2722240388393402
0.6670732498168945
0.567622184753418
0.4163999557495117
0.760076105594635
0.7750008702278137
0.5296996235847473
0.523424506187439
0.7279730439186096
0.5855258107185364
0.41511231660842896
0.6844069361686707
0.6800228357315063
0.6483545303344727
0.5115049481391907
1.376577377319336
0.6502898335456848
0.3507828116416931
0.6030920743942261
0.8725326657295227
0.1957557499408722
0.3842056393623352
0.825933575630188
0.5817335844039917
0.5070630311965942
0.4815625548362732
0.8860330581665039
0.47479739785194397
1.0064418315887451
0.3333129584789276
0.28915169835090637
0.22812601923942566
0.4510318338871002
0.5737796425819397
0.8140231370925903
0.35559457540512085
0.3406687080860138
0.6041558980941772
0.31275758147239685
0.25173503160476685
0.7401746511459351
0.9454129934310913
0.3770516812801361
0.3480512201786041
0.35935303568840027
0.5384777188301086
0.9602713584899902
0.3238096833229065
0.7200489044189453
0.7687722444534302
0.6961721181869507
0.3780512809753418
0.49213600158691406
0.8994226455688477
0.8073237538337708
0.7284572720527649
0.9070444107055664
0.8252620697021484
0.2807832956314087
0.7947591543197632
0.4650217592716217
0.3609537184238434
0.26543912291526794
0.5100032091140747
0.500865638256073
0.6335498690605164
0.3502070903778076
0.4261222779750824
0.5194848775863647
0.312254935503006
0.3704974353313446
0.7885123491287231
0.3298824429512024
0.19360630214214325
0.2972847521305084
0.5921694040298462
0.9769384264945984
0.389691561460495
0.5232477188110352
0.3547014594078064
0.330300509929657
0.8028520345687866
0.31825315952301025
0.48939236998558044
0.48436689376831055
0.3509678840637207
0.3419141471385956
0.311499685049057
0.30107396841049194
0.5575858354568481
0.4404643177986145
0.47282248735427856
0.8801330327987671
0.8608986139297485
0.4423871636390686
0.8164426684379578
0.7336925268173218
0.3171730637550354
0.4441470205783844
1.1551215648651123
0.312189519405365
0.379466712474823
0.4495066702365875
0.5595035552978516
0.48039430379867554
0.18006408214569092
0.511677622795105
0.4338909685611725
0.43634310364723206
0.36689090728759766
0.5127253532409668
0.8922313451766968
0.32678690552711487
0.4577976167201996
0.3221355974674225
0.6275242567062378
0.38578909635543823
0.49527114629745483
0.4279668927192688
0.4194452166557312
0.18795529007911682
0.6338955760002136
0.785911500453949
0.1678372472524643
0.34386542439460754
0.6551663279533386
0.7246953248977661
0.44845685362815857
0.28801706433296204
0.30237245559692383
0.5172439217567444
0.9306028485298157
0.4482692778110504
0.5265694260597229
0.6271449327468872
0.33919623494148254
0.5909872055053711
0.41455143690109253
0.28395646810531616
0.3825494945049286
0.29206809401512146
1.7211380004882812
0.4954434931278229
0.3366965651512146
0.5386357307434082
0.4780184328556061
0.3432527482509613
0.646342933177948
0.2647930979728699
0.2039474993944168
0.4201699197292328
0.38926488161087036
0.6176108121871948
0.4881957173347473
0.9155905842781067
0.5086203813552856
0.2795065641403198
0.23821203410625458
0.7411953806877136
0.30012136697769165
0.4198947548866272
0.6212416887283325
0.3768696188926697
0.3459203839302063
0.323814332485199
0.595636248588562
0.7407620549201965
0.6692509651184082
0.45085009932518005
0.3274104595184326
0.22964699566364288
0.7545064687728882
0.5361588597297668
0.3585333824157715
0.5904045701026917
0.49771738052368164
0.10798188298940659
0.5379530191421509
0.44623249769210815
0.4015101492404938
0.3586854636669159
0.3804844319820404
0.4163321852684021
0.4612428545951843
0.5236326456069946
0.5790358185768127
0.886468768119812
0.5667685270309448
0.5482465624809265
0.34803032875061035
0.5199533700942993
0.4555525779724121
0.49864134192466736
0.645880401134491
0.9548019170761108
0.6351110935211182
0.529217541217804
0.9297987222671509
0.5205813050270081
0.519638180732727
0.674351692199707
0.45580992102622986
1.1243164539337158
0.4766518175601959
0.7891825437545776
0.2992808222770691
0.22089996933937073
1.2677760124206543
0.24864742159843445
0.7081003189086914
0.2092946320772171
0.29719093441963196
0.3502563536167145
0.8903520703315735
0.2577131688594818
0.3731229901313782
0.3786991536617279
0.3600829541683197
0.4173165261745453
0.5893223881721497
0.30528202652931213
0.4544188976287842
0.5460394620895386
0.37051838636398315
0.5769480466842651
0.9486923217773438
0.5840819478034973
0.6050513982772827
1.0731346607208252
0.37279269099235535
0.37405285239219666
0.434678852558136
0.8550350069999695
0.5069472789764404
0.6731967926025391
0.6617940664291382
0.4603094160556793
0.32649558782577515
0.8204848170280457
0.6394666433334351
0.8467131853103638
0.12406204640865326
0.521419882774353
0.4793309271335602
0.33225321769714355
0.4269740581512451
0.5494153499603271
0.536008358001709
0.8012398481369019
0.5981915593147278
0.8625624775886536
0.8818275332450867
0.4367927610874176
0.5306304693222046
0.5690212249755859
0.6634337902069092
0.43825167417526245
0.5898887515068054
0.48600706458091736
0.6482857465744019
0.6643304824829102
0.8701931834220886
0.7240294218063354
0.614178478717804
0.6674301028251648
0.9210476875305176
0.7293401956558228
0.34578701853752136
0.24936023354530334
0.5145672559738159
0.5478731393814087
0.49684467911720276
0.6685243248939514
0.6048121452331543
1.1460572481155396
1.336246371269226
0.21627914905548096
0.447543203830719
0.3331265151500702
0.46105924248695374
0.3834414780139923
0.6796518564224243
1.018431544303894
0.37547439336776733
0.6363770961761475
