0.36748990416526794
0.5965649485588074
0.33609163761138916
0.23544085025787354
0.44842591881752014
0.5743492841720581
0.5153759717941284
0.40315356850624084
0.249363511800766
0.42202693223953247
0.6428343057632446
0.5220547318458557
0.5363311767578125
0.3446680009365082
0.4266921877861023
0.4499877095222473
0.6151291131973267
0.678827166557312
0.4119582176208496
0.7645331025123596
1.189599633216858
0.40581369400024414
0.2728896737098694
0.8233802914619446
0.5026462078094482
0.24130606651306152
0.5230354070663452
0.3690759539604187
0.4346035122871399
0.9407575726509094
0.346652090549469
0.3874080181121826
0.38875457644462585
0.37457969784736633
0.4779556393623352
0.398243248462677
0.2321043461561203
1.2572730779647827
0.4702514111995697
0.6493644118309021
0.4784763753414154
0.4597761034965515
0.43419989943504333
0.9131923913955688
0.5154132843017578
0.6146915555000305
0.6960429549217224
0.11276370286941528
0.6759058833122253
0.5383633375167847
0.5609385371208191
0.26475828886032104
0.357574999332428
0.42802557349205017
0.4543796181678772
0.4601832330226898
0.6216875314712524
0.23577070236206055
0.5263748168945312
0.4477553367614746
0.5164893269538879
0.34269577264785767
0.581108033657074
0.33790409564971924
0.44873887300491333
0.48093390464782715
0.5320732593536377
0.8939335942268372
0.3290270268917084
0.4374445080757141
0.5847182869911194
0.4514235854148865
0.45524364709854126
1.083925724029541
0.24579615890979767
0.6356996297836304
0.4328027665615082
0.5278524160385132
0.44058188796043396
0.5311961770057678
0.21327972412109375
0.702195942401886
0.3931807279586792
0.3767009675502777
0.6790391802787781
0.30492720007896423
0.48163801431655884
0.7709368467330933
0.5001069903373718
0.5981281399726868
0.5522855520248413
0.39559465646743774
0.5080986022949219
0.7341930866241455
0.3456641435623169
0.4697311520576477
0.9439243078231812
0.12962092459201813
0.25911733508110046
0.246361643075943
0.28306466341018677
1.081031084060669
0.5889588594436646
0.6069061160087585
0.5675254464149475
0.29109835624694824
0.45670953392982483
0.5623210072517395
0.3465898633003235
0.4966546893119812
0.37486934661865234
0.5056450963020325
0.9004249572753906
0.5138591527938843
0.4823855757713318
0.39744833111763
0.46807485818862915
0.5485745072364807
0.5995901823043823
0.5857880711555481
0.6643908619880676
0.43275946378707886
0.4748247563838959
0.43433117866516113
0.23622003197669983
0.25197333097457886
0.2706981301307678
1.455390214920044
0.9785118103027344
0.4103187620639801
0.3669803738594055
0.7898169159889221
0.33000025153160095
0.39205068349838257
0.4203219413757324
0.33642318844795227
0.3115592896938324
0.5397214293479919
0.48695287108421326
0.5317163467407227
0.6860974431037903
0.4981847405433655
0.7758980989456177
0.7398055791854858
0.286767840385437
0.27349212765693665
0.5204335451126099
0.7137264013290405
0.22815410792827606
0.6916592121124268
0.4909384846687317
0.34275132417678833
0.5474290251731873
0.8786587715148926
0.9748057126998901
0.29102927446365356
1.3804802894592285
0.9753904342651367
0.9358962178230286
0.7665448188781738
0.4086865484714508
0.4653474688529968
0.5908680558204651
0.6875177621841431
0.9495130777359009
0.6514672040939331
0.47387704253196716
0.5901795625686646
0.7051593065261841
0.8206629753112793
0.4712247848510742
0.6006737351417542
1.0711501836776733
0.3568580746650696
0.2853397727012634
0.6387506723403931
0.204869344830513
0.5201141238212585
0.6283860206604004
0.5936854481697083
1.5318886041641235
0.9778045415878296
0.4923862814903259
0.4677185118198395
0.731134295463562
0.5702080726623535
0.6164705157279968
0.47489404678344727
0.5568839907646179
0.6046711206436157
0.4629504084587097
0.43749889731407166
0.40343818068504333
0.4257001280784607
0.44987720251083374
0.5641885995864868
0.9229775667190552
0.28375574946403503
0.2801920175552368
0.2535739541053772
0.7629024982452393
0.4258545935153961
0.6772804260253906
0.36950045824050903
0.4047695994377136
0.33409661054611206
0.5512428283691406
0.6056306958198547
0.9557433128356934
0.8764163851737976
0.41768890619277954
0.5903315544128418
0.49056538939476013
0.5188059210777283
0.8776451945304871
0.6844632029533386
0.8109572529792786
0.43428802490234375
0.8248745203018188
0.4578029215335846
0.3862932324409485
0.6991410851478577
0.33736929297447205
0.1610032618045807
0.39485350251197815
0.38234660029411316
1.0656907558441162
0.4717555642127991
0.6098907589912415
0.5121029019355774
0.5112490653991699
0.5020524263381958
0.2502501606941223
0.5774484872817993
0.2936869263648987
0.5232383012771606
0.8865585327148438
0.2928965389728546
0.2441815882921219
0.5955746173858643
0.39351239800453186
0.43017682433128357
0.6020998358726501
0.5481507182121277
0.4353039860725403
0.8924003839492798
0.883867621421814
0.9304710626602173
0.4441201686859131
1.2063723802566528
0.3845120370388031
0.5044995546340942
0.5889062285423279
0.3617069721221924
0.7097266316413879
0.27503785490989685
0.39872270822525024
0.33555522561073303
0.424934059381485
0.31306904554367065
0.18237678706645966
0.4635770916938782
0.765566349029541
0.2203495055437088
0.6201708316802979
0.38447105884552
0.749032199382782
0.8329591751098633
0.3296632766723633
0.5229932069778442
0.3723650872707367
0.9187596440315247
0.8575887680053711
0.20567171275615692
0.8250611424446106
0.42929187417030334
0.6872636079788208
0.7325971722602844
0.3669944703578949
0.7926496267318726
0.5816394090652466
0.9161623120307922
0.2984369397163391
0.22537775337696075
0.3994566798210144
0.5596561431884766
0.5961503386497498
0.2767762839794159
0.44391393661499023
0.40526604652404785
0.7815096378326416
0.26648885011672974
0.608343243598938
0.7298113107681274
0.42574483156204224
0.5017539262771606
0.6391516923904419
0.6020638942718506
0.2968679666519165
0.7463513612747192
0.6069654226303101
0.3888039290904999
0.9826287031173706
0.5881763100624084
0.5589255094528198
0.6205275654792786
1.2943956851959229
0.4800199866294861
0.6018096804618835
0.5722565054893494
0.23947754502296448
0.4523340165615082
0.8774546384811401
0.5597766637802124
0.4398462772369385
0.7112178206443787
0.4938867688179016
0.20633456110954285
0.721489667892456
0.5097113847732544
0.49106985330581665
0.816602349281311
0.4895796775817871
0.4993453621864319
0.7512348890304565
0.3994203507900238
0.8127708435058594
0.6288256645202637
0.685627281665802
0.40534257888793945
0.6762431263923645
0.462354838848114
0.25182896852493286
1.4223963022232056
0.3617430329322815
0.46049612760543823
0.5816329717636108
0.42089056968688965
