0.4481762945652008
0.8980016708374023
0.5537701845169067
0.7054215669631958
0.567489743232727
0.5384697914123535
0.7746416330337524
0.8815677762031555
0.5375047326087952
0.4501773416996002
0.36513614654541016
0.5708121061325073
0.6800200343132019
0.4248883128166199
1.002256155014038
0.5655048489570618
0.2937172055244446
0.6260871291160583
0.317562073469162
0.44861769676208496
0.9152207374572754
0.34151166677474976
0.71753990650177
0.9686985015869141
1.1776448488235474
0.5595027208328247
0.4879773259162903
0.7109159231185913
0.3509279191493988
0.507961630821228
0.6023045778274536
0.2033054381608963
0.2896251678466797
0.45045870542526245
0.6480730772018433
0.35910314321517944
0.41016894578933716
0.543013870716095
0.4598831236362457
0.31916648149490356
0.4225098490715027
0.25254398584365845
0.5049412846565247
0.39263612031936646
0.6173067688941956
0.640647292137146
0.5334358215332031
0.24609079957008362
0.6025709509849548
0.3644699454307556
0.7226468920707703
0.5593131184577942
0.625406801700592
0.5559101700782776
0.3568430542945862
0.45908451080322266
0.46367135643959045
0.13375353813171387
0.5705447196960449
0.34881362318992615
0.8265566825866699
0.40836024284362793
0.49562424421310425
0.4422728419303894
1.3137763738632202
0.6450585126876831
0.49984675645828247
0.3080785870552063
0.8514343500137329
0.38600224256515503
0.37298280000686646
0.20570357143878937
0.5530864596366882
0.8810592889785767
0.8725683093070984
0.5639501810073853
0.6049169898033142
0.7055755853652954
0.3815748393535614
0.6472240686416626
0.9750474691390991
0.6137300729751587
0.27687495946884155
0.3744450807571411
0.5009246468544006
0.6832520365715027
0.31696876883506775
0.491527795791626
0.5587435960769653
0.4205465316772461
1.0066273212432861
1.053620457649231
0.5114177465438843
0.6275638937950134
0.5031072497367859
0.6064146757125854
0.4099448323249817
0.525917112827301
0.5475814938545227
0.42816752195358276
0.6700935959815979
0.6695795059204102
0.735133707523346
0.47712182998657227
0.32641786336898804
0.7063366174697876
0.36081165075302124
0.6354891061782837
0.7264567017555237
0.5016966462135315
0.289546400308609
0.31197699904441833
0.6638448238372803
0.4661920964717865
0.5473701357841492
0.5376115441322327
0.5279657244682312
0.41576823592185974
0.1852128505706787
0.7478480339050293
0.47785940766334534
0.5864594578742981
0.3072398900985718
0.5202457904815674
0.5987652540206909
0.404205858707428
0.6015761494636536
0.2475338727235794
0.2654346823692322
0.584439754486084
0.4983287751674652
0.6299413442611694
0.4170560836791992
0.31141453981399536
0.6099497675895691
0.4671204090118408
0.8011687994003296
0.37607982754707336
0.6936053037643433
0.5616427063941956
0.5547820925712585
0.23861542344093323
0.8802618980407715
0.9597932696342468
0.49809080362319946
0.3127795159816742
0.7246387600898743
0.4982853829860687
0.37225204706192017
0.46418333053588867
0.965370774269104
0.5331327319145203
0.48076027631759644
0.26257258653640747
0.17682769894599915
0.3518710732460022
0.29999807476997375
0.3556835651397705
0.6795255541801453
0.4412464499473572
0.789069652557373
0.4323635697364807
0.5620723962783813
0.8673547506332397
0.7382055521011353
0.8509154319763184
0.3580237925052643
0.5857507586479187
0.7491800785064697
0.3820038139820099
0.49337321519851685
1.3704429864883423
0.5965713262557983
0.6047865152359009
0.6218132376670837
0.3259184956550598
0.31200891733169556
1.1690484285354614
0.49703946709632874
0.3808130919933319
0.4703546166419983
0.4372503161430359
0.7743767499923706
0.7386847734451294
0.5908737778663635
0.5652517676353455
0.850153923034668
0.8312791585922241
0.24355849623680115
0.6926816701889038
0.7105063199996948
1.1557691097259521
0.6034954190254211
0.3349590599536896
0.3091720640659332
0.6695678234100342
0.528919517993927
0.3951323926448822
0.6484721899032593
0.3787211775779724
0.5765137672424316
0.670424222946167
0.5087878704071045
0.217584490776062
0.519609808921814
0.48666682839393616
0.4638455808162689
0.6828266978263855
0.33190852403640747
0.21086814999580383
0.5007359385490417
0.7939740419387817
0.4244188368320465
0.6028017401695251
0.44393032789230347
0.6944535970687866
0.5684622526168823
0.5470844507217407
0.5182784795761108
0.46064263582229614
0.7638433575630188
0.5655578970909119
0.5860920548439026
0.3593794107437134
0.47852373123168945
0.5972852110862732
0.779990553855896
1.3466174602508545
0.594642698764801
0.9831504821777344
0.4023588299751282
0.3274024724960327
0.48302125930786133
0.812090277671814
0.3974379003047943
0.44890910387039185
0.7318211793899536
0.5295384526252747
0.9678746461868286
0.4263971447944641
0.5283826589584351
0.9225476384162903
0.46340593695640564
0.6495553851127625
0.8117903470993042
0.4231807589530945
0.5057842135429382
0.5095856785774231
0.3026716113090515
0.45134037733078003
0.6104238629341125
0.23239807784557343
0.3980349004268646
0.3555510640144348
0.2509134113788605
0.8049237132072449
0.5652621388435364
0.48446956276893616
0.6218444108963013
0.36491039395332336
0.19610396027565002
0.4184994697570801
0.2624790072441101
0.5380247831344604
0.4786251187324524
0.46363696455955505
0.6053341627120972
0.21827438473701477
0.2764515280723572
0.28994572162628174
0.21279220283031464
0.2726582884788513
0.7482308149337769
0.7957669496536255
0.5280874967575073
0.9638898968696594
0.45930546522140503
0.9969404339790344
0.4996406137943268
0.346549928188324
0.5760146975517273
0.32504934072494507
0.4175327718257904
0.706473171710968
0.2780025601387024
1.0714309215545654
0.4250815510749817
0.7303334474563599
0.6197624206542969
0.44492682814598083
0.6338392496109009
0.9463798403739929
0.530903697013855
0.35829824209213257
0.47405415773391724
0.39462974667549133
1.3751894235610962
0.7897379994392395
0.6168190240859985
0.6058186292648315
0.8592817187309265
0.7504145503044128
0.3256792426109314
0.49932852387428284
0.5409402847290039
0.5214560627937317
0.4239163398742676
0.41159048676490784
0.8209477663040161
0.46016961336135864
0.7324649691581726
0.3844220042228699
0.3331790566444397
0.3987794518470764
0.25466853380203247
0.6081743240356445
0.3697035312652588
0.6600033044815063
0.3892830014228821
0.5830479860305786
0.45520472526550293
1.1208900213241577
0.7726486921310425
0.5269279479980469
0.6472634077072144
0.6776498556137085
0.5996636748313904
0.3168388903141022
0.6691131591796875
0.8747360110282898
0.9003853797912598
0.5900695323944092
0.2183849811553955
0.8397043943405151
0.5991223454475403
0.45975518226623535
0.2721862196922302
0.16570591926574707
