0.6245810389518738
0.432892382144928
0.49274030327796936
0.26355472207069397
0.7376284003257751
0.4414180815219879
0.9609419703483582
1.117904543876648
0.5792564153671265
0.40118202567100525
0.7528418302536011
0.2039531171321869
0.8859441876411438
0.6783285140991211
0.3870728015899658
0.5234535336494446
0.33136507868766785
0.731999933719635
0.49318408966064453
0.6265836954116821
0.9221882820129395
0.6979759931564331
0.6781243085861206
0.5691402554512024
0.6814290881156921
0.47612714767456055
0.8273177146911621
0.23977430164813995
0.5752147436141968
0.39996474981307983
0.796265721321106
0.5718061327934265
0.30639511346817017
0.4569171071052551
0.6635223627090454
0.3124038577079773
0.9452608227729797
0.754012942314148
0.31867098808288574
0.9077582359313965
0.2469884157180786
0.3308287560939789
1.2217580080032349
1.147019624710083
0.2565562427043915
0.31765303015708923
1.0076688528060913
0.8626121282577515
0.26763230562210083
0.39379921555519104
0.8866533041000366
0.43240490555763245
0.6217573881149292
0.4095742106437683
0.32970255613327026
0.4466472268104553
0.8361431360244751
0.7471358776092529
0.6731699109077454
0.23776257038116455
0.5391208529472351
0.23737478256225586
0.557681679725647
0.5928258895874023
0.2814410924911499
1.1373364925384521
0.5715738534927368
0.4679092764854431
0.216354101896286
0.7296780347824097
0.22475524246692657
0.3067903518676758
0.42308297753334045
0.25797075033187866
1.1652356386184692
0.35610145330429077
0.732791543006897
0.6112644076347351
0.7210882306098938
0.6235823631286621
0.6208798289299011
0.40693920850753784
0.6776720285415649
0.7278842329978943
0.6189848780632019
0.6740652918815613
0.7963231205940247
0.5609075427055359
0.27183693647384644
0.895218014717102
0.4811764359474182
0.22497284412384033
1.1500792503356934
0.33431190252304077
0.3672349154949188
0.3710096478462219
0.37233608961105347
0.4455168843269348
0.4611606001853943
1.2216765880584717
0.19779302179813385
0.33076637983322144
0.8424745798110962
0.5429329872131348
0.3138187527656555
0.6439669728279114
0.20742180943489075
0.6444790363311768
0.8537439107894897
0.20275835692882538
0.5858288407325745
1.357515573501587
0.9224540591239929
0.3029709458351135
0.4264485239982605
0.9456217885017395
0.4748343527317047
0.6963146328926086
0.7890299558639526
0.7663251757621765
0.7895032167434692
0.3329291343688965
0.7109530568122864
0.8434854745864868
0.474025160074234
0.4951050877571106
0.40540069341659546
0.40952402353286743
0.5155501365661621
0.2756597101688385
0.5974811315536499
0.11844484508037567
1.009085774421692
0.4250982403755188
0.4452921748161316
0.3827524781227112
0.1570216417312622
0.9630671739578247
1.3184324502944946
0.3467668890953064
0.26901060342788696
0.23230020701885223
0.5915314555168152
0.7353385090827942
0.4122488498687744
0.16276021301746368
0.4736107885837555
0.37683483958244324
0.699241042137146
0.5695534348487854
0.5184698104858398
0.32991307973861694
0.5360705256462097
0.27233558893203735
0.6415268182754517
0.5761867761611938
0.4492185115814209
0.403322696685791
0.40297770500183105
0.55512934923172
0.8305462002754211
0.5694839358329773
0.42480650544166565
0.5676204562187195
0.47036710381507874
0.4891464114189148
0.44293633103370667
0.3182462751865387
0.7585626840591431
0.3416055142879486
0.2610277831554413
0.2937605381011963
0.38273364305496216
0.6115076541900635
0.6297842264175415
0.36447444558143616
0.6060886383056641
0.21096256375312805
0.4176579415798187
0.5147059559822083
0.6142963171005249
0.1805836707353592
0.2671564519405365
0.6807025671005249
0.9647642374038696
0.4552089273929596
0.435049831867218
0.4256179928779602
0.6791380047798157
0.46581777930259705
0.6895791888237
0.3052245080471039
0.3873220682144165
0.5059635639190674
0.44400113821029663
0.942456066608429
0.222860187292099
0.3844797611236572
0.3449731767177582
0.25127512216567993
0.45942172408103943
0.8059046864509583
0.7777296304702759
0.8228746652603149
0.5256339311599731
0.44472160935401917
0.6764754056930542
0.48924094438552856
0.5789379477500916
0.5965585708618164
0.5541718602180481
0.3845518231391907
0.7974860668182373
0.39449310302734375
0.42006319761276245
0.8540399670600891
0.4686249792575836
0.7310851812362671
0.511017918586731
0.44281381368637085
0.3412139415740967
0.6448444724082947
0.585281491279602
0.412126362323761
0.20160213112831116
0.3628717064857483
0.6675305366516113
0.48581236600875854
1.029910683631897
0.3808923065662384
0.5631508231163025
0.7990565896034241
0.8835440874099731
0.4365459382534027
0.4781171381473541
0.6258277893066406
0.5727964639663696
0.31252971291542053
0.30788421630859375
0.3092639446258545
0.8411266207695007
0.5394572019577026
0.5306004285812378
0.7346843481063843
0.7697609663009644
0.89350825548172
0.4508158266544342
0.6310731172561646
0.5210283994674683
0.6124309301376343
0.39573901891708374
0.6888288259506226
0.6766752004623413
0.400327205657959
0.4030287265777588
0.6725372076034546
0.3521830439567566
0.8038570284843445
0.5974369049072266
0.3385221064090729
0.34127888083457947
0.3662106394767761
0.5094009637832642
0.3929286003112793
0.30441558361053467
0.49260085821151733
0.6760250926017761
0.9606186747550964
0.5039114356040955
0.6097051501274109
0.35207730531692505
0.5083516836166382
0.48520082235336304
0.7230362892150879
0.46522244811058044
0.832389235496521
0.4837207794189453
0.37622272968292236
0.7235770225524902
0.19811277091503143
0.4549005627632141
0.6960524916648865
0.677871823310852
0.3941245675086975
1.0218534469604492
0.5894359946250916
0.4756547808647156
0.3664917051792145
0.6830294728279114
0.4844273626804352
0.2792039215564728
0.2803650200366974
1.006860375404358
0.5190020799636841
0.42436933517456055
0.4529200494289398
0.4701133668422699
0.2693621516227722
0.5689130425453186
0.544797420501709
0.3089286684989929
0.8304942846298218
0.5505825877189636
0.48560529947280884
0.6318972110748291
0.2517818808555603
0.4573293626308441
0.7212293744087219
0.6946872472763062
0.48195719718933105
0.5671289563179016
0.7826930284500122
0.4894048273563385
0.7340764999389648
0.96075040102005
0.42355936765670776
0.44255971908569336
0.39860087633132935
0.7041306495666504
0.3886599838733673
0.7142229080200195
0.3747168183326721
0.3919038474559784
0.6569466590881348
0.2707841694355011
0.33195269107818604
0.9881209135055542
0.441273033618927
0.4341593384742737
0.8635255694389343
0.29594093561172485
0.354531854391098
0.9526456594467163
0.4532322883605957
0.6131303310394287
0.6131995320320129
0.4739547669887543
0.19553865492343903
