0.38501113653182983
0.36051756143569946
0.3363671600818634
0.4077637791633606
0.5884034037590027
1.1389039754867554
0.47395697236061096
0.6714562177658081
0.6142266988754272
1.0079113245010376
0.5470296144485474
0.8222478628158569
0.1544874906539917
0.4142998158931732
0.2930052578449249
0.1802901029586792
1.2009519338607788
0.582880437374115
0.5573763847351074
0.793302059173584
0.17920392751693726
0.4624320864677429
0.417066752910614
0.30732467770576477
0.4742111265659332
0.41422635316848755
0.32097044587135315
0.25770053267478943
0.5838445425033569
0.4337839186191559
0.33889999985694885
1.0308516025543213
0.41287246346473694
0.7832576632499695
0.6497057676315308
1.0057103633880615
0.4357401728630066
0.5265345573425293
0.510440468788147
0.38725095987319946
0.28542760014533997
0.8783892393112183
0.2556919455528259
0.3681955933570862
0.600577175617218
0.6717230677604675
0.6858372688293457
0.4202834665775299
1.2000582218170166
0.46846452355384827
0.3983447551727295
0.5585266947746277
0.2091427743434906
0.591027557849884
0.5200200080871582
0.7686936259269714
0.42877691984176636
0.5342418551445007
0.5631619691848755
0.6177603006362915
0.34315696358680725
0.703518271446228
0.6000112295150757
1.0995575189590454
0.9708753824234009
0.46340909600257874
0.6808284521102905
0.24401669204235077
0.3520411550998688
0.322372704744339
0.39837750792503357
0.9169071316719055
0.47233590483665466
0.46976834535598755
0.3710485100746155
0.2626110911369324
0.7949925661087036
0.2573704421520233
0.9144770503044128
1.0860660076141357
0.28947320580482483
0.5609138607978821
0.5132887363433838
0.624667763710022
0.6138774156570435
0.5589017271995544
0.3564472496509552
1.248064398765564
0.7555469274520874
0.47408637404441833
0.41047435998916626
0.6167320013046265
1.0320895910263062
0.4813756048679352
0.9090229868888855
0.7019410133361816
0.9449885487556458
0.3793962895870209
0.3736982047557831
0.4309389591217041
0.6919620633125305
0.8024389147758484
0.23873086273670197
0.5770743489265442
0.26840758323669434
0.40691179037094116
0.6924600601196289
0.4528185725212097
0.3232983946800232
0.45947399735450745
0.43545812368392944
0.5976405143737793
0.29970911145210266
1.120843529701233
0.3145526647567749
0.48073673248291016
0.38150203227996826
0.47870904207229614
0.45950326323509216
0.34159740805625916
0.24464479088783264
0.6439228653907776
0.5462372899055481
0.37704503536224365
0.4522715210914612
0.7117360234260559
0.9005482792854309
0.7957971096038818
0.43121448159217834
0.8787750005722046
0.2521018087863922
0.46697551012039185
0.19521953165531158
0.41467493772506714
0.43363314867019653
0.9664322137832642
0.21964168548583984
0.31077343225479126
1.0451138019561768
0.7760618925094604
0.6458662748336792
0.3923572897911072
0.3102937340736389
0.7689222097396851
0.6310742497444153
0.3618218004703522
0.512485682964325
0.5626997947692871
0.368100106716156
0.6621294021606445
0.6071687936782837
0.47279438376426697
0.4170648455619812
0.6390015482902527
0.42800062894821167
0.612346351146698
0.6907219290733337
0.48278459906578064
0.309553325176239
0.7705544829368591
0.42663174867630005
0.42955541610717773
0.5470086336135864
0.4422721862792969
0.3209211230278015
0.5964944958686829
0.890232264995575
0.704629123210907
0.7822732329368591
0.857286274433136
0.6489998698234558
0.39424026012420654
0.653896689414978
0.7575222849845886
0.6662853360176086
0.3913707733154297
0.35814231634140015
0.5548094511032104
0.5357545614242554
0.5544382333755493
0.3868029713630676
0.5427968502044678
0.352766752243042
0.45830053091049194
1.0323758125305176
0.759014368057251
0.4597910940647125
0.41460227966308594
0.6374257802963257
0.2511116564273834
0.3130526542663574
0.30603188276290894
1.0742746591567993
0.5827709436416626
0.5238874554634094
0.4255017340183258
0.5069838762283325
0.47978320717811584
0.5070470571517944
0.7011718153953552
0.42217856645584106
0.5037150382995605
0.7576530575752258
0.7162091135978699
0.23100480437278748
0.487287700176239
0.5494873523712158
1.056632399559021
0.5355197787284851
0.6242901086807251
0.4176005423069
0.3587290644645691
0.581587016582489
0.5351377725601196
0.4588068127632141
0.4146953225135803
0.8042502403259277
0.43102097511291504
0.5134624242782593
0.268782377243042
0.7342727780342102
1.2172211408615112
0.4463481307029724
0.6020528078079224
0.36752620339393616
0.6791284680366516
0.6612617373466492
0.8087655305862427
0.3002321124076843
0.5059421062469482
0.39625129103660583
0.49608683586120605
0.6704463362693787
0.1679697334766388
0.49511995911598206
0.5006624460220337
0.43693622946739197
0.4555698335170746
0.2673637866973877
0.5643512010574341
0.42368659377098083
0.6054528951644897
0.3091612458229065
0.4035666584968567
0.35352978110313416
0.24213624000549316
0.3041303753852844
0.7861201167106628
0.2852775752544403
0.8257423639297485
0.40261268615722656
0.6034687757492065
0.7610443234443665
0.8015166521072388
0.46012216806411743
0.6270055174827576
0.6161986589431763
0.5138764977455139
0.6674100160598755
0.39638033509254456
0.4009939134120941
0.3750300407409668
0.4463464319705963
0.3349035680294037
0.23267939686775208
0.44470348954200745
0.32451295852661133
0.5689071416854858
0.28743547201156616
1.1521375179290771
1.2926439046859741
0.7036922574043274
0.6247639656066895
0.7447680234909058
0.23503407835960388
0.3274837136268616
0.5169523358345032
0.23659519851207733
0.6685791611671448
0.7452378869056702
0.44152960181236267
0.31231436133384705
0.6190258860588074
0.3204900622367859
0.6625677347183228
0.5704801678657532
0.4258394241333008
0.3935474753379822
0.550269603729248
0.7168792486190796
0.4862603545188904
1.5699269771575928
0.5822007656097412
0.42747554183006287
0.4288488030433655
1.2071298360824585
0.3220943212509155
0.6947627067565918
0.9302142262458801
0.8355582356452942
0.6377131342887878
0.33235475420951843
0.3917577862739563
0.22554917633533478
0.29387298226356506
0.9677478075027466
0.5116958618164062
0.2544379234313965
0.43982475996017456
0.24576422572135925
0.8284710049629211
1.1088581085205078
0.31313976645469666
0.3469159007072449
0.810053825378418
0.27893704175949097
0.5527963042259216
0.7161072492599487
0.5018669366836548
0.5612946152687073
0.7204787731170654
0.39276349544525146
0.5340788960456848
0.6683287024497986
0.45677629113197327
0.3422815501689911
0.9606720209121704
0.33234307169914246
0.3860841989517212
0.504299521446228
0.44331932067871094
0.5413260459899902
0.8320274353027344
0.20017799735069275
0.3862341046333313
0.791661262512207
0.2735874056816101
0.8309251666069031
