0.48464637994766235
0.4018985629081726
0.38592636585235596
0.7460619211196899
0.6382914781570435
0.4510478973388672
0.8121708035469055
0.7215021252632141
0.3319413661956787
0.7488423585891724
0.4416654706001282
0.7491322755813599
0.7532151937484741
0.5696105360984802
0.36050671339035034
0.4340361952781677
0.3971627950668335
0.4951947331428528
0.39007267355918884
0.5102070569992065
0.2548108696937561
0.40994009375572205
0.3097584545612335
0.49232402443885803
0.2462257444858551
0.38967031240463257
0.693419337272644
0.6441514492034912
0.5115252733230591
0.45529159903526306
0.16280098259449005
0.5625472068786621
0.5664280652999878
0.8371569514274597
0.19262805581092834
0.8072786331176758
0.5621525049209595
0.5515580773353577
0.4607573449611664
0.5104275941848755
0.6394805908203125
0.6737197637557983
0.28781619668006897
0.8215385675430298
0.38721928000450134
0.6592813730239868
0.4538932740688324
0.6193031072616577
0.8512862920761108
1.553424596786499
0.6864581108093262
0.724082350730896
0.5890422463417053
0.32836228609085083
0.5862178802490234
0.34511053562164307
0.48753613233566284
0.3746407628059387
0.8180838823318481
0.49538344144821167
0.4926842153072357
0.647895336151123
0.30440783500671387
0.5712487101554871
0.4190150797367096
0.3354175388813019
0.3543013632297516
0.4073471128940582
0.5977813601493835
0.3021497130393982
0.6126019358634949
0.820310115814209
0.5264469981193542
0.22520962357521057
0.7053186893463135
0.4702718257904053
0.28488069772720337
0.46056026220321655
0.32665643095970154
0.45699769258499146
0.22737279534339905
0.6335192918777466
1.0911691188812256
0.9788379669189453
0.438175767660141
0.6809107661247253
0.2194906771183014
0.41028547286987305
0.6579563021659851
0.7360771894454956
0.6482354402542114
0.5380029082298279
0.36611077189445496
0.6531330943107605
0.5413311719894409
0.49179330468177795
0.2041100710630417
0.7796469926834106
0.7094688415527344
0.38713735342025757
0.9884052276611328
0.5376275777816772
0.8987504839897156
0.2869749665260315
0.3086472749710083
1.1073520183563232
0.20712371170520782
0.7788287997245789
0.4993687570095062
0.34525513648986816
0.8333253860473633
0.4590805470943451
0.3054376244544983
0.34182852506637573
0.2716677486896515
0.3084529936313629
0.47392091155052185
0.4281271994113922
0.283831387758255
0.45126667618751526
1.0889678001403809
0.5631946921348572
0.6642698645591736
0.3498009443283081
0.8626642227172852
0.5136982202529907
0.3578556180000305
0.5461954474449158
0.329784095287323
0.40491876006126404
0.48548468947410583
0.3209248185157776
0.4674011170864105
0.7505702972412109
0.44585761427879333
0.8041216731071472
0.399436891078949
0.42392006516456604
0.4701191782951355
0.8502485156059265
0.5706557035446167
0.8436252474784851
0.4782841205596924
0.3472302258014679
0.3621721863746643
0.45773735642433167
0.5980927348136902
0.584439218044281
0.524598240852356
0.6893618702888489
0.34084728360176086
0.6369149684906006
0.21642079949378967
0.3515663743019104
0.6746022701263428
0.2148658037185669
0.4031955599784851
1.073270559310913
0.5554235577583313
0.38554081320762634
0.6988524198532104
0.6075767278671265
0.3785983920097351
0.5866712331771851
0.6845288276672363
0.6957591772079468
0.5177903771400452
0.3248487412929535
0.4535865783691406
1.1138434410095215
0.2448689490556717
0.661034882068634
0.38951626420021057
0.4104667603969574
0.2916569113731384
0.7093591094017029
0.2898334562778473
0.4876767694950104
0.36779916286468506
0.8657221794128418
0.7705826759338379
0.39745646715164185
0.8446836471557617
1.1616568565368652
0.2601448893547058
0.3270067572593689
0.4425462782382965
0.2801799178123474
0.6229120492935181
0.5796802043914795
0.5231672525405884
0.48574796319007874
0.7161418199539185
0.3435375988483429
0.3946090340614319
0.49997925758361816
0.2802550196647644
0.5745270848274231
0.5614880919456482
0.741778552532196
0.797165036201477
0.6219154000282288
0.5106474161148071
0.4259106516838074
0.5070270299911499
0.42407530546188354
1.0290862321853638
0.7950437664985657
0.818381667137146
0.4471852779388428
0.9437130689620972
0.3155907392501831
1.0414867401123047
0.7170232534408569
0.5225846171379089
0.4186885356903076
0.5517371892929077
0.5467574000358582
0.46335238218307495
0.6886311769485474
0.71917724609375
0.8440845608711243
0.5250411033630371
0.5379551649093628
0.48890334367752075
0.7269061803817749
0.4036387503147125
0.7227290868759155
0.6181941628456116
0.11934909969568253
0.41181063652038574
0.4304841160774231
0.46559619903564453
0.7083243131637573
0.3203953802585602
0.5761402249336243
0.5265746116638184
0.6369284391403198
0.6545450091362
1.109576940536499
0.5978584289550781
0.40262293815612793
1.1656404733657837
0.7086277008056641
0.34240350127220154
0.21296754479408264
0.7705031633377075
0.44276896119117737
0.377582848072052
0.5049655437469482
0.5142011046409607
0.7007448077201843
0.5516113042831421
0.20850296318531036
0.49657002091407776
1.149728536605835
0.2702101171016693
0.8217540979385376
0.6809465289115906
0.6613171696662903
0.9194669723510742
0.32772380113601685
0.3352779746055603
0.4833829998970032
0.36730819940567017
0.5278064608573914
0.7133371233940125
0.6958802938461304
0.3056766092777252
0.26697683334350586
0.5366532206535339
0.6388388872146606
0.33161574602127075
0.46352618932724
0.583978533744812
0.7020591497421265
0.8366957902908325
1.0755146741867065
1.2019917964935303
0.4717351794242859
0.4103916585445404
0.6056491136550903
0.46955862641334534
0.6966525316238403
0.5099358558654785
0.5502809286117554
0.5884634852409363
0.4032560884952545
0.4600500166416168
0.3978976607322693
0.7208145260810852
0.35071688890457153
0.8585683703422546
0.6774030923843384
0.42462143301963806
0.6105878949165344
0.5740305185317993
0.5866907238960266
0.8124479055404663
0.2419002503156662
0.38319283723831177
0.3976479172706604
0.4418407082557678
0.249363511800766
0.38415881991386414
0.37846148014068604
0.46105971932411194
0.4092036187648773
0.4096762239933014
0.48501211404800415
0.6267584562301636
0.427513062953949
0.4274519085884094
0.3669668734073639
0.5219808220863342
0.47582316398620605
0.7471376061439514
0.3335588574409485
0.3871380686759949
0.7816218137741089
0.6856111288070679
0.3252735733985901
0.3551097512245178
0.2768608033657074
0.8096182942390442
0.5399574041366577
0.2439158856868744
0.34386950731277466
0.5836337208747864
0.24116751551628113
0.5830466151237488
0.616546630859375
0.2104267179965973
0.6001178622245789
0.505355715751648
0.28531545400619507
0.6417152881622314
1.3613170385360718
