0.6270085573196411
0.6108846068382263
0.4250558316707611
0.3730924725532532
1.1798652410507202
0.43949422240257263
0.1791343241930008
0.5066490173339844
0.5646165609359741
0.673193097114563
0.8906022310256958
0.20018932223320007
0.25490546226501465
0.2616335451602936
0.28035473823547363
0.7967242002487183
0.3279971182346344
0.325152724981308
1.3983116149902344
1.0415310859680176
0.48121196031570435
0.7517606616020203
0.5334779024124146
0.3130861818790436
0.9106079339981079
0.28178757429122925
0.5564724802970886
0.40592604875564575
0.23066246509552002
0.46245020627975464
0.3957330584526062
0.6295758485794067
0.6091223955154419
0.26593369245529175
0.5733188986778259
0.6395566463470459
0.42054301500320435
0.2331819236278534
0.7344257831573486
0.4868912100791931
0.6565998196601868
0.5276975631713867
0.22602133452892303
0.20218558609485626
0.6139865517616272
0.5538914799690247
0.18487484753131866
0.9946090579032898
0.493828684091568
0.3711938261985779
0.4384620785713196
0.2655784785747528
0.6257519721984863
0.39119893312454224
0.2573619782924652
0.7257868051528931
1.1617265939712524
0.718695342540741
0.2826792895793915
0.15925541520118713
0.6070506572723389
0.3827860355377197
0.30700743198394775
0.4099682867527008
0.7008201479911804
0.212257981300354
0.3351263403892517
0.6038142442703247
0.8628740310668945
0.5649024844169617
0.8855083584785461
0.5923188924789429
0.4898519515991211
0.6903009414672852
0.31093254685401917
0.8598098754882812
0.434398353099823
1.0218979120254517
0.4657873511314392
0.5287872552871704
0.5306581854820251
0.49077653884887695
0.6769336462020874
0.5796558260917664
0.4896133542060852
0.5248833298683167
0.4756919741630554
1.0477397441864014
0.5614444017410278
0.6152648329734802
0.8236685991287231
0.4139196276664734
0.48881658911705017
0.39655154943466187
0.31961745023727417
0.48390141129493713
0.7305275797843933
0.9712380170822144
0.4928154945373535
0.8157361149787903
0.5411553382873535
0.5608762502670288
0.5108737945556641
0.17200954258441925
0.32650139927864075
0.3318672478199005
0.44806423783302307
0.3027016520500183
0.6080295443534851
0.700981616973877
0.5135743021965027
0.38021156191825867
0.8360953330993652
0.2901717722415924
0.3190930485725403
0.3610369563102722
0.8321266174316406
0.43356117606163025
0.3351615369319916
0.5358846783638
0.3621874451637268
0.4952525198459625
1.0470445156097412
0.4504108428955078
0.3660401701927185
0.26676124334335327
0.5461922883987427
0.7295984625816345
0.6511219143867493
0.5350189208984375
0.16452518105506897
0.7409259080886841
0.6582319140434265
0.5726253986358643
0.9335458874702454
0.5537155866622925
0.3935070037841797
0.5351113677024841
0.42842960357666016
0.4435690939426422
0.45760399103164673
0.6282602548599243
1.504931092262268
0.2936890721321106
0.19955721497535706
0.3167705237865448
0.6567879319190979
0.7007511854171753
0.7189406752586365
1.266899585723877
0.2880203425884247
0.34991884231567383
0.927019476890564
0.8504691123962402
0.3813987970352173
0.5170879364013672
0.7463234663009644
0.6686369180679321
0.5445440411567688
0.4255940318107605
0.36043429374694824
0.5979576110839844
0.9649467468261719
0.9907342791557312
0.8057034611701965
0.3678266108036041
0.6286322474479675
0.6389034986495972
0.5399514436721802
0.5655342936515808
0.437012255191803
0.6788965463638306
0.4212406277656555
0.6122106313705444
0.3526262044906616
0.29949402809143066
0.5763010382652283
0.8004280924797058
0.392660915851593
0.5065628290176392
0.4727845788002014
0.698103129863739
0.585862934589386
0.8704566955566406
0.1716570407152176
0.7816222906112671
0.301500529050827
0.9786869287490845
0.6352003216743469
0.3707813620567322
0.4304986596107483
0.5102452039718628
0.8469129800796509
1.3861674070358276
0.25536027550697327
0.24162717163562775
0.504762589931488
0.3806646466255188
0.5414300560951233
0.4463910162448883
0.48001766204833984
0.524856686592102
0.2806825041770935
0.4048565924167633
0.34469956159591675
0.3003609776496887
0.2515352666378021
0.7162778973579407
0.35055285692214966
1.06108820438385
0.5863817930221558
0.4467524588108063
0.513620913028717
0.86468106508255
0.5481439828872681
0.1966080367565155
0.5050261616706848
0.7117776274681091
0.4175449311733246
0.3041180968284607
0.6092365980148315
0.6919462084770203
0.5911523103713989
0.9712797999382019
0.4027630686759949
0.41147369146347046
0.5484362840652466
0.3582078516483307
0.6899641752243042
0.4409763216972351
0.25304344296455383
0.5026863217353821
0.34025052189826965
0.2994993329048157
0.3285958468914032
0.44858574867248535
0.2934388518333435
0.41832584142684937
0.6854628324508667
0.6452082991600037
0.5990018844604492
0.6772696375846863
0.3013201951980591
0.8535760045051575
0.6951442956924438
0.7721587419509888
0.32459843158721924
0.7609509229660034
0.5363696217536926
0.8209635019302368
0.3390888571739197
0.3525974154472351
0.5225822925567627
0.2758479714393616
0.4149150848388672
0.433584988117218
0.638609766960144
0.20979014039039612
0.4137708246707916
0.6868014931678772
0.35966232419013977
0.47098058462142944
0.2458353042602539
0.8805745244026184
0.7080827951431274
0.7584047913551331
0.33157485723495483
0.27486079931259155
1.0176359415054321
0.2772439122200012
0.40554457902908325
0.20758309960365295
0.47640323638916016
0.8275032043457031
0.2978898882865906
0.5143022537231445
0.29396700859069824
0.9809327125549316
0.41833287477493286
0.3467312753200531
0.6441919803619385
0.8051616549491882
0.39248162508010864
0.14233839511871338
0.28081458806991577
0.397315114736557
0.4173503816127777
0.4276939034461975
0.3345482051372528
0.5588502883911133
0.954238772392273
0.6490113735198975
0.38248491287231445
0.5227290987968445
0.665099024772644
0.4119597375392914
0.4946884214878082
0.677573561668396
0.5502479076385498
0.7045868039131165
0.14105045795440674
0.49874353408813477
1.153991460800171
0.34031257033348083
0.7714876532554626
0.3795771598815918
0.24486812949180603
0.5163031220436096
0.7018911242485046
0.2203875333070755
0.6197050213813782
0.6730841398239136
0.1399349570274353
0.2256309986114502
0.42021989822387695
0.677078902721405
0.669979989528656
0.681866466999054
0.5138865113258362
0.2937409281730652
1.3907629251480103
0.6356536149978638
0.5011829137802124
0.3313060402870178
0.8028221130371094
0.5533317923545837
0.6083218455314636
0.5425273776054382
0.3126046061515808
0.5517817735671997
0.33298665285110474
0.9549875259399414
0.5904961824417114
0.5998117923736572
0.3830614686012268
0.27572840452194214
0.6202117800712585
1.33424711227417
