0.2574024796485901
0.5618463754653931
0.8327127695083618
0.34050458669662476
0.8446799516677856
0.46932679414749146
1.0312689542770386
0.45491066575050354
0.7141375541687012
0.4172787666320801
0.36894187331199646
0.5848639607429504
0.4294770359992981
0.42065539956092834
0.22836680710315704
0.4742277264595032
0.5422021746635437
0.5130196213722229
1.0591984987258911
0.34011590480804443
0.4413910508155823
0.5960176587104797
1.0265913009643555
0.6187585592269897
0.24209561944007874
0.4550582468509674
0.2778870463371277
0.6793842315673828
0.45248955488204956
0.7964212894439697
0.4175635278224945
0.4604418873786926
0.20280806720256805
0.7600845694541931
0.5736092329025269
0.218157097697258
0.7262861132621765
0.46189993619918823
0.3181343674659729
0.4558974802494049
0.4922235608100891
0.47013968229293823
0.8630719184875488
0.4917328357696533
0.42677202820777893
0.706587553024292
0.5815266370773315
0.2811157703399658
0.5207849144935608
0.7962293028831482
0.20045408606529236
1.1586390733718872
0.6415696144104004
0.33430802822113037
0.41275542974472046
0.47891196608543396
0.20412930846214294
1.0140693187713623
0.6759693026542664
0.8543615341186523
1.2401865720748901
0.48174524307250977
0.4072178304195404
0.3286046087741852
0.4566859304904938
0.4381523132324219
0.6097820997238159
1.2326608896255493
0.2986906170845032
0.25274139642715454
0.5700749754905701
0.7121634483337402
0.682795524597168
0.2655794322490692
0.4051029682159424
0.29761189222335815
0.5570814609527588
0.32404643297195435
0.21492548286914825
0.4994620382785797
0.3225336968898773
0.9771684408187866
0.20831206440925598
0.5793436765670776
0.526584804058075
0.2976677417755127
0.8468689918518066
0.5035806894302368
0.5482815504074097
0.5583678483963013
0.25463736057281494
0.8422261476516724
0.42064565420150757
0.4889339506626129
0.3879772424697876
1.4408533573150635
1.113271951675415
0.45581284165382385
0.320477157831192
0.5385167002677917
0.900844395160675
0.6176193356513977
0.8230274319648743
0.3392806351184845
0.2023892104625702
0.4270856976509094
0.8735640645027161
0.6777747869491577
0.30734118819236755
1.3026092052459717
0.44897356629371643
0.7771461009979248
0.4449585974216461
0.37759631872177124
0.6362069845199585
0.47538718581199646
0.5454383492469788
0.5639044642448425
0.6548464298248291
0.5112563371658325
0.2988811135292053
0.3586842119693756
0.4408913254737854
0.5290113687515259
0.9062224626541138
0.40249961614608765
0.22725661098957062
0.3933216631412506
1.0079100131988525
0.3612409234046936
0.35169661045074463
0.30331096053123474
0.5198510885238647
0.7951056361198425
0.6588765382766724
0.94947749376297
0.8806020021438599
0.4733608365058899
0.45711031556129456
0.14518405497074127
0.2291174829006195
0.6780065298080444
0.6206381320953369
0.5942834615707397
0.5471253395080566
0.3496129512786865
0.656341552734375
0.3687647581100464
1.0471243858337402
0.4164952337741852
0.25731250643730164
0.4218490719795227
0.5694304704666138
0.1580035537481308
0.7920135855674744
0.39893943071365356
0.4509030282497406
0.5040593147277832
0.624796986579895
0.5802382230758667
0.5024755001068115
0.368323415517807
1.3486645221710205
0.31217530369758606
0.758388102054596
0.40652260184288025
0.5313875675201416
0.4261859059333801
0.45113176107406616
0.3072623610496521
0.44948410987854004
0.6508855819702148
0.3863597810268402
0.6233245134353638
0.4188867509365082
0.3927285671234131
0.484804630279541
0.5885779857635498
0.633872389793396
0.3489443361759186
0.2772713601589203
0.5729683041572571
0.6405209898948669
1.2095905542373657
0.7213911414146423
0.5516479015350342
0.45782575011253357
0.8434125781059265
0.45854276418685913
0.42469558119773865
0.31085604429244995
1.0063666105270386
0.2868029773235321
0.4976169168949127
0.9021652936935425
0.24014124274253845
0.20001745223999023
0.7327361106872559
0.3621250092983246
0.4109640121459961
0.49143853783607483
0.40947675704956055
0.272882342338562
0.22040235996246338
0.40360888838768005
0.2943601608276367
0.8967580795288086
0.4586707651615143
0.42073845863342285
0.8163744807243347
0.5554355382919312
0.9560654759407043
0.3250170052051544
0.3336257338523865
0.9324014782905579
0.6936283111572266
0.39456552267074585
0.30496105551719666
0.561823844909668
0.23288671672344208
0.23158934712409973
0.5106249451637268
0.8182136416435242
0.6179966926574707
0.40235623717308044
0.3631289005279541
0.9229989051818848
0.6604429483413696
0.6399752497673035
0.7350336313247681
0.524718701839447
0.9631875157356262
0.31864210963249207
0.45561686158180237
0.5081118941307068
1.0555499792099
0.4919472336769104
0.6435197591781616
0.4423128068447113
0.21246635913848877
0.29752296209335327
0.4518250823020935
0.7599326968193054
0.832846462726593
0.4034421443939209
0.33666908740997314
0.5107825994491577
0.3210996687412262
0.38140344619750977
0.6006000638008118
0.4094833731651306
0.3402455449104309
0.31260907649993896
0.6061853766441345
0.553047776222229
0.29282456636428833
0.4847526550292969
0.28804928064346313
0.9834860563278198
0.4436195492744446
0.5352267026901245
0.6249123811721802
0.4052256643772125
0.7470020055770874
0.3857671320438385
0.3922221064567566
0.3480590283870697
0.8259375691413879
0.5105224847793579
0.5070315003395081
0.2343764305114746
0.36968299746513367
0.39699310064315796
0.5680099725723267
0.38239532709121704
0.8754428029060364
0.7956956028938293
0.6877561807632446
0.36214396357536316
0.9887644648551941
0.36872395873069763
0.4785040020942688
0.5710679292678833
0.4680463373661041
0.653377890586853
0.6805030703544617
0.6325482130050659
1.0649021863937378
0.31794673204421997
0.7503189444541931
0.307927668094635
0.7494630813598633
0.3332088589668274
0.6984841823577881
0.5436961650848389
0.3257502019405365
0.7634292244911194
0.5826811790466309
0.31674429774284363
1.0153285264968872
0.9894264936447144
0.354287326335907
0.44164007902145386
0.5640966296195984
0.261013388633728
1.051986575126648
0.4904750883579254
0.6021613478660583
0.3581574559211731
0.36265164613723755
0.6099363565444946
0.42057839035987854
0.6770381927490234
0.5103285908699036
0.5011909604072571
0.9011591076850891
0.3381376266479492
0.40217408537864685
0.668430507183075
0.6099669337272644
0.7582319378852844
0.5971643328666687
0.44613227248191833
0.326043963432312
0.5311983823776245
0.4045124650001526
0.7003368139266968
0.3569958806037903
0.2511444687843323
0.2461889088153839
0.35721272230148315
0.4941031336784363
0.9102010726928711
0.2251908779144287
0.41410908102989197
0.597851037979126
0.5936444997787476
0.3386094570159912
