0.6875941157341003
0.8906981348991394
0.5902202725410461
0.6352460980415344
0.9641301035881042
1.020053505897522
0.8380406498908997
0.6818059682846069
0.8518387079238892
0.34322553873062134
0.8150588870048523
0.8695660829544067
0.740578830242157
1.018446922302246
0.45248451828956604
0.690473198890686
0.5784041881561279
0.39070257544517517
1.5793901681900024
0.7011209726333618
0.47666287422180176
1.3714488744735718
1.095115065574646
1.1289271116256714
0.5349607467651367
0.7356569766998291
1.0110821723937988
0.9058161973953247
1.093520998954773
0.812902569770813
0.7840200662612915
0.9870163798332214
0.4766131341457367
0.5866686701774597
0.795266330242157
0.7104031443595886
0.5689458847045898
0.5234872102737427
0.5868901014328003
0.8171493411064148
0.8574672937393188
1.3008642196655273
0.47152891755104065
0.514915943145752
0.7130270004272461
0.718095064163208
1.0020884275436401
0.49627429246902466
0.4906967580318451
0.7164798974990845
0.5461158752441406
0.5451890826225281
0.5855857133865356
0.708121657371521
0.6596072912216187
0.9781135320663452
0.4411413073539734
1.0081651210784912
0.8547376394271851
0.8671177625656128
0.7038679122924805
0.6621850728988647
0.539986789226532
0.8842656016349792
0.6955854296684265
0.4882937967777252
0.6684183478355408
1.5560921430587769
1.1384226083755493
0.5854880213737488
1.0319938659667969
0.8150490522384644
0.593299150466919
0.512776255607605
0.7007689476013184
0.8696253895759583
0.6504331827163696
0.46318569779396057
0.7320688962936401
0.4300689697265625
0.6584724187850952
0.6199701428413391
0.6003787517547607
0.6967567205429077
0.8771201968193054
0.5626931190490723
0.8913382291793823
0.8458326458930969
0.8434306383132935
0.8346064686775208
0.655015230178833
0.44020310044288635
0.8079083561897278
0.7341748476028442
0.4137301445007324
0.59653639793396
0.5383142828941345
0.6104635000228882
0.6089144349098206
0.9615189433097839
0.6084787249565125
1.0835850238800049
0.6394743919372559
0.6254048943519592
0.7318204045295715
0.5825503468513489
1.033808946609497
0.4006267488002777
0.37561455368995667
0.6004958152770996
0.7392359972000122
0.5694727897644043
0.7434279322624207
0.850760817527771
0.5526648759841919
0.4451074004173279
0.4611848294734955
0.6213286519050598
0.44821611046791077
0.49752378463745117
0.7126656770706177
1.5635144710540771
0.5287671685218811
0.6017886996269226
0.6220395565032959
1.5519659519195557
1.4873106479644775
0.5988327860832214
0.8200594186782837
0.7663747668266296
0.6485247015953064
0.2976551949977875
0.6688970327377319
1.0051519870758057
1.0285627841949463
0.7156904935836792
0.5797169804573059
0.5934333801269531
0.6495116353034973
0.8078005909919739
0.44065362215042114
0.7885042428970337
0.41313982009887695
0.5639514923095703
0.7887178659439087
0.47476276755332947
0.7462469339370728
0.8663039207458496
0.7056572437286377
0.7482017874717712
0.39149075746536255
1.0965323448181152
0.47940248250961304
0.7394730448722839
1.2058480978012085
0.5461541414260864
1.189953327178955
0.4895683228969574
0.4629157483577728
0.7701568603515625
0.8425698280334473
0.4070647358894348
0.8471931219100952
0.9025884866714478
0.76607346534729
0.7689376473426819
0.6649967432022095
1.3648817539215088
0.41679221391677856
1.5015943050384521
0.49002185463905334
0.6166370511054993
0.5951434373855591
0.9719464182853699
0.4128604829311371
1.2475030422210693
0.9639900326728821
0.6094760894775391
1.1485971212387085
0.7721730470657349
0.5811458826065063
0.8754311800003052
1.3999426364898682
0.5813145637512207
0.9656597971916199
0.9683442115783691
0.5862711668014526
0.8051546812057495
0.4672713875770569
0.4517214298248291
0.5515267848968506
0.5764672160148621
1.2005946636199951
0.9659616351127625
0.7594259977340698
0.6886555552482605
0.9307199716567993
0.4349030554294586
0.7437661290168762
0.6314777135848999
0.6296523809432983
0.8333325386047363
0.8378982543945312
0.44541651010513306
0.6439884901046753
0.5425344705581665
0.6442000865936279
0.6245168447494507
0.8524551391601562
0.7477394342422485
0.9275866746902466
0.44312208890914917
0.7086871266365051
0.6256250739097595
0.860622763633728
0.8444619178771973
1.3025625944137573
0.4461655616760254
0.6010289192199707
0.6088849306106567
0.46015357971191406
0.4747616648674011
0.5820125341415405
0.5043131113052368
0.5955535173416138
1.0218321084976196
0.9858483076095581
0.7913260459899902
0.6457992196083069
0.7831782102584839
0.45593786239624023
1.0136511325836182
0.9319063425064087
0.549473762512207
0.7710542678833008
0.4588748812675476
0.6792353391647339
1.0122795104980469
1.0364770889282227
0.9094122648239136
0.5019965171813965
0.7708927989006042
0.6509128212928772
0.5663597583770752
0.6079837679862976
0.9146688580513
0.7773227691650391
0.7488452196121216
1.0932376384735107
0.8361290693283081
0.9656723141670227
0.6337193250656128
0.4542202353477478
1.0207407474517822
0.9679473638534546
1.1755554676055908
0.6020085215568542
0.5581332445144653
0.7390443086624146
0.6252565383911133
0.5605148077011108
0.8775806427001953
0.8310419321060181
0.4203321039676666
0.3847353756427765
0.5943576097488403
0.43314486742019653
1.0336042642593384
0.4515356123447418
0.8144151568412781
0.7272580862045288
0.5425829887390137
0.8621389269828796
0.5683631896972656
1.0241477489471436
0.5893176198005676
0.5452572107315063
0.9934651255607605
0.7130277752876282
0.6751554608345032
0.531389594078064
0.6826401948928833
0.7587457895278931
0.37149760127067566
0.9975888133049011
0.3506290316581726
0.9240919351577759
0.35275477170944214
0.47571831941604614
0.6772476434707642
0.5559026002883911
1.0961673259735107
0.7525818943977356
0.5600525140762329
0.8567903637886047
0.60415118932724
1.1263443231582642
0.8113352060317993
0.4208187162876129
0.5593169927597046
1.2733948230743408
0.8014642000198364
0.5030879378318787
0.8772733807563782
0.562008261680603
0.5283715128898621
0.8571814298629761
0.9359485507011414
0.7980483174324036
0.755394458770752
0.7113779783248901
0.823843777179718
0.5647290349006653
0.8592346906661987
1.0260685682296753
0.40636080503463745
0.6386058330535889
0.5763446092605591
0.5650601983070374
0.9723932147026062
0.7129342555999756
0.5571029186248779
0.7015786170959473
0.6138425469398499
0.6538397669792175
0.5164316296577454
0.502841591835022
0.48911070823669434
0.550952672958374
1.059243083000183
0.5797467827796936
0.8571155667304993
0.6350584626197815
0.7772229313850403
0.47003641724586487
0.6089338064193726
0.8675194978713989
1.4762567281723022
