0.8343816995620728
0.6861699223518372
0.24510881304740906
0.34686174988746643
0.6381518840789795
0.6983404159545898
0.8268019556999207
0.4117106795310974
0.29710134863853455
0.1998765766620636
0.5139533281326294
0.16829510033130646
0.5672736763954163
0.8523334264755249
0.30457356572151184
0.36382341384887695
0.2374114990234375
0.40158748626708984
0.9209907650947571
0.6303942799568176
0.3662055432796478
0.4124046266078949
0.1711370050907135
0.48365315794944763
0.477459192276001
0.6358184814453125
0.8614385724067688
0.8478740453720093
1.027058720588684
0.24038143455982208
0.4867249131202698
0.5472413301467896
0.4642178416252136
0.5995000004768372
0.5510262846946716
0.5874336957931519
0.6938236951828003
0.36875396966934204
0.6986799240112305
0.40339311957359314
0.4837375581264496
0.768684983253479
0.24104860424995422
0.8065534830093384
0.5566725134849548
0.5982257723808289
0.46475186944007874
0.6376435160636902
0.2687698006629944
0.35370880365371704
0.47543007135391235
0.5181072950363159
0.9575227499008179
0.3979915976524353
0.7376689910888672
0.42251381278038025
0.33258166909217834
0.5519610643386841
0.1798408478498459
0.5591132640838623
0.32192620635032654
0.729381263256073
0.6015526652336121
0.17026875913143158
0.3795390725135803
0.423957884311676
0.6659280061721802
0.4725101888179779
0.424503892660141
0.6518570184707642
0.2964496314525604
0.2222181260585785
0.6305623650550842
0.5490356683731079
0.49793633818626404
0.39547133445739746
0.5793254971504211
0.34523916244506836
0.5135385990142822
0.27795523405075073
0.3054344058036804
0.5433321595191956
0.32124102115631104
0.6914626359939575
0.42961281538009644
0.33502835035324097
1.1199662685394287
0.7305006384849548
0.2507539987564087
0.43347787857055664
0.6834478378295898
0.7745252847671509
0.2957535982131958
0.3589404225349426
0.8425031900405884
0.4335702061653137
0.3430405259132385
0.6962248086929321
1.1060106754302979
0.3723849356174469
0.4566310942173004
0.3289845585823059
0.4683989882469177
0.2538659870624542
0.639788031578064
0.5480884313583374
0.5106647610664368
0.4867480397224426
1.023877739906311
0.6362439393997192
0.6521078944206238
0.8414150476455688
0.7746507525444031
0.6435613632202148
0.617508590221405
0.29317978024482727
0.6356703639030457
0.6162093877792358
0.6466553807258606
0.1800704002380371
0.9031599164009094
0.22412462532520294
0.6665009260177612
0.6591923236846924
0.6369128227233887
0.6184808015823364
0.476203590631485
0.7286027669906616
0.8035627603530884
0.5854294896125793
0.46081072092056274
1.169507622718811
0.7118493318557739
0.33164337277412415
0.42758649587631226
0.37881559133529663
0.6461500525474548
0.27496474981307983
0.7372885942459106
0.40992793440818787
0.43841925263404846
0.6661229133605957
0.3902076184749603
0.8216015100479126
0.705832839012146
0.9148615598678589
0.7146702408790588
0.5486888885498047
0.8657916784286499
0.44309335947036743
0.18618687987327576
0.39306870102882385
0.710641086101532
0.9108538627624512
0.8598556518554688
0.5268314480781555
0.40486058592796326
0.6068541407585144
0.3630879521369934
0.4804065227508545
0.5228937268257141
0.22827939689159393
0.45718687772750854
0.5100396275520325
0.5162918567657471
0.5585453510284424
0.23238852620124817
0.513323962688446
0.47898849844932556
0.7365959882736206
0.7288045883178711
0.44728225469589233
0.464336097240448
0.5396480560302734
0.5823442339897156
0.4490131735801697
0.5144906640052795
0.693375825881958
0.37947720289230347
0.6574386358261108
0.4097962975502014
0.3244183659553528
0.3669206500053406
0.4771912097930908
0.4647286534309387
1.146397590637207
0.40540942549705505
0.634088397026062
0.1703965812921524
0.6074099540710449
0.24724385142326355
0.7127922773361206
0.6977545022964478
0.49291864037513733
0.38201704621315
0.5772925019264221
0.39543038606643677
0.7141799330711365
1.0892446041107178
0.40336179733276367
0.3635680079460144
0.31499382853507996
0.34996676445007324
0.40949583053588867
0.28796690702438354
0.5267109274864197
0.4835933744907379
0.4490874409675598
0.6704809069633484
0.6057302355766296
0.5918071866035461
0.5849860310554504
0.355648398399353
0.38597923517227173
0.34488749504089355
0.33999186754226685
0.3640773296356201
0.41732057929039
0.36311760544776917
0.5909545421600342
0.8767367601394653
0.3626640737056732
0.7986984848976135
0.6194887161254883
0.750594973564148
0.3371672034263611
0.45466357469558716
0.6385195851325989
0.4967586100101471
0.3743523955345154
0.7071596384048462
0.3897305130958557
0.38493743538856506
0.9472329020500183
0.7019165754318237
0.4687114655971527
0.5155987739562988
0.4003196656703949
0.4630790650844574
0.47628703713417053
0.7098429799079895
0.7723730802536011
0.4284353256225586
0.6576011776924133
0.5081173181533813
0.6105291247367859
0.3824702799320221
1.4154963493347168
0.6067641377449036
0.4316343665122986
0.3802710473537445
0.6215864419937134
1.0587526559829712
0.5288163423538208
0.3632408678531647
0.5485517382621765
0.9549878239631653
0.24332432448863983
0.5950675010681152
0.7089315056800842
0.5636932849884033
0.9201286435127258
0.7453269958496094
1.2216224670410156
0.6789116859436035
0.7657266855239868
0.7321916222572327
0.42940348386764526
0.4930744171142578
0.3631536364555359
0.40090155601501465
0.5459629893302917
0.8695589303970337
0.39266470074653625
0.5369451642036438
0.7915014028549194
0.8251455426216125
0.301990807056427
0.7732404470443726
0.2603703737258911
0.5083290934562683
0.4784812331199646
0.679273247718811
0.4594748616218567
0.35491305589675903
0.5900078415870667
0.9277068376541138
0.8262402415275574
0.5487898588180542
0.3077549934387207
1.0131736993789673
0.22497674822807312
0.6999386548995972
0.2864297032356262
0.5133651494979858
0.9298959970474243
0.5990933179855347
0.5899063944816589
0.8687923550605774
0.4127405285835266
0.8006660342216492
0.2927183508872986
0.4922258257865906
0.7115266919136047
0.41176947951316833
0.31610918045043945
0.4999028742313385
1.13737952709198
0.45538192987442017
0.5455235242843628
0.9560254216194153
0.9416738748550415
0.8023479580879211
0.791201114654541
0.8002107739448547
0.36867672204971313
0.33184814453125
0.39025261998176575
0.6850996017456055
0.3383769094944
0.4516897201538086
0.29932326078414917
0.4457828402519226
0.8039089441299438
0.521224319934845
1.085828423500061
0.264902263879776
0.4290984272956848
0.6577923893928528
1.081060528755188
0.910722553730011
0.3661014437675476
0.37630900740623474
0.690265953540802
0.3564687967300415
0.35115694999694824
0.8707898259162903
0.5898725986480713
