1.67116379737854
0.6104480624198914
0.42369985580444336
0.44227999448776245
0.44212549924850464
0.5648170709609985
0.61976158618927
0.8439604043960571
0.511102557182312
0.4955555498600006
0.34340131282806396
0.7649458646774292
0.13854777812957764
0.7568151950836182
0.734661877155304
0.38460034132003784
0.4796118140220642
0.4615510106086731
0.9355152249336243
0.49854564666748047
0.30565911531448364
0.7797045707702637
0.4391966462135315
0.46359920501708984
0.6626073718070984
0.6319662928581238
0.7653323411941528
1.0734456777572632
0.5301547050476074
0.6165987253189087
0.6371608972549438
0.71909499168396
0.6292194724082947
0.3714119493961334
0.31581878662109375
0.428306519985199
0.5961095094680786
0.2330084592103958
0.46153777837753296
0.6416944265365601
0.2891712188720703
0.31528064608573914
0.4710164964199066
0.4764212667942047
0.5070171356201172
0.5711374282836914
0.4810386598110199
0.7789629697799683
0.26125019788742065
0.9912422299385071
0.8804754018783569
0.5152257084846497
0.6468794941902161
0.9475865364074707
0.8844663500785828
0.3833058476448059
0.576709508895874
0.5819562077522278
0.720734715461731
0.608141303062439
0.5451956391334534
0.2147500067949295
0.3837813138961792
0.3290460705757141
0.3125903010368347
0.47087326645851135
0.7221018075942993
0.764206051826477
0.7401647567749023
0.9216021299362183
0.3508261740207672
0.4917454123497009
0.7327905893325806
0.5512964129447937
1.1825405359268188
0.6827998757362366
0.46055203676223755
0.6638022661209106
0.42640724778175354
0.5186504125595093
0.5506364703178406
0.36218664050102234
0.6019541025161743
0.41209253668785095
0.3282490670681
0.3242848515510559
0.637816309928894
1.0007959604263306
0.8925408124923706
0.45799383521080017
0.4734199047088623
0.4202028810977936
0.4153762757778168
0.5813487768173218
0.2821764051914215
0.21326927840709686
0.7352302074432373
0.6408368349075317
0.3617967963218689
0.27183717489242554
0.4559165835380554
0.36932432651519775
0.40646275877952576
1.0036869049072266
0.4759131371974945
0.8534185290336609
0.5161962509155273
0.9529690742492676
0.36912110447883606
0.4620834290981293
0.5885991454124451
0.3988974690437317
0.5222379565238953
0.6122162342071533
0.8349263072013855
0.28264227509498596
0.4376371502876282
0.7531188130378723
0.4640280604362488
0.5416256189346313
0.30659598112106323
0.4545038640499115
0.5341897010803223
0.7378872632980347
0.9330039024353027
0.6990076899528503
0.17992036044597626
0.77254319190979
0.5565687417984009
0.4645358622074127
0.7215036749839783
0.7074974775314331
0.30678585171699524
0.1490292251110077
0.4930742681026459
0.5148869156837463
0.49786853790283203
0.5710382461547852
0.33630305528640747
0.6149523258209229
0.3623260259628296
0.23796463012695312
0.21257629990577698
0.3331148326396942
0.47555026412010193
0.5961006879806519
0.49091631174087524
0.42686277627944946
0.5778385996818542
0.67686927318573
0.2501819431781769
0.245494082570076
0.6542854309082031
0.616573691368103
0.6272280812263489
0.6265050768852234
0.5982872843742371
0.34628307819366455
0.5618610382080078
0.4066707491874695
0.5825523734092712
0.3461698889732361
0.49122944474220276
0.48371848464012146
0.5134312510490417
0.44038859009742737
0.39293545484542847
0.2139897644519806
0.7379915714263916
0.3826889395713806
0.3091021180152893
0.7070542573928833
0.699131429195404
0.35435619950294495
0.5928846597671509
0.3663247227668762
0.4977723956108093
0.3067324459552765
0.7823222875595093
0.7149757146835327
0.2417159527540207
0.23186425864696503
0.7340628504753113
0.27677273750305176
0.6996492147445679
0.5776492357254028
1.00508713722229
0.49025410413742065
0.867965817451477
0.5344220399856567
0.6155513525009155
0.5664993524551392
0.5387417078018188
0.3770509660243988
0.3732004463672638
0.6316787004470825
0.6955585479736328
1.0204780101776123
0.5545094013214111
0.6456717252731323
0.4081403613090515
0.8810148239135742
0.6594268083572388
0.799754798412323
0.2684473395347595
0.37991419434547424
0.6233582496643066
0.5745522379875183
0.5337003469467163
0.45686617493629456
0.4288780093193054
0.7985357046127319
0.36879706382751465
0.48734959959983826
0.6916543841362
0.8064451217651367
0.5763074159622192
0.39339539408683777
0.41222038865089417
0.588642954826355
1.0363683700561523
0.42188334465026855
0.8799716830253601
0.407865047454834
0.25002822279930115
0.6185742616653442
0.9898477792739868
1.0014026165008545
0.3027895987033844
0.27398133277893066
0.6590222716331482
0.4656983017921448
0.19462141394615173
0.18986913561820984
0.22084355354309082
0.6904397010803223
0.6041454076766968
0.9399609565734863
0.4894874691963196
0.7411821484565735
0.29353976249694824
0.3487732410430908
0.6298758387565613
0.8472385406494141
0.5089796781539917
0.46390897035598755
0.7242156267166138
0.7767748832702637
1.0681469440460205
0.4672542214393616
0.6033293604850769
0.41388511657714844
0.6372164487838745
0.293417751789093
0.6534683108329773
0.5681811571121216
0.2775123715400696
0.5844913125038147
0.8203145861625671
0.8267830014228821
0.4170192778110504
0.7022970914840698
0.38813531398773193
0.5245155096054077
0.8459699749946594
0.30132991075515747
0.9237720370292664
0.9516263008117676
0.3159317672252655
0.8503445386886597
0.7470460534095764
0.4414864182472229
0.5808491706848145
0.4161582887172699
0.4040999412536621
0.3566955626010895
0.537584662437439
0.49241405725479126
0.4717086851596832
0.31993356347084045
0.4424489140510559
0.4428408741950989
0.5928723216056824
0.58381187915802
0.6519819498062134
0.38631170988082886
0.5830410122871399
0.759128749370575
0.4446818232536316
0.17571616172790527
0.7354941368103027
0.2741212844848633
0.4534350335597992
0.6663464307785034
0.5590230226516724
0.43243589997291565
0.46527737379074097
0.45049673318862915
0.35328209400177
0.35884055495262146
0.33385565876960754
0.15821567177772522
0.42068013548851013
0.5102521777153015
0.3758484125137329
0.5948442220687866
0.34993308782577515
0.33710822463035583
0.5543333292007446
0.48711878061294556
0.29741737246513367
0.31727057695388794
0.6571763157844543
0.5037705898284912
0.30359378457069397
0.4796847403049469
0.3354134261608124
0.8521727323532104
0.7310535311698914
0.3973389267921448
0.45627665519714355
0.437471866607666
0.3524656891822815
0.5439568758010864
0.6444972157478333
0.5253573656082153
0.457486629486084
0.6977308988571167
0.6680006980895996
0.5058886408805847
0.6144958734512329
0.4979057312011719
0.24855360388755798
0.315762996673584
0.6315600872039795
0.6470454931259155
0.8319875597953796
0.2730838358402252
