0.43065565824508667
0.30088552832603455
0.5494027733802795
0.3309752345085144
0.37540844082832336
0.19788594543933868
0.4751381278038025
0.38933035731315613
0.47051388025283813
0.45881813764572144
0.376524955034256
0.7802795767784119
0.6696494221687317
0.5716778039932251
0.40449458360671997
0.5685439109802246
0.3773375153541565
0.765824019908905
0.23565351963043213
0.25911927223205566
0.728446364402771
1.0771746635437012
0.7628179788589478
0.7044274806976318
0.6827263236045837
0.8465503454208374
0.3419117331504822
0.7708699107170105
0.5049654245376587
0.4147493839263916
0.34303781390190125
0.6697150468826294
1.1393643617630005
0.5372744798660278
0.5428075194358826
0.4726247787475586
0.8525081872940063
0.5319965481758118
0.7802084684371948
0.6832799911499023
0.5515121221542358
0.5046065449714661
0.672296941280365
0.2891610562801361
0.4517847001552582
0.36047205328941345
0.5977824926376343
1.0817487239837646
0.4160560965538025
0.5471116304397583
0.38939931988716125
0.3223845064640045
1.119665265083313
0.21848313510417938
0.9307613372802734
0.5039013624191284
0.7733662724494934
0.336279958486557
0.4814719259738922
0.5665956139564514
0.6677318811416626
0.46914076805114746
0.5319729447364807
1.46311616897583
0.5788620710372925
0.7054100632667542
0.3263058066368103
0.5566829442977905
0.5221549272537231
0.44491785764694214
0.8729978799819946
0.3762987554073334
0.3987082839012146
0.8721206784248352
0.599280595779419
0.44085049629211426
0.2430616170167923
0.2417384833097458
0.5723010301589966
0.4397730231285095
0.34895333647727966
0.4041549265384674
0.4217570424079895
0.46580713987350464
0.6589115262031555
0.5319613218307495
0.6439906358718872
0.48233145475387573
0.4019317626953125
0.4889706075191498
0.5438469648361206
0.5595584511756897
0.6484422087669373
0.49606046080589294
0.802414059638977
0.46970462799072266
0.3665412366390228
0.7492108345031738
0.20978181064128876
0.35525384545326233
0.49355244636535645
0.6394883394241333
0.25026434659957886
0.446541965007782
0.668783962726593
0.7940155267715454
0.2736307680606842
0.8783169984817505
0.27131032943725586
0.36356765031814575
0.5773457288742065
0.9864200353622437
0.8041895031929016
0.4041058123111725
0.7514432668685913
0.25836485624313354
0.5936890840530396
0.33911260962486267
0.30343097448349
0.7864977717399597
1.0694087743759155
0.5243693590164185
0.9884527921676636
0.8372224569320679
0.46911516785621643
0.33208632469177246
0.4145256578922272
0.26373687386512756
0.22966332733631134
0.5310169458389282
0.4984349310398102
0.35785791277885437
0.6427100896835327
0.5721703171730042
0.3717309832572937
0.35806140303611755
0.781740665435791
0.36892563104629517
0.3993396759033203
0.7501530647277832
0.42697492241859436
0.2497236430644989
0.30477461218833923
0.26453647017478943
0.3293282091617584
0.5595678687095642
0.699320912361145
0.8791874051094055
0.5348041653633118
1.5056387186050415
0.39743363857269287
0.42234286665916443
0.7619787454605103
1.322763442993164
0.26755964756011963
0.38219159841537476
0.19151253998279572
1.502666711807251
0.3426956832408905
0.5267540216445923
0.45968252420425415
0.5352879762649536
0.7697646021842957
0.29620927572250366
0.3138532340526581
0.41111859679222107
0.336961567401886
1.1184055805206299
0.5290237069129944
0.5230442881584167
0.39832764863967896
1.007145643234253
0.49126115441322327
0.7605250477790833
0.4642714560031891
0.4130466878414154
0.5434773564338684
0.547629177570343
0.784394383430481
0.5074813961982727
0.22300973534584045
0.34969377517700195
0.3360257148742676
0.5335528254508972
0.35123389959335327
0.3963608145713806
0.8906800150871277
0.3708132803440094
0.2504729628562927
0.6544983386993408
0.6461983919143677
0.7182717323303223
1.0098512172698975
0.2765706181526184
0.6024945974349976
0.8958220481872559
0.3390256464481354
0.6393834352493286
0.6337788105010986
0.6962516903877258
0.5197138786315918
0.31858980655670166
0.6717498898506165
0.6304334402084351
0.9663820266723633
0.43732357025146484
0.29613131284713745
0.6698734760284424
0.6654780507087708
0.2875273823738098
0.9192655682563782
0.5923117399215698
0.4559237062931061
0.8542355298995972
0.603786051273346
0.5243040323257446
0.4835937023162842
0.7749972939491272
0.41561159491539
0.4569106101989746
0.1611851006746292
0.23349925875663757
0.49990755319595337
0.90977942943573
0.6120193004608154
0.21224436163902283
0.6320050954818726
0.45412883162498474
0.620215117931366
0.532028317451477
0.5092614889144897
0.7424774169921875
0.23911552131175995
0.5350382924079895
1.000396728515625
0.5822428464889526
0.4223024249076843
0.565102219581604
0.43602895736694336
0.6829630136489868
0.4478476643562317
0.3764045834541321
0.43646663427352905
0.3153180181980133
0.8802996873855591
0.9173755645751953
0.6939665079116821
0.4126841127872467
0.5590845346450806
0.5524497628211975
0.4507044851779938
0.7023094892501831
0.35694417357444763
0.5866789817810059
1.1200532913208008
0.2155366688966751
0.5911306738853455
0.27256375551223755
0.3419230878353119
0.34094181656837463
0.5031924247741699
0.2990987002849579
0.8570787310600281
0.20121344923973083
0.7383372187614441
0.21037745475769043
0.5526569485664368
0.39215588569641113
0.9527454376220703
0.8458825349807739
0.2128531038761139
1.087040901184082
0.5436375737190247
0.3057050108909607
0.3266298174858093
0.4447461664676666
0.41188010573387146
0.25845757126808167
0.33938759565353394
0.9717992544174194
0.6626235842704773
0.7727177143096924
0.3023728132247925
0.6027160882949829
0.19143784046173096
0.2723393440246582
0.39498835802078247
0.4132251739501953
0.385135680437088
0.5228745341300964
0.406984806060791
0.3722343444824219
0.21872644126415253
0.5619705319404602
0.5432854890823364
0.6179574728012085
0.3789864480495453
0.854896068572998
0.39414939284324646
0.4826563894748688
0.4503536820411682
0.39855965971946716
0.42244404554367065
0.21603655815124512
0.6311403512954712
0.36768046021461487
0.5355520248413086
0.6190854907035828
0.2967682480812073
0.4383987784385681
0.5500295162200928
0.28324761986732483
0.7925654649734497
0.666283905506134
0.6398206949234009
0.4726674556732178
0.18242517113685608
0.604683518409729
0.4546855092048645
0.17180803418159485
0.37426120042800903
0.1368849277496338
0.7232587337493896
0.7206742763519287
0.42533570528030396
0.7315104603767395
0.8381624221801758
0.3372284471988678
0.6011539697647095
0.5185648798942566
0.2161550521850586
0.7137694954872131
0.6185800433158875
0.5945845246315002
0.6805986166000366
0.3768342137336731
0.5535368919372559
0.4652884900569916
