0.41038984060287476
0.24317722022533417
0.6989511251449585
0.30847442150115967
0.9079370498657227
1.0226852893829346
0.5273343324661255
0.726753830909729
0.42294320464134216
0.8575193285942078
0.5647191405296326
0.34892234206199646
0.526507556438446
0.5576299428939819
0.43107515573501587
0.4076802134513855
0.4049810469150543
0.40017589926719666
0.6277516484260559
0.9223135709762573
0.40188202261924744
0.49125799536705017
0.573552668094635
0.598651111125946
0.5344554781913757
0.9228646159172058
0.5084972977638245
0.43524685502052307
0.7858574390411377
0.7123538255691528
0.3357234299182892
0.6840718984603882
0.36324256658554077
0.42826956510543823
0.5787714719772339
0.3825055956840515
0.5698932409286499
0.33818405866622925
0.536579966545105
0.26156705617904663
0.6111519932746887
0.21122941374778748
0.304978609085083
0.5934265851974487
0.686604380607605
0.38202187418937683
0.6317171454429626
0.7128766775131226
0.6225121021270752
0.5037713050842285
0.39228320121765137
0.4345370829105377
0.5884435772895813
0.712006151676178
0.4090542793273926
0.599413275718689
0.5277695655822754
0.30366504192352295
0.2765405476093292
0.3942892253398895
0.33374252915382385
0.7338908314704895
0.5133612155914307
0.4106965959072113
0.6280690431594849
0.8481887578964233
0.7894441485404968
0.8678924441337585
0.4883149266242981
0.5962966680526733
0.7505465745925903
0.7293167114257812
0.6637150645256042
0.4432191848754883
0.5666102170944214
0.8309991955757141
0.42363300919532776
0.5768219232559204
0.34426048398017883
0.20681099593639374
1.050898790359497
1.0823689699172974
0.5751925706863403
0.18349134922027588
0.8851092457771301
0.37455135583877563
1.244252324104309
0.5640835762023926
1.4182407855987549
0.6332294940948486
1.2176178693771362
0.36778002977371216
0.7966853380203247
0.770534098148346
0.5360392332077026
0.4175529479980469
0.42440858483314514
1.1315793991088867
0.3551885485649109
0.5109114646911621
0.18607860803604126
0.5433729887008667
0.5047833323478699
0.5847746729850769
0.44947782158851624
0.24689683318138123
0.1644693911075592
0.41044187545776367
0.6592525243759155
0.48970794677734375
0.5135267972946167
0.48789533972740173
0.8095986247062683
0.7330976724624634
0.3487752676010132
0.39400336146354675
0.676919162273407
0.6595034003257751
0.5286441445350647
0.7301203608512878
0.6658851504325867
0.21447129547595978
0.564835786819458
0.5144186019897461
0.358869731426239
0.6884423494338989
0.4493935704231262
0.5645211935043335
0.7331621646881104
0.39176613092422485
0.2577732801437378
0.7680504322052002
0.5523585081100464
0.2650304436683655
0.5192562341690063
0.54857337474823
0.9891530871391296
0.1901436150074005
0.6340082287788391
0.5333617329597473
0.6774530410766602
0.667015552520752
0.5185847878456116
0.4332699179649353
0.441986620426178
0.5112740397453308
0.6654452681541443
0.5857948064804077
0.14949801564216614
0.5282190442085266
0.48607152700424194
0.8200947046279907
0.2723281681537628
0.5554662942886353
0.3542052209377289
0.8006952404975891
0.23021814227104187
0.3384782671928406
0.5427031517028809
0.7092021703720093
0.6992126107215881
0.415738582611084
0.4452598989009857
0.6593536734580994
0.2617644965648651
0.13622084259986877
0.28008797764778137
0.4586005210876465
0.6150158643722534
0.4326474070549011
0.6044667959213257
1.2005128860473633
0.6672168970108032
0.5458700656890869
0.313804566860199
0.5945698022842407
0.5104527473449707
0.5565362572669983
0.4051980972290039
1.2298316955566406
0.9435815811157227
0.630966067314148
0.42770060896873474
0.20122702419757843
0.7279399633407593
0.2582717537879944
0.5933467149734497
0.33319348096847534
0.5689071416854858
0.342503160238266
0.3472713828086853
0.353127658367157
0.375014066696167
0.3226777911186218
0.6909424066543579
0.34503161907196045
0.35745495557785034
0.5661129355430603
0.281473308801651
0.6690542697906494
0.9909476041793823
0.29655390977859497
0.5065180063247681
0.5190788507461548
0.9121910929679871
0.20729894936084747
0.3111020624637604
0.9526611566543579
0.2868155837059021
0.3298940658569336
0.5918909907341003
1.0406899452209473
0.9623138308525085
0.5454922318458557
0.2971353828907013
0.49599093198776245
0.4433268904685974
0.28077375888824463
0.3273438811302185
0.25749537348747253
0.3709191679954529
0.7627564668655396
0.679498553276062
0.3630310893058777
0.44992533326148987
0.40818363428115845
0.37034696340560913
0.44862642884254456
0.4414219856262207
0.47947749495506287
1.5152769088745117
0.3926619589328766
0.5943930745124817
1.536394715309143
0.5598284006118774
0.8538354635238647
0.9132855534553528
0.45641738176345825
0.3728378713130951
0.6300381422042847
0.5447321534156799
0.5822838544845581
0.5915562510490417
0.5731639862060547
0.4965948164463043
0.41551828384399414
0.6940082907676697
0.7730122804641724
0.5477913618087769
0.2545682191848755
0.2613371014595032
0.6560757756233215
0.84003746509552
0.5930161476135254
0.6894405484199524
0.36259719729423523
0.256771981716156
0.4578796327114105
0.40513548254966736
0.6734463572502136
0.438925176858902
0.3507193624973297
0.36419469118118286
0.4680453836917877
0.6001622080802917
0.7351499199867249
0.3714299201965332
0.27340880036354065
0.5068739056587219
0.9166252017021179
0.24949988722801208
0.5943516492843628
0.47263389825820923
0.4069214463233948
0.7388321161270142
0.270294725894928
0.5319732427597046
0.4803531765937805
0.3637358546257019
0.7402434349060059
0.8714957237243652
0.5148897767066956
0.6703363060951233
0.4131717085838318
1.4205598831176758
0.45847415924072266
0.4263727068901062
0.23999659717082977
0.6368368864059448
0.38781261444091797
1.1765516996383667
0.33398905396461487
0.5756447911262512
0.46533069014549255
0.5237267017364502
0.6429386734962463
0.4667997360229492
0.48180803656578064
0.20218876004219055
0.41944289207458496
0.5429276823997498
0.1574198603630066
0.542098879814148
0.6926750540733337
0.7468404769897461
0.5326518416404724
1.008188009262085
0.9338868856430054
0.24706092476844788
0.6557602882385254
0.5459926724433899
0.3520115315914154
0.7131356000900269
0.40921488404273987
0.33361902832984924
0.5005930662155151
0.33945685625076294
0.4850730001926422
0.25140905380249023
0.6862033605575562
0.6040076017379761
0.4035124182701111
0.46984758973121643
0.627263069152832
0.7122821807861328
0.38319140672683716
0.43054693937301636
0.8384625315666199
0.6106621026992798
0.3162675201892853
0.44874438643455505
0.8040266036987305
0.7596074342727661
0.6026993989944458
0.3390313684940338
0.7361639142036438
0.2655245363712311
1.0430048704147339
