0.36570972204208374
0.37552618980407715
0.4252781867980957
0.4066231846809387
0.49213260412216187
0.5791877508163452
0.6520158648490906
0.7588801383972168
0.39996781945228577
0.3925672173500061
0.28023889660835266
0.5948143005371094
0.3731619417667389
0.5423692464828491
0.7782350182533264
0.7271320223808289
0.6418696045875549
0.5575039982795715
0.49947887659072876
0.2937381863594055
0.44773340225219727
0.35302430391311646
0.5719433426856995
0.29687944054603577
0.6220322847366333
0.34993600845336914
0.3266328275203705
0.2736932635307312
0.9892482757568359
1.267333745956421
0.4349600672721863
0.19747254252433777
0.8119247555732727
0.8576533198356628
0.6771368980407715
0.5278660655021667
0.5826796293258667
0.5134220123291016
0.5443047285079956
0.27657586336135864
0.4731689393520355
0.4432307779788971
0.5423306822776794
0.7327667474746704
0.7625282406806946
0.8450056910514832
0.3610723614692688
0.5727831125259399
0.6412734985351562
0.44032296538352966
0.5789130926132202
0.46058064699172974
0.48521146178245544
0.6052805781364441
0.8276983499526978
0.24672937393188477
0.42060309648513794
1.1047694683074951
0.44941601157188416
0.4530677795410156
0.7508277297019958
0.47211354970932007
0.3723568618297577
0.5693340301513672
0.6845391988754272
0.6594663858413696
0.39217400550842285
0.46151208877563477
0.48010873794555664
0.3747316002845764
0.4137800335884094
0.7247808575630188
0.3475582003593445
0.4274093210697174
0.37476101517677307
0.5227333307266235
0.328974187374115
0.6693461537361145
0.4365215301513672
0.9434453845024109
0.7348420023918152
0.4674685597419739
0.42294391989707947
0.41294193267822266
0.473364919424057
0.33319520950317383
0.6210954785346985
0.6960909962654114
0.3008251488208771
0.687624990940094
0.6758866310119629
0.4705209732055664
0.6431477069854736
0.9663459062576294
0.45471057295799255
0.5184420347213745
0.532478928565979
0.46754735708236694
0.9538220167160034
0.6321367025375366
1.013874888420105
0.3210750222206116
0.4385337233543396
0.25736474990844727
0.30111071467399597
0.4803418219089508
0.38355526328086853
0.6158970594406128
0.6434835195541382
0.33846354484558105
0.5124706625938416
0.2993159592151642
0.6363508701324463
0.8822765350341797
0.5525630712509155
0.28820666670799255
0.33104532957077026
0.41339921951293945
0.4730740487575531
0.46244922280311584
0.4233354926109314
0.6188727617263794
0.6192830801010132
0.4722045361995697
0.3193848431110382
0.4113181233406067
0.47619327902793884
0.7593750953674316
0.6374057531356812
0.5310195684432983
0.4407274127006531
1.305721402168274
0.3874243497848511
0.5557700395584106
0.5474440455436707
0.6535194516181946
0.7732716798782349
0.7690759897232056
0.37493401765823364
0.23139314353466034
1.0796364545822144
0.2993752360343933
0.3467448055744171
0.4769805073738098
0.44179901480674744
0.5024889707565308
0.5072198510169983
0.8884986042976379
1.0404020547866821
0.7669541835784912
0.3931592106819153
0.7012847661972046
0.25196853280067444
0.5287972688674927
0.5596330761909485
0.3876081109046936
0.42234212160110474
0.46530207991600037
1.1036537885665894
0.4248095452785492
0.5612988471984863
0.4988071918487549
0.20375590026378632
0.5164197683334351
0.3634824752807617
0.34318166971206665
0.1999901384115219
0.8631733655929565
0.4616990089416504
0.6393986344337463
0.38828784227371216
0.395951509475708
0.8058263659477234
0.6089762449264526
0.31681597232818604
1.0031358003616333
0.7993738055229187
0.6841729879379272
0.6102838516235352
0.490467369556427
0.6594699621200562
0.39570775628089905
0.8190422058105469
0.698351263999939
0.4711321294307709
0.7774056196212769
0.7994372844696045
0.44248834252357483
0.7643637657165527
0.35420355200767517
1.0424113273620605
0.8116448521614075
0.5177515149116516
0.2066439688205719
0.4602198600769043
0.3986421227455139
0.5204378962516785
0.3467727601528168
0.5771732330322266
0.4372413754463196
0.6339207887649536
0.3538012206554413
0.6128904819488525
0.3293527662754059
0.20676836371421814
0.5717273950576782
0.4276142120361328
0.38920435309410095
0.35616248846054077
0.4272981584072113
0.549630880355835
0.27249521017074585
0.6085745096206665
0.245492622256279
0.29146456718444824
0.39805811643600464
0.48781999945640564
0.3514825701713562
0.6444644927978516
0.8814204335212708
0.500420868396759
0.3300451636314392
0.8667600750923157
0.7163395881652832
0.5178535580635071
0.3316150903701782
0.4907662868499756
0.4821152091026306
0.338078111410141
0.22273334860801697
0.3945519030094147
0.3968215882778168
0.9881175756454468
0.5908937454223633
0.665318489074707
0.662523627281189
0.37864619493484497
0.2663276791572571
0.6791249513626099
0.6270670294761658
0.4560999274253845
0.3137577474117279
0.5560202598571777
0.40701761841773987
0.2835312783718109
1.0676137208938599
0.4372168183326721
0.5133420825004578
0.49337300658226013
0.3345065712928772
0.6195025444030762
0.8099390268325806
0.27730387449264526
0.18640999495983124
0.2852378785610199
0.46979689598083496
0.3047400116920471
0.7781537771224976
0.4023924767971039
0.4227958619594574
0.5744256377220154
1.2069696187973022
0.4563867449760437
0.322187602519989
0.9198824763298035
0.6223629713058472
0.3851664662361145
0.7596548795700073
0.5041648149490356
0.5603852272033691
0.6357383728027344
0.36210352182388306
0.43204039335250854
0.3112744390964508
0.9738848805427551
0.5825685262680054
0.5634487271308899
0.7630729675292969
0.3525443375110626
0.4002043306827545
0.2189195603132248
0.29382050037384033
0.2993106245994568
1.1011918783187866
0.6829904913902283
0.7052211761474609
0.35251158475875854
0.8250643610954285
0.3783400058746338
0.35950490832328796
0.3511034846305847
0.45477524399757385
0.4484005868434906
0.4389726519584656
0.4880738854408264
0.44821614027023315
0.5862341523170471
0.6044722199440002
0.8237395286560059
0.40748363733291626
0.5953330993652344
0.5216196775436401
0.450674444437027
0.6081899404525757
0.6315637230873108
0.2648085653781891
0.3965196907520294
0.9678657650947571
0.4713095724582672
0.4622730314731598
0.6150825619697571
0.16977110505104065
0.771210789680481
0.4117036759853363
0.40649285912513733
0.8735443353652954
0.537128746509552
0.46419841051101685
0.4171890318393707
0.5179042220115662
0.5723627209663391
0.7908316850662231
0.5553935766220093
0.7497333288192749
0.6424107551574707
0.7627440690994263
0.5638233423233032
0.6979907751083374
0.9376798868179321
0.5189751386642456
0.4248560965061188
0.7875655889511108
0.32207149267196655
0.8241162300109863
0.7989629507064819
0.5973547697067261
0.44817084074020386
1.5597575902938843
