0.5408724546432495
1.2719684839248657
0.9483979344367981
0.5992408990859985
1.064286470413208
0.7027677297592163
0.3539239764213562
0.7025734186172485
0.6448909640312195
1.0068707466125488
0.7964545488357544
0.7023994326591492
0.5291659235954285
0.39931705594062805
0.7426654100418091
0.6908975839614868
0.650652289390564
0.6644929647445679
0.42283621430397034
0.6560758352279663
0.5523210763931274
0.926581084728241
0.6816017031669617
0.8080214262008667
0.7805247902870178
0.6850205063819885
0.5840681791305542
0.8665704727172852
0.5014630556106567
0.8549398183822632
1.0150959491729736
0.7938900589942932
0.4802481532096863
0.5737901926040649
0.504752516746521
0.6259192228317261
0.625188946723938
0.5007932782173157
0.5244349241256714
0.45015764236450195
0.5285900831222534
0.6244751811027527
1.6215940713882446
0.4119423031806946
0.8095876574516296
0.9068070650100708
0.7385280132293701
0.5676451921463013
0.6153370141983032
1.0138190984725952
0.477865993976593
0.5324487686157227
0.41452470421791077
0.7448630332946777
0.5598570108413696
1.2478386163711548
0.7398629188537598
0.45084792375564575
0.7613536715507507
1.2141612768173218
1.551865816116333
1.4332926273345947
0.44532933831214905
0.97088223695755
1.2868260145187378
0.5441116094589233
0.7443939447402954
0.5438618659973145
1.0020660161972046
0.5352450609207153
0.5703460574150085
0.6880521178245544
0.7328766584396362
1.121366262435913
0.95928555727005
0.6565874218940735
0.47433727979660034
0.5116945505142212
0.7839075326919556
0.7573832273483276
0.7689787149429321
0.648344874382019
0.5179389119148254
0.9732426404953003
1.0418283939361572
1.198979139328003
0.8683688044548035
0.8565406799316406
0.6698695421218872
0.7148074507713318
0.47982925176620483
0.6773878335952759
1.011094570159912
0.9823989868164062
0.8869439363479614
0.48741230368614197
0.6314133405685425
0.8769779205322266
0.5212252736091614
0.6462992429733276
0.7755886912345886
0.7563217878341675
0.6291275024414062
1.106959581375122
0.5395663976669312
0.8649129867553711
0.8845473527908325
0.7850570678710938
0.5681355595588684
0.9376040697097778
0.6036800146102905
0.7545803189277649
0.5068796277046204
0.6458140015602112
0.8221942782402039
0.5744389295578003
0.837576687335968
0.7636157870292664
0.7731587290763855
0.7646456956863403
0.5351800918579102
0.567908763885498
0.6129741072654724
0.6335722804069519
0.91929692029953
0.38723060488700867
0.7577307820320129
0.8203071355819702
0.866895854473114
0.5769856572151184
0.7670949697494507
1.0238877534866333
1.0360476970672607
0.549413800239563
0.570351779460907
0.5709877014160156
0.5872693061828613
0.5226184725761414
0.5394970178604126
0.504351019859314
0.812085747718811
0.4318629205226898
1.0133215188980103
0.5271004438400269
0.5284696221351624
0.674419105052948
0.5492545366287231
0.4944482445716858
0.7155933380126953
0.9719383120536804
0.4401828646659851
0.6191345453262329
0.6116315722465515
0.8174285888671875
1.2852154970169067
0.9194809198379517
0.6459953784942627
0.510468602180481
0.5542716979980469
0.5601475834846497
0.8214103579521179
0.43587255477905273
0.9057798385620117
0.7502606511116028
0.586753249168396
0.7656152248382568
0.3988719582557678
0.9057561159133911
0.9433450698852539
0.7027472257614136
1.1715099811553955
0.5597147345542908
0.6855794191360474
0.9962118268013
1.0997107028961182
0.8835086822509766
0.5347315669059753
0.9796866178512573
0.3452525734901428
0.4674432873725891
0.6288334131240845
0.6693488359451294
0.46295133233070374
0.4115122854709625
0.6078858375549316
0.451324999332428
0.49894142150878906
0.7806881666183472
0.8739803433418274
0.7312418818473816
0.9851697683334351
0.8657452464103699
0.6237257122993469
0.5113980174064636
0.8066511154174805
0.6009018421173096
0.8223041296005249
0.6387993693351746
0.6157724857330322
0.7272542715072632
0.7743412256240845
0.764875054359436
0.548332691192627
0.7140840291976929
0.27766966819763184
0.7156806588172913
0.5873797535896301
0.5447580218315125
0.6581829190254211
0.8375908136367798
0.5022113919258118
0.7511408925056458
0.9925506711006165
0.7441591024398804
1.4728130102157593
0.5601747035980225
1.0343698263168335
0.5193451642990112
0.468472957611084
0.8764195442199707
0.7459866404533386
0.788919985294342
1.4041621685028076
0.5364226698875427
0.8227763175964355
0.598476231098175
0.8390908241271973
0.8515681028366089
1.2999982833862305
0.7125585675239563
0.768478512763977
0.41209158301353455
0.3522881269454956
0.616824746131897
0.7274903059005737
0.5823411345481873
0.5635967254638672
0.8445290327072144
0.5318048596382141
0.6875635385513306
0.6710259914398193
0.6571709513664246
0.7735283374786377
1.0792276859283447
0.541154682636261
0.5509477257728577
0.9660361409187317
0.7170766592025757
0.8637207746505737
0.5943289995193481
0.6578470468521118
0.9894800186157227
0.8381286859512329
0.9384986758232117
1.3737515211105347
0.6321166753768921
0.7830905914306641
1.5404669046401978
1.096352219581604
0.8477660417556763
0.9418255686759949
0.9202917218208313
0.5634580850601196
0.7253443598747253
0.5990556478500366
0.8825782537460327
0.45858365297317505
0.6886439323425293
0.7174828052520752
1.1897656917572021
1.0876411199569702
0.5698350071907043
0.4448877274990082
0.7327629923820496
0.6330119371414185
0.6733443140983582
0.6910921931266785
0.7175928354263306
0.6944535374641418
0.8252061605453491
0.9722806215286255
0.8808941841125488
0.7114850282669067
0.8532112240791321
0.8174738883972168
0.35116714239120483
0.7696049213409424
0.5510130524635315
0.8319976925849915
0.6337118744850159
0.741119921207428
0.5943294763565063
0.562471330165863
1.0086185932159424
0.7531082034111023
0.6510375738143921
0.2979990541934967
0.9252370595932007
0.7087968587875366
0.6168497800827026
0.6794622540473938
0.8709220886230469
0.544345498085022
0.7307712435722351
0.46620503067970276
1.0453944206237793
0.7314208149909973
0.8681022524833679
0.8325956463813782
0.6076463460922241
0.6849815845489502
0.6928442716598511
0.6982129812240601
0.814644455909729
0.4787759780883789
0.6534661650657654
0.7154359817504883
0.3859064280986786
0.8600031137466431
0.6029594540596008
0.5774898529052734
0.5618348121643066
0.8304543495178223
0.6896314024925232
0.6486747860908508
0.9695525169372559
0.8219243288040161
0.5358695983886719
0.39457839727401733
1.230447769165039
0.5580046772956848
0.8289987444877625
0.6575155258178711
0.6817088723182678
0.6374415755271912
0.7852832078933716
0.6992367506027222
1.5859370231628418
