1.4222122430801392
1.1571303606033325
0.8819891810417175
0.8410394787788391
0.9119135141372681
0.7465528249740601
0.9452506303787231
0.9174340963363647
0.8202468752861023
1.1691365242004395
0.9278827905654907
0.9955946207046509
1.0582407712936401
0.8356384038925171
1.1032160520553589
0.9115827679634094
1.2306572198867798
0.9451543092727661
1.163498878479004
0.9667439460754395
0.9776102304458618
0.803338348865509
0.8212809562683105
1.288370966911316
1.1453922986984253
0.9646709561347961
0.7580575942993164
1.3446342945098877
0.8053346872329712
0.8449538946151733
1.039832353591919
0.8339051008224487
1.124492883682251
0.9392542839050293
0.9583076238632202
1.083314061164856
0.7499879598617554
0.793725311756134
0.8735789060592651
0.8896878957748413
1.297729253768921
0.8565677404403687
1.0544010400772095
0.8853282928466797
0.9319833517074585
1.2669533491134644
0.812949001789093
1.1391303539276123
0.7565398216247559
1.0646767616271973
0.9096676707267761
1.035925269126892
0.9230923652648926
0.9426240921020508
1.1882622241973877
0.944041907787323
0.947385311126709
0.9554190635681152
0.9330042004585266
0.9594755172729492
0.9947577714920044
1.3856704235076904
0.8854991793632507
0.7965396642684937
1.2682117223739624
0.9032362103462219
0.7347758412361145
0.8503416180610657
0.752592146396637
0.8999167680740356
0.8853269815444946
0.7528981566429138
0.7836691737174988
0.9741901159286499
1.1556329727172852
1.0630207061767578
0.6859721541404724
0.9860019683837891
0.6806380748748779
0.841870129108429
0.8115272521972656
1.951804518699646
1.120665431022644
0.9382879137992859
0.9147893786430359
1.2634892463684082
1.0636013746261597
1.0420584678649902
1.1122766733169556
0.7158809900283813
0.803297221660614
0.9831509590148926
1.2912709712982178
1.0655395984649658
0.8780550956726074
0.9361488223075867
0.9263983964920044
0.8600544929504395
0.8700648546218872
0.790887713432312
0.7958908081054688
0.7514985203742981
0.9379926919937134
0.921575665473938
1.1386542320251465
1.193089246749878
1.2293262481689453
0.6551579833030701
0.8421403765678406
0.9780315160751343
0.7934645414352417
0.7921008467674255
0.6744240522384644
1.1816405057907104
0.7372806668281555
1.001263976097107
0.6934671401977539
0.9875578880310059
1.6036999225616455
1.4145885705947876
1.2150647640228271
1.1021888256072998
0.8956144452095032
1.04404616355896
0.8058808445930481
1.0083647966384888
1.1743764877319336
1.0164152383804321
1.3346518278121948
0.7387363910675049
1.1034066677093506
1.253351092338562
1.0981651544570923
1.0451327562332153
0.9647774696350098
0.8845351338386536
1.113446831703186
1.0997928380966187
0.7223304510116577
1.0514047145843506
0.8909541368484497
1.2742745876312256
0.7285179495811462
1.018805742263794
1.1302117109298706
1.0337648391723633
1.0159342288970947
0.7915773391723633
1.2433102130889893
0.9722667932510376
0.822509765625
0.9596538543701172
0.8355075716972351
1.0003252029418945
1.1614460945129395
1.0285741090774536
1.0626280307769775
0.8383830785751343
0.9674275517463684
1.0596697330474854
0.8460623025894165
1.002461552619934
0.8913782238960266
0.8201957941055298
0.777099072933197
1.1293679475784302
0.9875607490539551
1.0565522909164429
0.8532581329345703
0.8264592289924622
0.8512881994247437
1.1797410249710083
0.9325587153434753
0.8454726934432983
0.9048520922660828
0.9284558296203613
1.0275214910507202
0.68557208776474
0.9796203374862671
0.916556715965271
0.8771356344223022
0.9455013275146484
0.760270893573761
0.7232687473297119
0.853632926940918
1.1390564441680908
1.117732286453247
0.6625565886497498
1.0278632640838623
0.8121315240859985
0.5210751295089722
0.9979574084281921
0.7983452677726746
0.5817617774009705
1.00954270362854
1.173000693321228
1.2626748085021973
1.0039796829223633
0.8506218791007996
0.7058714032173157
0.9892827868461609
0.8407319188117981
1.0864750146865845
1.1492812633514404
0.883438766002655
1.0516245365142822
0.9481333494186401
0.7258359789848328
1.3389195203781128
1.3084174394607544
1.1105015277862549
0.8109159469604492
0.9024211764335632
0.8356670141220093
0.8338547945022583
1.0455814599990845
0.8452514410018921
1.0295549631118774
0.8741840124130249
0.9532934427261353
0.6545922756195068
0.8196368217468262
0.6153154373168945
0.762122631072998
1.0191823244094849
0.7291854023933411
0.913999080657959
1.0928852558135986
0.9225102663040161
1.0570878982543945
0.9249864816665649
0.6964394450187683
0.8098307847976685
0.7897952795028687
0.9133278727531433
0.8871446847915649
1.4178355932235718
0.7490769624710083
0.9699934124946594
0.7952817678451538
1.207767367362976
0.9842815399169922
0.7087403535842896
0.9645450711250305
0.7080579996109009
0.796760618686676
0.9970291256904602
1.3960349559783936
1.2776405811309814
0.7154572010040283
0.9976760745048523
0.6980547904968262
0.9659452438354492
0.8412917852401733
0.8784921765327454
1.1794579029083252
1.1729423999786377
1.234313726425171
0.7738922238349915
0.9897503852844238
0.9579898715019226
1.1667600870132446
0.9025911092758179
0.9091760516166687
0.8233798742294312
1.4231908321380615
1.1232936382293701
0.8230117559432983
0.6581231355667114
0.9078734517097473
1.0170042514801025
0.8986609578132629
1.0392377376556396
0.9934424161911011
0.9047912359237671
0.9530203938484192
1.2501909732818604
0.8443296551704407
0.8554427027702332
0.8929497599601746
1.0900979042053223
0.9085391759872437
0.9938986897468567
0.8951284289360046
0.9241647720336914
0.9134529232978821
0.9640777707099915
1.1194512844085693
1.0996438264846802
0.9638040661811829
0.5881925225257874
1.0650228261947632
1.1418912410736084
1.0355647802352905
0.920758068561554
0.5846523642539978
1.0791171789169312
1.2067469358444214
0.7869355082511902
0.9973918795585632
0.9217967987060547
0.5943644046783447
0.9615486264228821
0.9955171346664429
0.8183168172836304
0.9138520956039429
1.1523479223251343
0.8799524307250977
1.1694772243499756
0.8975504040718079
1.1508175134658813
1.1437417268753052
1.026190996170044
0.7701703310012817
0.8467922210693359
0.655640721321106
0.895591139793396
0.8673524856567383
1.0419025421142578
0.7375906109809875
1.1126997470855713
0.8503881692886353
1.0934038162231445
0.9789279103279114
1.2113113403320312
1.0356398820877075
0.7696930766105652
0.7327617406845093
0.9571119546890259
0.9479066729545593
0.6919042468070984
1.0317596197128296
1.216567873954773
0.8532662391662598
0.7410300970077515
0.88428795337677
0.704311728477478
0.8226456046104431
