0.36983901262283325
0.6119537353515625
0.9713586568832397
0.6379290223121643
0.6566811800003052
0.7095086574554443
0.8833918571472168
0.5516378283500671
0.46856290102005005
0.5336005091667175
0.3348994851112366
0.6754311323165894
0.6985729336738586
0.6639054417610168
0.5279383063316345
0.2585597336292267
0.5094144940376282
0.2627204358577728
0.5806122422218323
0.5899109244346619
0.4807416796684265
0.6205428838729858
0.627069890499115
0.7590793967247009
0.47097182273864746
0.2727777659893036
0.7963398098945618
0.4764869809150696
0.4195285737514496
0.7067117094993591
0.6689030528068542
0.5298370122909546
0.7783176898956299
0.4598774313926697
0.40995731949806213
0.5334891676902771
0.2869222164154053
0.7016061544418335
0.32074058055877686
1.0359091758728027
0.6270308494567871
0.18084315955638885
0.5803124308586121
0.38822779059410095
0.5822925567626953
0.4784148633480072
0.31356075406074524
0.7254429459571838
0.6687671542167664
0.3034423887729645
0.5655603408813477
0.42687565088272095
0.3099135756492615
0.3099786639213562
0.7976083159446716
0.6570055484771729
0.5351516604423523
0.6404966115951538
0.4757954478263855
0.5205848217010498
0.18597136437892914
0.6635514497756958
0.22979101538658142
0.5600417852401733
0.2464992105960846
0.6592043042182922
0.3330124020576477
0.39231348037719727
0.5558451414108276
0.16024601459503174
0.5628584027290344
0.4363798201084137
0.12174282222986221
0.4669555127620697
0.5916622281074524
0.6896197199821472
0.5035781264305115
1.0958316326141357
0.3237551152706146
0.39917710423469543
0.7182909846305847
0.41667062044143677
0.2663368582725525
0.3272160589694977
0.6136754155158997
0.609361469745636
1.1030714511871338
0.4914941191673279
0.3298894166946411
0.3090740144252777
0.40491023659706116
0.493019163608551
0.30797210335731506
0.5045424699783325
0.32987654209136963
1.1177542209625244
0.7345340847969055
0.38677293062210083
0.661805272102356
0.7723610401153564
0.6676527857780457
0.2067175805568695
0.41807278990745544
0.6939098238945007
0.395673930644989
0.5666915774345398
0.37772640585899353
0.5875833630561829
0.5385955572128296
0.5048490762710571
0.6852900385856628
0.274640291929245
0.6415020227432251
0.6879396438598633
0.3398509621620178
0.4048735201358795
1.3282264471054077
0.3301120400428772
0.3079177737236023
0.6851547956466675
0.34492748975753784
0.5231209993362427
0.6634876132011414
0.5466073155403137
0.5104765892028809
0.9260627627372742
0.6694420576095581
0.1858886182308197
0.7781598567962646
0.5255780220031738
0.3385546803474426
0.4844527244567871
0.6022433638572693
0.6822779178619385
0.5818743705749512
0.3148807883262634
0.9129699468612671
0.3996518552303314
0.4457920491695404
0.47773751616477966
0.44447994232177734
0.8287110328674316
0.5821757912635803
0.3041422665119171
0.5521198511123657
0.6966066360473633
0.2662564516067505
0.8374208211898804
0.5054079294204712
0.4884389042854309
0.3866131901741028
0.3138585388660431
1.1356117725372314
0.33762404322624207
0.45165976881980896
0.44764047861099243
0.679168164730072
0.5654846429824829
0.3703669607639313
0.35090509057044983
0.960049033164978
0.4375135004520416
0.606498122215271
0.27334851026535034
0.600226104259491
0.25843551754951477
0.5904840230941772
0.8159823417663574
0.2564692497253418
1.2508480548858643
0.6557489037513733
1.2204405069351196
0.2076621949672699
0.9269129037857056
0.6454939842224121
0.39482030272483826
0.5866056680679321
0.7708162665367126
0.21736368536949158
0.35173869132995605
0.6198684573173523
0.31877103447914124
0.5283778309822083
0.9237645268440247
0.23377618193626404
0.6195200681686401
0.23690113425254822
0.5547745823860168
0.47587957978248596
0.782529890537262
0.8844724893569946
0.5933952331542969
0.289886474609375
0.36816996335983276
0.48190122842788696
0.5060446858406067
0.9450827836990356
0.3567477762699127
0.5779340863227844
0.31683287024497986
0.4928222596645355
0.4711056351661682
0.6870489120483398
0.5294338464736938
0.3830336034297943
0.8267897367477417
0.3923698365688324
0.45090895891189575
0.46115121245384216
1.1420329809188843
0.5078651309013367
0.4738459587097168
0.6556024551391602
0.5382856130599976
0.262549489736557
0.31860461831092834
0.9053207635879517
0.7023405432701111
0.29359450936317444
0.5620982646942139
0.7236319780349731
0.4647471308708191
0.37909308075904846
1.0300066471099854
0.6070167422294617
0.2156803160905838
0.41792768239974976
0.47918957471847534
0.3517872393131256
0.37097686529159546
0.31712260842323303
0.840154767036438
0.40148717164993286
0.29695290327072144
0.41457709670066833
0.8160856366157532
0.3781431317329407
0.841539740562439
0.6015973091125488
0.4293947219848633
0.3623078465461731
0.42768794298171997
0.9118478894233704
0.2487211674451828
0.5287876129150391
0.27323612570762634
0.4353964924812317
1.2047996520996094
0.45413869619369507
0.9547677040100098
0.3478013575077057
0.6109085083007812
0.622769296169281
0.3367791175842285
0.39346566796302795
0.2656342387199402
0.41404667496681213
0.3951139748096466
0.5846353769302368
0.5186120271682739
0.2331201136112213
0.43971124291419983
0.8212112188339233
0.65179443359375
0.8262279629707336
0.4651561379432678
0.2783098816871643
0.8948065042495728
0.5556039810180664
0.49682489037513733
0.591785728931427
0.8537136316299438
0.46957969665527344
0.35780757665634155
0.39395949244499207
0.5126649141311646
0.7036980390548706
0.46340808272361755
0.5350099802017212
0.5662962198257446
0.654786229133606
0.382726788520813
0.7116764783859253
0.35342487692832947
0.2983190417289734
0.503700315952301
0.9318615198135376
0.8000289797782898
1.0782415866851807
0.4662567973136902
0.25818556547164917
0.44225677847862244
0.39651593565940857
0.5231598019599915
0.6779851317405701
0.5423586964607239
0.23783297836780548
0.5866443514823914
1.096097707748413
0.47852057218551636
0.402294397354126
0.4652675986289978
0.4353483319282532
0.5208833813667297
1.1059178113937378
0.31602996587753296
0.3698284327983856
0.7060031890869141
0.5554205179214478
0.349213182926178
0.5632280707359314
0.3318374752998352
0.5354236960411072
0.6216409802436829
0.6599214673042297
0.9187378883361816
0.3671573996543884
0.2774817943572998
0.5382481813430786
0.83583003282547
0.4319278597831726
0.6333946585655212
0.534281849861145
0.2063571959733963
0.5198407769203186
0.703109622001648
0.7743621468544006
0.4038771688938141
0.5763645768165588
0.5146991014480591
0.3063583970069885
0.30523645877838135
0.8724225759506226
0.4105282425880432
0.6788339614868164
0.8160797953605652
0.48036232590675354
0.7237746715545654
