0.7000302076339722
0.4463030695915222
0.5494505167007446
0.7286867499351501
0.42966827750205994
0.4851533770561218
0.7889301776885986
0.6156929135322571
0.37903928756713867
0.5418695211410522
0.6551882028579712
1.001021385192871
0.7125720977783203
0.34714192152023315
0.3452226221561432
0.24668076634407043
0.5434646606445312
0.856099009513855
0.4099264144897461
0.36104753613471985
0.4400565028190613
0.3628476858139038
0.5530917048454285
1.0447547435760498
0.619291365146637
0.3546443283557892
0.5462406873703003
1.3069924116134644
0.38088059425354004
0.61565101146698
0.31580525636672974
0.4328390061855316
0.6691900491714478
0.5098972916603088
0.8682311773300171
0.6533350348472595
0.6214742064476013
0.5000203847885132
0.33402079343795776
1.0308183431625366
0.7867838144302368
0.4123159945011139
0.6369467973709106
0.49845004081726074
0.42643967270851135
0.37689894437789917
0.3061944246292114
0.8117142915725708
0.4210739731788635
0.7533812522888184
0.3420948088169098
0.45051512122154236
0.712531328201294
0.7710152864456177
0.7161926627159119
0.22521324455738068
0.2970350682735443
0.3834139406681061
0.29767051339149475
0.6053040623664856
1.0157417058944702
0.7084671258926392
0.36000296473503113
0.8953222036361694
0.5629230737686157
0.6414055824279785
0.32557588815689087
0.5086109638214111
0.26374924182891846
0.2663964629173279
0.5492286682128906
0.44130149483680725
0.8581249117851257
0.17810837924480438
0.24461638927459717
0.47683772444725037
0.5561229586601257
0.4417441785335541
0.6550138592720032
0.7027791738510132
0.4668964445590973
0.42560434341430664
0.8568483591079712
0.5560905337333679
0.6731812953948975
0.429706871509552
0.348204106092453
0.2857309877872467
0.36680278182029724
0.47203412652015686
0.48692426085472107
0.540580153465271
0.5897843241691589
0.8807066082954407
0.75352942943573
0.2381790578365326
0.3338356018066406
0.7973254919052124
0.4800023138523102
0.598599910736084
0.4549369215965271
0.6172498464584351
0.8851876258850098
0.696161687374115
0.3028329908847809
0.6624523997306824
0.23969225585460663
0.8612456321716309
0.43455833196640015
0.48740386962890625
0.19583049416542053
0.4803287386894226
1.3133490085601807
0.5547783970832825
0.848915696144104
0.6856551170349121
0.9663003087043762
0.44417351484298706
0.6043647527694702
0.4541627764701843
0.6227371692657471
0.4630294740200043
0.40625590085983276
0.38934069871902466
0.8085371255874634
0.5898601412773132
0.4731532633304596
0.5045835375785828
0.752750813961029
0.8665298223495483
0.7615790367126465
0.4565100073814392
0.6324805021286011
0.4307010769844055
1.2673739194869995
0.8926175236701965
0.7475420832633972
0.6279920339584351
0.5379229784011841
0.4977387487888336
0.695745050907135
0.6587837934494019
0.806607723236084
0.6705570816993713
0.5546790361404419
0.36877328157424927
0.13765060901641846
0.850264847278595
0.6959415674209595
0.4474496841430664
0.29169362783432007
0.47804126143455505
0.5181592106819153
0.5851315259933472
0.7841386795043945
0.5489587187767029
0.5086542367935181
0.2361355721950531
0.8704927563667297
0.36012953519821167
0.575485348701477
1.2794103622436523
0.6130567789077759
0.3837283253669739
1.131763219833374
1.03592050075531
0.4599701762199402
0.6101447939872742
0.4461783468723297
0.3975502550601959
0.6921724677085876
0.38084524869918823
0.49432283639907837
0.3016990125179291
0.7679311037063599
0.6096628308296204
0.5799068212509155
0.4590117931365967
0.458759605884552
0.5864549875259399
0.3867439925670624
0.5263830423355103
0.4163045287132263
0.40595778822898865
0.3613221347332001
0.9216576814651489
0.27406245470046997
0.28186261653900146
0.36373162269592285
0.24209535121917725
0.6156641244888306
0.5295557975769043
0.5041695833206177
0.2574305534362793
0.8251351118087769
0.47630396485328674
0.5595344305038452
0.4620421528816223
0.48664188385009766
1.0289266109466553
0.2339458465576172
0.6821208000183105
0.6591209173202515
0.47948017716407776
0.5515414476394653
0.8379173278808594
0.4827471673488617
0.5275505781173706
1.089205265045166
0.26279813051223755
0.5695210099220276
0.7354910373687744
0.47794684767723083
0.44915443658828735
0.42926138639450073
0.3812050223350525
0.3849017024040222
0.36172717809677124
0.7490972876548767
0.7897087335586548
0.2528933882713318
0.412930965423584
0.453284353017807
0.6947277784347534
0.7229388356208801
0.9236224889755249
0.5481687188148499
0.5428208112716675
0.49927830696105957
0.7324826121330261
0.5743955373764038
0.3124893307685852
0.49032559990882874
0.19794519245624542
0.44750985503196716
0.4115351736545563
0.4691581130027771
0.2681190073490143
0.6561347842216492
0.7180396318435669
0.5740636587142944
0.38965073227882385
0.36455097794532776
0.28509578108787537
0.34023231267929077
1.53983473777771
1.236986756324768
1.3494491577148438
0.6990054249763489
0.44835764169692993
0.5276204943656921
0.3768366277217865
0.3936103880405426
0.6793805956840515
0.4718224108219147
0.8257215619087219
0.5774587988853455
0.3586161136627197
0.6290847063064575
0.33168524503707886
0.41769328713417053
0.28843051195144653
0.6967078447341919
0.2708836793899536
0.4702572226524353
0.8580174446105957
0.6603038907051086
1.1473218202590942
0.4535420536994934
0.6360743045806885
0.6041224598884583
0.5061119794845581
0.23627813160419464
0.7396187782287598
0.3197558522224426
0.2959901988506317
0.47565293312072754
0.37609750032424927
0.5469781756401062
0.7084817886352539
0.44910821318626404
0.21741466224193573
0.351674884557724
0.5988268256187439
0.27354469895362854
0.5464449524879456
0.20957942306995392
0.5248523950576782
0.37126556038856506
0.49945345520973206
0.5622357130050659
0.6173266172409058
0.6436020731925964
0.3419076204299927
0.4578636586666107
0.7965245246887207
0.3939914405345917
0.4563402235507965
0.44230812788009644
0.48898640275001526
0.4530375897884369
0.277906596660614
0.6035109758377075
0.40766677260398865
0.455538272857666
0.21411380171775818
0.6588661074638367
0.44021838903427124
0.36963173747062683
0.4887753427028656
0.45950889587402344
0.32464537024497986
0.3949719965457916
0.652571976184845
0.5314438939094543
0.6031540632247925
0.5024855732917786
0.31335949897766113
0.6879134178161621
0.49997758865356445
0.947259783744812
0.3100664019584656
0.6074274778366089
0.6163893938064575
0.4537120759487152
0.4201292097568512
0.5403342843055725
0.2682766318321228
0.6973467469215393
0.5952595472335815
0.4806080460548401
0.6879691481590271
0.4613202214241028
0.30407172441482544
0.8969640731811523
0.9064757227897644
0.3162248730659485
1.4281206130981445
