0.6650760769844055
0.29413914680480957
0.7301314473152161
0.42333507537841797
0.5260424017906189
0.47112998366355896
0.84906405210495
0.5492058992385864
0.3873923420906067
0.3513663113117218
0.6736637353897095
0.8375349044799805
0.42313796281814575
0.4361084997653961
0.3573038876056671
0.2892768383026123
0.9337970614433289
0.41528764367103577
0.9599892497062683
0.9036036729812622
0.48102378845214844
0.4255669116973877
0.9941916465759277
0.5956331491470337
0.29347872734069824
0.3020353615283966
0.7715350389480591
0.6201680302619934
0.2942054569721222
0.3562856614589691
0.46869516372680664
0.42646247148513794
0.21466068923473358
0.5702789425849915
0.2704443335533142
0.2721283733844757
0.7563297152519226
0.5207167863845825
0.1857796013355255
0.3902960419654846
0.29526254534721375
0.5025452375411987
0.5909547209739685
0.6911499500274658
0.5006153583526611
0.8364038467407227
0.5254620313644409
0.6440548896789551
0.3055640459060669
0.38695454597473145
0.3660820722579956
0.43933048844337463
0.5667999982833862
0.5955402255058289
0.5822690725326538
0.3250001072883606
0.2847613990306854
0.6408583521842957
0.3352516293525696
0.7077711224555969
0.2846676707267761
0.6346099972724915
0.29293298721313477
0.7066925764083862
0.4043041169643402
0.3376368284225464
0.3393995463848114
1.2256004810333252
0.6896302103996277
0.858880877494812
0.7741515636444092
0.782370388507843
0.4798886775970459
0.3100481331348419
0.5025182962417603
0.323386013507843
0.33236199617385864
0.7594642639160156
0.7675544619560242
0.7350704073905945
0.3639851212501526
0.5780802965164185
0.4661317765712738
0.9268186688423157
0.779468297958374
0.8536849021911621
0.5263363122940063
0.6279035806655884
0.5661632418632507
0.4499201774597168
0.7475546002388
0.4563071131706238
0.29553523659706116
0.402444988489151
0.2412813901901245
0.27405738830566406
0.45796364545822144
0.4717283844947815
1.0041714906692505
0.7799325585365295
0.39773377776145935
0.6890668869018555
0.5391719937324524
0.9721366167068481
1.4440443515777588
0.5238135457038879
0.6105701327323914
0.2690463662147522
0.3634008765220642
1.0699973106384277
0.6097594499588013
0.7964200973510742
0.5575950741767883
0.9050544500350952
0.38208064436912537
0.44238996505737305
0.39492398500442505
0.6546347737312317
0.4051986634731293
0.4758380949497223
0.7010040283203125
0.37236520648002625
0.3499530851840973
0.6765096783638
0.525184154510498
0.4695931077003479
0.5795546770095825
0.6416163444519043
0.7875984311103821
0.5265604853630066
0.43075984716415405
0.37299466133117676
0.5723695158958435
0.4494292140007019
0.613559901714325
0.2718037962913513
0.1768016368150711
0.40597105026245117
0.5447601079940796
0.480689138174057
0.6197988390922546
0.5093625783920288
0.6296955347061157
0.6132659316062927
0.44874876737594604
0.4454173147678375
0.371878445148468
0.2852998375892639
0.24514153599739075
0.3785425126552582
0.3803623914718628
0.6669861674308777
0.672188401222229
0.5179077386856079
0.3059306740760803
0.837916374206543
0.23759329319000244
0.7377597093582153
0.6918245553970337
0.6637017130851746
0.45949357748031616
0.5447790622711182
0.36137664318084717
0.33458730578422546
0.6480249166488647
0.5138525366783142
0.31677964329719543
0.621199369430542
0.46860677003860474
0.42487698793411255
0.3823623061180115
0.5941481590270996
0.17961709201335907
0.6936203837394714
0.9435569643974304
0.5131255388259888
0.17188675701618195
0.5017425417900085
0.3540571331977844
0.4379461407661438
0.36610978841781616
0.7218668460845947
0.5665788650512695
0.2619127631187439
0.49899744987487793
0.28468161821365356
0.5050030946731567
0.5825837850570679
0.5675629377365112
0.9261190295219421
0.5107583999633789
0.18818898499011993
0.9080890417098999
0.45155954360961914
0.294312059879303
0.3267619013786316
0.5169331431388855
1.0082833766937256
0.6900481581687927
0.7103773355484009
0.9528753161430359
0.649358868598938
0.6524698138237
0.47701817750930786
1.1060888767242432
0.5262541174888611
0.401780366897583
0.44816333055496216
0.5436502695083618
0.40217119455337524
0.3135409355163574
0.6069481372833252
0.4756602346897125
0.3843800127506256
0.414698988199234
0.6600301861763
0.41512060165405273
0.6584159135818481
0.43960610032081604
0.436159610748291
0.901903510093689
0.2561597228050232
0.7233438491821289
0.4816969931125641
0.5822758674621582
0.6367897987365723
0.5955613851547241
0.4399849474430084
0.5168131589889526
0.6398426294326782
0.5551926493644714
0.3271695077419281
0.4153652787208557
0.4283698499202728
0.3724015951156616
0.3608279824256897
0.42823824286460876
0.6310192942619324
0.4895184636116028
0.7296670079231262
0.31760209798812866
0.45329636335372925
0.6440571546554565
0.5005240440368652
0.5246285200119019
0.5832071304321289
0.31110554933547974
0.5311259031295776
0.4093821048736572
0.30887722969055176
0.7651192545890808
0.3142145574092865
0.7883412837982178
0.29751914739608765
0.3826565444469452
1.0558639764785767
0.3971535861492157
0.4428686201572418
0.4748157560825348
0.5451586842536926
0.9057618379592896
0.6091012954711914
1.2795124053955078
0.8449465036392212
0.8372945785522461
0.6912615895271301
0.4583251476287842
0.5512593984603882
0.8565171360969543
0.583213210105896
0.4593803882598877
0.3518979847431183
0.3995048701763153
0.32230547070503235
0.6601005792617798
0.2756860554218292
0.2480688989162445
0.5645315647125244
0.7102753520011902
0.3770095705986023
0.6454737782478333
0.9414584040641785
0.3583582043647766
0.363127201795578
0.9998885989189148
0.3692559003829956
0.4038918614387512
0.16481731832027435
0.6143975257873535
0.3552477955818176
0.8499357104301453
0.6050055027008057
0.6111375689506531
0.2662474513053894
0.41753166913986206
0.2932887673377991
0.7070404291152954
0.9950770139694214
0.3715014159679413
0.5166506767272949
0.28443479537963867
0.6535652875900269
0.3247174322605133
0.947806715965271
0.34441477060317993
0.6096130609512329
0.5329505205154419
0.7938019633293152
0.4715842306613922
0.71866774559021
0.471452534198761
0.4265446066856384
0.5346232652664185
0.34394314885139465
0.22162441909313202
0.40937691926956177
0.7463163733482361
0.15094491839408875
0.343300998210907
0.6771503686904907
0.4521455764770508
0.5246289372444153
0.4091842770576477
0.42999833822250366
0.49960631132125854
0.8046793937683105
0.7620809078216553
0.8611839413642883
0.8433501124382019
0.5355562567710876
0.5560587048530579
0.2874487340450287
0.9284726977348328
0.4281873106956482
0.9135519862174988
0.4318862855434418
0.32801932096481323
0.7713850140571594
