0.7971610426902771
0.41413965821266174
0.4372653067111969
0.5695956349372864
1.0808883905410767
0.7538892030715942
0.1393636167049408
0.518062949180603
0.26403123140335083
0.6422557830810547
0.3751543462276459
0.39074552059173584
0.5919712781906128
0.4047970771789551
0.7449337244033813
0.4475588798522949
0.3649342656135559
0.8823843002319336
0.8674317598342896
0.7013358473777771
0.6526474952697754
0.6491413712501526
0.7372012138366699
1.094482421875
0.45037493109703064
0.5339661240577698
0.6620757579803467
0.3314950466156006
0.4339386820793152
0.6334884166717529
0.6080805063247681
0.7917612791061401
0.6300809979438782
1.0959017276763916
0.9093033671379089
0.3752989172935486
0.5070654153823853
0.43943482637405396
1.0100282430648804
0.30233141779899597
0.5422961711883545
0.5942519307136536
0.4869725704193115
0.5627298951148987
0.35682934522628784
0.856765627861023
0.30710047483444214
0.2680385112762451
0.6721631288528442
0.3635755479335785
0.7527061700820923
0.4455086588859558
0.7309446930885315
0.7849000692367554
0.5276610255241394
0.5870323181152344
0.4688865542411804
0.34157222509384155
0.47787731885910034
0.5745446085929871
0.4471432566642761
1.2830209732055664
0.8212989568710327
0.461656391620636
0.3012102246284485
0.4859554171562195
0.6890900731086731
0.6197468042373657
0.8471354246139526
0.45970582962036133
0.2327882945537567
0.7824122309684753
0.43156537413597107
0.45505037903785706
0.2401307374238968
0.5952340960502625
0.682106614112854
0.2624717354774475
0.826431930065155
0.1646331250667572
0.6523116230964661
0.45207613706588745
0.36114174127578735
0.7881661653518677
0.5159941911697388
0.4475453495979309
0.4349031448364258
0.42205190658569336
0.9343301653862
0.2758893072605133
0.38473591208457947
0.6293755769729614
0.28174638748168945
0.5560214519500732
0.4525779187679291
0.6142033338546753
0.42793241143226624
0.4019189774990082
0.787026584148407
0.3799958825111389
0.3426062762737274
0.4027802348136902
0.5102187395095825
0.39341822266578674
0.7224321961402893
0.9782589077949524
0.6279703378677368
0.3017415404319763
0.4681049883365631
0.4187345504760742
0.23142476379871368
0.41402801871299744
0.3364597260951996
0.5168851613998413
0.5266388058662415
0.5668190717697144
0.4952109754085541
0.3477570414543152
0.46878328919410706
0.4437437951564789
0.40631332993507385
0.5184594392776489
0.3543871343135834
0.7513982653617859
0.3075660467147827
0.3239208161830902
0.5871347188949585
0.3632291555404663
0.39126381278038025
0.6355923414230347
0.6350487470626831
0.8786824345588684
0.7001529932022095
0.38066333532333374
0.49062666296958923
0.3359563946723938
0.38327401876449585
0.692718505859375
0.45165491104125977
0.43258076906204224
0.6296040415763855
0.4480522572994232
0.5092202425003052
0.7610566020011902
0.5766544342041016
0.29104357957839966
0.3471076190471649
0.475778728723526
0.9359510540962219
0.9071738123893738
0.6687222123146057
0.5559301376342773
0.3406309485435486
0.8069302439689636
0.2544499635696411
0.3410421311855316
0.5832210779190063
0.656347930431366
0.3305102586746216
0.6537303924560547
0.41759976744651794
0.2989846169948578
0.21856728196144104
0.23349905014038086
0.35554879903793335
0.26404035091400146
0.4320424199104309
0.6485466361045837
0.4317964017391205
0.41911059617996216
1.1043989658355713
0.4767371118068695
1.0619903802871704
0.8115614652633667
0.3265896141529083
0.5055280923843384
0.6674267053604126
0.9026744961738586
0.5455223321914673
0.4639137387275696
0.7919011116027832
0.6327248811721802
0.8529752492904663
0.47951245307922363
0.32479047775268555
0.700754702091217
0.5206819772720337
0.20634035766124725
0.309582382440567
0.9494835734367371
0.5906872153282166
0.5697755813598633
0.319273442029953
0.4519258141517639
0.671663224697113
0.6975637674331665
0.3586079478263855
0.4937630295753479
0.6207916736602783
0.7582322955131531
0.6129324436187744
0.6460222005844116
0.3459637761116028
0.7369622588157654
0.2393837720155716
0.7069660425186157
0.6554110646247864
0.363741934299469
0.561916708946228
0.4857802391052246
0.501686155796051
0.8375674486160278
0.5013750791549683
0.41170501708984375
0.6255972981452942
0.7258529663085938
0.4926130771636963
0.14172866940498352
0.8090055584907532
0.7115494012832642
0.9235022664070129
0.21773763000965118
0.29142823815345764
0.5968436598777771
0.5083025097846985
0.32070136070251465
0.5736404061317444
0.40925198793411255
0.38213062286376953
0.7420283555984497
0.23529461026191711
0.8876393437385559
0.6342172622680664
0.5768177509307861
0.42550474405288696
0.8437075614929199
0.5316087603569031
0.35304704308509827
0.35325929522514343
0.5219095945358276
0.8612377047538757
0.9300205111503601
0.6630369424819946
0.8728460073471069
0.35603344440460205
0.5172278881072998
0.51513671875
0.3458626866340637
0.16500112414360046
0.7163612246513367
0.9170458912849426
0.28877708315849304
0.732022762298584
0.3450365662574768
0.6477370858192444
0.36110496520996094
0.4792589247226715
1.041178584098816
0.465243399143219
0.40710878372192383
0.4019243121147156
0.7180608510971069
0.3606725037097931
0.5110712647438049
0.289120614528656
0.19803586602210999
0.4458673894405365
0.8632806539535522
0.645654022693634
1.2423624992370605
0.47901496291160583
0.3105013370513916
0.5746177434921265
0.6480332612991333
0.7148302793502808
0.5378252267837524
1.0223957300186157
0.423606812953949
0.3047637939453125
0.4609133303165436
0.8468043208122253
1.1846506595611572
0.3926753103733063
0.3341803252696991
0.36047762632369995
0.45087188482284546
0.7225661873817444
0.11811964213848114
0.6272637844085693
0.5912418365478516
0.8989123106002808
0.3714115023612976
0.4406519830226898
0.4819921553134918
0.32559067010879517
0.4269637167453766
0.5684088468551636
0.2875336706638336
0.6616082787513733
0.6060553789138794
0.4445347189903259
0.4239426255226135
0.45488280057907104
0.5823201537132263
0.6017194986343384
0.6937531232833862
0.3707504868507385
0.2505356967449188
0.6671379804611206
0.6926825642585754
0.6582195162773132
0.3673129081726074
0.6052559614181519
1.1452659368515015
0.5275777578353882
0.6729122996330261
0.43931084871292114
0.5015873312950134
0.46460336446762085
0.5208378434181213
0.9943730235099792
0.4549436569213867
0.7301881909370422
0.4748934805393219
0.5226790308952332
0.5995058417320251
0.3288755416870117
0.3877343237400055
0.29825612902641296
0.4196036458015442
0.9104706645011902
0.7022250890731812
0.2856683135032654
0.2691298723220825
0.6159308552742004
0.584679901599884
0.5109448432922363
0.6833546757698059
