0.5306259393692017
0.4433010220527649
0.29297417402267456
0.7139883041381836
0.48975974321365356
0.5090643167495728
0.6935582756996155
0.3318750858306885
0.38335877656936646
0.2009563446044922
0.3870701789855957
0.4133507311344147
0.8343349695205688
0.4078585207462311
1.3605470657348633
0.46282005310058594
0.7754666805267334
0.7951521277427673
0.7098439335823059
0.5531333088874817
0.5747506022453308
0.8177774548530579
0.45545467734336853
0.48447880148887634
0.47857362031936646
0.6034492254257202
0.28738150000572205
0.22801832854747772
0.9136914014816284
0.5850552320480347
0.6058400869369507
0.9163068532943726
1.016838788986206
0.5040361285209656
0.6427974104881287
0.39877748489379883
0.19064614176750183
0.578540027141571
0.4726316034793854
1.1118056774139404
0.665787398815155
0.3263477087020874
0.5480681657791138
0.30220943689346313
0.40518617630004883
0.48749715089797974
0.6096444129943848
0.33740919828414917
0.6674093008041382
0.5071597695350647
0.6771794557571411
0.8264907598495483
0.3173062205314636
0.5235021710395813
0.5853883624076843
0.5131470561027527
0.6673194766044617
0.5256932973861694
0.39309757947921753
0.6234804391860962
0.5460337400436401
0.139971062541008
0.7522982358932495
0.560230553150177
0.49088340997695923
0.48683276772499084
0.4358121454715729
0.7453874349594116
0.534145712852478
0.33127516508102417
0.4517199397087097
0.6263799667358398
0.4800911843776703
0.399002343416214
0.6745392680168152
1.1104106903076172
1.0502785444259644
0.6240749359130859
0.24196019768714905
0.4574972093105316
0.5783370733261108
0.3591492772102356
0.49529799818992615
0.3210270404815674
0.598911464214325
0.34540867805480957
0.32051023840904236
0.495727002620697
0.3898906111717224
0.5169092416763306
0.8879724740982056
0.315876305103302
0.4460459351539612
0.2942267954349518
0.428041934967041
0.28100359439849854
0.6835764646530151
0.5472444891929626
0.4844967722892761
0.6518800854682922
0.3118026852607727
0.649551510810852
0.39291176199913025
0.34845393896102905
0.34658336639404297
0.6664842367172241
0.5099464654922485
0.9846422076225281
0.41394180059432983
0.5015667080879211
0.4357477128505707
0.39541274309158325
0.5715920329093933
0.32808318734169006
0.24438075721263885
0.5509787797927856
0.6612256765365601
0.2630446255207062
0.631900429725647
0.8231302499771118
0.6545218229293823
0.7675114274024963
0.4845140874385834
0.26883503794670105
0.36743032932281494
0.4925883710384369
0.8459246754646301
0.3629377782344818
0.5316700339317322
0.616363525390625
0.304568886756897
0.3019372820854187
0.5608530640602112
0.5746020078659058
0.5661834478378296
0.7042161822319031
0.5071737170219421
0.4576652944087982
0.23854084312915802
0.8481205105781555
0.512255072593689
0.3055649995803833
0.7199283838272095
0.3650361895561218
1.2082728147506714
0.5482655763626099
0.3837966024875641
0.6601313352584839
0.45334434509277344
0.4471714496612549
0.3487740457057953
0.3653567433357239
0.46143025159835815
0.8134835958480835
0.506689727306366
0.4673144221305847
0.3240719735622406
0.5708959102630615
0.48934251070022583
0.5426222681999207
0.27414149045944214
0.4486566185951233
0.65261310338974
0.8440605998039246
0.40495723485946655
0.2391650229692459
0.3590751588344574
0.9649418592453003
0.5340439081192017
0.43930763006210327
0.582495391368866
0.23473556339740753
0.2566177248954773
0.3947170376777649
0.5625192523002625
0.41563430428504944
0.4287838339805603
0.5332544445991516
0.42052793502807617
0.17791858315467834
0.8274300694465637
0.5202808380126953
0.42666083574295044
0.39079388976097107
0.7697936296463013
0.24999061226844788
0.4892352223396301
0.4263976514339447
0.46689099073410034
0.8467159271240234
0.5488799810409546
0.8827640414237976
0.33427301049232483
0.602180004119873
0.7472366094589233
0.35710906982421875
0.5558420419692993
0.2414356768131256
0.5998604893684387
0.29233255982398987
0.24214263260364532
0.7983506321907043
0.4866236746311188
0.7070941925048828
0.6836702227592468
0.8585281372070312
0.706993579864502
0.3261047601699829
0.5099265575408936
0.47853922843933105
0.29798492789268494
0.9532187581062317
0.5092756152153015
0.35716429352760315
0.474506676197052
0.9919940829277039
0.3845329284667969
0.5886409282684326
0.22464556992053986
0.6016541719436646
0.15951603651046753
0.20738926529884338
0.608622670173645
0.35735201835632324
0.507806658744812
0.5736125707626343
0.27359896898269653
0.37651827931404114
0.422199010848999
0.5020654797554016
0.5549452900886536
0.42595091462135315
0.35683518648147583
0.43735241889953613
0.2230273187160492
0.3694881796836853
0.39970022439956665
0.8255592584609985
0.42247647047042847
0.19584469497203827
0.4177022874355316
0.559532880783081
0.3160499930381775
0.14718833565711975
0.4223298132419586
0.746676504611969
0.9364656209945679
0.6961864233016968
0.6116870641708374
0.30036497116088867
0.3270213007926941
0.7148348689079285
0.4102748930454254
0.3159937560558319
0.9373623728752136
0.6409443020820618
0.8544925451278687
0.3315771520137787
0.9209131002426147
0.5730232000350952
0.5238482356071472
0.31637343764305115
0.37737536430358887
0.6233216524124146
0.5575538873672485
0.416907399892807
0.2881774306297302
0.5110214352607727
0.4504753053188324
0.3707921802997589
0.20801320672035217
0.9050323367118835
0.7985979318618774
0.41781991720199585
0.5259507894515991
0.5079013705253601
1.000483751296997
0.34527379274368286
0.4671146869659424
0.8118621706962585
0.4063010811805725
0.621386706829071
0.270434707403183
0.3308138847351074
0.6422392129898071
0.9008448719978333
0.3851625621318817
0.4573586583137512
0.721515953540802
0.7620545029640198
0.42721956968307495
0.3415871560573578
0.27209848165512085
0.30728235840797424
0.5305640697479248
0.7741323709487915
0.5180884599685669
0.27841395139694214
0.5200727581977844
0.3558717370033264
0.535173237323761
0.44656237959861755
0.6635535955429077
0.6629810333251953
0.48486965894699097
0.5068106651306152
0.7468148469924927
0.2603178024291992
0.45297154784202576
0.46873703598976135
0.8130134344100952
0.7347416281700134
0.7958664894104004
0.29121512174606323
0.49738654494285583
0.5479497313499451
0.48669758439064026
0.44138240814208984
0.5805765986442566
0.645936906337738
0.39201125502586365
0.4358866810798645
0.2395738661289215
0.8693265914916992
0.38476577401161194
0.7199080586433411
0.46848946809768677
0.4461432993412018
0.7730281949043274
0.5512450337409973
0.6591824293136597
0.37749797105789185
0.33018338680267334
0.37710079550743103
0.4075235426425934
1.5829492807388306
0.3455345034599304
1.62197744846344
