0.5776029825210571
0.5311005711555481
1.1572306156158447
0.5265466570854187
0.3567717969417572
0.7377747297286987
0.46100687980651855
0.9114080667495728
0.5777607560157776
0.7535715103149414
0.5151074528694153
1.144002914428711
0.7365163564682007
0.8558516502380371
0.9111002087593079
0.844131350517273
0.7657619118690491
0.4073846936225891
0.4023137092590332
0.32339707016944885
0.5136508941650391
0.18552757799625397
0.3629136085510254
0.6155703067779541
0.20751968026161194
0.15107960999011993
0.47862520813941956
0.2037775069475174
0.6021043062210083
0.46680593490600586
0.6219190359115601
0.3153690695762634
0.40574827790260315
1.01020085811615
0.2550998628139496
0.6435532569885254
0.3790460228919983
0.6689074635505676
0.7013601064682007
0.595792293548584
0.3132138252258301
0.34456223249435425
0.27144289016723633
0.3495187759399414
0.5794020891189575
0.6065505146980286
0.39522644877433777
0.4543231129646301
0.9825822710990906
0.40365609526634216
0.40212830901145935
0.2999897003173828
0.18031424283981323
0.2031918466091156
0.21387693285942078
0.7771745920181274
0.3602261245250702
0.6196003556251526
0.8440807461738586
0.2695567309856415
0.522553563117981
0.21716853976249695
0.8063589334487915
0.5434325933456421
0.8054546117782593
0.3888152539730072
0.6700006127357483
0.6047066450119019
0.3561495542526245
0.444423109292984
0.7829288244247437
0.9301097989082336
0.2463037222623825
0.5920613408088684
0.42938432097435
0.4298798441886902
0.4921257495880127
0.5478523373603821
0.5887622237205505
0.5948134064674377
0.6202422976493835
0.7015314102172852
0.47902435064315796
0.4060027003288269
0.4059945046901703
1.0382119417190552
0.8386555910110474
1.2740333080291748
0.3766096234321594
0.39984971284866333
0.27908191084861755
0.6043820381164551
0.2615969181060791
0.6441059708595276
0.26079612970352173
0.5517796277999878
0.2597634792327881
0.39915192127227783
0.29881471395492554
0.6197043657302856
0.3795279860496521
0.35190659761428833
0.5067828893661499
0.5347000956535339
0.44737035036087036
0.5266529321670532
0.324912965297699
0.3243342339992523
0.7369707822799683
0.24081294238567352
0.3088056147098541
0.37077125906944275
0.6426803469657898
0.34809568524360657
0.27519676089286804
0.7866308093070984
0.6805053949356079
0.160954087972641
0.31405749917030334
0.9847389459609985
0.40554723143577576
0.6021097302436829
0.46514692902565
0.4503718316555023
0.5159928202629089
0.4695212244987488
0.21848423779010773
0.488574355840683
0.2184775173664093
0.6027304530143738
0.6708202362060547
0.8570650815963745
0.6042654514312744
0.23028206825256348
0.5101991891860962
0.37562865018844604
0.4689760208129883
0.6968709230422974
1.0951846837997437
0.5041553378105164
0.4224444031715393
0.6197331547737122
0.8549769520759583
0.7389047145843506
0.22150304913520813
0.7164663672447205
0.5863763093948364
0.34979453682899475
0.6291899681091309
0.5758821964263916
0.4719553589820862
0.4268397390842438
0.3456602394580841
0.36403781175613403
0.16419366002082825
0.8520845174789429
1.0133610963821411
0.3859391212463379
0.31767693161964417
0.9154878854751587
0.32316529750823975
0.44640111923217773
1.4710155725479126
0.4420977234840393
0.8741641044616699
0.5220977067947388
0.40910735726356506
1.0076478719711304
0.7404783368110657
0.5376424789428711
0.237938791513443
0.6375433206558228
0.5782792568206787
1.0716769695281982
0.47797197103500366
0.30309563875198364
0.3030613362789154
0.3294858932495117
0.342824786901474
0.5499977469444275
0.7255238890647888
0.5512868762016296
0.49640893936157227
1.1433088779449463
0.3773900866508484
0.6626043319702148
0.48341837525367737
1.6969680786132812
0.7248470783233643
0.8267208933830261
0.730201244354248
0.4717499613761902
0.7287634611129761
0.49104732275009155
1.619744896888733
0.7773801684379578
0.331041157245636
0.3017399311065674
0.37907862663269043
0.5580520629882812
0.3648424744606018
0.22180107235908508
0.3718739449977875
0.2747063934803009
0.1736968755722046
0.3326980471611023
0.6747341156005859
0.8176802396774292
0.30709895491600037
0.6201432943344116
0.2866504490375519
0.28018978238105774
0.5042499303817749
0.31278854608535767
0.9107855558395386
0.48387080430984497
0.5163365602493286
0.6975313425064087
0.4361106753349304
0.6324241757392883
0.3511289060115814
0.2867277264595032
0.9139490127563477
0.7482300996780396
0.7127947211265564
0.41251832246780396
0.605195164680481
0.5020952224731445
0.8048540949821472
0.5227588415145874
0.7359713315963745
0.4460079073905945
0.41721659898757935
0.4195452630519867
0.9454001188278198
0.5310505628585815
0.4564637541770935
0.4025159776210785
0.2599780261516571
0.34452325105667114
0.8526726961135864
0.5820145606994629
0.5862795114517212
0.37604156136512756
0.9134628176689148
0.4699181616306305
0.562670111656189
0.45291098952293396
0.37792009115219116
0.6842185854911804
0.5452421307563782
0.37247294187545776
0.4146547317504883
0.8127933740615845
0.2853083312511444
1.0278908014297485
0.7236388325691223
0.23190876841545105
0.4306644797325134
0.4619748592376709
0.8769397735595703
0.5626367330551147
0.6079322695732117
0.5192902684211731
0.6708752512931824
0.4736661911010742
0.5582916736602783
0.5941783785820007
0.5556669235229492
0.5855944752693176
0.5101616978645325
0.41453248262405396
0.568297803401947
0.9633574485778809
0.8505485653877258
0.767096221446991
0.6934029459953308
0.24270491302013397
0.5150718688964844
0.7877026796340942
0.7045011520385742
1.0776394605636597
0.43089085817337036
0.3738883435726166
1.0630719661712646
0.47645512223243713
0.7647988200187683
0.39663758873939514
0.2928813099861145
0.7594709396362305
0.7903063893318176
0.4161814749240875
1.1464853286743164
0.302184522151947
0.5096583962440491
0.26685112714767456
0.6412206888198853
0.3611612915992737
0.6589692234992981
0.6711437106132507
0.4489131569862366
0.3789726495742798
0.879788875579834
0.35112959146499634
0.5827938318252563
0.5069528818130493
0.4291200637817383
0.43462854623794556
0.7329400777816772
0.8938010334968567
0.6898975968360901
0.411536306142807
0.5921000242233276
0.42301255464553833
0.7238606214523315
0.40092867612838745
0.7784715890884399
0.6671113967895508
0.7095465660095215
0.40712040662765503
0.5553436279296875
1.0311020612716675
0.37928691506385803
0.5634287595748901
0.5237158536911011
0.713736891746521
0.34916257858276367
0.45491543412208557
0.255185067653656
0.8876269459724426
0.4046599268913269
0.3580021262168884
0.667414665222168
0.4140258729457855
0.7692538499832153
0.7150765657424927
0.4341554641723633
0.1396927386522293
