0.4669283926486969
0.9155818223953247
0.3162815570831299
0.27127665281295776
0.7242172956466675
0.36637821793556213
0.35094180703163147
0.30889302492141724
0.4639148712158203
0.49620890617370605
0.6119427680969238
0.36432987451553345
0.7836683392524719
0.23699155449867249
0.5343297719955444
0.5817273855209351
0.4076260030269623
0.5210190415382385
0.5407682657241821
0.5775136947631836
0.23488716781139374
0.642496645450592
0.2769063413143158
0.1860293447971344
0.5061823725700378
0.2292899787425995
0.770585298538208
0.27338409423828125
0.6840622425079346
0.6968474984169006
0.676338791847229
0.6709211468696594
0.37230128049850464
0.5296953916549683
0.3022102117538452
0.4132399559020996
0.32538989186286926
0.5094313621520996
0.5342219471931458
0.29265376925468445
0.6210371255874634
0.6528289914131165
0.46757975220680237
0.21690547466278076
0.675683319568634
0.2535189688205719
0.2872389853000641
0.2721346318721771
0.7687588930130005
0.5528231263160706
0.7007853984832764
0.4591659903526306
0.34338077902793884
0.42842188477516174
0.36443597078323364
0.4894229471683502
0.37219250202178955
0.767611563205719
0.765350341796875
0.34667375683784485
0.6471800804138184
0.4015721380710602
0.8481179475784302
0.5460435152053833
0.5688644647598267
0.7070503234863281
0.26137346029281616
0.7205575704574585
0.6494434475898743
0.4547984004020691
0.5213807225227356
0.38926640152931213
0.625909149646759
0.4283579885959625
0.6163050532341003
0.4979180693626404
0.4415397644042969
0.2581259608268738
0.32023248076438904
0.3766380548477173
0.4783303141593933
0.44286760687828064
0.718207061290741
0.4583589434623718
0.541091799736023
0.8171918988227844
0.6457147598266602
0.6537354588508606
0.6292877197265625
0.20062270760536194
0.4440475404262543
0.6177898645401001
0.617468535900116
0.4060664176940918
0.6443926095962524
0.5311662554740906
0.34083521366119385
0.25336936116218567
0.5332071185112
0.5656526684761047
0.445137083530426
0.6635816693305969
0.3220445215702057
0.3312191367149353
0.7401526570320129
0.22533757984638214
0.7149320840835571
1.0758472681045532
0.6569327116012573
0.5634609460830688
1.3245301246643066
0.3405989110469818
0.8505709767341614
0.0899629145860672
0.9450486302375793
0.3692740797996521
0.23921212553977966
0.5406771898269653
0.6515468955039978
0.3929879665374756
0.8275893926620483
0.6420604586601257
0.5639446377754211
0.37106820940971375
0.9276196360588074
0.36401990056037903
0.4762205183506012
0.6172200441360474
0.8815905451774597
0.3326147198677063
0.19356803596019745
0.3874538242816925
0.3752923905849457
0.3193405270576477
0.6871402859687805
1.000348448753357
0.5142024755477905
0.2842276990413666
0.3783523142337799
0.43236303329467773
0.7613750696182251
0.9731845855712891
0.394888311624527
0.25967922806739807
0.2756372094154358
0.3143406808376312
0.6473882794380188
0.3285997211933136
0.4374493658542633
0.5547806024551392
0.5114132165908813
0.4960911273956299
0.549512505531311
0.26806560158729553
0.7186183929443359
0.7168115377426147
0.9252689480781555
0.4755114018917084
0.4684213697910309
0.6270238161087036
0.7233908772468567
0.6890222430229187
0.5290481448173523
0.3871747553348541
0.2356405258178711
0.9009084701538086
0.5276407599449158
0.36156338453292847
0.716515064239502
0.7071182131767273
0.5237960815429688
0.4369223117828369
0.3889637887477875
0.22154131531715393
0.13275213539600372
0.2523844242095947
0.3821326196193695
0.38835036754608154
0.3404761850833893
0.5186888575553894
0.6216294169425964
0.4911469519138336
0.5886875987052917
0.1933576762676239
0.5513492822647095
0.5810392498970032
0.5572285652160645
0.31901174783706665
0.9742003679275513
0.5435884594917297
0.468620628118515
0.46387046575546265
0.3171517848968506
0.49700650572776794
0.3804791569709778
0.6660661697387695
0.7612494230270386
0.9073427319526672
0.24300317466259003
0.5148867964744568
0.5224932432174683
0.8553285598754883
0.43871840834617615
0.3621789813041687
0.5735971331596375
0.849736213684082
0.5442380905151367
0.32839423418045044
0.2955225110054016
0.247521311044693
0.6602531671524048
0.6536769866943359
1.4877172708511353
0.7572964429855347
0.3736041486263275
0.6789982914924622
0.18760181963443756
0.6789410710334778
0.18992476165294647
0.9153304100036621
0.9963325262069702
0.33050817251205444
0.6447464823722839
1.5195977687835693
0.33165115118026733
0.3968116343021393
0.4714227616786957
0.6150242686271667
0.417268842458725
0.6977294683456421
0.6873789429664612
1.0245301723480225
0.3559097647666931
0.39296844601631165
0.31473836302757263
0.31163159012794495
0.23659153282642365
0.4839377999305725
0.47209128737449646
0.39188048243522644
0.5775934457778931
0.5838184356689453
0.3130471110343933
0.9198360443115234
0.438986599445343
0.4766264855861664
1.8237766027450562
0.38027921319007874
0.6962806582450867
0.7009032368659973
0.7564103007316589
0.5772940516471863
0.708530068397522
0.4598323404788971
0.7496411204338074
0.5885115265846252
1.1223275661468506
0.46631574630737305
0.3762050271034241
0.8491477966308594
0.31756359338760376
0.3699992597103119
0.6214826703071594
0.551850438117981
0.4988691210746765
0.39944544434547424
0.26216280460357666
0.3759211599826813
0.8153382539749146
0.7089715600013733
0.4027005136013031
0.5897909998893738
0.43496209383010864
0.3611734211444855
0.23659968376159668
0.7354249954223633
0.9913261532783508
0.45543766021728516
0.6229422092437744
0.8694923520088196
0.547012448310852
0.49759387969970703
0.70801842212677
0.5763636827468872
0.6707118153572083
0.6551849246025085
0.5818581581115723
0.7671985030174255
0.7698935270309448
1.130617380142212
0.29075887799263
0.4202498495578766
0.39905697107315063
0.3193826675415039
0.2623778283596039
0.40586042404174805
0.31639522314071655
0.7416713833808899
0.33440837264060974
0.42538994550704956
0.4109609127044678
0.3346244692802429
0.4778151512145996
0.6070065498352051
0.5670245885848999
0.3574783205986023
0.7932944893836975
0.836754322052002
0.5824865698814392
0.5868642926216125
0.5708328485488892
1.1006091833114624
0.7186583280563354
0.49254322052001953
0.814957320690155
0.2524646818637848
0.43198317289352417
0.7844107747077942
0.575188159942627
0.7115557789802551
1.3904054164886475
0.41579991579055786
0.2086831033229828
0.5132172703742981
0.6392075419425964
0.35525885224342346
0.2828759551048279
0.5225168466567993
0.8845845460891724
0.3650225102901459
0.39558345079421997
0.7696453928947449
0.6737877130508423
0.5087729692459106
0.5021117925643921
0.3528193533420563
0.5453054308891296
0.6022784113883972
