0.30370646715164185
0.7744812965393066
0.6275648474693298
0.7745357751846313
0.5083038806915283
0.39353805780410767
0.40124064683914185
0.5209144353866577
0.36960268020629883
0.24965636432170868
0.4370150566101074
0.47700828313827515
0.5681084394454956
0.33665257692337036
0.3119090795516968
0.7328870892524719
0.4079705774784088
0.20775191485881805
0.8124322891235352
0.7167245745658875
0.8729248046875
1.4474080801010132
0.30279919505119324
0.6803914904594421
0.6191146373748779
0.5577672123908997
0.2919588088989258
1.2353578805923462
0.5821114778518677
0.5656442642211914
0.4669683575630188
0.3958781361579895
0.4715360999107361
0.6436053514480591
0.21488377451896667
0.41960352659225464
1.100132703781128
0.5713320970535278
0.3792361319065094
0.6516860723495483
0.3220072388648987
0.6826644539833069
0.43629369139671326
0.3052997887134552
0.6391927003860474
0.19086238741874695
0.9158403277397156
0.9420754313468933
0.7219828963279724
1.5080459117889404
0.4443729519844055
0.600333571434021
0.6316386461257935
0.5870829820632935
0.39448675513267517
0.4016430974006653
0.46908870339393616
0.35493239760398865
0.5862764716148376
0.4092300832271576
0.7719098329544067
1.2353423833847046
0.3763607144355774
1.1345937252044678
0.5388175845146179
0.4485991597175598
0.3850823938846588
0.4079452455043793
0.5017921328544617
0.5011965036392212
1.0634351968765259
0.5469925999641418
0.2969789206981659
0.21279028058052063
0.24058599770069122
0.40062838792800903
0.9367889165878296
1.1769808530807495
0.5826560258865356
0.38256916403770447
0.3815169334411621
0.6051446199417114
0.3625279366970062
0.5584751963615417
0.4075658321380615
0.3702002465724945
0.6169325709342957
0.7094168066978455
0.6282051205635071
0.512440025806427
0.8279627561569214
0.915542483329773
0.3970114290714264
0.25977233052253723
0.3084137439727783
0.6446662545204163
0.3012212812900543
0.24672965705394745
0.7617838978767395
0.357782781124115
0.9773753881454468
0.7472847104072571
0.4881618618965149
0.4546549320220947
0.4357328414916992
0.4073609411716461
0.8670892715454102
1.482226848602295
0.13472780585289001
0.7981537580490112
0.5569351315498352
0.6688517928123474
0.4376893639564514
0.38523927330970764
0.4378436207771301
0.6216211318969727
0.5170621871948242
0.21810010075569153
0.3692832589149475
0.7382055521011353
0.8256511688232422
0.6151171326637268
0.4709111154079437
0.5564514994621277
0.6653422713279724
0.7778863906860352
0.48984700441360474
0.3797469735145569
0.8791411519050598
0.5236098766326904
0.4264364242553711
0.29862740635871887
0.6425384283065796
0.37040841579437256
0.3658727705478668
0.20511651039123535
0.28412941098213196
0.22218520939350128
0.5813719034194946
0.43625181913375854
0.5438444018363953
0.44431939721107483
0.9792555570602417
0.6155914068222046
0.9580756425857544
1.0725370645523071
0.4252672791481018
1.2192065715789795
0.48869991302490234
0.48601779341697693
0.7067538499832153
0.4145227372646332
0.5142032504081726
0.23416951298713684
0.6661145091056824
0.616263747215271
0.6519024968147278
0.601542055606842
0.32665687799453735
0.30044931173324585
0.448045551776886
0.3637657165527344
0.4561289846897125
0.165553480386734
0.39987999200820923
0.4393913745880127
0.48670968413352966
0.706821858882904
0.2961712181568146
0.5412326455116272
0.7344146370887756
0.27830076217651367
0.36764469742774963
0.7957344055175781
0.324695885181427
0.9230338931083679
0.3565570116043091
0.8998618125915527
0.9747520685195923
0.5774873495101929
0.19952717423439026
0.5180126428604126
0.9152339100837708
0.4263729155063629
0.4183198809623718
0.47583073377609253
0.5369025468826294
0.37549611926078796
0.6956659555435181
0.19992578029632568
1.1290611028671265
0.8248251676559448
0.21478481590747833
0.7390994429588318
0.36186984181404114
0.6273611187934875
0.35866838693618774
1.315016269683838
0.47050079703330994
0.3055189549922943
1.2498472929000854
0.5916742086410522
0.7515876889228821
0.3920254111289978
0.8275133371353149
0.4948354661464691
0.3235815167427063
0.5128045678138733
0.4500831067562103
0.46566352248191833
0.762656569480896
0.4562063217163086
0.3339398503303528
0.5718063116073608
0.5329987406730652
0.7331016659736633
0.441754013299942
0.7165845036506653
0.2860831320285797
0.7048985362052917
0.42519107460975647
0.2296615093946457
0.5863767862319946
0.6947051882743835
0.9909464120864868
0.6863771080970764
0.7977322340011597
0.3164084553718567
0.6238254904747009
0.24857988953590393
0.8587719202041626
0.5817555785179138
0.659784734249115
0.3440197706222534
0.5716086030006409
0.33795565366744995
0.3869195580482483
0.5961299538612366
0.6104066967964172
0.6138360500335693
0.42973214387893677
0.4958350658416748
0.4846569001674652
0.6708038449287415
0.2761169373989105
0.48879751563072205
0.37038877606391907
0.8624904751777649
1.157207727432251
0.38487711548805237
0.44035929441452026
0.809527575969696
0.3663228154182434
0.5819194912910461
0.5292651057243347
0.4215429425239563
0.5605002641677856
0.7771474719047546
0.5782517194747925
0.38868898153305054
0.961281418800354
0.3082204759120941
0.5786868333816528
0.4300193786621094
0.5718777179718018
0.445772260427475
0.12677404284477234
0.6792699694633484
0.23237204551696777
0.6645642518997192
0.8638207316398621
0.638921856880188
1.3321201801300049
0.5266000628471375
0.4680166244506836
0.3945935070514679
0.6415050625801086
1.198854684829712
0.6087198257446289
0.33405786752700806
0.49550408124923706
0.8015079498291016
0.7599116563796997
0.4493978023529053
0.5839523673057556
0.5839251279830933
0.4666035771369934
0.47245877981185913
0.543590247631073
0.5732174515724182
0.8446398973464966
0.5721621513366699
0.23432019352912903
0.7283962965011597
1.245376706123352
0.6040512323379517
0.4799202084541321
0.2328604757785797
0.2860987186431885
0.6990563273429871
0.29744672775268555
0.6519241333007812
0.4084153175354004
0.5707888603210449
0.543825626373291
0.7507051229476929
0.26315879821777344
0.3771793842315674
0.9991288185119629
0.6874554753303528
0.33253544569015503
0.9005187749862671
0.744493305683136
0.3981459140777588
0.42434626817703247
0.4182499051094055
0.5640950202941895
0.49512022733688354
0.4940698742866516
0.7272340655326843
0.7993406057357788
0.30158135294914246
0.7364920377731323
0.20792941749095917
0.7849693298339844
0.39172863960266113
0.7725948095321655
0.12596483528614044
0.5827563405036926
0.7788198590278625
0.2893584370613098
0.5253911018371582
0.5282028317451477
0.7062851786613464
0.37116900086402893
0.5014444589614868
0.6600269079208374
1.2486228942871094
