0.27781838178634644
1.0054473876953125
0.7808937430381775
0.33202236890792847
0.5710893273353577
0.6163042783737183
0.4322325587272644
0.34538859128952026
0.45565080642700195
0.5723183751106262
0.5200177431106567
0.4636673927307129
0.7517871856689453
0.2585611045360565
0.4665006995201111
1.314468502998352
0.3974420130252838
0.22344031929969788
0.7083553671836853
1.43976628780365
0.6516578793525696
0.18540526926517487
0.37834349274635315
0.6917212009429932
0.4472699761390686
0.5316249132156372
0.6085544228553772
0.24486765265464783
0.6923612952232361
0.6683238744735718
0.5600162744522095
0.3517691493034363
0.6792393922805786
0.4060949683189392
0.5162142515182495
0.8881200551986694
0.43277159333229065
0.2483011782169342
0.42404478788375854
0.4937724173069
0.7046412229537964
0.790324330329895
0.8943679928779602
0.4888160824775696
0.3708185851573944
0.841815173625946
0.8754568099975586
0.47846049070358276
0.7779009938240051
0.695074200630188
0.31666117906570435
0.27948230504989624
0.4989767074584961
0.6714986562728882
0.4581102430820465
0.3596060574054718
0.7927516102790833
0.6005634665489197
0.2972322702407837
0.6156526803970337
0.3084273934364319
0.5070579051971436
0.5406364798545837
0.21542701125144958
0.4808160662651062
0.41116905212402344
0.9419835805892944
0.5701232552528381
0.2712557911872864
0.748126745223999
0.2301367223262787
0.6133691072463989
0.6007310748100281
0.30484434962272644
0.41024160385131836
0.44004613161087036
0.4243620038032532
0.26341643929481506
0.7838265299797058
1.2166012525558472
0.6467336416244507
0.39572927355766296
0.582604169845581
0.9237443804740906
0.2507171034812927
0.4166167378425598
0.7323416471481323
0.7322465777397156
0.809604287147522
0.836483359336853
0.5255276560783386
0.7444173693656921
0.6064835786819458
0.6919509172439575
0.9559858441352844
1.1008622646331787
0.6012923717498779
0.5814162492752075
0.443319708108902
0.46983107924461365
0.7319153547286987
0.6031640768051147
0.4716922342777252
0.4810732901096344
0.28897708654403687
0.7770824432373047
0.4477509558200836
0.5334701538085938
0.8506104350090027
0.6072004437446594
0.42426353693008423
0.43105942010879517
0.6752834320068359
0.5523518323898315
0.3826424479484558
0.5376687049865723
0.2931565046310425
0.5499294400215149
0.6726092100143433
0.6230413317680359
0.5574207305908203
1.224548101425171
0.4274309277534485
0.4396097660064697
0.7882269620895386
0.5539997816085815
0.2924140691757202
0.37764406204223633
0.4459608197212219
0.35857653617858887
0.3775843679904938
0.7508658170700073
0.3869364559650421
0.6551072597503662
0.845167338848114
0.3371385931968689
0.42527633905410767
0.6234476566314697
0.3777410387992859
0.4680538773536682
0.6261690258979797
0.2607079744338989
0.6979193687438965
0.2178976982831955
0.7444737553596497
0.5093799829483032
0.36279022693634033
0.2366199493408203
0.5110095739364624
0.37550345063209534
0.4439672827720642
0.37794962525367737
0.31494322419166565
0.3271670639514923
0.5509456396102905
0.5760979056358337
1.4747750759124756
0.8497977256774902
0.6843721270561218
0.5431742668151855
0.40764036774635315
0.6073099374771118
0.5500310063362122
0.7609086632728577
0.5164704322814941
0.6688235998153687
0.4919379651546478
0.4603738784790039
0.36158254742622375
0.9874991178512573
0.26440778374671936
0.6238573789596558
0.6401470899581909
0.3609028160572052
0.6905824542045593
0.4764367640018463
0.4695644974708557
0.4767225682735443
0.789089024066925
0.3265339434146881
0.4523889124393463
0.19697047770023346
0.5067377090454102
0.21839642524719238
0.4936797022819519
0.2381480187177658
1.1098744869232178
0.6021941900253296
0.7507201433181763
0.29006481170654297
0.4915216863155365
0.7091802358627319
0.7359519600868225
0.3631362020969391
0.14260265231132507
0.2206263244152069
1.1673030853271484
0.5792264938354492
0.4910796284675598
0.337941974401474
0.43968552350997925
0.41191092133522034
0.1768069714307785
0.669946014881134
0.39620232582092285
0.8308331370353699
0.8263006210327148
0.6950404644012451
0.5372729301452637
0.3206849694252014
0.5162792801856995
0.5270241498947144
0.8810337781906128
0.6301015019416809
0.2628410756587982
0.5005846619606018
0.5882248282432556
0.6192837357521057
0.660020649433136
0.5171741247177124
1.1771845817565918
0.5419906377792358
0.6690676212310791
0.4152608811855316
0.5176030397415161
0.3695652186870575
0.19727416336536407
0.4389331340789795
0.4199560284614563
0.6084102392196655
0.6147795915603638
0.5355975031852722
0.3964957892894745
0.4741491377353668
0.6413496732711792
0.7337723970413208
0.453289657831192
0.47835302352905273
0.6151650547981262
0.5310642123222351
0.5759628415107727
0.5160964727401733
0.33457043766975403
0.7233821749687195
0.456417977809906
0.6809284687042236
0.561120867729187
0.4171273112297058
0.3694615960121155
0.7069271206855774
0.45407214760780334
0.3741011321544647
0.6170362830162048
0.5698487162590027
0.3904663920402527
0.6629468202590942
0.49411097168922424
0.4156053960323334
0.7815219759941101
0.44191455841064453
0.23641827702522278
0.25324171781539917
0.4327205717563629
0.37925654649734497
0.6021817922592163
0.9068702459335327
0.6595739722251892
0.31467151641845703
0.48178377747535706
0.5150473713874817
0.24622969329357147
0.5978204011917114
0.6126314997673035
0.8586319088935852
0.5287796854972839
0.4921233057975769
0.4220774173736572
0.7832896113395691
0.8541257977485657
0.5418769717216492
0.42756301164627075
0.5814450979232788
0.8993266820907593
0.2255982607603073
0.8319674730300903
0.5146002769470215
0.5005672574043274
0.3325287997722626
1.3374884128570557
0.3167218863964081
1.0083580017089844
0.3763507902622223
0.42595115303993225
0.28087273240089417
0.5366150736808777
0.985970675945282
0.2544068694114685
0.2685847878456116
0.8214675188064575
0.7943261861801147
0.287504106760025
0.3735960125923157
0.31460556387901306
0.48267656564712524
0.30689334869384766
0.5086880922317505
0.6878140568733215
0.22498419880867004
0.459993839263916
0.45442643761634827
0.5900581479072571
0.2724304497241974
0.3883715569972992
0.8990902900695801
0.3648989200592041
0.23668451607227325
0.6008783578872681
0.4270869195461273
0.8664522171020508
0.542650580406189
0.4438503384590149
0.26858943700790405
0.7813013792037964
0.6973356604576111
0.34127122163772583
0.5189592242240906
1.003063440322876
0.10983400046825409
1.16205894947052
0.6799174547195435
0.5903660655021667
0.5090454816818237
1.0812932252883911
0.8435112237930298
0.32026687264442444
0.4331701397895813
0.9816950559616089
0.33359313011169434
