0.5203906893730164
0.24937689304351807
0.434703528881073
0.5610012412071228
0.6716664433479309
0.37323516607284546
0.6593683958053589
0.8867101669311523
0.41873279213905334
0.5500528216362
0.23559030890464783
0.26628604531288147
0.6549080014228821
0.46356964111328125
1.1784549951553345
0.4308162331581116
1.0936367511749268
0.4319692552089691
0.5620933175086975
0.36780494451522827
0.3898930549621582
0.38892316818237305
0.36612340807914734
0.6105028986930847
0.5122636556625366
0.8665334582328796
0.33940714597702026
0.1921912580728531
0.32959890365600586
0.7614941000938416
0.31542378664016724
0.36446768045425415
0.6370185017585754
0.4512402415275574
0.23558750748634338
0.6805544495582581
0.39068707823753357
0.5659988522529602
0.5951537489891052
0.34841376543045044
0.25387799739837646
0.7078789472579956
0.4468076825141907
0.5338523983955383
0.44731029868125916
0.8758672475814819
0.34988346695899963
0.6873461008071899
0.5479646921157837
0.2557547092437744
0.32344967126846313
0.6313043832778931
0.5198624730110168
0.35932451486587524
0.8947601318359375
0.6314760446548462
0.6521897315979004
0.6575531959533691
0.5297178030014038
0.6295939087867737
0.43686643242836
0.6354050040245056
0.4558010697364807
0.33836865425109863
0.48795944452285767
0.6944667100906372
0.2919173240661621
0.5535918474197388
0.8007301092147827
1.0346777439117432
0.6869902610778809
0.5565129518508911
0.5283506512641907
1.0480598211288452
0.4704674780368805
0.8146673440933228
0.5999638438224792
0.3244432806968689
0.792453408241272
0.6758800745010376
0.19607309997081757
0.3769870698451996
0.6587904095649719
0.4470652639865875
0.6719821691513062
0.5802477598190308
0.45856934785842896
0.4723421037197113
0.4457426965236664
0.45256057381629944
0.4343785345554352
0.5654100179672241
0.4471479058265686
0.8344961404800415
0.3740813136100769
0.5749377012252808
0.35031652450561523
0.5202814936637878
0.2585386633872986
1.6114501953125
1.0230014324188232
0.20871059596538544
0.45179057121276855
0.28877612948417664
0.4100205898284912
1.0031979084014893
0.2690311074256897
0.3743566870689392
0.5615333914756775
0.37254616618156433
0.5050793290138245
0.8317290544509888
0.47316497564315796
0.5792010426521301
0.5273985266685486
0.6091445684432983
0.35046976804733276
0.33017387986183167
0.5420261025428772
0.3899773955345154
0.5725055932998657
0.6367728114128113
0.5194299817085266
0.7663021683692932
0.6412149667739868
0.9052703976631165
1.1712883710861206
0.5246040225028992
0.5562030076980591
0.5289921164512634
0.8540025949478149
0.715335488319397
0.8150199055671692
0.9226392507553101
0.4653889238834381
0.49805134534835815
1.3613731861114502
0.9573639631271362
0.41877737641334534
0.8549636602401733
0.7133749723434448
0.6238272190093994
0.6650168895721436
0.2502029538154602
0.5341521501541138
0.4456942677497864
0.43386489152908325
0.4290493428707123
0.5574499368667603
0.9617905616760254
0.23344501852989197
0.45685577392578125
0.31847473978996277
0.30965906381607056
1.212622880935669
0.5947858095169067
0.37506014108657837
0.2421586811542511
0.4740430414676666
0.37544721364974976
0.8163641095161438
0.7640048265457153
0.36355242133140564
0.27634942531585693
0.5310410261154175
0.3308930993080139
0.47094854712486267
0.4400550425052643
0.27314260601997375
0.46458911895751953
0.33959251642227173
0.6190378069877625
0.6725227236747742
0.8646618127822876
0.36403459310531616
0.3973090648651123
0.37904202938079834
0.21703894436359406
0.4824841022491455
1.0815106630325317
0.3151777386665344
0.429694265127182
0.8693050146102905
0.3598225712776184
0.6487023234367371
0.36444148421287537
0.2875543236732483
0.3884119391441345
0.4049294590950012
0.4625585675239563
0.2887299060821533
0.34392794966697693
0.5574766993522644
0.2932000756263733
0.5346261262893677
0.3335464596748352
0.925118088722229
0.7090970277786255
0.8799373507499695
0.6366732716560364
0.6633405685424805
0.6206153035163879
0.542443037033081
0.40734434127807617
0.34072983264923096
0.37846192717552185
0.36358869075775146
0.8625286817550659
0.848847508430481
0.7633528709411621
0.4407102167606354
0.6587902903556824
0.7740239500999451
0.30911141633987427
0.7222118377685547
0.4428836703300476
0.30056706070899963
0.2362218201160431
0.3717539310455322
0.44994717836380005
0.4209272265434265
0.18298687040805817
0.8004074096679688
0.33831173181533813
0.4713628888130188
0.23104724287986755
1.2453874349594116
0.6647027134895325
0.44531363248825073
0.32215970754623413
0.39403313398361206
0.5157078504562378
0.7694846987724304
0.4662248194217682
0.2137584239244461
1.0212515592575073
0.6928470730781555
0.4295738637447357
0.38301411271095276
0.366612046957016
0.5850850939750671
0.46532487869262695
0.21904230117797852
0.6763396859169006
1.1259863376617432
0.539953351020813
0.7145206928253174
0.541592001914978
0.8447314500808716
0.48069047927856445
0.540367603302002
0.3605460226535797
0.27749577164649963
0.2919638752937317
0.6767333745956421
0.6298672556877136
0.46495550870895386
0.36048048734664917
0.5229319334030151
0.7327105402946472
0.8093951940536499
0.4723127484321594
0.6263471245765686
0.7652953863143921
0.3246217966079712
0.5328356623649597
0.8226379156112671
0.8158014416694641
0.16903169453144073
0.4336422085762024
0.3387634754180908
0.4930165410041809
0.5716730952262878
0.4605785012245178
0.25909850001335144
0.7949305176734924
0.3741695284843445
0.6257680058479309
0.5931013226509094
0.5397732853889465
0.3873724341392517
0.5424550175666809
0.4262884557247162
0.6457054018974304
0.43647879362106323
0.3977844715118408
0.5132719874382019
0.30820730328559875
0.44830742478370667
0.422044575214386
0.6000884771347046
0.5306922197341919
1.0672647953033447
0.6003882884979248
0.409892737865448
0.5789864659309387
0.6980594396591187
0.659550666809082
0.3505021631717682
0.5976012945175171
0.2894245684146881
0.7277669906616211
0.4808574616909027
0.38966330885887146
0.7942714095115662
0.335716187953949
0.40568432211875916
0.6156926155090332
0.29721513390541077
0.3302975594997406
0.43862295150756836
1.243884801864624
0.14869250357151031
0.43461713194847107
0.32120582461357117
0.7284479737281799
0.4077267050743103
0.4520849287509918
0.7137662768363953
0.6701666116714478
0.2987958788871765
0.6262171864509583
0.2781504690647125
0.5289849638938904
0.7609521150588989
0.3162851333618164
0.9518774151802063
0.7033775448799133
0.3072538673877716
0.4584139883518219
0.4118439555168152
0.3427947163581848
0.31233322620391846
0.6352406740188599
0.4533696174621582
0.29186370968818665
0.7363990545272827
1.97535240650177
