0.6210480332374573
0.348887175321579
0.8801475763320923
0.3376239836215973
0.20974960923194885
0.3174283504486084
0.594623863697052
0.39736247062683105
1.772936463356018
0.7944883108139038
0.4336220622062683
0.5315678715705872
0.5068448781967163
0.734309196472168
0.8980840444564819
0.38296037912368774
0.6545172929763794
0.8887486457824707
0.7593523263931274
0.480042040348053
0.570376455783844
0.7864893674850464
0.486795037984848
0.36221733689308167
0.4781331419944763
0.25899940729141235
0.3766973614692688
0.5393816232681274
0.3755646347999573
0.31059128046035767
0.49682527780532837
0.45040398836135864
0.5499938130378723
0.45680394768714905
0.9789683222770691
0.4750494956970215
0.33926934003829956
0.7496512532234192
0.8895044326782227
0.8361217379570007
0.3985724151134491
0.4502939283847809
0.48671287298202515
0.14166978001594543
1.0280402898788452
0.5876032114028931
0.2800047695636749
0.35001441836357117
0.4455696642398834
0.5221712589263916
0.8462616205215454
0.5381104946136475
0.3970929980278015
0.5089448094367981
0.22096224129199982
0.3133363127708435
0.4516080319881439
0.6768530607223511
0.8521710634231567
0.5241857171058655
0.610583484172821
1.0560911893844604
0.330712229013443
0.38964495062828064
0.5209759473800659
0.45256948471069336
0.2928059995174408
0.4399605691432953
0.5260599851608276
0.6681283712387085
0.3963896930217743
0.32677704095840454
0.9132749438285828
0.5586880445480347
0.195799320936203
0.30541619658470154
0.3060454726219177
0.38087767362594604
0.3463367521762848
0.22709345817565918
1.0248048305511475
1.0011928081512451
0.6326690912246704
0.6091237664222717
0.22040513157844543
0.3966708779335022
0.38719895482063293
0.6231706738471985
0.8351842164993286
0.7098575830459595
0.3963019847869873
0.9997100830078125
0.670893669128418
0.6579994559288025
0.3961039185523987
0.3893264830112457
0.530684232711792
0.30470380187034607
0.48042401671409607
1.0668977499008179
0.9782670736312866
0.4678286015987396
0.8861846923828125
0.48369845747947693
0.4822766184806824
0.2501015067100525
0.3259021043777466
0.37294459342956543
0.3080975413322449
0.2922678589820862
0.3269917666912079
0.5810493230819702
0.39207762479782104
0.43071430921554565
0.5026888847351074
0.2908605933189392
0.2781006097793579
0.6307806968688965
0.3998453617095947
0.7557376027107239
0.5944310426712036
0.5575907826423645
0.271590918302536
0.5491374731063843
0.26715734601020813
0.6158498525619507
0.25131744146347046
0.2605193555355072
0.6205757260322571
0.8644828796386719
1.161665439605713
0.5796274542808533
0.2673909068107605
0.21118322014808655
0.6700366139411926
0.6827936172485352
0.46488770842552185
0.6300625205039978
0.39943990111351013
0.5724154710769653
0.5646541714668274
0.5210567712783813
0.4285086691379547
0.35904693603515625
0.5493547320365906
0.903781533241272
0.4716961979866028
0.46319133043289185
0.4311503469944
0.6170217394828796
0.32223498821258545
0.6148525476455688
0.6734609603881836
0.4098320007324219
0.6407876014709473
0.4494890570640564
0.6147912740707397
0.27623268961906433
0.4980414807796478
0.5813177227973938
0.5571079254150391
0.330072820186615
0.7112408876419067
0.5336219668388367
0.38998860120773315
0.5637537240982056
0.5266788601875305
1.5974483489990234
0.5631298422813416
0.387804239988327
0.7966827750205994
0.44680532813072205
0.4243699014186859
0.6481531858444214
0.5607757568359375
0.41302067041397095
0.2896965742111206
0.42191487550735474
0.4485188126564026
0.6550120115280151
0.33074498176574707
0.7424020171165466
0.7028549909591675
0.38299715518951416
0.42745718359947205
0.5338355898857117
0.7786712646484375
0.9790972471237183
0.20413920283317566
0.5284765362739563
0.7425881624221802
0.600321888923645
0.5781179070472717
0.43067845702171326
0.23004408180713654
0.47420796751976013
0.3532876968383789
0.3838968575000763
0.3694007992744446
0.678788959980011
0.5716115236282349
1.0234202146530151
0.7557806372642517
0.4679633677005768
0.7672945261001587
0.5395559072494507
0.5437222123146057
0.403201162815094
0.2317696064710617
0.6904643177986145
0.7828829884529114
0.41484373807907104
0.6585193872451782
0.5600172281265259
0.4104689657688141
0.6268833875656128
0.3449241816997528
0.34419676661491394
0.8770120739936829
0.7715651392936707
0.5446213483810425
0.4860609173774719
0.6017118692398071
0.3577254116535187
0.6814507842063904
1.2146375179290771
0.28093791007995605
0.5421193242073059
0.4332267642021179
0.5265640020370483
0.5397417545318604
0.7183741331100464
0.7688117027282715
0.4821350574493408
0.4403502941131592
0.7199270725250244
0.5716311931610107
0.3179430663585663
0.7650588750839233
0.5865666270256042
0.6484840512275696
0.35459423065185547
0.4432789385318756
0.7648142576217651
0.4682527482509613
0.47242164611816406
1.079728364944458
0.4432979226112366
1.3906142711639404
0.519536018371582
0.4193585515022278
0.3122808337211609
0.3942197859287262
0.7523313760757446
0.3272162079811096
0.23397716879844666
0.43706315755844116
0.9424946904182434
0.46690917015075684
0.7784842252731323
0.7904322743415833
0.3604871332645416
0.4393642842769623
0.3844500184059143
0.5589834451675415
0.7252964973449707
0.41887879371643066
0.8329759836196899
0.2868937849998474
0.646952748298645
0.8181756734848022
0.3516901135444641
0.8374635577201843
0.47662267088890076
0.7159700393676758
0.34328263998031616
0.6414910554885864
0.5596208572387695
0.4676392078399658
0.4206883907318115
0.46060147881507874
0.2886938154697418
0.7464898824691772
0.4118693470954895
0.8174211382865906
0.44245538115501404
0.6369224786758423
0.29904189705848694
0.4124343991279602
0.3573659658432007
0.19653132557868958
0.7057044506072998
0.49471515417099
0.5784837603569031
0.3075813353061676
0.3992425501346588
0.3277721703052521
0.5512873530387878
0.5368873476982117
0.5572959184646606
0.4394633173942566
0.27052396535873413
0.33883237838745117
0.5259184241294861
0.24606581032276154
0.4049616754055023
0.7424572706222534
0.6409350633621216
0.5336436033248901
0.22715511918067932
0.6361381411552429
0.7395501136779785
0.26771292090415955
0.8033233880996704
0.49755859375
0.555742621421814
0.302483469247818
0.5935685038566589
0.3760606050491333
0.6243417859077454
1.021965742111206
0.4094693064689636
0.4780321717262268
0.6955767869949341
0.940514862537384
0.17609141767024994
1.156443476676941
0.3393394351005554
0.43448910117149353
0.3747803270816803
0.41538047790527344
0.3358590304851532
0.5077840685844421
0.4008822441101074
0.25422245264053345
0.3331097960472107
0.47769689559936523
0.6720992922782898
