0.5040680766105652
0.599643886089325
0.18087519705295563
0.610672116279602
0.47738829255104065
0.23625974357128143
0.2734137773513794
0.7795965075492859
0.4016838073730469
0.3957616090774536
0.44363269209861755
0.49837177991867065
0.25972452759742737
0.24147681891918182
0.557418942451477
0.6925163865089417
0.43048959970474243
0.6352354884147644
0.4041903614997864
0.9843557476997375
0.2840259373188019
0.3010839819908142
0.625681459903717
0.4857305586338043
0.27161455154418945
0.4691092371940613
0.6926703453063965
0.45631641149520874
0.31784433126449585
0.6552033424377441
0.5873436331748962
0.5901832580566406
0.6104245185852051
0.40652894973754883
0.6405278444290161
0.5566138029098511
0.3246495723724365
1.0244357585906982
0.5366678237915039
0.33620887994766235
0.2667447030544281
0.4520639479160309
0.39198318123817444
0.7900725603103638
0.5813616514205933
0.7402180433273315
0.7971130609512329
0.40200501680374146
0.5798759460449219
0.4488355219364166
0.3435669541358948
0.6182698011398315
0.7888509631156921
0.6749624013900757
0.964879035949707
0.5713260769844055
0.6226660013198853
0.4960457384586334
0.5419353246688843
0.4204320013523102
0.46591487526893616
0.4899154603481293
0.6560145616531372
0.43393391370773315
0.25045329332351685
0.5989944934844971
0.42440977692604065
0.5678381323814392
0.24721530079841614
0.37767359614372253
0.34071841835975647
1.267209768295288
0.4256703853607178
0.390586256980896
0.45939674973487854
0.46751242876052856
0.5604099035263062
0.6273800730705261
0.723508358001709
0.833990216255188
0.6378517746925354
0.5270103216171265
0.35228607058525085
0.5962498784065247
0.39176103472709656
0.6862391829490662
0.4729595184326172
0.4762045741081238
0.66203373670578
0.41088414192199707
0.6625088453292847
0.470982164144516
0.6393946409225464
0.5255724787712097
0.3884469270706177
0.6729251742362976
0.37149810791015625
0.4681313633918762
0.5984957814216614
0.4979122579097748
0.6946943402290344
0.3718510866165161
0.2566739320755005
0.33461469411849976
0.7371619939804077
0.4780607223510742
0.4368361532688141
0.9357454180717468
0.16471940279006958
0.7048580050468445
0.3619270920753479
0.6144248247146606
0.36124810576438904
0.7071167230606079
0.3421829342842102
0.3656103014945984
0.5685970187187195
0.3851531147956848
0.22078275680541992
0.3520854115486145
0.39023977518081665
0.5925836563110352
0.48574742674827576
0.4279756546020508
0.5361734628677368
0.2746514678001404
0.6599346399307251
0.5911026000976562
0.7337208986282349
0.3471817076206207
0.2725476026535034
0.4484323561191559
0.45754727721214294
0.39012452960014343
0.4381937086582184
0.8303233981132507
0.5263293385505676
0.7177112698554993
0.8801451921463013
0.6986263990402222
0.25652414560317993
0.6363369226455688
0.8501402139663696
0.8483399152755737
0.324674129486084
0.9609365463256836
0.5723000168800354
1.397574782371521
0.390603631734848
0.501679539680481
0.2862359881401062
0.7249361872673035
0.9371260404586792
0.47867053747177124
0.3438475728034973
0.882485032081604
0.5755928754806519
0.38514798879623413
0.2716066837310791
0.42778080701828003
0.9989458322525024
0.8320077657699585
0.6625088453292847
0.5834770798683167
0.47029972076416016
0.564517617225647
0.7545897364616394
0.24553033709526062
0.25456303358078003
0.3010893166065216
0.4876827597618103
0.16952379047870636
0.46583667397499084
0.6012259721755981
0.4192570745944977
0.5006053447723389
0.8191313743591309
0.435147225856781
0.780827522277832
0.18482616543769836
0.998002827167511
0.2970091998577118
0.5053853988647461
0.6029856204986572
0.5814348459243774
0.39790797233581543
0.7976113557815552
0.5082381963729858
0.3046591281890869
1.1860902309417725
0.42664679884910583
0.7857561111450195
0.23585692048072815
0.4850597381591797
0.6765504479408264
0.3375179171562195
0.9125646352767944
0.35599997639656067
0.24773462116718292
0.4846166670322418
0.5988799333572388
0.742563784122467
0.5136293172836304
0.42373618483543396
1.5934854745864868
0.4554832875728607
0.5274965167045593
0.3897881507873535
0.8043825030326843
0.17416056990623474
0.6705714464187622
0.9556609988212585
0.5875828862190247
0.6247661113739014
0.3937022089958191
0.5272186398506165
0.39601877331733704
0.4621666371822357
0.21252377331256866
0.6336002349853516
0.6107356548309326
0.7398535013198853
0.7309767007827759
0.49814096093177795
0.214681476354599
0.788399338722229
0.8752028346061707
0.6243471503257751
0.36775320768356323
0.6811405420303345
0.514843761920929
0.2969016432762146
0.2345067262649536
0.69291752576828
0.26808637380599976
0.7905030250549316
0.3995656371116638
0.9494658708572388
1.1224912405014038
0.3696330487728119
0.44316530227661133
0.26185429096221924
0.3703746199607849
0.4058709740638733
0.588447093963623
0.6530656814575195
0.37068456411361694
0.4576535224914551
0.9842658042907715
0.644784152507782
0.4391816258430481
0.22560207545757294
0.7018307447433472
0.2788999676704407
0.21586795151233673
0.7795168161392212
0.8086957931518555
0.6103960871696472
0.6313868165016174
0.32391035556793213
0.8003683090209961
0.34985318779945374
0.4264199733734131
0.45362138748168945
0.30019062757492065
1.0167043209075928
0.5736510157585144
0.2669227123260498
0.8856136202812195
0.9701460599899292
0.9440670013427734
0.3303878903388977
0.3611643314361572
0.5305268168449402
0.33438825607299805
0.35904550552368164
0.3108823299407959
0.4198358952999115
0.3165509104728699
0.5591983795166016
0.706388533115387
0.9449397325515747
0.5145682096481323
0.3703545928001404
0.20450934767723083
0.4748327136039734
0.37478774785995483
0.7832606434822083
0.9167742729187012
0.7249664068222046
0.5828415155410767
0.671516478061676
0.6679092049598694
0.4301331639289856
0.5560585856437683
0.6353321671485901
0.2992612421512604
0.8044489026069641
0.6138659715652466
0.5964117050170898
0.33161431550979614
0.2590051293373108
1.0241968631744385
0.9038680195808411
0.7300318479537964
0.6982500553131104
0.7194170951843262
0.3698555529117584
0.5934629440307617
0.459697961807251
0.6672018766403198
0.380403995513916
0.22670403122901917
0.2371230125427246
0.4777240753173828
0.4794143736362457
0.8382543325424194
0.8596380949020386
0.6061819195747375
0.3628801703453064
0.19591836631298065
0.5951043367385864
0.5550234913825989
0.44111472368240356
0.7935172915458679
0.6221994161605835
0.34364157915115356
0.5721681714057922
1.280029058456421
0.6085944771766663
0.36669743061065674
0.8317537307739258
0.5731369853019714
1.146320104598999
0.3257671296596527
0.6999604105949402
0.5660985112190247
1.1060166358947754
