0.35624247789382935
0.40974608063697815
0.601036548614502
0.2885550558567047
0.8273983001708984
0.46128416061401367
1.0347715616226196
0.6046744585037231
0.6191796064376831
0.46778473258018494
0.27116885781288147
0.605315089225769
0.4469216763973236
0.49053436517715454
0.29371264576911926
0.6492888927459717
0.2835567891597748
0.5419685244560242
0.366708904504776
0.5517324209213257
0.4543260633945465
0.4023534655570984
0.9149919748306274
0.8888497352600098
0.6299333572387695
0.6632785201072693
0.3049040138721466
0.4578869342803955
0.3925569951534271
0.46849116683006287
1.12764573097229
0.38261884450912476
0.4334719777107239
0.3673863410949707
0.5454688668251038
0.5391258001327515
0.508588433265686
0.35542869567871094
0.48555994033813477
0.8336456418037415
0.3581233322620392
0.879830539226532
0.6741445660591125
1.375771164894104
0.3856072723865509
0.7614474296569824
0.3966805636882782
0.2476172149181366
0.20113730430603027
0.5892922282218933
0.6452990770339966
0.6300085186958313
0.21038155257701874
0.7532581090927124
0.7097111940383911
0.4393243193626404
0.3812127411365509
0.7066522836685181
1.293146014213562
0.38275089859962463
0.4281882345676422
0.25313323736190796
0.6487838625907898
0.5234179496765137
0.406607449054718
0.8158537745475769
0.498055636882782
0.6128783822059631
0.5128633379936218
0.3412190079689026
0.6907159090042114
1.0591232776641846
0.5380204319953918
0.7289694547653198
0.5753546953201294
0.7114008665084839
0.25279122591018677
0.2848052978515625
0.47112026810646057
0.46243858337402344
0.5909551382064819
0.8172839879989624
0.30377548933029175
0.4519336223602295
0.5983237028121948
0.21392938494682312
0.4724288582801819
0.3570796847343445
0.43838605284690857
0.3274054527282715
0.5759099721908569
0.647874653339386
1.2042464017868042
0.4048430025577545
0.7873380780220032
0.27853041887283325
0.6696037650108337
0.734155535697937
0.5442394018173218
0.8963462710380554
0.33871978521347046
0.746004581451416
0.38046732544898987
0.5036194324493408
1.448607325553894
0.444083034992218
0.7659165263175964
1.0868710279464722
0.32195401191711426
0.6156787872314453
0.2361295521259308
0.3686060905456543
0.5957174301147461
0.2205185890197754
0.8609600067138672
0.6233195662498474
0.23175470530986786
0.7041817903518677
0.3051717281341553
0.8495101928710938
0.3362694978713989
1.0499862432479858
0.5645298957824707
0.49601951241493225
0.2893662452697754
0.38452330231666565
0.4986944794654846
0.3425508141517639
0.6119894981384277
0.8344418406486511
0.7250878214836121
0.46293553709983826
0.424368292093277
0.3607664406299591
0.6061928272247314
0.43179911375045776
0.24273869395256042
0.4760119318962097
0.9234746694564819
0.48663681745529175
0.717612624168396
0.8945564031600952
0.18186011910438538
0.4623416066169739
0.4912815988063812
0.600800633430481
0.6302886605262756
0.4816654324531555
0.3418159782886505
0.30756875872612
0.5698374509811401
0.6506773829460144
0.8831140398979187
0.6689763069152832
0.34569603204727173
0.5918712019920349
0.5380778312683105
0.5588794946670532
0.803778350353241
0.27121883630752563
0.3194759488105774
0.5864397287368774
0.5590267181396484
0.6040236353874207
0.2758742868900299
0.7556418180465698
0.38272878527641296
0.25634780526161194
0.6594802737236023
0.28886938095092773
0.7009560465812683
0.6472395658493042
0.8734936714172363
1.2673344612121582
0.36250656843185425
0.4477187991142273
0.7894951105117798
0.7405704855918884
0.6397908926010132
0.3857695162296295
0.4472496509552002
0.2971697449684143
0.7128885984420776
0.5657898783683777
0.5030478239059448
0.19525019824504852
0.36114269495010376
0.34834447503089905
0.4109349250793457
0.5678675174713135
0.3731687664985657
0.8529049158096313
0.30352669954299927
1.1497100591659546
0.38379549980163574
0.45142561197280884
0.3170383870601654
0.5769858360290527
0.49102815985679626
0.4818704128265381
0.8157995939254761
0.33729666471481323
0.7434737682342529
0.5836911201477051
0.35560619831085205
0.5564202070236206
0.43112343549728394
0.7619973421096802
0.5557624697685242
0.28378477692604065
0.45127344131469727
0.2516595721244812
0.6051472425460815
0.6708747744560242
1.0600464344024658
0.37439972162246704
0.35069769620895386
0.49600157141685486
0.18160226941108704
0.5356241464614868
0.3542636036872864
0.827862560749054
0.5090581178665161
0.4845147132873535
0.34049010276794434
0.5493131875991821
0.6267679333686829
0.36801445484161377
0.711303174495697
1.065533995628357
0.3555808663368225
0.3454743027687073
0.7749049067497253
0.5130537152290344
0.6798937320709229
0.4275202751159668
0.43076881766319275
0.6614125370979309
0.23409946262836456
0.40217846632003784
0.4502984583377838
0.7212434411048889
0.4445578157901764
0.3679683804512024
0.6880519986152649
1.3417154550552368
0.40170225501060486
0.7170950174331665
0.38008913397789
0.4748286306858063
0.19756586849689484
0.5975051522254944
0.4899198114871979
0.9770160913467407
0.40651577711105347
0.5599149465560913
0.9297935366630554
0.38448238372802734
0.49359455704689026
0.3543339967727661
1.1283376216888428
0.9285678863525391
0.7862504124641418
1.2629778385162354
0.5048621892929077
0.2176087349653244
0.6803312301635742
0.268400639295578
0.6439700126647949
0.7568541765213013
0.6951881647109985
0.4076448976993561
0.6891451478004456
0.4897438883781433
0.8314597010612488
0.4630287289619446
0.3661096692085266
0.6315180063247681
0.7268123626708984
0.5938899517059326
0.42224520444869995
0.9355207681655884
0.5158027410507202
1.1454147100448608
0.9408364295959473
0.41172924637794495
0.2522750496864319
0.3138042688369751
0.5843323469161987
0.49940404295921326
0.9540231823921204
0.3324539065361023
0.6121219396591187
0.8509179353713989
0.5011606216430664
0.660406768321991
0.42879772186279297
0.5955523252487183
0.5049012303352356
0.44913291931152344
0.8390148878097534
0.5616137385368347
0.6752026677131653
0.4400152266025543
0.8848459124565125
0.4418047368526459
0.6542229652404785
0.5868362188339233
0.4072597026824951
0.600039005279541
0.6297508478164673
0.36538487672805786
0.27122870087623596
0.7932442426681519
1.0187432765960693
0.5698790550231934
0.3265334665775299
0.5941275358200073
0.5272935628890991
0.27159255743026733
0.5114023089408875
0.44375890493392944
0.6274548172950745
0.4569571912288666
0.4741477966308594
0.7068713307380676
1.0126813650131226
0.5218920707702637
0.2666577398777008
0.4030309319496155
0.4271191954612732
0.8123359680175781
1.0087699890136719
0.790131151676178
0.5146583318710327
0.656618595123291
0.5694665908813477
0.1290857344865799
