0.27083462476730347
0.42584291100502014
0.48062625527381897
0.7573735117912292
0.6703276634216309
0.35733118653297424
0.6931820511817932
0.627618670463562
0.720638632774353
0.34014588594436646
0.2904205918312073
0.44683924317359924
0.8123471140861511
0.6914926767349243
0.48804694414138794
0.3408077657222748
0.7018030881881714
0.6688135862350464
0.8644814491271973
1.1652324199676514
0.5222544074058533
1.2168309688568115
0.502907395362854
0.23977896571159363
0.6104944944381714
0.2327469289302826
0.3036753237247467
0.44191235303878784
0.8297325968742371
0.39569753408432007
0.6677590608596802
0.6666070222854614
0.7644632458686829
0.5004717707633972
0.6405556201934814
0.5790197849273682
0.5540072917938232
0.34699925780296326
0.5602892637252808
0.4698430895805359
0.8317558169364929
0.3625034689903259
1.03023362159729
0.5704043507575989
0.4556468427181244
0.63495272397995
0.2983545660972595
0.6323350667953491
0.22104772925376892
0.7018526792526245
0.48674678802490234
0.6364561915397644
0.8200342059135437
0.47120994329452515
0.5809365510940552
0.37369853258132935
0.2634873390197754
0.7269494533538818
0.4511067271232605
1.6296287775039673
0.47156286239624023
0.6125167608261108
0.6975677609443665
0.6362067461013794
0.3531176447868347
0.6858171224594116
0.5732515454292297
0.4065297245979309
0.6332564353942871
0.9423385858535767
0.5160913467407227
0.7908423542976379
0.5072541236877441
0.6156344413757324
0.39947643876075745
0.9311904907226562
0.6774417757987976
0.34596139192581177
0.32248595356941223
0.557212233543396
0.36389413475990295
0.7007619738578796
0.4447905421257019
0.5092284083366394
0.5966556668281555
0.3648988604545593
0.6220587491989136
0.4302612245082855
0.35743728280067444
0.21225044131278992
1.1900851726531982
0.5838936567306519
0.2997651696205139
0.32689720392227173
0.9961999654769897
0.3663254678249359
0.4425395429134369
0.5852609872817993
0.36042967438697815
0.3507528305053711
0.34189295768737793
0.4843263626098633
0.566540539264679
0.4055606722831726
0.7505402565002441
0.4532964825630188
0.262600839138031
0.612625241279602
0.3806261420249939
0.5826843976974487
0.5706880688667297
1.1294523477554321
0.4524889886379242
0.5357418656349182
0.30189600586891174
0.39470842480659485
0.4212472438812256
0.5256960988044739
0.4883037507534027
0.46174317598342896
0.3844480514526367
0.7170746922492981
0.6283585429191589
0.5883973836898804
0.4470292925834656
0.4448319375514984
0.5618649125099182
0.6634106040000916
0.25734037160873413
0.42795830965042114
0.769107460975647
0.5725955963134766
0.5279983878135681
0.5372862219810486
0.6561601161956787
0.7069129943847656
0.4279620051383972
0.29503026604652405
0.43567728996276855
0.46681109070777893
1.272715449333191
0.5389480590820312
0.26328045129776
0.29437577724456787
0.5129619836807251
0.20671086013317108
0.5132172703742981
0.25558871030807495
0.4619752764701843
0.6088356971740723
0.4877464175224304
0.7173541784286499
0.22698768973350525
0.3874025344848633
0.5530401468276978
0.5422179102897644
0.38680821657180786
0.4437377452850342
0.6751176118850708
0.5353763699531555
0.7343832850456238
0.9442375898361206
0.47775325179100037
0.43672093749046326
0.5313171148300171
0.31887879967689514
0.4778931140899658
0.4849779009819031
0.46748656034469604
0.669491171836853
0.3398546576499939
0.33225080370903015
1.0167176723480225
0.22982673346996307
0.4683191180229187
0.994545578956604
0.6230382919311523
0.7084835767745972
1.0492663383483887
0.5765185356140137
0.46086710691452026
0.3516158163547516
0.6744553446769714
1.14067542552948
0.7175976037979126
0.44425803422927856
0.23007473349571228
0.4936821460723877
0.4101433753967285
1.0407072305679321
0.5702704191207886
0.7014855742454529
0.7991594076156616
0.3959369659423828
0.3645016849040985
0.4782222807407379
0.6918475031852722
0.44958311319351196
0.8134214282035828
0.23778872191905975
0.43768376111984253
0.5641419887542725
0.3474835753440857
0.7639976739883423
0.20661470293998718
1.096003532409668
0.19505468010902405
0.3247121274471283
0.33963504433631897
0.6466357707977295
0.2809562087059021
0.8611289262771606
0.5228894948959351
0.6447127461433411
0.5529401898384094
0.4332374632358551
0.6714989542961121
0.5777296423912048
0.6807557344436646
0.7972770929336548
0.5637129545211792
0.7546345591545105
0.6390320062637329
0.32369643449783325
0.42019161581993103
0.4561673104763031
0.6897001266479492
0.3618132472038269
0.745421290397644
0.3034725785255432
0.296688973903656
0.292033851146698
0.9491109848022461
0.3505217432975769
0.3465644419193268
0.365398108959198
0.48236551880836487
0.3781232237815857
0.33706754446029663
0.16641460359096527
0.2999793589115143
0.7480699419975281
0.9397932291030884
0.3597222864627838
0.5367472171783447
0.31289058923721313
0.5539141893386841
0.21423248946666718
0.5000748634338379
0.6196078062057495
0.18627674877643585
0.8452665209770203
0.30966293811798096
0.3701268136501312
0.4252299666404724
0.3763476312160492
0.3360932767391205
0.20278997719287872
0.39653974771499634
0.5250810384750366
0.5207265615463257
0.7576261162757874
0.7535077929496765
0.48784956336021423
0.5175183415412903
0.37982168793678284
0.19370508193969727
1.06639564037323
0.495800644159317
0.2096664011478424
0.6396068334579468
0.9295021891593933
0.6026628613471985
0.48168984055519104
0.31390342116355896
1.1176273822784424
0.3823091387748718
1.2233701944351196
0.7647424936294556
0.623349666595459
0.43336230516433716
0.7595576643943787
0.4111813008785248
0.5800221562385559
0.4119858145713806
0.4010162353515625
1.2678472995758057
0.21429601311683655
0.5298616290092468
0.5724585652351379
0.45703092217445374
0.6677467823028564
0.419944703578949
0.7868795990943909
0.4156613349914551
0.41559749841690063
0.4495028555393219
0.7572952508926392
0.21404270827770233
0.549868106842041
0.22152121365070343
0.41887545585632324
0.37189358472824097
0.2661742568016052
0.3201901316642761
0.6573049426078796
0.6939552426338196
1.1703498363494873
0.49146604537963867
0.5113925933837891
0.6420853734016418
0.6700322031974792
0.40405377745628357
0.4398631155490875
0.39646974205970764
0.8182700276374817
0.49194279313087463
0.6413136720657349
0.7584426403045654
0.5927851796150208
0.46304789185523987
0.5073632001876831
0.5934618711471558
0.41783079504966736
0.7705574631690979
0.2963043749332428
0.7284688949584961
0.42206650972366333
1.1052639484405518
0.4494522511959076
0.37427371740341187
0.3985532224178314
0.4520542025566101
0.523579478263855
0.9792604446411133
0.28630250692367554
0.3879340589046478
0.7399601936340332
