0.23141202330589294
0.26805219054222107
0.31640610098838806
0.42919921875
0.4634628891944885
0.5954117774963379
0.4352251887321472
1.7825483083724976
0.7140331268310547
0.9685178995132446
0.4204084277153015
0.4456126093864441
0.5189977884292603
0.4610380530357361
0.4755776524543762
0.46154671907424927
0.42100515961647034
0.5402823090553284
0.6630469560623169
0.5501049757003784
0.32172366976737976
1.1865650415420532
0.5822703242301941
0.6016331911087036
0.6862632036209106
0.42172423005104065
0.37743791937828064
0.30273786187171936
0.7865691184997559
0.19941100478172302
0.6471053957939148
0.8894675970077515
0.29275423288345337
0.4041072726249695
0.6115137338638306
0.8177120089530945
0.4716963768005371
0.8991521596908569
0.7520027160644531
0.6410507559776306
0.5129561424255371
0.3805159032344818
0.5108742117881775
0.600968062877655
0.4787141680717468
0.5017277002334595
0.6223927140235901
0.32947736978530884
0.6735018491744995
0.2735210359096527
0.2674841284751892
0.6676549911499023
0.4952395558357239
2.1113996505737305
0.5339058637619019
1.22925865650177
0.41972965002059937
0.3844115436077118
0.5626515746116638
0.6179566383361816
0.5156815052032471
0.5278682708740234
0.5213123559951782
0.4423079490661621
0.38705188035964966
0.5046512484550476
0.6975066065788269
0.26131361722946167
0.6265720129013062
0.7111719846725464
0.3189259171485901
0.6906813383102417
0.6543373465538025
0.8581212759017944
0.24130478501319885
0.7303270101547241
0.4821704030036926
0.5170774459838867
0.6230770349502563
0.5316569209098816
0.4600580334663391
0.7285712361335754
0.5570592284202576
0.3998053967952728
0.5104106068611145
0.5251985192298889
0.45517516136169434
0.4325849413871765
0.5602037906646729
0.5392284393310547
0.3568703532218933
0.8697336316108704
0.3583437204360962
0.2734176516532898
0.4786137640476227
0.4503503441810608
0.5541208982467651
0.9333264231681824
0.6071987748146057
1.0651535987854004
0.6611524820327759
0.4241787791252136
0.3476089835166931
0.6440787315368652
0.4670644700527191
0.494546502828598
0.36709165573120117
0.26597124338150024
0.6508840918540955
0.3859636187553406
0.21049222350120544
0.8492221832275391
0.43877190351486206
0.3511209487915039
0.41585007309913635
0.8537119030952454
0.6807428598403931
0.8156793713569641
1.0009151697158813
0.7760206460952759
0.33445245027542114
0.5686796307563782
0.38911670446395874
0.6077142357826233
0.24666738510131836
0.501095175743103
0.7241522669792175
0.44354382157325745
0.7209460139274597
0.7714943289756775
1.3365910053253174
0.5209614038467407
0.6717826724052429
0.6053341627120972
0.5859700441360474
0.9458856582641602
0.23474745452404022
0.35214027762413025
0.4210108816623688
0.7944251298904419
0.6532483696937561
0.8195480108261108
0.3612770140171051
0.6614803075790405
0.4069069027900696
0.22530491650104523
0.5942475199699402
0.3445207476615906
0.6857229471206665
0.41683048009872437
0.8444889783859253
0.34772762656211853
0.713428795337677
0.45785361528396606
0.39876672625541687
0.6752843260765076
1.2075189352035522
0.6853325963020325
0.4479963183403015
0.7328404188156128
0.28655532002449036
0.5638511776924133
1.4918004274368286
0.44237151741981506
0.1921522617340088
0.1668509542942047
0.6322373151779175
0.15419477224349976
0.5332968831062317
0.5453189611434937
0.5791125297546387
0.3180959224700928
0.5850374102592468
0.8748644590377808
0.861882209777832
0.6142297983169556
0.7029808759689331
0.42373865842819214
0.39771848917007446
0.43195080757141113
0.5041379928588867
0.3645205497741699
0.4476611614227295
0.5781508684158325
0.47370824217796326
0.6835612058639526
0.5996567010879517
0.5145719647407532
0.892035186290741
0.4641292691230774
0.38145336508750916
0.8667299151420593
0.4289969503879547
0.6040412187576294
0.6452994346618652
0.27533742785453796
0.5789492130279541
0.5988914370536804
0.6970473527908325
1.3487427234649658
0.3506266176700592
0.4837498068809509
0.8096262812614441
0.3513689339160919
0.5665122866630554
0.35978761315345764
0.5104190111160278
0.7044493556022644
0.5772721171379089
0.7756959199905396
0.38947582244873047
0.3245558738708496
0.6329517364501953
0.7140353322029114
0.6237828731536865
0.3470361530780792
0.5090197324752808
0.19650128483772278
0.5024164915084839
0.3211532533168793
0.493509441614151
0.770828366279602
0.48431238532066345
0.40138715505599976
0.5730298757553101
0.5670413970947266
0.5490757822990417
0.39542466402053833
0.17843368649482727
0.5744930505752563
0.3649413287639618
0.7478429079055786
0.47693753242492676
0.8644022941589355
0.36546123027801514
0.2935458719730377
0.3317081332206726
0.724265456199646
0.7935531735420227
0.3212944269180298
0.7384530305862427
0.6584072113037109
0.26736968755722046
0.2308894842863083
0.60890793800354
0.12828633189201355
0.5422453284263611
0.4941059648990631
1.170724630355835
0.8078237771987915
0.8273199796676636
0.4591723382472992
0.4486405849456787
0.54043048620224
0.3728352189064026
0.4771695137023926
0.5449686050415039
0.4227977395057678
0.8540886640548706
0.6787440180778503
0.26930397748947144
0.7610518932342529
0.4036977291107178
0.6012274622917175
0.4008719027042389
0.47061461210250854
0.5903018116950989
0.5533773303031921
0.4380268156528473
0.6691244840621948
0.658524215221405
0.8564751744270325
0.31519031524658203
0.4747871458530426
0.7470622062683105
0.3720126748085022
0.3464014530181885
0.837920069694519
0.3269460201263428
0.7963308095932007
0.5735335946083069
0.4760073721408844
0.9535316228866577
0.32541170716285706
0.7369455099105835
0.34698590636253357
0.43454819917678833
0.20440122485160828
0.7740529179573059
0.5895606279373169
0.12483246624469757
0.47892504930496216
0.22808989882469177
0.4021494388580322
0.5420064926147461
0.7505055665969849
0.5166007876396179
0.40104228258132935
0.4310109615325928
0.5931218266487122
0.5066596865653992
0.38546812534332275
0.5294278860092163
0.6954869031906128
0.5129553079605103
0.46685704588890076
0.5736085772514343
0.5821706056594849
0.31114107370376587
1.2802993059158325
0.40383854508399963
0.2877250909805298
0.7338064908981323
0.6102772951126099
0.821246325969696
0.43875497579574585
0.7243984937667847
0.508240818977356
0.5012688636779785
0.8605974912643433
0.7712315320968628
0.5212727785110474
0.8324480056762695
0.40149354934692383
0.6342803835868835
0.7923903465270996
0.1373644471168518
0.3666222393512726
0.6278520822525024
0.5655720829963684
0.21710574626922607
0.5611003637313843
0.46163806319236755
0.7619045376777649
0.553424596786499
0.3211228847503662
0.6232594847679138
0.5226643085479736
