0.716957151889801
0.1991550624370575
0.32767757773399353
0.3449806272983551
0.549272358417511
0.7400211691856384
0.6298260688781738
0.8014156222343445
0.5514628291130066
0.8172674179077148
0.3730841279029846
0.5819618105888367
0.7909702062606812
0.49362197518348694
0.5688244700431824
0.4160822033882141
0.4755708575248718
0.6660043001174927
0.6780461072921753
0.3297809064388275
0.20917770266532898
0.32409289479255676
0.3725862503051758
0.7953878045082092
0.5111684203147888
0.2805292308330536
0.6966129541397095
0.3955605924129486
0.5383851528167725
0.6306473612785339
0.46039310097694397
0.7597430944442749
0.2843666672706604
0.7089760303497314
0.31583136320114136
0.4518330693244934
0.2888875901699066
0.4603389799594879
0.5142793655395508
0.426716148853302
0.5712862014770508
0.6907907724380493
0.3283969759941101
0.30513694882392883
0.7619318962097168
0.4586949944496155
0.2795519530773163
0.42441892623901367
0.7274625301361084
0.7945922613143921
0.6559667587280273
0.4118095934391022
0.5258060693740845
0.7495986819267273
0.4801054000854492
0.5777459144592285
0.38266199827194214
0.28286293148994446
0.38030821084976196
0.34333354234695435
1.171330451965332
0.4758325517177582
0.2847338318824768
0.5100563764572144
0.4803869128227234
0.34057915210723877
0.49277275800704956
0.855208694934845
0.7001546621322632
0.3221770226955414
0.5352452397346497
0.4064921438694
0.663622260093689
0.7367923855781555
0.5554982423782349
0.610988974571228
1.8525950908660889
0.23850414156913757
0.43249034881591797
0.45533666014671326
0.43207770586013794
0.4256453514099121
0.5820363163948059
0.2224627435207367
0.16674722731113434
0.6277822852134705
1.025635004043579
0.6686527729034424
0.7328577637672424
0.3955557942390442
0.8157808184623718
0.24503155052661896
0.7240052223205566
0.7605916857719421
0.35764193534851074
0.43221649527549744
0.8689934611320496
0.4657546877861023
0.5699402689933777
0.30263715982437134
0.332230806350708
0.6320008039474487
0.3078550696372986
0.5895245671272278
0.3233495056629181
0.3977199196815491
0.581739604473114
0.374702513217926
0.806450366973877
0.5865358114242554
0.6593385338783264
0.7509962320327759
0.35706961154937744
0.41850224137306213
0.6490979194641113
0.8434612154960632
0.4553920328617096
0.46242648363113403
0.8920601010322571
0.33657199144363403
0.5207118391990662
0.5042504072189331
0.8797308206558228
0.5871967673301697
0.2044840306043625
0.38499000668525696
0.10377605259418488
0.4163472652435303
0.5154480934143066
1.011677861213684
0.49697548151016235
0.507272481918335
0.4640630781650543
0.3965303897857666
0.48576220870018005
0.5787355303764343
0.33382752537727356
0.5763123631477356
0.5809401869773865
0.3677080571651459
0.6605473160743713
1.0261423587799072
0.9938540458679199
0.22378718852996826
0.27370336651802063
0.6518998742103577
0.4529789388179779
0.3775273263454437
0.368574321269989
0.5156601071357727
0.9118068814277649
0.4209443926811218
0.427426278591156
0.36241990327835083
0.47483310103416443
0.5121878385543823
0.6255732774734497
0.863519012928009
0.4571422040462494
0.5214565396308899
0.6244655847549438
0.37932395935058594
0.3320411145687103
0.9840751886367798
0.904280960559845
0.4555726945400238
0.5867476463317871
0.5385656952857971
0.8141317367553711
0.2844230830669403
0.4224770665168762
0.4163176417350769
0.6185383200645447
1.1194384098052979
0.4985384941101074
0.4642774164676666
0.42735496163368225
0.45745888352394104
0.6746309399604797
0.43825826048851013
0.2692805230617523
0.39784884452819824
0.42639294266700745
0.8704298138618469
0.8268082737922668
0.6255601644515991
0.676437497138977
0.4929463267326355
0.2823079824447632
0.449552446603775
0.3956725597381592
0.5857577919960022
0.2503955066204071
0.3449576199054718
0.3275868892669678
0.6549524068832397
0.9155113101005554
0.3337351679801941
0.4056076109409332
0.394072949886322
1.091817021369934
0.3834821283817291
0.635858952999115
0.4912049174308777
0.2882402539253235
0.3086380958557129
0.523472249507904
0.3789913058280945
0.8468754887580872
0.45247164368629456
0.37725135684013367
0.7137596011161804
0.3859865069389343
0.292257159948349
0.5125885009765625
0.5465793013572693
0.7927354574203491
1.091850996017456
0.10126800835132599
0.42846545577049255
0.41053104400634766
0.4855385720729828
0.5523107051849365
0.826689600944519
0.29115739464759827
0.4872715473175049
0.906744658946991
0.43084582686424255
0.7062876224517822
0.5755318999290466
0.4648064970970154
0.45117005705833435
0.4114301800727844
0.6306973099708557
1.0599712133407593
0.48258787393569946
0.5527509450912476
0.5199762582778931
0.4472784996032715
0.5851609706878662
0.6999241709709167
0.7500529885292053
0.2929214537143707
0.5280379056930542
0.5443075895309448
0.6671795845031738
0.45105037093162537
0.42472463846206665
0.8977779150009155
0.5810054540634155
0.4116116464138031
0.504222571849823
0.7508823275566101
0.49836739897727966
0.21833300590515137
0.5300516486167908
0.8916794061660767
0.43589431047439575
0.862381100654602
0.30653151869773865
0.2877759635448456
0.5773013830184937
0.5729968547821045
0.5104706883430481
0.4240710139274597
0.4102787375450134
0.5922031402587891
0.45576778054237366
0.4310636520385742
0.4466635286808014
0.65648353099823
0.8873933553695679
0.5232613682746887
0.5974891185760498
0.5513219833374023
0.7163077592849731
0.3168518543243408
0.7830404043197632
1.0285192728042603
0.690855085849762
0.5507251024246216
0.6904419660568237
0.47540974617004395
0.22619792819023132
0.392577201128006
0.8478801846504211
0.42129993438720703
0.5802334547042847
0.71284019947052
0.6841999292373657
0.7684795260429382
0.35012638568878174
0.44606542587280273
0.7546404004096985
0.484262615442276
0.9912002682685852
0.6315339803695679
1.1095836162567139
0.26659244298934937
0.7126541137695312
0.547869861125946
0.4276883602142334
0.4483867585659027
0.5505062341690063
0.24356892704963684
0.6132724285125732
0.6484135389328003
0.5364505052566528
1.2409836053848267
0.6123625040054321
0.3837522864341736
0.3174265921115875
0.6883620023727417
0.4649162292480469
0.5442055463790894
0.9221550226211548
0.2890075743198395
0.5206125974655151
0.8136100769042969
0.584480345249176
0.4625479578971863
0.4798734188079834
0.4155656397342682
0.7247629165649414
0.3711375594139099
0.487943559885025
0.9691365957260132
0.4095643162727356
0.37421706318855286
0.6758368015289307
0.4745214879512787
1.340428352355957
0.6506714820861816
0.5285133719444275
0.4340120255947113
0.36332687735557556
0.8458655476570129
0.045400697737932205
