0.39251428842544556
0.6217279434204102
0.7662585377693176
0.9216283559799194
0.42489975690841675
0.5964571237564087
0.5571974515914917
0.6697068214416504
0.4981270432472229
1.3765090703964233
0.9882774353027344
0.8268821835517883
0.4903511106967926
0.5160675048828125
0.3216894567012787
0.4226300120353699
0.45747432112693787
0.6928482055664062
0.6732593178749084
0.6430696249008179
0.3726726174354553
0.2761406898498535
0.26010945439338684
0.5250681638717651
0.7822893857955933
0.5628585815429688
0.2698422968387604
0.7297381162643433
0.4800485670566559
0.4647844433784485
0.3753681182861328
0.6494380831718445
0.365104615688324
1.0702896118164062
0.6368703246116638
0.5929851531982422
0.3784734606742859
0.09760499000549316
0.48457497358322144
0.8973876237869263
0.18684782087802887
0.43082350492477417
0.44811779260635376
0.4336862564086914
0.24249449372291565
0.44624313712120056
0.44231873750686646
0.5616427063941956
0.5940143465995789
0.2704809308052063
0.33266302943229675
0.27080416679382324
0.39781346917152405
0.35854652523994446
0.29584455490112305
0.6872410178184509
0.49903613328933716
0.6481495499610901
0.47341376543045044
0.9769891500473022
0.5622515678405762
0.5265854597091675
0.4760707914829254
0.7513713240623474
0.9003902673721313
0.4378795623779297
0.16810335218906403
0.5524057745933533
0.3149451017379761
0.8618578910827637
0.6447440385818481
0.22543220221996307
0.34139931201934814
0.5142999291419983
0.6112993359565735
0.30709823966026306
0.577355146408081
0.48698538541793823
0.6635090112686157
0.8843345642089844
0.1644597351551056
0.6188249588012695
0.6580971479415894
0.639412522315979
0.8509269952774048
0.48417481780052185
0.16441884636878967
0.4833124279975891
0.5534835457801819
0.733277440071106
0.5627763271331787
0.5332534909248352
0.480735719203949
0.6597524285316467
0.4426622986793518
0.5650947690010071
0.9918221235275269
0.512251079082489
0.4518326222896576
0.36398905515670776
0.6056197881698608
0.6110935211181641
0.34128403663635254
0.43370580673217773
0.29511672258377075
0.6569609045982361
0.4156266748905182
0.5060226917266846
0.6524761319160461
0.7036382555961609
0.7361924052238464
0.7232733964920044
0.3477245569229126
0.28626444935798645
0.39466923475265503
0.3920857906341553
0.5079017877578735
0.5954722166061401
0.304830402135849
0.3796227276325226
0.4823327660560608
0.4393711984157562
0.43071117997169495
0.6772111058235168
0.5368620157241821
0.5861979722976685
0.35582810640335083
0.5372294187545776
0.533584475517273
0.4128137528896332
0.41303426027297974
0.8581201434135437
0.30193525552749634
0.9121326208114624
0.6165002584457397
0.43134284019470215
0.7061284780502319
0.43045100569725037
0.24049457907676697
0.8010764122009277
0.41591495275497437
0.5861626863479614
0.6384841799736023
0.21766583621501923
0.6067835092544556
0.8260189890861511
0.36486440896987915
0.7497571706771851
0.8064853549003601
0.394393652677536
0.16221913695335388
0.5096543431282043
0.2493826448917389
0.2121841013431549
0.3722530007362366
0.18365994095802307
0.62300705909729
0.45939674973487854
0.3208494782447815
0.9950345754623413
1.0714138746261597
0.45912376046180725
0.7117233276367188
0.4039921760559082
0.41701602935791016
0.8708788752555847
0.4727366864681244
0.43004631996154785
0.5195929408073425
0.5309023857116699
0.48114028573036194
0.7165389060974121
0.5011105537414551
0.34317082166671753
0.5728051662445068
0.6367871165275574
0.21942448616027832
0.5458167195320129
0.1896141618490219
0.8342344164848328
0.21601347625255585
0.3146343529224396
0.734403133392334
0.905015766620636
0.761568546295166
0.18271709978580475
0.5374356508255005
0.839698314666748
0.602586567401886
0.4401237368583679
0.4134639799594879
1.0963493585586548
0.7194603681564331
0.7734023928642273
0.4645906388759613
0.747714638710022
0.41952887177467346
0.5788726210594177
0.5200309753417969
0.8068393468856812
1.0241093635559082
0.42754364013671875
0.4605425000190735
0.4850923418998718
0.5829912424087524
0.6593205332756042
0.45903801918029785
0.482656866312027
1.0929113626480103
0.7747464776039124
0.3530504107475281
0.5889126658439636
0.3777865469455719
0.8567244410514832
0.5614669919013977
0.3287831246852875
0.4706656336784363
0.5122495889663696
0.26172539591789246
0.4292503297328949
0.4053674638271332
0.44657254219055176
0.36339473724365234
0.3973173499107361
0.39829546213150024
0.2742611765861511
0.4872564673423767
0.5263452529907227
0.6408156156539917
0.350760281085968
0.8839117884635925
0.32607465982437134
0.5865691900253296
0.5084750056266785
0.40792855620384216
0.764069676399231
0.16310760378837585
0.4709004759788513
0.6280835866928101
0.4826211929321289
1.0159213542938232
0.8538397550582886
0.5426932573318481
0.5473968982696533
0.37222129106521606
0.43308767676353455
0.4464004933834076
0.10441330820322037
0.7200719714164734
0.5505987405776978
0.2881344258785248
0.47620734572410583
0.6532428860664368
1.0263550281524658
0.18274442851543427
0.792890191078186
0.5573738813400269
0.580938458442688
0.26941075921058655
0.30960360169410706
0.94146728515625
0.7763826847076416
0.5806427001953125
0.24771158397197723
1.1501586437225342
0.5562443733215332
0.812476634979248
1.042129397392273
0.33676499128341675
0.5839883089065552
0.37344422936439514
0.8602431416511536
0.579953670501709
0.36116549372673035
0.5462499260902405
0.2822697162628174
0.6368717551231384
0.4572959840297699
0.7317923307418823
0.7312013506889343
1.3745931386947632
0.27054107189178467
1.294790267944336
0.8555928468704224
1.35653555393219
0.3482961058616638
0.6642956733703613
0.5300173163414001
0.7715054750442505
0.2639642357826233
0.3749313950538635
1.0623732805252075
0.48742884397506714
0.5478808879852295
0.5282870531082153
0.5114619135856628
0.924182116985321
0.7094752788543701
0.5925436019897461
0.6500730514526367
0.5803157091140747
0.4471445679664612
0.5294686555862427
0.5663052797317505
0.4046638607978821
0.6035221219062805
0.41840142011642456
0.8654783964157104
0.3142261505126953
1.3165719509124756
0.48714885115623474
0.2738204598426819
0.49853524565696716
0.48700007796287537
0.44057565927505493
0.3249293267726898
0.8914141654968262
0.6321846842765808
0.5223675966262817
0.6733092069625854
0.42014628648757935
0.5506607890129089
0.6141160726547241
0.6869924664497375
0.659990131855011
0.6678100228309631
0.3677029013633728
0.49124830961227417
0.4572903513908386
0.5765983462333679
0.9820073843002319
0.37375810742378235
0.160812109708786
0.5340524911880493
0.8187880516052246
0.7615927457809448
0.29307398200035095
0.4781535565853119
