0.4363124966621399
0.45329371094703674
0.39944982528686523
0.6664260625839233
1.0663175582885742
0.44303789734840393
0.8729525804519653
0.7905802130699158
0.38546237349510193
0.6332606077194214
1.0608949661254883
0.5277445912361145
0.5521941781044006
0.5243017673492432
0.26591604948043823
0.8290545344352722
0.2651163637638092
0.44299784302711487
0.3227587342262268
0.22120586037635803
0.2893887162208557
0.36851024627685547
0.4136963486671448
0.46380648016929626
0.5677742958068848
0.6177431344985962
0.6568895578384399
0.39348655939102173
0.8918607831001282
0.5943101644515991
0.3408789038658142
0.37101393938064575
0.5761966705322266
1.163334608078003
0.4248735010623932
0.5017325282096863
0.4512699246406555
0.18967339396476746
0.47126731276512146
0.8228927850723267
0.8570979237556458
0.5629292726516724
0.5393943190574646
0.4652421474456787
0.5555382966995239
0.25619447231292725
0.2404278814792633
1.446225881576538
0.46513915061950684
0.3057272732257843
0.4445919394493103
0.6886667013168335
0.6094618439674377
0.4334714412689209
0.3651941120624542
0.27578651905059814
0.5784961581230164
0.8573321104049683
0.46547070145606995
0.7588847875595093
0.42732658982276917
0.7284282445907593
0.514098048210144
0.7276732325553894
0.7666902542114258
0.7528115510940552
0.4059867858886719
0.4422736167907715
0.4265215992927551
0.3808116018772125
0.6627605557441711
0.5860558748245239
0.3735354542732239
0.3936197757720947
0.6710605025291443
0.41352272033691406
0.46293872594833374
0.4800693094730377
0.34634941816329956
1.0553438663482666
0.6807249784469604
0.8947105407714844
0.5513149499893188
0.4627913534641266
0.36240270733833313
0.35403141379356384
1.031745195388794
0.6788573265075684
0.6552810668945312
0.42554202675819397
0.4693552851676941
0.5123642683029175
0.7194207906723022
0.6796589493751526
0.313509464263916
0.38205307722091675
0.3102526366710663
0.8124051094055176
0.20642916858196259
0.515271008014679
0.8714214563369751
0.16731879115104675
0.7428792715072632
0.5645235180854797
0.9442909359931946
0.9066853523254395
0.7809422612190247
0.5372059941291809
0.7116655111312866
0.37249529361724854
0.6079243421554565
0.5358556509017944
0.3507591784000397
0.4101594090461731
0.767926812171936
0.9562342762947083
0.6606175303459167
0.5611822605133057
1.0277163982391357
0.6242687702178955
0.5720086693763733
0.1993495672941208
0.6934126615524292
0.2952269911766052
0.2786100506782532
0.6882297396659851
0.4327191412448883
0.42958539724349976
0.2878125309944153
0.7377938628196716
0.6229451298713684
0.5583723187446594
0.9056978225708008
0.3604687750339508
0.34114179015159607
0.4213678240776062
0.441967636346817
0.5274673700332642
0.6333163380622864
0.741683840751648
0.5050421953201294
0.44421061873435974
0.6540125608444214
0.38305896520614624
0.24889430403709412
0.3616311550140381
1.0035396814346313
0.6136957406997681
0.5597091913223267
0.3869366943836212
0.4401314854621887
0.4482807517051697
0.6753775477409363
0.5066901445388794
1.2436621189117432
0.46772250533103943
0.4778625965118408
0.2948714792728424
0.1863996982574463
0.3647778034210205
0.2814066410064697
0.8055682182312012
0.4090137481689453
0.6458617448806763
0.6806488037109375
0.3121761679649353
0.469755083322525
0.5044859051704407
0.5720487236976624
0.5625191926956177
0.30575504899024963
0.4945051074028015
0.45261040329933167
0.8517090678215027
0.3715468645095825
0.3770748972892761
0.5572259426116943
0.770854651927948
0.5767912268638611
0.27792853116989136
0.5520402193069458
0.7994555234909058
0.3370668292045593
0.3132404088973999
0.8165363073348999
0.6680665016174316
0.2107597291469574
0.4835924208164215
0.43192967772483826
0.417156845331192
0.5328372120857239
0.7756214141845703
0.8487719297409058
0.7897677421569824
1.2341110706329346
0.5503495335578918
0.46410322189331055
0.4082062840461731
0.7596457600593567
0.3627275228500366
0.33133190870285034
0.47480636835098267
0.7151990532875061
0.2280493527650833
0.2392384260892868
0.4218212068080902
0.32686129212379456
0.6654327511787415
0.4696376919746399
0.1624383181333542
0.6539966464042664
0.4849291741847992
0.5324243903160095
0.4758644998073578
0.4690985679626465
0.479419469833374
0.46008482575416565
0.4553101658821106
0.652873158454895
0.5266071557998657
0.47255223989486694
0.6824942827224731
0.4615755081176758
0.23123101890087128
0.42951852083206177
0.5610174536705017
0.6549080610275269
0.23690803349018097
0.379732608795166
0.4306240975856781
0.28256234526634216
0.9143293499946594
0.2525033950805664
0.29676973819732666
0.609984278678894
0.21012894809246063
0.9055501222610474
0.7930053472518921
0.4459782540798187
0.2967134118080139
0.40019091963768005
0.4258963167667389
1.213066816329956
0.39634090662002563
0.6948598623275757
0.447010338306427
0.30285125970840454
0.2957835793495178
0.34864702820777893
0.5679643750190735
0.3006114959716797
0.35469573736190796
0.449308305978775
0.23253889381885529
0.7352677583694458
0.496141254901886
0.5073121190071106
0.5356520414352417
0.3797425329685211
1.5633164644241333
0.5999171137809753
0.45192795991897583
0.6509808897972107
0.6813070178031921
0.4898136258125305
0.35741275548934937
0.9266311526298523
0.26629894971847534
0.2813509404659271
0.5469298362731934
0.18376369774341583
0.6065041422843933
0.63897705078125
0.708009660243988
0.3027220070362091
0.6611307859420776
0.4411429464817047
0.43831199407577515
0.4382309019565582
0.6105371117591858
0.39272457361221313
0.27297863364219666
0.30618804693222046
0.4782648980617523
1.4997179508209229
0.6674548387527466
0.3239791989326477
0.5078262090682983
0.7389899492263794
0.5112593173980713
0.46374598145484924
0.32678526639938354
0.3852999806404114
0.41915273666381836
0.5306710600852966
0.5147026777267456
0.3596610426902771
0.46800851821899414
1.059644341468811
0.5313472747802734
0.49294811487197876
1.1053212881088257
1.1066837310791016
0.6529211401939392
0.4309086799621582
1.0428186655044556
0.5744740962982178
0.39470916986465454
0.3248819410800934
0.46565189957618713
0.6491075158119202
0.4334365725517273
0.7867791652679443
0.7171651721000671
0.24262304604053497
0.16080038249492645
0.375232994556427
0.465061753988266
0.4621874690055847
0.5408471822738647
0.6342251300811768
0.6445302963256836
0.3753706216812134
0.39700785279273987
0.620685875415802
0.21902532875537872
0.43544110655784607
0.20188966393470764
0.3395337462425232
0.41992148756980896
0.30778422951698303
0.6668983697891235
0.4745355546474457
0.7517674565315247
0.5262633562088013
0.4257442057132721
0.3748154640197754
0.8006539344787598
