0.5730388760566711
0.6224244832992554
0.5848129987716675
0.3545301556587219
0.8540396690368652
0.4705049395561218
0.65558922290802
0.37263259291648865
1.0539419651031494
0.433277428150177
0.780931293964386
0.4805103838443756
0.3551257848739624
0.4774599075317383
0.4040609896183014
0.4397008419036865
0.5284983515739441
0.9614060521125793
0.47989240288734436
0.3113827109336853
0.49185657501220703
0.5432444214820862
0.9024338722229004
0.5810998678207397
0.34916654229164124
0.3699582517147064
0.9677673578262329
0.4690900444984436
0.4474892020225525
0.4559086859226227
0.97998046875
1.2235205173492432
0.4983775019645691
0.5449247360229492
0.2684912383556366
0.5742943286895752
0.7218683362007141
0.356523334980011
1.109403371810913
0.6077122688293457
0.949048638343811
0.5897748470306396
0.5841734409332275
0.7255136966705322
0.8252826929092407
0.19539698958396912
0.7978829145431519
0.840008556842804
1.0660912990570068
0.4231943190097809
0.582824170589447
0.7134816646575928
0.6074922680854797
0.5670937895774841
0.4455105662345886
0.46946173906326294
0.43793192505836487
0.6646474599838257
0.3352828025817871
0.5918021202087402
0.9128828048706055
0.38869500160217285
0.5161787867546082
0.32883530855178833
0.18230679631233215
0.7344948053359985
0.3577077090740204
0.6543647050857544
0.6154525876045227
0.5077863931655884
0.5521258115768433
0.7653446197509766
0.5628135204315186
0.34478217363357544
0.32592496275901794
0.3070639967918396
0.4286702275276184
0.7171300649642944
0.29561254382133484
0.39689263701438904
0.39473479986190796
0.38859692215919495
0.7493598461151123
0.5445616841316223
0.4763145446777344
0.7311506271362305
0.5195261836051941
0.3961622416973114
0.292231947183609
0.6438593864440918
0.6736840009689331
0.3892439901828766
0.5409513711929321
0.5725201368331909
0.5457983016967773
0.33155784010887146
0.48837193846702576
0.5345242023468018
0.5826340317726135
0.551483154296875
0.587226390838623
0.6610278487205505
0.48074203729629517
0.18436264991760254
0.486964613199234
0.5461337566375732
0.5245468616485596
0.9814563989639282
0.5923054218292236
0.2738398015499115
0.46329936385154724
0.24466566741466522
0.3054687976837158
0.5634236931800842
0.588032603263855
0.4333840310573578
0.601650059223175
0.5390383005142212
0.5605518221855164
0.9338613748550415
0.5866252779960632
0.5914661288261414
0.45172613859176636
0.3005461096763611
0.6647065877914429
0.486286461353302
0.8930934071540833
0.6268859505653381
0.7981972098350525
0.8998371362686157
0.3415769040584564
0.8855127096176147
0.6188306212425232
0.48497429490089417
0.836288332939148
0.4884765148162842
0.6495745778083801
0.43010932207107544
0.5099751949310303
0.246006578207016
0.11696459352970123
0.7228144407272339
0.9690567851066589
0.6582077741622925
0.4411229193210602
0.5770484209060669
0.6470329165458679
0.8228299021720886
0.7428193688392639
0.1930946409702301
0.17339414358139038
0.3883817791938782
0.6839255094528198
0.5528656840324402
0.5564035773277283
0.4840009808540344
1.1496293544769287
0.6646564602851868
0.5179797410964966
0.5609442591667175
0.6562688946723938
0.21980972588062286
0.24686846137046814
0.40798431634902954
0.617958664894104
0.5675342679023743
0.3458574712276459
0.2726031243801117
0.5412918329238892
0.6403762102127075
0.4105232357978821
0.34789687395095825
0.5487328171730042
0.6231894493103027
0.3193535804748535
1.0167334079742432
0.6468928456306458
0.5646690130233765
0.7665170431137085
0.528948962688446
0.44870179891586304
0.588952898979187
0.44743379950523376
0.530316174030304
0.3179396688938141
0.3471596837043762
0.4142023026943207
0.393177330493927
0.44500818848609924
0.46208080649375916
0.3519677519798279
0.6091994047164917
0.7390364408493042
0.36552149057388306
0.6290432810783386
0.3308655917644501
0.4697655737400055
0.6460800170898438
0.24861423671245575
0.778132975101471
0.6493111848831177
0.3129778802394867
0.8135029673576355
0.24250419437885284
0.38167130947113037
0.4605863690376282
0.6119269132614136
0.3614586889743805
0.26716071367263794
0.43109145760536194
0.5499515533447266
0.5156049728393555
0.8379216194152832
0.7411878705024719
0.7268768548965454
0.8281887173652649
0.43599504232406616
0.38434356451034546
0.25178688764572144
0.3257606625556946
0.32144156098365784
0.1745825856924057
0.4958726763725281
0.5596092939376831
0.6941230893135071
0.22234365344047546
0.5863667726516724
0.4742390513420105
0.2513594329357147
0.3603960871696472
0.7910162806510925
0.2775007486343384
0.632003128528595
0.506104588508606
0.5235279202461243
0.4351321756839752
0.2704629898071289
0.8321110010147095
0.32571786642074585
1.444223165512085
0.930462658405304
0.5387279391288757
0.6134446263313293
0.29640814661979675
0.2525405287742615
0.5209556221961975
0.38475266098976135
0.2831362783908844
0.4523739814758301
0.387199342250824
0.5965259671211243
0.7126051187515259
0.9771366119384766
0.27707234025001526
0.46922993659973145
0.6983376145362854
0.5539764165878296
0.4426371455192566
0.6429049968719482
1.0534532070159912
0.33360618352890015
0.43249425292015076
0.3065238893032074
0.5020574927330017
0.6640670895576477
0.5691035389900208
1.5812095403671265
0.8288974761962891
1.116052269935608
1.188328504562378
0.2958528399467468
0.48412829637527466
0.5585676431655884
0.6827307939529419
0.4761476516723633
0.42232030630111694
0.31906524300575256
0.8559597134590149
0.47491326928138733
0.18572057783603668
0.6184402704238892
0.3433336615562439
0.6113645434379578
0.4945245683193207
0.7671779990196228
0.8944464921951294
0.46360307931900024
1.2101064920425415
0.5607960820198059
0.6553944945335388
0.2532210052013397
0.4248753488063812
0.30855220556259155
0.39621132612228394
0.45967864990234375
0.5592881441116333
0.3494557738304138
1.2056971788406372
0.2524171769618988
0.6099965572357178
0.9369767308235168
0.6189495921134949
0.5593553185462952
0.2778799831867218
1.0123142004013062
0.3356778621673584
0.8290389776229858
0.8995612859725952
0.285880982875824
0.8458257913589478
0.43898382782936096
0.42282432317733765
0.21084871888160706
0.39566749334335327
0.7277753353118896
0.6725975871086121
0.6358852386474609
0.9968368411064148
0.7178860306739807
0.37095898389816284
0.3852875828742981
0.8527814745903015
1.0482537746429443
0.7613911628723145
0.6254668235778809
0.7026803493499756
0.6379470229148865
0.2956201136112213
0.37801623344421387
0.6442582607269287
0.8544214367866516
0.29048871994018555
0.5717961192131042
0.6003236770629883
0.8178556561470032
0.6250481605529785
0.24967387318611145
0.14626486599445343
