0.6885757446289062
0.9831493496894836
0.9343729019165039
0.5034192800521851
0.4253242611885071
0.31366273760795593
0.2801005244255066
0.6764422059059143
0.5018278956413269
0.40144339203834534
0.38627299666404724
0.8224891424179077
1.0521619319915771
0.47866004705429077
0.5841992497444153
0.3801575303077698
0.26869291067123413
0.6542218923568726
0.6010144948959351
0.3603248596191406
0.40024036169052124
0.40156856179237366
0.478171169757843
0.5094761252403259
0.35196489095687866
0.5166013240814209
0.48975610733032227
0.8139581680297852
1.2761657238006592
0.3762146830558777
0.5688046813011169
0.8969656825065613
0.4079691469669342
0.29869773983955383
0.5004626512527466
0.38710978627204895
0.4835539758205414
0.7729110717773438
0.8257697820663452
0.6781454086303711
0.8614797592163086
0.2955548167228699
0.517463743686676
0.49638718366622925
0.6605654954910278
0.5770763158798218
0.31635329127311707
0.25248903036117554
0.4573253095149994
0.5340700149536133
0.4442325234413147
0.5436965823173523
0.8586919903755188
0.8001704216003418
0.5325008630752563
0.2596789300441742
0.2801596224308014
0.4254510998725891
0.3262141942977905
0.7685130834579468
0.3410525918006897
0.4173344671726227
0.5372669696807861
0.4738317131996155
0.48229342699050903
0.4911385476589203
0.7444688081741333
0.2443515509366989
0.34455662965774536
0.6277526021003723
0.384762167930603
0.579574465751648
0.408698707818985
1.4044220447540283
0.48022666573524475
0.8386064767837524
0.3376263380050659
0.7360020875930786
0.6944540739059448
0.3331601023674011
0.4956974983215332
0.6909852027893066
0.30043143033981323
0.6558626294136047
0.9248417615890503
0.8445249795913696
0.7596362233161926
0.524950385093689
0.6194528341293335
0.28302934765815735
0.4476361870765686
0.5128540992736816
0.5683451890945435
0.6642926931381226
0.30849510431289673
0.6297036409378052
0.7350223064422607
0.32562944293022156
0.5949076414108276
0.3834892809391022
0.8734021186828613
0.1557275354862213
0.4355771541595459
0.8219844698905945
1.0219929218292236
0.5362460613250732
0.44320574402809143
0.5680984258651733
0.4961256980895996
0.8464556932449341
0.521661639213562
0.2858659327030182
0.3740103840827942
0.6722161173820496
0.22859914600849152
0.588922917842865
0.8798519372940063
0.3875936269760132
0.597176194190979
0.3993249535560608
0.28591230511665344
1.096858024597168
0.801286518573761
0.34889689087867737
1.044675588607788
0.4903281331062317
0.8729645013809204
0.4347391128540039
0.36411699652671814
0.6649956703186035
0.2631673812866211
0.4625106751918793
0.6495910882949829
0.48326587677001953
1.3797287940979004
0.8902359008789062
1.044040322303772
0.5169275999069214
0.3742489814758301
0.6576957106590271
0.4164787232875824
0.48239150643348694
0.7953974008560181
0.38879379630088806
0.4033721089363098
0.7630017399787903
0.5425926446914673
0.26603829860687256
0.5744549036026001
0.6720608472824097
0.44370728731155396
0.33827465772628784
0.4404602646827698
0.46723613142967224
0.3408671021461487
0.6181448698043823
1.091185212135315
0.2663169503211975
0.34640538692474365
0.1594947874546051
0.5438276529312134
0.527988612651825
0.7838720083236694
0.38382360339164734
0.2644103467464447
0.6990598440170288
0.5583712458610535
0.3676207959651947
0.49485069513320923
0.6363924145698547
0.3988475799560547
0.8884161710739136
0.35206252336502075
0.621940553188324
0.5391280055046082
0.45917534828186035
0.3765887916088104
0.28778398036956787
0.48212069272994995
0.29568368196487427
0.7687699794769287
0.45575493574142456
0.9016767740249634
0.7928875684738159
0.8318411707878113
0.30726832151412964
0.47651004791259766
0.8694437742233276
0.2699245512485504
0.33957386016845703
0.4521414637565613
0.9910200834274292
0.5878872871398926
0.2843244671821594
0.3395763039588928
0.4208955764770508
0.533619225025177
0.3296135365962982
1.0238237380981445
0.28830698132514954
0.6300927400588989
0.4374690651893616
0.36327463388442993
0.6406887769699097
0.8713892102241516
0.7017759084701538
0.49410271644592285
0.5268945097923279
0.6567506790161133
0.37393417954444885
0.3839520215988159
0.9531496167182922
0.5657880306243896
0.5751161575317383
0.6347292065620422
0.3431658446788788
0.378610759973526
0.7461161017417908
0.6494820713996887
0.427175909280777
0.5616475343704224
0.24561409652233124
0.6117126941680908
0.40497249364852905
0.29418641328811646
0.3557889461517334
0.4804510474205017
0.41779041290283203
0.46343374252319336
0.408783495426178
0.5569908022880554
0.9353666305541992
0.7835263609886169
0.37509793043136597
0.5082574486732483
0.7024298906326294
0.49069565534591675
1.3346679210662842
0.533856987953186
0.45379534363746643
0.4602937698364258
0.7003189921379089
0.3507375717163086
0.5193567276000977
1.318203091621399
0.2815224826335907
0.8168762922286987
0.13501796126365662
1.886234998703003
0.4857865273952484
0.39857107400894165
0.3033066391944885
0.8992921113967896
0.20690247416496277
0.8046684265136719
0.3020996153354645
0.8304368853569031
0.6262437701225281
0.7420713305473328
0.1796737015247345
0.4435660243034363
0.5312004089355469
0.2503260672092438
0.8941904306411743
0.30058979988098145
0.6246066689491272
0.6507968902587891
0.4271817207336426
0.20362453162670135
0.30171653628349304
0.4822600483894348
0.40348345041275024
0.5359004139900208
0.3481076657772064
0.3855735957622528
0.41124242544174194
0.4243859648704529
0.41467657685279846
0.42966383695602417
0.780936062335968
0.3845157325267792
0.49033308029174805
1.2251758575439453
0.4825999140739441
0.630271852016449
0.4819994866847992
0.5202733874320984
0.6775088906288147
0.5359922051429749
0.2949996292591095
0.6227396130561829
0.9368510246276855
0.35214805603027344
0.47394341230392456
0.4638420641422272
0.6010914444923401
0.377559632062912
0.6523448824882507
0.36263880133628845
0.45780864357948303
0.41549044847488403
0.6183566451072693
0.3600976765155792
0.8054467439651489
0.5468330979347229
0.47453683614730835
0.46420374512672424
0.47447046637535095
0.5407677888870239
0.4149312376976013
0.2149289846420288
0.4692000448703766
0.8252624273300171
0.6246340870857239
0.2685410976409912
0.34986981749534607
0.2754681408405304
1.0120635032653809
0.6096941232681274
0.8762689828872681
1.0257526636123657
0.4509425163269043
0.42264866828918457
0.5821518301963806
0.3935820460319519
0.2465849220752716
0.2804107069969177
0.19864903390407562
0.6155614852905273
0.897657573223114
0.413381427526474
0.7262448072433472
0.5291044116020203
0.5891280174255371
0.5460812449455261
0.4362425208091736
0.6979039907455444
1.8711320161819458
