0.40391620993614197
0.5180822610855103
0.7616678476333618
0.3183995187282562
0.3181069493293762
0.5806729197502136
0.5045546293258667
0.3708001673221588
0.6012600064277649
0.28668174147605896
0.579645037651062
0.9626482129096985
0.5196634531021118
0.6895297765731812
0.4408378005027771
0.27667850255966187
0.4421509802341461
0.5059426426887512
0.45368704199790955
0.40414848923683167
0.3312956988811493
0.5973426103591919
0.6331021189689636
0.6943149566650391
0.5996741056442261
0.6551089286804199
0.5746983885765076
0.507516622543335
0.5515380501747131
1.1176908016204834
0.7214193940162659
0.5088373422622681
0.21031887829303741
1.0491009950637817
0.42425379157066345
0.23362255096435547
0.5990217328071594
0.29850324988365173
0.6861542463302612
0.7402753829956055
0.609485924243927
0.607132077217102
0.36134037375450134
0.7493221759796143
0.6224989295005798
0.29758420586586
0.4464953541755676
0.5395978093147278
0.22468194365501404
0.4999636709690094
0.7865332365036011
0.6027721166610718
0.5813870429992676
0.5069107413291931
0.586945652961731
0.5086633563041687
0.6724271774291992
0.7432370781898499
0.6111267805099487
0.47949448227882385
0.2526244521141052
0.2591192126274109
0.5611608028411865
0.3434146046638489
0.2522411346435547
0.814165472984314
0.2233109027147293
0.5197637677192688
0.5900613069534302
1.0797855854034424
0.5953791737556458
0.6080400347709656
0.42070144414901733
0.6846585273742676
0.7156327366828918
0.7166997194290161
0.9136104583740234
0.3667331337928772
0.4039413332939148
0.34523269534111023
0.5913609862327576
0.8461395502090454
0.5813388824462891
0.7137444615364075
0.4713864326477051
0.36496028304100037
0.34519678354263306
0.4155944883823395
0.6245089769363403
0.37827521562576294
0.6699156761169434
0.42686986923217773
0.5256721377372742
0.35392290353775024
0.78801029920578
0.21523968875408173
0.4575899541378021
0.6210874319076538
0.2365039587020874
0.7068772912025452
0.6874052286148071
0.44499215483665466
0.3807098865509033
0.43666601181030273
0.6224803924560547
0.38477271795272827
1.0601608753204346
0.372469961643219
0.8931077122688293
0.4322706162929535
0.93510502576828
0.5611995458602905
0.26666006445884705
0.5294634103775024
0.25271862745285034
0.3127512037754059
0.3969751000404358
0.4333950877189636
0.41374215483665466
0.6302660703659058
0.4751497209072113
0.3950290083885193
0.6427773237228394
0.5363632440567017
0.42562374472618103
0.6637085676193237
0.4440361559391022
0.684839129447937
0.7390905618667603
0.7364581823348999
0.3356875479221344
0.2364823818206787
0.7624406814575195
0.9930933713912964
0.6074139475822449
0.20323333144187927
0.2584065794944763
0.29965996742248535
0.2288191318511963
0.13192233443260193
0.7193810343742371
0.826672375202179
0.46002134680747986
0.7162994146347046
0.7643194198608398
0.6087326407432556
0.9961352348327637
0.4521850645542145
0.3364104628562927
0.4337425231933594
0.45903247594833374
0.30780959129333496
0.45783868432044983
0.5454749464988708
0.32337021827697754
0.5674085021018982
0.26298707723617554
0.7920418381690979
0.5380328297615051
0.7649062871932983
1.3052968978881836
1.1144441366195679
0.39793747663497925
0.23651063442230225
0.42766276001930237
0.31454190611839294
0.39496341347694397
0.6828411817550659
0.5726390480995178
0.4755977690219879
0.20911698043346405
0.2865799069404602
1.1944701671600342
0.7685065269470215
0.33470267057418823
0.2079295814037323
0.23547840118408203
0.516183614730835
0.4594060778617859
0.6239504814147949
0.7942343950271606
0.5139127373695374
0.38040590286254883
0.4188518524169922
0.387056827545166
0.485384076833725
0.750653862953186
0.5565758347511292
0.6189243197441101
0.32929736375808716
0.9572054743766785
0.505158543586731
0.5333090424537659
0.37680909037590027
0.6589240431785583
0.5209625959396362
0.6954423785209656
0.6660721898078918
0.7048563361167908
0.5846048593521118
0.5311779975891113
1.0849027633666992
0.49197643995285034
0.33251088857650757
0.43645715713500977
0.7782866358757019
0.3959570527076721
0.2723531126976013
0.5792363286018372
0.8663139343261719
0.4471249580383301
0.562942385673523
0.5638500452041626
0.3167332708835602
0.21189120411872864
0.313687264919281
0.33538204431533813
0.38671666383743286
0.6311195492744446
0.4526244103908539
0.52169269323349
0.29080063104629517
0.6609725952148438
0.7627676725387573
0.3218322694301605
0.2820711135864258
0.4464680552482605
0.8328545689582825
0.39318591356277466
0.29168540239334106
0.5479108095169067
0.3248462378978729
0.5917688012123108
0.45195436477661133
0.16950932145118713
0.29947081208229065
1.4115417003631592
0.294165700674057
0.3365498483181
0.18916615843772888
0.44032812118530273
0.8291952013969421
0.8181473016738892
0.1790395975112915
0.47290220856666565
0.604377031326294
0.6788206696510315
0.46136975288391113
0.5685766339302063
0.47010308504104614
0.6837905645370483
1.0146567821502686
0.7560547590255737
0.7679044604301453
0.6507589221000671
0.673646092414856
0.3634335696697235
0.28240057826042175
0.5394741296768188
0.5353386998176575
0.5949169397354126
0.6687753796577454
0.2598666250705719
0.635488748550415
0.43182316422462463
0.45852336287498474
0.478605180978775
0.5373300313949585
0.22346992790699005
0.3075195848941803
1.011979579925537
0.34606996178627014
0.6460686922073364
0.6696351170539856
0.6735407114028931
0.4568618834018707
0.566118061542511
0.32214829325675964
1.0144579410552979
0.3645365238189697
0.46566638350486755
0.5039889812469482
0.45553961396217346
0.23438401520252228
0.4862026274204254
0.4540892243385315
0.5115262269973755
0.7568084001541138
1.0107570886611938
0.5948915481567383
0.6354855895042419
0.5982586145401001
0.7135732769966125
0.6344338059425354
1.1877440214157104
0.34828248620033264
0.3442501723766327
0.4928813874721527
0.37196582555770874
1.2165329456329346
0.2524290978908539
0.894670307636261
0.4039457440376282
0.8742960095405579
0.7995432019233704
1.0216233730316162
0.7732381224632263
0.8258088827133179
1.035447597503662
0.5857978463172913
0.5431159734725952
0.5917518734931946
0.6719141006469727
0.32249000668525696
0.547842800617218
0.9491693377494812
0.7463172674179077
0.5882869958877563
0.6642345190048218
0.6945839524269104
0.46297377347946167
0.6584146618843079
0.4172936975955963
0.4729234278202057
0.6783813834190369
0.9053042531013489
0.35023611783981323
0.5007731914520264
0.4857138693332672
0.3264625668525696
0.6635734438896179
0.3388901948928833
0.8068965673446655
0.6400071978569031
0.5909043550491333
0.6320633292198181
0.2991211414337158
1.1140635013580322
