0.36464425921440125
0.415994256734848
0.7108074426651001
0.3258858323097229
0.6271586418151855
0.31504935026168823
0.359203040599823
0.6694997549057007
0.40376120805740356
0.40674811601638794
0.3055760860443115
0.44103342294692993
0.6210430860519409
1.2617790699005127
0.7509368062019348
0.457388699054718
0.7874506711959839
0.10653875023126602
0.6191571354866028
0.6317137479782104
0.7624093294143677
0.6311529278755188
0.4981161057949066
0.4936012327671051
0.4156627058982849
0.5631595849990845
0.4678003787994385
0.5204296708106995
0.4079042375087738
0.46086758375167847
0.2753543555736542
0.3304864764213562
0.15274980664253235
0.6846715807914734
0.5929147005081177
0.39603978395462036
0.30358850955963135
0.5685334205627441
0.27809250354766846
0.4995112419128418
0.5528049468994141
0.4477766454219818
0.4385756552219391
0.8431525230407715
0.7174296379089355
0.2975171208381653
0.6625653505325317
0.7993979454040527
0.4890216290950775
0.42398256063461304
0.5117279291152954
0.30722594261169434
0.8818401098251343
0.9725724458694458
0.31207531690597534
0.7090672254562378
0.6246097683906555
0.35480937361717224
0.36798232793807983
0.43627676367759705
0.9531152844429016
0.6495572328567505
0.4437119960784912
0.5332604646682739
0.5373594760894775
0.4086510241031647
0.24822025001049042
0.44656628370285034
0.32090574502944946
0.46315646171569824
0.6411292552947998
0.5305510759353638
0.7264847755432129
0.47698602080345154
0.5825175642967224
1.4105616807937622
0.5969684720039368
0.8181060552597046
0.27063077688217163
0.4270614683628082
0.6958724856376648
0.3889717757701874
0.6000075936317444
0.6195845603942871
0.6726622581481934
0.23389804363250732
0.6518085598945618
0.17609217762947083
0.44174379110336304
0.8665977716445923
0.3738616108894348
0.7430979609489441
0.1829434335231781
0.8157251477241516
0.3582335114479065
0.7582675218582153
0.9077861905097961
0.7721172571182251
0.78130042552948
1.06373131275177
0.45358771085739136
0.8015376329421997
0.22064557671546936
0.50275719165802
0.6827194690704346
0.4607972204685211
0.6013964414596558
0.6669620275497437
0.5949348211288452
0.4388284683227539
0.3925466537475586
0.17871074378490448
0.6420356035232544
0.7432631850242615
0.7510145306587219
0.36729350686073303
0.42137008905410767
1.1131309270858765
0.5852432250976562
0.29160600900650024
0.3331725001335144
0.4721938967704773
1.1689496040344238
1.5779966115951538
0.31932955980300903
0.47790050506591797
0.2285497933626175
0.6087328195571899
0.37015753984451294
0.428445041179657
0.3598988354206085
0.33253341913223267
0.3129706382751465
0.2146897315979004
0.5438191294670105
1.0101139545440674
0.871456503868103
0.7056189775466919
0.4926534593105316
0.482612282037735
0.5315110683441162
0.3467000722885132
0.5943403244018555
0.8106402158737183
0.929090142250061
0.5717712640762329
0.4787830412387848
0.6967026591300964
0.48080524802207947
1.450579047203064
0.4818655848503113
0.4784706234931946
0.48031502962112427
0.5060393810272217
0.7033083438873291
0.5513094067573547
0.5691829919815063
0.627173900604248
0.6301678419113159
0.5261077284812927
0.44664448499679565
0.3119511306285858
0.5668469667434692
0.4158284068107605
0.7266820669174194
0.5361604690551758
0.7073056101799011
0.6746734380722046
0.5401657819747925
0.6503341794013977
0.5619442462921143
0.3748840093612671
0.9329603314399719
0.6980569958686829
0.7632408142089844
0.7796909213066101
0.22154030203819275
0.8426077961921692
0.47305941581726074
0.18975088000297546
0.5111753344535828
0.6606813073158264
0.3565651476383209
0.45161905884742737
0.3008091449737549
0.808868408203125
0.38049453496932983
0.5905804634094238
0.6027287840843201
0.2709982991218567
0.4248027205467224
1.0163952112197876
0.393877774477005
0.4548889100551605
0.5979726910591125
0.31599023938179016
0.32303714752197266
0.5325635671615601
0.5730161666870117
0.5519057512283325
1.1696536540985107
1.009224534034729
0.5434461832046509
0.5470767021179199
0.8423686027526855
0.7213804125785828
0.5748031735420227
0.2998945116996765
0.24506612122058868
0.3111860752105713
0.21343907713890076
0.2593880891799927
0.31022849678993225
0.3666538596153259
0.6187525987625122
0.2672644555568695
0.5518879890441895
0.18771182000637054
0.31707221269607544
0.9003866314888
0.427787721157074
0.6884332895278931
0.19086387753486633
0.6885806918144226
0.10040207952260971
0.6516038179397583
0.2364204376935959
0.27596378326416016
0.40989571809768677
0.5687959790229797
0.38890886306762695
0.6124738454818726
0.5940312147140503
0.5070522427558899
0.3422897756099701
0.2062784731388092
0.2321966141462326
0.8251098394393921
0.7264701128005981
0.4207209646701813
0.5934032201766968
0.3314889073371887
0.4613301157951355
0.6998081207275391
0.5977878570556641
0.5642789006233215
0.2363182008266449
0.2695396840572357
0.6363106966018677
0.6931136846542358
0.7365558743476868
0.9303265810012817
0.9439176321029663
0.352450430393219
0.4987794756889343
0.40953415632247925
0.23919419944286346
0.8317488431930542
0.5101040005683899
0.6321086883544922
0.9324980974197388
0.7521027326583862
0.29878905415534973
0.2981277406215668
1.3732701539993286
0.42384570837020874
0.31928715109825134
0.47479796409606934
0.34545865654945374
0.6417115330696106
0.5752406716346741
1.0084127187728882
0.4126618802547455
0.4739641547203064
0.8274822235107422
0.38457098603248596
0.6624270081520081
0.33414310216903687
0.4962990880012512
0.4174517095088959
0.629951536655426
0.31563884019851685
0.7202838659286499
0.31526702642440796
0.44855421781539917
0.3533022999763489
0.8226765394210815
0.5592373609542847
0.3937402367591858
0.4393308758735657
0.6828591227531433
0.5352379679679871
0.8721933364868164
0.36417144536972046
0.28966566920280457
0.46040263772010803
0.4070046842098236
0.4316090941429138
1.279160976409912
0.6213669776916504
0.4159108102321625
0.9224888682365417
0.15041875839233398
0.575290322303772
0.44486552476882935
0.2625126242637634
0.2066124975681305
0.8135755658149719
0.2846530079841614
0.604601263999939
0.5416497588157654
0.45397454500198364
0.636013925075531
0.5343118906021118
0.5247094631195068
0.5037338137626648
0.4779319763183594
0.23260729014873505
0.25979214906692505
0.5676363110542297
0.26951345801353455
0.2321549355983734
0.5873687267303467
0.6745454668998718
0.4382820725440979
0.34399035573005676
0.2965417802333832
0.5042229890823364
0.5611869096755981
0.6209673285484314
0.6848557591438293
0.6657072305679321
0.4781559407711029
1.1640501022338867
0.33739787340164185
0.702380359172821
0.8117969632148743
0.4378395080566406
