0.5055035352706909
0.47499600052833557
0.424809068441391
0.5576773881912231
0.5327072143554688
0.6295695304870605
0.21218553185462952
0.7611488699913025
0.6257048845291138
0.3749350607395172
0.2505315840244293
0.5560919642448425
0.5536080598831177
0.42009836435317993
0.6305972933769226
0.3232698440551758
0.6539521217346191
0.5970768332481384
0.399396151304245
0.5084577798843384
0.601632297039032
1.0365777015686035
0.8423514366149902
0.35547947883605957
0.527482807636261
0.7260338068008423
0.924359917640686
0.5004499554634094
0.29293087124824524
0.6947013735771179
0.42125600576400757
0.5463050603866577
1.0667712688446045
0.602568507194519
0.6372218728065491
0.61134272813797
0.483020156621933
0.6407651305198669
0.6667894124984741
0.5360103845596313
0.30929458141326904
1.0036869049072266
0.46130895614624023
0.2208358347415924
0.3954465985298157
0.544861912727356
0.18265751004219055
0.505625307559967
0.2914588451385498
0.6947258114814758
0.5075012445449829
0.8417397737503052
0.410270631313324
0.7289459109306335
0.36210745573043823
0.5092204213142395
0.5324150919914246
0.33029431104660034
0.6901576519012451
1.0197970867156982
0.27308017015457153
0.850975513458252
0.8200405836105347
0.2989543080329895
0.9767892956733704
0.7905495762825012
0.5578130483627319
0.5403627157211304
0.6819623112678528
1.1417182683944702
0.6020298004150391
0.5176406502723694
0.8660472631454468
0.3888898491859436
0.5315008163452148
0.40144139528274536
0.8968068361282349
0.7580890655517578
0.4067802429199219
0.5256432294845581
0.8659536242485046
0.6483618021011353
0.6269474625587463
0.5682390332221985
0.6834861636161804
0.5390834212303162
0.13981199264526367
0.34266647696495056
0.28539690375328064
0.4516480565071106
1.3549985885620117
0.7843338251113892
0.49461236596107483
0.5066622495651245
0.35794830322265625
0.48562756180763245
0.41664114594459534
0.2831138074398041
0.668645977973938
0.5723798871040344
0.5758965611457825
0.5235805511474609
0.8921996355056763
0.5137056708335876
0.47026199102401733
0.6767876148223877
0.5328420996665955
0.23297762870788574
0.6407138109207153
0.3613855540752411
0.8703290224075317
0.34828197956085205
0.23187415301799774
0.8328588604927063
0.25484544038772583
0.47282734513282776
0.7877283692359924
0.5688790082931519
0.7543465495109558
0.6596721410751343
0.2683597505092621
0.6859105825424194
0.6913978457450867
0.3097662329673767
0.4303153157234192
0.5303106307983398
0.5199497938156128
0.35406404733657837
0.3158499300479889
0.5076711177825928
0.9295946359634399
0.4755214750766754
0.3761799931526184
0.4013504981994629
0.3724243640899658
0.618202269077301
0.6135578751564026
0.6527612805366516
0.42672452330589294
0.7305459976196289
0.6041474342346191
0.3878346383571625
0.3883807361125946
0.5624927282333374
0.6620501279830933
0.328375905752182
0.5439358949661255
0.2599644660949707
0.3575817048549652
0.6756939888000488
0.5546169281005859
0.3280758857727051
0.7270722389221191
0.3098049759864807
0.4693152904510498
0.8547950983047485
0.5662084817886353
0.717856764793396
0.5756199955940247
0.6506465673446655
0.3914942443370819
0.6103740930557251
0.5746698379516602
0.694705605506897
0.5697445273399353
0.34557580947875977
0.36595675349235535
0.45343494415283203
0.6950964331626892
0.3072049915790558
0.92779940366745
0.9390586614608765
0.47182369232177734
0.2617754638195038
0.9279605150222778
0.8447049260139465
0.40833455324172974
0.19797924160957336
0.43930044770240784
0.4269525110721588
1.075321912765503
0.42247453331947327
0.666178822517395
0.33970826864242554
0.48454737663269043
0.8403041958808899
0.35718685388565063
0.7705566883087158
0.27915284037590027
0.47276315093040466
0.5504712462425232
0.5346375703811646
0.6046556234359741
0.541728675365448
0.5138382315635681
0.5022996068000793
0.3614519536495209
0.4664928913116455
0.3059383034706116
0.533013641834259
0.6198781132698059
0.5362476706504822
0.6640280485153198
0.5157991647720337
0.5864416360855103
0.32025235891342163
0.9341832995414734
0.756677508354187
1.02435302734375
0.37982168793678284
0.5384966135025024
0.6886215806007385
0.2090759575366974
0.6739263534545898
0.3488289713859558
0.5394555330276489
0.5641628503799438
0.8566116094589233
0.7028441429138184
0.993882954120636
0.6611178517341614
0.5465887188911438
0.485446035861969
0.5030248761177063
0.4682375490665436
0.32980307936668396
1.0163177251815796
0.7911583781242371
0.3815494179725647
0.528166651725769
0.3806692361831665
0.5000271797180176
0.7932818531990051
0.33934441208839417
0.42904964089393616
0.6634789705276489
0.5546736717224121
0.7533845901489258
0.2835094928741455
0.5773804187774658
0.9113180041313171
0.7405063509941101
0.45766621828079224
0.20136454701423645
0.8656957745552063
0.9564982652664185
0.4618909955024719
0.35212376713752747
0.39482975006103516
0.7003970742225647
0.29507848620414734
0.514962911605835
0.5886573195457458
0.5149056315422058
0.4298153519630432
0.44353705644607544
0.32312604784965515
0.2164011001586914
0.375274121761322
0.7100470662117004
0.3443218469619751
0.2847570776939392
0.4168223738670349
0.5374002456665039
0.8857843279838562
0.35840699076652527
0.54595947265625
0.6424931287765503
0.9967342615127563
0.9745619893074036
0.28876063227653503
0.5852454304695129
1.142437219619751
0.3449527621269226
0.5339910984039307
0.49287280440330505
0.3658950924873352
0.9417815208435059
0.35131150484085083
0.48566070199012756
0.8510252237319946
0.4664641320705414
0.5401306748390198
0.27618858218193054
0.9651675224304199
0.45155516266822815
0.36793622374534607
0.6960128545761108
1.4536020755767822
0.40679794549942017
0.5522944331169128
0.6573243737220764
0.43896812200546265
0.5446665287017822
0.47413888573646545
0.577811062335968
0.2444917857646942
0.5075172185897827
0.6710022687911987
0.4545125961303711
0.45531606674194336
0.4178202152252197
0.7200290560722351
0.32298487424850464
0.45242270827293396
0.506568193435669
0.6361486911773682
0.5670257210731506
0.4104638695716858
0.7156220078468323
0.33208686113357544
0.4743832051753998
0.5498870015144348
0.4183676242828369
0.5005139708518982
0.6544837951660156
0.5748724937438965
0.2548598647117615
0.1681232750415802
0.5291755795478821
0.5125805735588074
0.3661641478538513
0.419487863779068
0.5055882334709167
0.5004292726516724
0.25580891966819763
0.6351035833358765
0.5658262968063354
0.5987548828125
0.8270257711410522
0.6010602712631226
0.3036118447780609
0.5304993391036987
0.6934641599655151
0.6051530838012695
0.5796107053756714
0.6772292256355286
1.2452646493911743
