0.644345223903656
0.41866666078567505
0.5782312750816345
0.4580386281013489
0.5117100477218628
0.9640570878982544
0.1047416552901268
0.8115242123603821
0.40251463651657104
0.4761834740638733
0.5881180763244629
0.6088320016860962
0.2876760959625244
0.4530337452888489
0.49887681007385254
1.066873550415039
0.35812193155288696
0.474400132894516
0.39263686537742615
0.3636622726917267
0.6262546181678772
0.8614320755004883
0.3531527519226074
0.42906245589256287
0.5753186345100403
0.37028178572654724
0.3085225820541382
0.5180003643035889
0.6021762490272522
1.3983488082885742
0.40915894508361816
0.3615540862083435
0.541231632232666
0.7128931283950806
0.4183809757232666
0.5382431149482727
0.14366836845874786
0.3944101333618164
0.5502612590789795
0.6010609865188599
0.5763961672782898
0.439094215631485
0.3345446288585663
0.696321964263916
0.4275316298007965
0.42711395025253296
0.7920958399772644
0.589865505695343
0.537828266620636
0.8065034747123718
0.41242438554763794
0.3529347777366638
0.3473891615867615
0.3630022406578064
0.7047256231307983
0.5614125728607178
0.6630555987358093
0.5245383977890015
0.5613895058631897
0.7877801060676575
0.39022064208984375
0.46219292283058167
0.3564799427986145
0.7595097422599792
0.6816290020942688
0.4851228594779968
0.3980094790458679
0.41807642579078674
0.20631849765777588
0.2003677785396576
0.8930872082710266
0.528608500957489
0.2834009528160095
0.29674211144447327
0.6041693687438965
1.102647066116333
0.5971266031265259
0.35453224182128906
0.32470107078552246
0.4638752341270447
0.5419572591781616
0.6014362573623657
1.0190826654434204
0.6044749617576599
0.48695772886276245
0.24079056084156036
1.0544044971466064
0.21283800899982452
0.22570958733558655
0.3964873254299164
0.6064934730529785
0.5666152238845825
0.5059777498245239
0.6012848615646362
0.3154004216194153
0.8246437907218933
0.5548621416091919
0.6135692596435547
0.5520865321159363
0.47709423303604126
0.3236153721809387
0.4370003640651703
0.5766874551773071
0.3942605257034302
0.5067270994186401
0.6328092217445374
0.8451868891716003
0.5554463267326355
0.6273406147956848
0.4867258071899414
0.4684544503688812
0.5542683601379395
0.5256271362304688
0.4121776223182678
0.8849908113479614
0.6812980771064758
0.7891815304756165
0.32848915457725525
0.5703935623168945
0.6526347994804382
0.3458647131919861
0.4313955307006836
0.40963974595069885
0.9447413682937622
0.4855121672153473
1.2028878927230835
0.5220648050308228
0.40810829401016235
0.292144238948822
0.3534165322780609
0.4409236013889313
0.2418900430202484
0.4710485339164734
0.5763071179389954
0.48337021470069885
0.3502197563648224
0.34080857038497925
0.21331386268138885
0.9056450128555298
0.4182365834712982
0.1994965523481369
1.298025369644165
1.0363094806671143
0.5435212850570679
0.4147304594516754
0.38042330741882324
0.46657466888427734
0.4466368556022644
0.5329603552818298
0.5027647018432617
0.5149827599525452
1.1064069271087646
0.28691068291664124
0.8549183011054993
0.6451969146728516
0.39538708329200745
0.3814297616481781
0.6304507255554199
0.538711667060852
0.46504640579223633
0.2779080271720886
0.5642136335372925
0.5587038993835449
0.4090185761451721
0.44838351011276245
0.43902793526649475
0.8830353617668152
0.31149283051490784
0.4712154269218445
0.9204567670822144
0.27584847807884216
0.9464555978775024
0.2871059775352478
0.4591537415981293
0.4623281955718994
0.7188331484794617
0.7077322602272034
0.3198550045490265
0.8397216796875
0.717545747756958
0.924906849861145
1.0804762840270996
0.5198087692260742
0.4432052671909332
0.6505564451217651
0.4000020921230316
0.9124963879585266
0.4827827513217926
0.4067300856113434
1.1651326417922974
0.46379175782203674
0.564754843711853
0.5446733236312866
0.8574289083480835
0.31139713525772095
0.39657169580459595
0.6334052085876465
0.3029182553291321
0.30970555543899536
0.3783889412879944
0.6926888227462769
0.40092572569847107
0.5512548685073853
0.9271030426025391
0.5296297073364258
1.0745023488998413
0.2183680534362793
0.48299694061279297
0.387529194355011
0.6497700810432434
0.17162050306797028
0.6337607502937317
0.3357989192008972
0.4921991229057312
0.8710308074951172
0.17765600979328156
0.6415091156959534
0.33773019909858704
0.2842707633972168
1.024690866470337
0.4623583257198334
0.6057783961296082
0.6653217077255249
0.6709122061729431
0.49865007400512695
0.4249982237815857
0.3663713335990906
0.578145444393158
0.25182196497917175
0.5728508234024048
1.2454684972763062
0.2646181583404541
0.3470582664012909
0.5102524757385254
0.3035302758216858
0.4293947219848633
0.4654860496520996
0.6698859333992004
0.405327707529068
0.40175336599349976
0.8366166949272156
0.5197871923446655
0.5243996381759644
0.5261634588241577
1.0856937170028687
0.4108636975288391
0.6665676832199097
0.3559332489967346
0.4345150589942932
1.1142278909683228
0.540778636932373
0.768277645111084
0.19674712419509888
0.4076535105705261
0.5549315214157104
0.4946206212043762
0.27454349398612976
0.2806662321090698
0.48144179582595825
0.6986668705940247
0.5178242325782776
0.6336202621459961
0.3246332108974457
1.0694324970245361
0.4433077275753021
0.40498027205467224
0.3867305815219879
0.5811381340026855
0.7216712236404419
0.603183925151825
1.0201267004013062
0.5734739899635315
0.4895152151584625
0.9711858034133911
0.4296310544013977
0.3596285581588745
0.9700748324394226
0.3102763295173645
0.7134827971458435
0.6206670999526978
0.4381628930568695
0.5557039976119995
0.9035302996635437
0.6607557535171509
0.25641894340515137
0.30765101313591003
0.6662082076072693
0.3324311375617981
0.5182207822799683
0.37370333075523376
0.5906034708023071
0.3833807408809662
0.21757344901561737
0.14941775798797607
0.36976370215415955
0.5504627227783203
0.6420783996582031
0.5717443227767944
0.4550008177757263
0.8649774789810181
0.4436117112636566
1.4121582508087158
0.5564662218093872
0.42813390493392944
0.23427963256835938
0.4748631417751312
0.3710178732872009
0.6475922465324402
0.5341439843177795
0.7594472765922546
0.482491672039032
0.7321939468383789
0.21650691330432892
1.0053160190582275
0.23166394233703613
0.3322036862373352
0.31344395875930786
0.26585322618484497
0.5167182087898254
0.6600882411003113
0.5755453109741211
0.4927960932254791
0.9684972763061523
0.35617440938949585
0.31302767992019653
0.631292998790741
0.7494919300079346
0.44382795691490173
0.6063907742500305
0.2458721101284027
0.6478227972984314
0.39586231112480164
0.8485562205314636
0.7560486793518066
0.9663634300231934
0.2531321942806244
0.23474076390266418
1.4095606803894043
