0.8196573257446289
0.4270116686820984
0.4272679388523102
0.3800082802772522
0.5100463628768921
0.7845668792724609
0.39654552936553955
0.2289683073759079
0.3100593686103821
0.40437278151512146
0.3795814514160156
0.5024662017822266
0.5546225309371948
0.8749815225601196
0.39819028973579407
0.5834459066390991
0.23256854712963104
0.5524104833602905
0.31931382417678833
0.26807063817977905
0.8966438174247742
0.7884186506271362
0.748039186000824
0.5040708780288696
0.3043765723705292
0.6290326714515686
0.519956111907959
0.4543037414550781
0.7944964170455933
0.7098181843757629
0.4499514102935791
0.3641435205936432
0.3637002408504486
0.917616069316864
0.7366081476211548
0.5850536823272705
0.257330983877182
0.9268732070922852
0.525964617729187
0.37020736932754517
0.6204575300216675
0.48500338196754456
0.17611083388328552
0.19242039322853088
0.6839838027954102
0.7499019503593445
0.42964068055152893
0.3639446496963501
0.8888117074966431
0.5661951899528503
0.5465131998062134
0.28833431005477905
0.7097649574279785
0.5932416915893555
0.9088975191116333
0.5828248262405396
0.21333682537078857
0.3666783571243286
0.3573468029499054
0.7362736463546753
0.742171049118042
0.8136546015739441
0.5740944743156433
0.2780689597129822
0.3612954020500183
1.348373293876648
0.769573986530304
0.5102927088737488
0.33162933588027954
0.4621194005012512
0.7715789079666138
0.5400327444076538
0.841967761516571
0.39415377378463745
0.7756977081298828
0.5050926208496094
1.0324323177337646
0.43809595704078674
0.6885229349136353
0.7121475338935852
0.2786270081996918
0.5019979476928711
0.8731966018676758
1.283276081085205
0.44266557693481445
0.17195549607276917
0.4991579055786133
0.6267511248588562
0.8841522932052612
0.5996143221855164
0.336118221282959
0.36866647005081177
0.25882306694984436
0.21795399487018585
0.27708572149276733
0.49473875761032104
0.9172404408454895
0.6824263334274292
0.6524156928062439
0.5093327164649963
0.405975878238678
0.7666741609573364
0.3629128336906433
0.6468433141708374
0.33625274896621704
0.2527163326740265
1.0568511486053467
0.17020413279533386
0.45554715394973755
0.713178277015686
0.9805970191955566
0.9064284563064575
0.5002504587173462
0.3025871813297272
0.4911704957485199
0.3023151159286499
0.8466542959213257
0.2441631257534027
0.3649287521839142
0.507230281829834
0.3308311700820923
0.3279848098754883
0.44067686796188354
0.6252048015594482
0.24351704120635986
0.35794344544410706
0.5048803091049194
0.29093581438064575
0.4801076352596283
0.3874833881855011
0.8087476491928101
0.7241753935813904
0.334841787815094
0.3812786340713501
1.1693483591079712
0.30907320976257324
0.5831904411315918
0.31967395544052124
0.4633246958255768
0.25770241022109985
0.7302201390266418
0.6911143064498901
0.31257471442222595
1.4385820627212524
0.43631571531295776
0.4686546325683594
0.6011438369750977
0.6185240745544434
0.5081514120101929
0.16644784808158875
0.576539158821106
0.2559339702129364
0.7150799036026001
0.2449522465467453
0.36908334493637085
0.6448062658309937
0.5753362774848938
0.4361996054649353
0.34137430787086487
0.6320075988769531
0.5464103817939758
0.8997064828872681
0.5563888549804688
0.44745054841041565
0.4298167824745178
0.44507232308387756
0.7380985617637634
0.6676691174507141
0.817919135093689
0.25525107979774475
0.7806049585342407
0.843208909034729
0.4987336993217468
0.7335225939750671
0.3187468945980072
0.3828831911087036
0.5276229977607727
0.40877780318260193
0.46862465143203735
0.7665914297103882
0.8907365798950195
0.620302677154541
0.7387545704841614
0.4304503798484802
0.68332839012146
0.8771308660507202
0.6424347162246704
0.7164767980575562
0.521316647529602
0.33847561478614807
0.31357312202453613
0.49691396951675415
0.4073697626590729
0.45974022150039673
0.4765039384365082
0.6563456654548645
0.6047438979148865
0.39464396238327026
0.3952297568321228
0.4274560809135437
0.5068053007125854
0.5600564479827881
0.6157186627388
0.5589154958724976
0.5419893860816956
0.5457323789596558
0.24385997653007507
0.22383859753608704
0.3201083838939667
0.651001513004303
0.6302147507667542
0.35214465856552124
0.5461891293525696
0.5126592516899109
0.18842914700508118
0.5755857229232788
1.0770843029022217
0.45079249143600464
0.9659697413444519
0.5341058373451233
0.7485549449920654
0.15753260254859924
0.6091899275779724
0.19488275051116943
0.5405384302139282
0.7521321773529053
1.0634040832519531
1.0205894708633423
0.4387493133544922
0.3423362970352173
0.5104559659957886
0.450208842754364
0.8176204562187195
0.6444271802902222
0.30716103315353394
0.7577697038650513
0.19738765060901642
0.8068907856941223
0.45160895586013794
0.7352346181869507
0.49305543303489685
0.41894617676734924
0.6401501893997192
0.4496140480041504
0.6324893832206726
0.4844318926334381
0.6108301877975464
0.5372932553291321
0.33201509714126587
0.4576044976711273
0.5688782334327698
1.0682941675186157
0.6858530640602112
0.40506821870803833
0.40697234869003296
0.8069730997085571
0.9465873837471008
0.5653363466262817
0.4663715362548828
0.6072999238967896
0.30123046040534973
0.3741214871406555
0.7605599164962769
0.3547303378582001
0.4702051281929016
0.9924192428588867
0.8168050050735474
0.250824511051178
0.4988899827003479
0.2344624251127243
0.5055111050605774
0.5843007564544678
0.3119856119155884
0.6618925333023071
0.41121816635131836
0.5164863467216492
0.7383321523666382
0.43204736709594727
0.2733518183231354
0.5596650242805481
0.7243794798851013
1.022946834564209
0.4613727629184723
0.7556401491165161
0.9458662867546082
0.806705117225647
1.0647052526474
0.2509429454803467
0.5701990723609924
0.46290260553359985
1.022186040878296
0.5692237615585327
0.48951268196105957
0.48221397399902344
0.43369537591934204
0.2802406847476959
0.3706620931625366
0.37711986899375916
0.6617759466171265
0.5572553873062134
0.4950665533542633
0.7644924521446228
0.6870442628860474
0.3893806040287018
0.32547956705093384
0.30422443151474
0.33765682578086853
0.4658260941505432
1.0710229873657227
1.0360360145568848
0.5228521227836609
0.7117384672164917
0.6183323264122009
0.4620966911315918
0.516676127910614
0.30924755334854126
0.6226882338523865
0.49780482053756714
0.4282110631465912
1.0704865455627441
0.3922274708747864
0.5159320831298828
0.41479840874671936
1.1751713752746582
0.4686489999294281
0.42461347579956055
0.5195065140724182
0.3282777667045593
0.5718266367912292
1.8468936681747437
0.7760739326477051
0.4219226837158203
0.7456186413764954
0.6854346990585327
0.38555872440338135
0.7938283085823059
0.5601159930229187
0.6806733012199402
