0.6499940752983093
0.6108863949775696
0.2743276059627533
0.6608163714408875
0.4468785226345062
0.5104644298553467
0.6067571043968201
0.38752755522727966
0.949603259563446
0.5284426212310791
0.5303107500076294
0.5857153534889221
0.1769677996635437
0.22825877368450165
0.6243268251419067
0.347747266292572
0.5103150606155396
0.8935178518295288
0.3572521507740021
0.3431127965450287
0.3078892230987549
0.38022664189338684
0.7010078430175781
0.4649180471897125
0.43053188920021057
1.1517865657806396
0.6496939063072205
0.6114295721054077
0.37662774324417114
0.34795263409614563
0.5075573921203613
0.28453969955444336
0.3219475746154785
0.2921207547187805
0.3808114230632782
0.7423250079154968
0.774345338344574
0.5830531120300293
0.28009259700775146
0.48709002137184143
1.027982473373413
0.5109387636184692
0.810481071472168
0.5808503031730652
0.309169203042984
0.37794744968414307
0.3793097734451294
0.8332187533378601
0.3645872175693512
0.6649008989334106
0.5301294922828674
0.7540577054023743
0.917680561542511
0.3879730999469757
0.7248214483261108
0.3631803095340729
0.5567836761474609
0.4780360162258148
0.19038423895835876
0.1378537118434906
0.3061927556991577
0.4318188726902008
0.7359808683395386
0.4610576629638672
0.9393789172172546
0.2807510495185852
0.46750250458717346
0.3116457760334015
0.8219735026359558
0.2768268883228302
1.2518136501312256
0.3723042905330658
0.5850962996482849
0.9625690579414368
0.4714798033237457
0.36187782883644104
0.24403998255729675
0.662309467792511
0.4286743998527527
0.33363109827041626
0.26929527521133423
0.7244431376457214
0.2871328294277191
0.4228006899356842
0.6628152132034302
0.2845516800880432
0.4984055459499359
0.4221494793891907
0.45928701758384705
0.5253663063049316
0.41035500168800354
0.4214448034763336
0.706619143486023
0.6733156442642212
0.7446132898330688
0.6943254470825195
0.16800543665885925
0.42619237303733826
1.0979039669036865
0.3514114022254944
0.6075558066368103
0.6838372945785522
0.6355758905410767
0.49623480439186096
0.3159117102622986
0.9610581398010254
0.42779189348220825
0.21368184685707092
0.9314473867416382
0.4386366903781891
0.48783713579177856
0.3810354173183441
0.905722439289093
0.6021280884742737
0.6631311178207397
0.2875170111656189
0.45597895979881287
0.28718873858451843
0.5103862285614014
0.14440086483955383
0.2183813601732254
0.4584805965423584
0.6130734086036682
0.283136248588562
0.42234307527542114
0.5639685392379761
0.27617403864860535
0.47164273262023926
0.32060369849205017
0.5838303565979004
0.4378660321235657
0.5425711870193481
1.0089060068130493
0.5117592215538025
0.6675264239311218
0.5636981725692749
0.5632649660110474
0.7994066476821899
0.37015995383262634
0.6663214564323425
0.5478836297988892
0.20670659840106964
0.41373270750045776
0.5801090002059937
0.2898617684841156
0.31958505511283875
0.2920701801776886
0.3077967166900635
0.49148672819137573
0.5342629551887512
0.6506091356277466
0.3671063482761383
0.7210310101509094
0.7376422882080078
0.3081325888633728
0.28992605209350586
1.0271284580230713
1.0052995681762695
0.7233378291130066
0.40920940041542053
0.2917242646217346
0.5582489371299744
1.1056125164031982
0.39547955989837646
1.115677833557129
0.4721902310848236
0.3354104161262512
0.43673086166381836
0.30474671721458435
0.7907904386520386
0.38744157552719116
0.2858852744102478
0.7380437254905701
0.5704242587089539
0.5187918543815613
0.7139612436294556
0.7712900042533875
0.6200331449508667
0.5573953986167908
0.5411006212234497
0.4933815002441406
0.28803348541259766
0.9045084714889526
0.7202145457267761
0.4426801800727844
0.7144783139228821
0.5672507882118225
0.5624743700027466
0.45153680443763733
0.6811644434928894
0.2661607265472412
0.7232953906059265
0.51197749376297
0.3112960755825043
0.46306902170181274
0.9034334421157837
0.44036102294921875
0.40911322832107544
0.2367900311946869
0.28409263491630554
0.6667899489402771
0.31776905059814453
0.43475180864334106
0.5403758883476257
0.9095931053161621
0.3315378427505493
0.2838755249977112
0.8332475423812866
0.9588167071342468
0.4163474142551422
0.41627398133277893
0.4818265438079834
0.42804011702537537
0.7283564805984497
0.21357926726341248
0.2674000859260559
0.42575645446777344
0.6388227939605713
0.5626500844955444
0.8369210362434387
0.4022236764431
0.865916907787323
0.24054570496082306
0.3540596663951874
0.918914794921875
0.6185754537582397
0.5734186172485352
1.0612003803253174
0.7311417460441589
0.5804079174995422
0.7876453399658203
0.48889464139938354
0.5342345833778381
0.6654658317565918
0.7226565480232239
1.2148208618164062
0.24574899673461914
0.7572513818740845
1.1631208658218384
0.8297170400619507
0.5587199330329895
0.8190912008285522
0.5495112538337708
0.36115559935569763
1.0745514631271362
0.42830395698547363
0.8603841662406921
0.4882873594760895
0.49952036142349243
0.5231040716171265
0.5738083720207214
0.7228546738624573
0.38734132051467896
0.4228443205356598
0.5007274746894836
0.2244759351015091
0.4760371148586273
0.6482580900192261
0.6996676921844482
0.7567827105522156
0.6477194428443909
0.6627500653266907
1.2904521226882935
0.9292289018630981
0.19873175024986267
0.5532204508781433
0.6630162596702576
0.3615385591983795
0.4503163695335388
0.3840164840221405
1.1281929016113281
0.3312332034111023
0.32314345240592957
0.4573957324028015
0.3281847834587097
0.5614272356033325
0.47363072633743286
0.8735191226005554
0.7293866276741028
0.685014545917511
0.4959024488925934
0.48074769973754883
0.5103639364242554
0.34231752157211304
0.4559768736362457
0.4409550726413727
0.4574546217918396
0.4730948507785797
0.32246261835098267
0.3984457552433014
0.5952804684638977
0.4316067695617676
0.37005922198295593
0.35573917627334595
0.806662917137146
0.5398724675178528
0.6964715123176575
0.5101069808006287
0.6327134370803833
0.38384103775024414
0.5501731038093567
0.3778492510318756
0.35401108860969543
0.41673874855041504
0.5917965173721313
0.4710753560066223
0.3791794776916504
0.3151656985282898
0.2907932996749878
0.4461040496826172
0.4944118857383728
0.7238982915878296
0.25857827067375183
0.7328449487686157
0.30188241600990295
0.5406929850578308
0.41652506589889526
0.6372631788253784
0.7398761510848999
0.7789229154586792
0.6070650815963745
0.9187798500061035
0.35944613814353943
0.5709110498428345
0.6184977889060974
0.48384684324264526
0.5014864802360535
0.5988386273384094
0.48727789521217346
0.5590044260025024
0.5273596048355103
0.18044783174991608
0.5973626375198364
0.5608571171760559
0.5437127947807312
0.4970535635948181
0.3186376988887787
1.3998098373413086
