0.6201162338256836
0.5039507746696472
0.8880695104598999
0.5215789675712585
0.7903755903244019
0.4540328085422516
0.40437278151512146
0.7580660581588745
0.30077168345451355
0.6132034063339233
0.5041890144348145
0.39097005128860474
0.6080461740493774
0.2466922104358673
0.6204240918159485
0.35030844807624817
0.23189374804496765
0.7759088277816772
0.6432218551635742
0.33867594599723816
0.47775524854660034
0.9296804666519165
0.46744394302368164
0.5188568234443665
0.8430595397949219
0.40559977293014526
0.7536538243293762
0.4068838655948639
0.7868312001228333
0.3924108147621155
0.9538896679878235
0.6024717092514038
0.4410850405693054
0.6168595552444458
0.4902602732181549
0.8756157159805298
0.3967248797416687
0.38031497597694397
0.3655889630317688
0.5577824711799622
1.0966118574142456
0.6327559351921082
0.6211709976196289
0.8120464086532593
0.5551168322563171
0.578793466091156
0.2815086245536804
0.6110402345657349
0.5594921708106995
0.7434802055358887
0.6978686451911926
0.5654603242874146
0.29163816571235657
0.3086175322532654
0.32085031270980835
0.5872673392295837
0.8664156198501587
0.504959762096405
0.3313143253326416
0.6379626989364624
0.6366448402404785
0.8137262463569641
0.5032479166984558
0.3618227541446686
0.6106897592544556
0.4605025351047516
0.44079717993736267
0.911819577217102
0.887409508228302
0.8395912051200867
0.8292848467826843
0.5510193705558777
0.5714373588562012
0.42687416076660156
0.5980628728866577
0.24969413876533508
0.2519049644470215
0.7289848923683167
0.6989660263061523
0.3902251422405243
0.2745829224586487
0.49227175116539
0.6577849984169006
0.5753012299537659
0.5374060273170471
0.41210269927978516
0.7466742396354675
0.5780346393585205
1.0351711511611938
0.9992002248764038
0.525725245475769
0.7712327241897583
0.4976887106895447
0.45006340742111206
0.4898067116737366
0.45688605308532715
0.2641129493713379
0.3481318950653076
0.9557543992996216
0.3496128022670746
1.1064952611923218
1.1912461519241333
0.7573027014732361
0.4184024930000305
0.61033695936203
0.6904217004776001
0.8950109481811523
0.5248867273330688
0.5529005527496338
0.3715420067310333
1.0173511505126953
0.5114602446556091
0.7256497144699097
0.46033143997192383
1.1787201166152954
0.7590298652648926
0.63315349817276
0.5632873773574829
0.4669772982597351
0.3138865828514099
0.3624780476093292
0.28077787160873413
0.7641024589538574
0.329008549451828
0.618871808052063
0.4903002679347992
0.24805250763893127
0.5848878026008606
0.6202439069747925
0.871367335319519
0.9470003843307495
0.3150704503059387
0.586464524269104
0.4438251554965973
0.5898879170417786
0.4972800612449646
0.568670392036438
0.32655900716781616
0.7647017240524292
0.39482182264328003
0.3986266255378723
0.5309767127037048
0.5734157562255859
0.37241506576538086
0.44354599714279175
0.7198097109794617
1.4966862201690674
0.46300429105758667
0.5032874345779419
0.3103618919849396
0.49402523040771484
0.558933436870575
0.5062944889068604
0.44245654344558716
0.39217105507850647
0.42716413736343384
0.42677560448646545
0.517898678779602
0.7923678755760193
0.31231969594955444
0.25163573026657104
0.5412253141403198
0.8619948625564575
0.38400864601135254
0.18028804659843445
0.4802354872226715
0.768304169178009
0.310861200094223
0.23146572709083557
0.5637232661247253
0.5058221220970154
0.4333881735801697
0.45945149660110474
0.3398531377315521
0.34904569387435913
0.19559915363788605
0.29543209075927734
0.6906936764717102
0.6541722416877747
0.47274279594421387
0.6196988821029663
0.5835344195365906
0.2513560652732849
0.5919066071510315
0.3733130097389221
0.32602840662002563
0.538934588432312
0.5476964712142944
0.504655122756958
0.5880194902420044
0.42294541001319885
0.4923073351383209
0.48714524507522583
0.4924536347389221
0.7682715654373169
0.6344338059425354
0.1892969012260437
0.3952900767326355
1.342700719833374
0.15106359124183655
0.2873922884464264
0.4125388562679291
0.5886071920394897
0.9317666888237
0.27003225684165955
0.4368596076965332
0.35367757081985474
0.3828461766242981
1.0315378904342651
0.7218097448348999
0.38576990365982056
0.6229038238525391
0.4065481126308441
0.5047953128814697
0.26005786657333374
0.39704570174217224
0.11282411962747574
0.40099525451660156
0.96819007396698
1.0857114791870117
0.240848109126091
1.7626464366912842
0.5187135934829712
0.6034523248672485
0.5540656447410583
0.24208679795265198
0.8264163732528687
0.2513125538825989
0.6812179088592529
0.7666055560112
0.6977507472038269
0.8819791674613953
0.21702715754508972
0.3385661244392395
0.36480626463890076
0.5870036482810974
0.33368992805480957
0.6305823922157288
0.5147799253463745
0.37316828966140747
0.5380727648735046
0.43960538506507874
0.782244086265564
0.6246517896652222
0.4934193193912506
0.531923770904541
0.26682955026626587
0.46459031105041504
0.5715101361274719
0.3990315794944763
0.5325817465782166
0.5081597566604614
0.6950311660766602
0.46476396918296814
0.2589648962020874
0.8590062260627747
0.8350096940994263
0.3913000226020813
0.5234182476997375
0.3848530650138855
1.0565497875213623
0.34302547574043274
0.6279746294021606
0.5968788266181946
0.33598971366882324
0.265372097492218
0.2222430258989334
0.29351896047592163
0.2847117781639099
0.889494776725769
0.49390918016433716
0.5883142352104187
0.46702924370765686
0.41675037145614624
0.5307124257087708
0.2462480366230011
0.5813713073730469
0.5410550832748413
0.1580127626657486
0.42226800322532654
0.6512158513069153
0.7105182409286499
0.789527416229248
0.7142690420150757
0.8369760513305664
0.24035128951072693
0.7604914903640747
0.23550617694854736
0.38516172766685486
0.5365900993347168
0.5199460983276367
0.5005803108215332
0.3914565443992615
0.43109217286109924
0.5309252738952637
0.6473556756973267
0.4750238358974457
0.4712251126766205
0.9235079884529114
0.4821123480796814
0.28805238008499146
0.3315555453300476
0.733395516872406
0.5431958436965942
0.8833080530166626
0.7392724752426147
0.49685803055763245
0.47513675689697266
0.368470698595047
0.45978307723999023
0.3983047604560852
0.5138480067253113
0.252147376537323
0.29802989959716797
0.43746939301490784
0.3132006525993347
0.2302374392747879
0.5729084014892578
0.41192445158958435
0.5636764168739319
0.4852290153503418
0.5149281620979309
0.4606362283229828
0.8366308212280273
0.4630102217197418
0.38987478613853455
0.7839164137840271
0.35511451959609985
0.36367255449295044
1.2941410541534424
0.6906547546386719
0.4662235379219055
0.3731338679790497
0.47797805070877075
0.49629417061805725
1.0478907823562622
0.3307953476905823
1.591507911682129
