0.22170396149158478
0.2834310531616211
0.4061966836452484
0.19780783355236053
0.4561518728733063
0.13373684883117676
0.7879287600517273
0.4231983721256256
0.28089579939842224
0.5718415379524231
0.39620843529701233
0.49351629614830017
0.6879156827926636
0.4943298399448395
0.3403022885322571
0.5413001775741577
0.608631432056427
0.47802242636680603
0.3082791864871979
0.2723156213760376
0.29683032631874084
0.5002040266990662
0.8737398386001587
0.6042006611824036
0.34651559591293335
0.3312206268310547
0.5445886254310608
0.8542728424072266
0.704674482345581
0.8493797183036804
0.8079692721366882
0.2955901026725769
0.5930598378181458
0.7589168548583984
1.0954464673995972
0.4980723261833191
0.5934731364250183
0.5257746577262878
0.21154451370239258
0.5378614664077759
0.469750314950943
0.24250507354736328
0.4576393961906433
0.43793267011642456
0.9514104723930359
0.6300909519195557
0.4852817952632904
0.6052476167678833
0.6380260586738586
0.5152914524078369
0.9966903924942017
0.7161087989807129
0.2382081001996994
0.5651941299438477
0.6117584705352783
0.5247363448143005
0.38723620772361755
0.28665047883987427
0.8192030787467957
0.865174412727356
1.091048002243042
0.4021342396736145
0.8025469779968262
0.3152645230293274
0.5523437261581421
0.3053813874721527
0.47405678033828735
0.2698364555835724
0.4979817867279053
0.34225448966026306
0.7470143437385559
0.3644852936267853
0.8927610516548157
0.5322971940040588
0.35910505056381226
0.466930091381073
0.3156132102012634
0.7536354660987854
0.22379159927368164
0.3300553858280182
0.3836759030818939
0.6936706900596619
0.5044270157814026
0.41935762763023376
0.49761447310447693
1.1195322275161743
0.7730320692062378
0.657120406627655
0.5060170888900757
0.18869848549365997
0.5623043775558472
1.0414015054702759
0.9547497034072876
0.7184320688247681
0.4036893844604492
0.35430312156677246
0.40814846754074097
0.30742281675338745
0.511211633682251
0.7381728887557983
0.822985053062439
0.7441989779472351
0.5871208906173706
0.5392465591430664
0.5378970503807068
0.581002950668335
0.6727992296218872
0.44058331847190857
0.5343648195266724
0.6230675578117371
0.9181628227233887
0.5796638131141663
0.8517404794692993
0.615206241607666
0.5937516093254089
1.1293137073516846
0.3855258822441101
0.3500492572784424
0.5751319527626038
0.8732748031616211
0.7784172892570496
0.3424953520298004
0.5313915610313416
0.24826312065124512
0.6079703569412231
0.4813626706600189
0.5878292322158813
0.38272514939308167
0.3986177444458008
0.9315036535263062
0.9461712837219238
0.546413779258728
0.27476388216018677
0.5191787481307983
0.28275710344314575
0.5283126831054688
0.24037174880504608
0.5080406069755554
0.39085841178894043
0.5172240138053894
0.6824591159820557
1.132584810256958
0.9495441317558289
0.5816827416419983
0.6432817578315735
0.23675961792469025
0.37998881936073303
0.7106112241744995
0.5615000128746033
0.5186572074890137
0.7842903137207031
0.3042985796928406
0.4715651869773865
0.6777896285057068
0.4120549261569977
0.21078643202781677
0.7689179182052612
0.6680698394775391
0.7956176400184631
0.285930871963501
0.39173954725265503
0.4242491126060486
0.6201450228691101
1.409979224205017
0.6827422380447388
0.6548636555671692
0.4633193910121918
0.6271138191223145
0.2600078284740448
0.728878915309906
0.45793086290359497
0.3595881462097168
0.6728682518005371
0.5051827430725098
0.29918307065963745
0.6420583128929138
0.7295767068862915
0.46440067887306213
0.3813386857509613
0.2192317247390747
0.8052647709846497
0.5670654773712158
0.2644064426422119
0.4076712727546692
0.6760802268981934
0.7679117918014526
0.28943943977355957
0.46277862787246704
0.6728125810623169
0.5397276878356934
0.4338309168815613
0.48795074224472046
0.5086672902107239
0.363663911819458
0.8808725476264954
0.29434898495674133
0.9154726266860962
0.583014190196991
0.28078994154930115
0.28348058462142944
0.29242292046546936
0.4598051905632019
0.40691691637039185
0.33565616607666016
0.7601451873779297
0.9701958894729614
0.37026840448379517
0.35890820622444153
0.7261082530021667
0.3419291377067566
0.5226763486862183
0.38156452775001526
0.41788047552108765
0.2725760340690613
0.6035252809524536
0.7857378721237183
0.3519775867462158
0.31968700885772705
0.4411378800868988
0.5851662755012512
1.0306456089019775
0.28492075204849243
0.4159654676914215
0.24120478332042694
0.7276049852371216
0.31994467973709106
0.9719157218933105
0.6633156538009644
0.5428658723831177
0.2926507294178009
0.4268163740634918
0.8172873258590698
0.1814834475517273
1.4139233827590942
0.39183393120765686
0.42010951042175293
0.3293001055717468
0.31939682364463806
0.3956863284111023
0.31067293882369995
1.2083464860916138
0.4510643482208252
0.3351718485355377
0.503462016582489
1.2952197790145874
0.48617807030677795
0.1998646855354309
0.3310481011867523
0.4068855345249176
0.5915294289588928
0.5740691423416138
0.37569618225097656
0.5157724618911743
0.7121902704238892
0.477557897567749
0.5070846080780029
0.6484826803207397
0.49229374527931213
0.6086174249649048
0.3560475707054138
0.5358439683914185
0.2878837585449219
0.5237930417060852
0.5648903846740723
0.4067489504814148
0.7451955080032349
0.36185023188591003
0.5498331785202026
0.27917924523353577
0.6238275170326233
0.5998338460922241
1.0337307453155518
0.5846837759017944
0.37230899930000305
0.5098357796669006
0.5429425239562988
0.3565818667411804
0.5861798524856567
0.4048117697238922
0.3701009154319763
0.36551928520202637
0.6393170356750488
0.42012137174606323
0.5245110392570496
0.8241609334945679
0.8872643709182739
0.269040584564209
0.7165201306343079
0.61660236120224
0.5092712640762329
0.6861764192581177
0.5274821519851685
0.4920697808265686
0.440930038690567
0.38025152683258057
0.27476757764816284
0.6291346549987793
0.5297878980636597
0.8648405075073242
0.4946402907371521
0.5195296406745911
0.3735070526599884
0.30051812529563904
0.29260921478271484
0.54778653383255
0.5760790705680847
0.6791398525238037
0.25085169076919556
0.551143229007721
0.46961450576782227
0.7416805028915405
0.7211886644363403
0.21139506995677948
0.289925754070282
0.3565022945404053
0.3265770375728607
0.7314565181732178
0.7653752565383911
0.4623653292655945
0.7281956076622009
0.41331595182418823
0.12936517596244812
0.611429750919342
0.2575332224369049
0.599810004234314
0.5447040796279907
0.18595783412456512
0.2930241823196411
0.43401604890823364
0.480516254901886
0.9536010026931763
0.7793673276901245
0.3556009531021118
0.5037156939506531
0.45480936765670776
0.374729722738266
0.758979320526123
0.39317598938941956
