0.3890225291252136
0.5029617547988892
0.8535560369491577
0.6242550015449524
0.548237681388855
0.45504865050315857
0.31750476360321045
0.43955668807029724
0.36261826753616333
0.705335259437561
0.554428219795227
0.9501826167106628
0.4466656744480133
0.3136747479438782
0.455639123916626
0.5934643149375916
0.849890410900116
0.5884023904800415
0.5858484506607056
0.8740102648735046
0.49040016531944275
0.46077093482017517
0.31007611751556396
0.9955618977546692
0.651711642742157
0.21189570426940918
0.4839746952056885
0.5737506151199341
0.7124527096748352
0.8435412645339966
0.8984467387199402
1.1649630069732666
0.8281421661376953
0.713158130645752
0.2499845325946808
1.2830686569213867
0.36954814195632935
0.5634838938713074
0.7916828989982605
0.40466898679733276
0.6295397877693176
0.6424065828323364
0.33988308906555176
0.8020132184028625
0.42903393507003784
0.39902248978614807
0.5002986192703247
1.1547186374664307
0.42782822251319885
0.5792068839073181
0.8053175806999207
0.5790313482284546
0.47941213846206665
0.7735660076141357
0.3727266490459442
0.6295058131217957
0.6257982850074768
0.6784986257553101
0.6717071533203125
0.8567508459091187
0.7130843997001648
0.6606446504592896
0.6786882281303406
0.6729596853256226
0.9238489270210266
0.627546489238739
0.727702260017395
0.442875474691391
0.8813382983207703
0.36641451716423035
0.8069784045219421
0.9688043594360352
0.33624258637428284
0.5527332425117493
1.1567566394805908
0.9219104647636414
0.5856151580810547
0.48620182275772095
0.3397798240184784
0.41948074102401733
0.5079754590988159
0.6857234239578247
0.9281614422798157
0.49300140142440796
0.2868541181087494
0.27752232551574707
0.6896430253982544
0.5106998682022095
0.32288146018981934
0.5214800834655762
0.6770821809768677
0.9954522848129272
0.5623534917831421
0.3315161466598511
0.7843915224075317
0.6417309045791626
0.4126416742801666
0.42785876989364624
0.9056082963943481
0.4710187017917633
0.5391091108322144
0.32085710763931274
0.658678412437439
0.2727944552898407
0.5460096597671509
0.28782328963279724
0.3086741864681244
0.459082692861557
0.6895874738693237
0.6141544580459595
0.46617040038108826
1.01461660861969
0.6205881237983704
0.39206963777542114
0.416308730840683
0.512686550617218
0.4828759729862213
1.0584986209869385
0.5514187216758728
0.7246545553207397
0.8114281892776489
0.2566750645637512
0.8434554934501648
0.608512282371521
0.45341262221336365
0.48080405592918396
0.7207673788070679
0.5724433660507202
0.5376706123352051
0.40925103425979614
0.2660839259624481
0.47960346937179565
0.7727540731430054
0.8103892207145691
0.46222248673439026
0.5449613332748413
0.20509043335914612
0.3733200430870056
0.7783513069152832
0.30862894654273987
0.7883933186531067
0.6039188504219055
0.5948163270950317
0.4420293867588043
0.39769649505615234
1.3059333562850952
0.48388296365737915
0.5294239521026611
0.7278925180435181
0.39633479714393616
0.6005653142929077
0.4593423306941986
0.321519672870636
0.4594499170780182
0.4940013885498047
0.4707311689853668
0.7653791308403015
0.8751368522644043
0.7660908699035645
0.33690378069877625
0.3876355290412903
1.019376516342163
0.48191380500793457
0.40277424454689026
0.476741224527359
0.5252424478530884
0.4362657070159912
1.283517837524414
0.5444186329841614
0.3947311043739319
0.21137504279613495
0.7151381373405457
0.4461436867713928
0.37533441185951233
0.882756233215332
0.616463840007782
0.4872206151485443
0.4754573702812195
0.20137961208820343
0.7403327226638794
0.3617282211780548
1.1180200576782227
0.4459151327610016
0.7563399076461792
0.4661369323730469
0.42096954584121704
0.5831693410873413
0.6075219511985779
0.3143790364265442
0.5251069664955139
0.3698471188545227
0.2042226791381836
0.6094012260437012
0.5323297381401062
0.7050377130508423
0.7452921867370605
0.7782443761825562
0.4895270764827728
0.6502132415771484
0.42125949263572693
0.46263232827186584
0.44786161184310913
0.4092170298099518
0.4866829514503479
0.3113088011741638
0.4569741189479828
0.6604337692260742
0.953472912311554
0.7595530152320862
0.3671402037143707
0.5202528238296509
0.5398156046867371
0.7326307892799377
0.5982152819633484
1.4788939952850342
0.33322155475616455
1.1184132099151611
0.333159476518631
0.3800106644630432
0.43148064613342285
0.3410654067993164
0.6294762492179871
0.37461477518081665
0.714178740978241
0.3780764043331146
0.5557918548583984
0.38608914613723755
0.7570233941078186
0.12229921668767929
0.3861434757709503
0.6269604563713074
0.4281575083732605
0.3095208406448364
0.21538636088371277
0.40582171082496643
0.39615073800086975
0.5089188814163208
0.5797394514083862
0.4398597776889801
0.3808390200138092
0.7185189723968506
0.7781808376312256
0.7435808181762695
0.33882713317871094
0.6922258734703064
0.36554285883903503
0.6941857933998108
0.24319854378700256
0.7678841352462769
0.3059377074241638
0.45708274841308594
0.6883847117424011
0.7130447626113892
0.3646039068698883
0.2887707054615021
0.48110634088516235
0.4203459620475769
0.6604641079902649
0.46264752745628357
0.35632744431495667
0.5710396766662598
0.33557507395744324
0.5182085633277893
0.4586445689201355
0.6711600422859192
1.3472387790679932
0.32809311151504517
0.42107564210891724
0.5325464010238647
0.19388115406036377
0.6223697662353516
0.18704283237457275
0.3157024383544922
0.4078548848628998
0.7758310437202454
1.3832401037216187
0.4047974944114685
0.3808731734752655
0.4405698776245117
0.48444533348083496
0.5989558696746826
0.6958276033401489
0.3204527497291565
0.3033696413040161
0.3714198172092438
0.5117030143737793
0.81573486328125
1.131298542022705
0.7786751985549927
0.3238844573497772
0.2951684594154358
0.30173879861831665
0.30918073654174805
0.7742074728012085
0.37715405225753784
0.3108231723308563
0.23022086918354034
0.7814094424247742
0.5932101011276245
0.5207288265228271
0.5582044720649719
0.5764709711074829
0.2813890278339386
0.28161078691482544
0.6534281969070435
0.8337153196334839
0.8517322540283203
0.6319714784622192
0.37030428647994995
0.3677307665348053
0.3880321681499481
0.40568098425865173
0.37185031175613403
0.4123784899711609
0.14780989289283752
0.4634506106376648
0.2862776219844818
0.6755589246749878
0.32249003648757935
0.5786433219909668
0.36041563749313354
0.4332157075405121
0.8150225877761841
0.667701005935669
0.7317196130752563
0.6130394339561462
0.5236461162567139
0.9480224847793579
0.4387025833129883
0.2615818977355957
0.3257148265838623
0.4152541756629944
0.31530845165252686
0.5929981470108032
0.18991465866565704
0.5667074918746948
0.17328187823295593
0.9437897801399231
