0.5875545144081116
0.37686416506767273
0.42535001039505005
1.2509642839431763
0.48257771134376526
0.9712715148925781
0.6463007926940918
0.6637738347053528
0.9563957452774048
1.283719778060913
0.4536150395870209
0.6173009872436523
0.3197518289089203
1.2247470617294312
0.5386485457420349
0.9124100804328918
0.41434669494628906
0.37477853894233704
0.3492852449417114
0.47172099351882935
0.6082229614257812
0.43764764070510864
0.4966863691806793
0.5340636968612671
0.4849840998649597
0.3755846917629242
0.4144456386566162
0.41921836137771606
0.4217767119407654
0.16880694031715393
0.6210614442825317
1.142490029335022
0.5089873671531677
0.4849519729614258
0.7585412859916687
0.6212993860244751
0.19606690108776093
0.4622742533683777
0.35138174891471863
0.6763795018196106
0.532856285572052
0.6051989793777466
0.49916163086891174
0.6766033172607422
0.5367418527603149
0.4778009057044983
0.32111412286758423
0.36828377842903137
0.4555493891239166
0.5284153819084167
0.6119663715362549
0.5580745935440063
0.4451465606689453
0.43076714873313904
0.7146800756454468
0.3630785048007965
0.5848370790481567
0.45774751901626587
0.7840495705604553
0.8822169303894043
0.5004549622535706
0.4808081090450287
0.3103790879249573
0.4294910430908203
0.9041448831558228
1.3361982107162476
1.0586401224136353
0.37552088499069214
0.6197217702865601
1.0877741575241089
0.960287868976593
0.429403692483902
0.26838988065719604
0.5102247595787048
0.6117322444915771
0.40905624628067017
0.7747119665145874
0.6201434135437012
0.4279773235321045
0.5623522400856018
0.25673845410346985
0.3848477303981781
0.4991391599178314
0.647974967956543
0.2903464436531067
1.0750772953033447
0.5608941912651062
0.3018319606781006
0.285895973443985
1.015432596206665
0.4665709435939789
0.38141000270843506
0.3991909921169281
0.5589429140090942
0.5265456438064575
0.5549889802932739
0.36964115500450134
0.5701653361320496
0.9513047933578491
0.339324951171875
0.538485050201416
0.8279473185539246
0.5146329998970032
0.367780864238739
0.17729538679122925
0.6102058291435242
0.6962275505065918
0.6586092114448547
0.7141400575637817
0.6178256273269653
0.2872077524662018
0.33772292733192444
0.6083572506904602
0.31667524576187134
0.6152706742286682
0.48874521255493164
0.5412516593933105
0.5218744277954102
0.5655926465988159
0.6686386466026306
0.49963030219078064
0.42149797081947327
0.31608134508132935
0.652956485748291
0.34784454107284546
0.8153425455093384
0.5065468549728394
0.36082178354263306
0.6676413416862488
0.9490753412246704
0.573444128036499
0.2571823000907898
0.632090151309967
0.6834431290626526
0.7673680186271667
0.3684352934360504
0.6912637948989868
0.33246418833732605
0.5514949560165405
0.6419135928153992
0.6275693774223328
0.627456545829773
0.4031965136528015
0.7266102433204651
0.34135615825653076
0.126579150557518
0.6657158732414246
0.8953527212142944
0.3803688585758209
0.9000409841537476
0.9322900772094727
0.5680050849914551
0.2825319170951843
0.726171612739563
0.732160210609436
0.29574722051620483
0.9061673283576965
0.613804042339325
0.47056394815444946
0.6273337602615356
0.4078494906425476
1.1532013416290283
1.239179015159607
0.4913199543952942
0.49363571405410767
0.3550040125846863
1.050344467163086
0.38039204478263855
0.2601067125797272
0.30705004930496216
0.5890184640884399
0.5084730386734009
0.5559688210487366
0.5999847650527954
0.47365254163742065
0.381132036447525
0.8141040802001953
1.0163568258285522
0.5070828795433044
0.3066194951534271
1.2397983074188232
0.6528688669204712
0.5050799250602722
0.6925891041755676
0.4000697135925293
0.21596011519432068
0.9172945022583008
0.508305013179779
0.32022637128829956
0.487229585647583
0.43178343772888184
0.6850568056106567
0.4039610028266907
0.4823188781738281
0.596281886100769
0.7179340124130249
0.1937740445137024
0.3304877281188965
0.7038842439651489
0.34965401887893677
0.43357381224632263
0.3615041673183441
0.6073266267776489
0.9083787202835083
0.14131402969360352
0.6189914345741272
0.7392876744270325
0.30349022150039673
0.3986336588859558
0.3449399471282959
0.38197559118270874
0.3555471897125244
0.31237584352493286
0.6815189123153687
0.43306922912597656
1.0288474559783936
0.5940619111061096
0.5047043561935425
0.2005387246608734
0.8789421916007996
0.7578848600387573
0.9109722375869751
0.3993028998374939
0.6165422201156616
0.40616732835769653
0.33973532915115356
0.4255329668521881
0.30409297347068787
0.4147775173187256
0.5326431393623352
0.2243882119655609
0.33266934752464294
0.4897933900356293
0.25527626276016235
0.4135291576385498
0.17242152988910675
0.6446464657783508
1.5674971342086792
0.6796108484268188
0.3052484095096588
0.6593450307846069
0.40742355585098267
0.3253355622291565
0.4201187193393707
0.5593826770782471
0.5248457789421082
0.28685328364372253
0.15691456198692322
0.7432677149772644
0.31994882225990295
0.5007205009460449
1.16878342628479
0.39262932538986206
0.6501437425613403
0.18538761138916016
0.5071974992752075
0.2853236794471741
0.1827184557914734
0.6196083426475525
0.22602596879005432
1.4726667404174805
0.48593273758888245
0.3999263644218445
0.22729063034057617
0.3567243218421936
1.0143868923187256
0.39180147647857666
0.4543992578983307
0.6139417886734009
0.9577848315238953
0.4805872440338135
0.5567088723182678
0.5515635013580322
0.464813232421875
0.3706681728363037
0.5161646604537964
0.6112814545631409
0.8148830533027649
0.8271592855453491
0.6587491035461426
0.6508164405822754
0.544840395450592
0.4391116201877594
0.3468020558357239
1.0658315420150757
0.49240437150001526
0.25438547134399414
0.45087307691574097
0.587454617023468
0.637846827507019
0.6745556592941284
0.5381072163581848
0.37295928597450256
0.5062814354896545
0.5241145491600037
0.5612326264381409
0.48160243034362793
0.6390582919120789
0.532124936580658
0.4411248564720154
0.22197675704956055
0.2321869134902954
0.6468371748924255
0.5045598149299622
0.37749117612838745
0.5283948183059692
0.4568067193031311
0.5556524991989136
0.44501447677612305
0.7788671255111694
0.16437755525112152
0.33311134576797485
0.5349271297454834
0.8464614748954773
0.8182008862495422
0.5779592990875244
0.4390380382537842
1.025733470916748
0.6709388494491577
0.7847070097923279
0.6022139191627502
0.6577610373497009
0.7934249639511108
0.4788109362125397
0.6760402917861938
0.8058263659477234
0.6307840347290039
0.516276478767395
0.40921300649642944
0.3909936249256134
0.4411453306674957
1.0119378566741943
0.7341526746749878
0.8815517425537109
0.5204919576644897
0.54344642162323
0.49924570322036743
0.053450822830200195
