0.6838964223861694
0.4231018126010895
0.7122765779495239
0.6823435425758362
0.9999424815177917
1.0643060207366943
0.5842961072921753
0.722298800945282
1.099407434463501
0.8533865809440613
0.49675655364990234
0.6683951616287231
0.6219643354415894
0.9110594987869263
0.8318396806716919
0.7316651344299316
0.8452788591384888
0.43299707770347595
0.5851947069168091
1.541425108909607
0.5647002458572388
0.6602784991264343
0.813940167427063
1.1679490804672241
0.8319848775863647
0.7901132106781006
0.9865880012512207
1.008719563484192
0.7548021078109741
0.7915393710136414
0.6658393144607544
0.6299233436584473
0.47779256105422974
0.7457269430160522
0.996819794178009
0.49196356534957886
0.4714597165584564
0.8069919347763062
0.6089757084846497
0.6123703122138977
0.6221747398376465
0.7656382322311401
0.5784643888473511
0.8252229690551758
0.6567312479019165
0.6476079225540161
0.7533698081970215
0.6451824903488159
0.9792760014533997
0.5551765561103821
0.7014001607894897
0.9342470169067383
0.7754770517349243
0.5311878323554993
1.0944139957427979
0.48776134848594666
0.5252240896224976
0.6089531779289246
1.328400731086731
0.6896711587905884
0.9887821078300476
0.6210116744041443
0.7865018248558044
0.8750194311141968
0.9099557995796204
0.8321626782417297
0.8305570483207703
0.610802948474884
0.6403981447219849
0.8249630928039551
0.4735315442085266
0.4940834045410156
0.8726313710212708
0.9328436851501465
0.6271262764930725
0.5060830116271973
0.5557302236557007
0.9193118810653687
0.6749725341796875
0.6120829582214355
0.9260358810424805
1.5959006547927856
0.7582582235336304
0.6282930374145508
0.9820407629013062
0.7939065098762512
0.9036652445793152
0.9195629358291626
0.5530095100402832
0.43468648195266724
0.523970365524292
0.6477746963500977
0.7053778171539307
1.0905195474624634
0.6842549443244934
0.6899462938308716
0.7770867943763733
0.7072331309318542
0.9145737886428833
0.3464414179325104
0.6636857986450195
0.7807971239089966
0.7977088093757629
1.0777987241744995
0.7443634271621704
0.606935977935791
0.7625429630279541
0.6639523506164551
0.9529994130134583
0.4116946756839752
0.9305852651596069
1.1435867547988892
0.7225838899612427
0.6537337303161621
0.6846837997436523
0.4251200556755066
0.843952476978302
0.6578127145767212
0.6667079925537109
0.5869512557983398
0.6439144015312195
0.9332433938980103
0.615470290184021
1.0822631120681763
0.9198686480522156
0.6429283022880554
0.593870997428894
0.7306485772132874
0.47919362783432007
0.9161598086357117
0.6082931756973267
0.5715944170951843
0.5477519035339355
0.770616888999939
0.9699428677558899
0.5539995431900024
0.43535691499710083
0.8655651211738586
0.6981726288795471
0.6283925175666809
0.9147947430610657
0.5069777369499207
0.8659355044364929
0.6002503633499146
0.562253475189209
0.6398376226425171
0.8654200434684753
0.6649786233901978
0.42369356751441956
0.5953333973884583
0.6666554808616638
0.5460978746414185
0.3458021283149719
0.7422434687614441
0.9203859567642212
0.5586380362510681
0.49988189339637756
1.0798282623291016
0.6918692588806152
0.6933990716934204
0.5159748792648315
0.8238447904586792
0.522915244102478
0.48215430974960327
0.4090803563594818
0.8530110120773315
0.7320584058761597
0.7312281727790833
0.7359431385993958
0.7575475573539734
0.949554443359375
0.6249226331710815
0.669362485408783
0.45336857438087463
0.36532142758369446
0.584592342376709
0.6916295289993286
0.4412613809108734
0.6966758966445923
1.1725584268569946
0.6859639883041382
0.9409597516059875
0.6575711965560913
0.6047285795211792
0.44652634859085083
1.3107134103775024
0.5181862711906433
0.46092039346694946
0.37824445962905884
1.0954170227050781
0.8540796041488647
0.8170940279960632
0.6032260656356812
0.47598639130592346
0.6608854532241821
0.4933880865573883
0.3371281325817108
0.6623729467391968
0.3945794105529785
0.7617164254188538
0.9160536527633667
0.8566073179244995
1.4630208015441895
0.5738409161567688
0.6126145720481873
0.6274406909942627
0.70380038022995
0.9036394953727722
0.8645853996276855
0.8936724662780762
0.8855966329574585
0.41589632630348206
0.5630707740783691
0.6992222666740417
0.6768800020217896
0.7452195882797241
0.5211941003799438
0.5757129788398743
0.7193911671638489
0.4945549964904785
0.7203774452209473
0.8926337957382202
0.44966617226600647
0.4666929244995117
0.5510627031326294
0.48740607500076294
1.3107237815856934
0.541801929473877
0.5225478410720825
0.6804360151290894
0.7745693922042847
0.40725016593933105
0.6925947070121765
0.47570180892944336
0.3761614263057709
0.5945051908493042
0.5472806692123413
0.689246654510498
0.3451611399650574
0.7076743841171265
1.0918384790420532
1.1060373783111572
0.6759167313575745
0.8684825897216797
1.1262768507003784
0.6404370069503784
0.6928974390029907
0.7992638349533081
0.9466644525527954
0.8709007501602173
0.9661839604377747
0.8996575474739075
0.630711019039154
0.847812294960022
0.5124057531356812
0.5769718885421753
0.7991698980331421
0.8055953979492188
0.619566798210144
0.5992374420166016
0.5352455377578735
0.35493987798690796
0.9161907434463501
1.3552782535552979
0.6818194389343262
0.9429776072502136
0.539691150188446
0.9059101343154907
0.7029865980148315
0.7693517804145813
0.7013131380081177
1.2164264917373657
0.7273971438407898
0.4988280236721039
0.8489195108413696
1.0032137632369995
0.7412634491920471
0.6557739973068237
0.43781518936157227
0.6230418086051941
0.623116672039032
0.797389030456543
0.8338559865951538
1.0357283353805542
0.9622865915298462
0.8628185391426086
0.6052089929580688
0.7889442443847656
0.6563299894332886
0.7730436325073242
1.0706576108932495
0.44146615266799927
0.8281823992729187
1.38973069190979
0.45510536432266235
1.1040815114974976
1.0010805130004883
0.414193719625473
0.5078638792037964
0.8151125907897949
0.7770116925239563
0.4411695599555969
0.4201558232307434
0.9938023686408997
0.7439470291137695
1.005190372467041
0.6304199695587158
0.7216314077377319
0.9000012278556824
0.5129011273384094
0.8410981297492981
0.7027815580368042
0.69629967212677
0.6567083597183228
0.638839840888977
1.007749080657959
0.6982403993606567
0.7242734432220459
0.8056029081344604
0.7937628030776978
0.5606092214584351
0.7252107262611389
0.6990016102790833
0.6636362075805664
0.4738542437553406
1.1002432107925415
0.5013381838798523
0.8793110847473145
0.5673832893371582
0.8487051129341125
0.7242716550827026
0.7386646270751953
0.6663190126419067
0.9040204286575317
0.8023319244384766
1.047250509262085
0.6207977533340454
0.44198641180992126
