0.3807559907436371
1.2171313762664795
0.3306789994239807
0.411599338054657
0.41259631514549255
0.3288368582725525
0.8345917463302612
0.5574691891670227
0.3352436423301697
0.588220477104187
0.33318957686424255
0.38880616426467896
0.36046090722084045
0.4446220397949219
0.6758730411529541
0.49462002515792847
0.8647259473800659
0.3450315594673157
0.633257269859314
1.093230128288269
0.8668926358222961
0.5573918223381042
0.5530312657356262
0.47505149245262146
0.6567612886428833
0.875643253326416
0.7660569548606873
0.5983661413192749
0.4942874014377594
0.47049254179000854
0.5448647737503052
0.8653296232223511
0.7743740081787109
0.5430788993835449
0.6577116250991821
0.5872804522514343
0.3321196734905243
0.30341535806655884
0.49002689123153687
0.4649370312690735
0.6843990087509155
0.5969051122665405
0.9509313702583313
0.6111431121826172
0.26680463552474976
0.5889090895652771
0.3786413073539734
0.8154693841934204
0.4045746922492981
0.2849184572696686
0.5025514364242554
0.4597814083099365
0.7663004994392395
0.1993616819381714
0.387854665517807
1.1175341606140137
0.30400925874710083
0.5792199373245239
0.45773372054100037
0.3821081519126892
0.596659779548645
0.40238404273986816
0.35501769185066223
0.35475143790245056
0.38789641857147217
0.5206761360168457
0.7618014812469482
0.5428464412689209
0.544609010219574
0.320864200592041
0.3142724633216858
0.5422022938728333
0.6470707654953003
0.6579275727272034
0.552875280380249
0.4525059759616852
1.1265625953674316
0.40023985505104065
0.4098584055900574
0.5302311778068542
0.31382936239242554
0.36523470282554626
0.4925735592842102
0.42522865533828735
0.6886562705039978
0.42520275712013245
0.7468722462654114
0.7220033407211304
0.1621704399585724
0.7753121256828308
0.5155755877494812
0.3774796426296234
0.7226365208625793
0.18551978468894958
0.31911835074424744
0.5663633942604065
0.24750447273254395
0.40621909499168396
0.7625465393066406
0.26044583320617676
0.22869598865509033
0.36222320795059204
0.7005107402801514
0.2954758405685425
0.5067363381385803
0.39889150857925415
0.7632001638412476
0.6874410510063171
0.6191610097885132
0.40122658014297485
0.34377726912498474
0.15275385975837708
0.21484895050525665
0.21237823367118835
0.35392531752586365
0.7984586954116821
0.4270731806755066
0.6182367205619812
0.3988024890422821
0.3426838517189026
0.39170143008232117
0.5077300071716309
1.5783028602600098
0.23483431339263916
0.4771987497806549
0.44711223244667053
0.6659905910491943
0.38838157057762146
0.5164036154747009
0.7044073343276978
0.4383166432380676
0.2197563648223877
1.2048767805099487
0.7195043563842773
0.6638652086257935
0.26283806562423706
0.5900028944015503
0.2650718688964844
0.6990302801132202
0.30521586537361145
0.9602657556533813
0.46559247374534607
0.9531014561653137
0.2800353467464447
1.2681238651275635
0.8673124313354492
0.6255749464035034
0.39075925946235657
1.2525399923324585
0.6439470052719116
0.3190078139305115
0.29230114817619324
0.20916500687599182
1.185028314590454
0.7210911512374878
0.7300564646720886
0.7800240516662598
0.41504114866256714
0.5724817514419556
0.4559311270713806
0.35721585154533386
0.5631663203239441
0.33305540680885315
0.3184863030910492
0.26723164319992065
0.7271271347999573
0.6788886785507202
0.8492587804794312
0.42060166597366333
0.41058349609375
0.436404287815094
0.5618037581443787
0.43855851888656616
0.6758024096488953
0.5947819948196411
0.5779642462730408
1.3337690830230713
0.22271370887756348
0.5539043545722961
0.3315095901489258
0.6455908417701721
0.6592302322387695
0.5010918974876404
0.9021342992782593
0.2679818868637085
0.871074378490448
0.3711242973804474
0.41000136733055115
0.7690984606742859
0.36184754967689514
0.7296759486198425
0.37084999680519104
0.45581579208374023
0.25036516785621643
0.41006821393966675
0.8861217498779297
0.34339410066604614
0.5453912019729614
0.3837129473686218
0.9696403741836548
0.3669021725654602
0.412752628326416
0.468904972076416
0.5526032447814941
0.5249921083450317
0.44559699296951294
0.6116364598274231
0.6379984021186829
0.688470721244812
0.33445581793785095
0.26896238327026367
0.28973332047462463
0.39092618227005005
0.5772754549980164
0.4601110816001892
0.5691159963607788
0.7533196210861206
1.0886662006378174
0.3485492467880249
0.428173691034317
0.3105029761791229
0.9323557615280151
0.5579009056091309
0.6221824884414673
0.6842249035835266
0.8350402116775513
0.528854250907898
0.44075530767440796
0.35773584246635437
0.37564969062805176
0.29271775484085083
0.8081463575363159
0.8940843343734741
0.4427680969238281
0.32900184392929077
0.2732425928115845
0.7328685522079468
0.464205801486969
0.181815043091774
0.3936184346675873
0.580400824546814
0.4037078022956848
0.24399320781230927
0.8004001379013062
0.4947183132171631
0.5865607261657715
0.4946984648704529
0.6861752271652222
0.8451442718505859
0.2993859648704529
0.7069778442382812
0.18027767539024353
0.30555060505867004
0.44355955719947815
0.38341760635375977
0.792120099067688
0.8711481094360352
0.7623230218887329
0.5013037323951721
0.3025299310684204
0.33472520112991333
0.2249046266078949
0.6340624690055847
0.6226446628570557
0.4193045496940613
0.3482857346534729
0.9144458770751953
0.7921016812324524
1.3163318634033203
0.282817542552948
0.49393486976623535
0.5580499172210693
0.3589417040348053
0.6856892108917236
0.39092376828193665
0.8785792589187622
0.45467764139175415
0.23412370681762695
0.4338739812374115
0.25420448184013367
0.5988309979438782
0.8673137426376343
0.6471866369247437
0.18565967679023743
0.6842559576034546
0.4093795716762543
1.026015043258667
0.8545917272567749
0.8338821530342102
0.8976210355758667
0.42495983839035034
0.41658201813697815
0.431377112865448
0.740677535533905
0.3079227805137634
0.25990229845046997
1.1572808027267456
1.083490252494812
0.6060777306556702
0.19040443003177643
0.4110466539859772
0.4012695252895355
0.828896164894104
0.9857393503189087
0.5651724934577942
0.5392569899559021
0.40265655517578125
0.25946348905563354
0.2290765792131424
0.28657639026641846
0.5454608201980591
0.4455869197845459
0.4015401005744934
0.7595705986022949
0.29932868480682373
0.2517876923084259
0.22603373229503632
0.4149443507194519
0.32409805059432983
0.2839110791683197
0.6211293935775757
0.5049910545349121
0.29330265522003174
0.9585050344467163
1.1780835390090942
0.5701974630355835
0.6362322568893433
0.9794343113899231
0.342719167470932
1.1989266872406006
0.5789095163345337
0.9239116907119751
0.47741907835006714
0.23691508173942566
1.4189456701278687
0.23011574149131775
0.4166106581687927
0.33033421635627747
