1.1053968667984009
0.5560299754142761
0.1610424816608429
0.3244463801383972
0.4795358180999756
0.47144824266433716
0.6679050326347351
0.6300356984138489
0.2764930725097656
0.7586478590965271
0.2967586815357208
0.3411542773246765
0.5510031580924988
0.40576162934303284
0.28422340750694275
0.43867021799087524
0.6631286144256592
0.5872597694396973
0.3580014109611511
0.6255478858947754
0.5088531970977783
0.6638731360435486
0.602495014667511
0.5577217936515808
0.6873957514762878
0.42444172501564026
0.6228691935539246
0.991111159324646
0.6509997248649597
0.2849959433078766
0.5755130648612976
0.4030846953392029
0.7487379312515259
0.3479542136192322
0.5117296576499939
0.3501412272453308
1.0850412845611572
0.7140756249427795
0.4845297932624817
0.2659783959388733
0.6107502579689026
0.3862149119377136
0.4665767550468445
0.8652661442756653
1.279382348060608
0.5596581697463989
0.6265842914581299
0.4951099753379822
0.7281140089035034
0.7577210664749146
0.6160947680473328
0.8837574124336243
0.45002642273902893
0.9478596448898315
0.4646434783935547
0.4872310161590576
0.44369959831237793
0.32028263807296753
0.44946756958961487
0.5774563550949097
0.6235246062278748
0.4464329183101654
0.5360488891601562
0.4500502943992615
0.6768936514854431
0.6536984443664551
0.27973562479019165
0.3642755448818207
0.41527700424194336
0.5743058323860168
0.4781515598297119
0.36854395270347595
0.5484206676483154
0.4278855323791504
0.31477978825569153
0.5477243661880493
0.5332115888595581
0.3922787308692932
0.3949478566646576
0.5330855846405029
0.3652239441871643
0.3013266623020172
0.2884278893470764
0.3873903751373291
0.41798123717308044
0.49862027168273926
0.6922763586044312
0.17746151983737946
0.22000722587108612
0.28368574380874634
0.4409814476966858
0.413100004196167
0.7984235286712646
0.5479888319969177
0.5788779258728027
0.442648708820343
0.4394144117832184
0.79873126745224
0.5114008188247681
0.22497162222862244
0.4450681209564209
0.7272282838821411
0.5246143937110901
0.45895498991012573
0.45094165205955505
0.6297077536582947
0.6764026880264282
0.33184391260147095
0.7943414449691772
0.510228157043457
0.4641817510128021
0.6675775647163391
0.5287936925888062
0.7596240639686584
0.5266273617744446
0.7209253311157227
0.3298090100288391
0.48940175771713257
0.7034207582473755
0.3846098780632019
0.48103341460227966
0.5538644194602966
0.6381600499153137
1.0634270906448364
0.5536090731620789
0.5379666090011597
0.3194969594478607
0.4068794250488281
0.33271604776382446
0.5635830760002136
0.3929307460784912
0.5485042333602905
0.30685144662857056
0.9204572439193726
0.401493638753891
0.3345177173614502
0.2627127170562744
0.6829535365104675
0.3067868947982788
0.4633551239967346
0.861716628074646
0.522182822227478
0.4513145387172699
0.37291470170021057
1.2110697031021118
0.35336390137672424
0.2991594076156616
1.048627495765686
0.6745988726615906
0.26606568694114685
0.4479021430015564
0.33715927600860596
0.4898234009742737
0.5505486726760864
0.7992126941680908
0.306652307510376
0.5040060877799988
0.3109987676143646
0.2972750663757324
0.4966701567173004
0.40809497237205505
0.5280757546424866
0.44988903403282166
0.2685326337814331
0.5634750127792358
0.4720645844936371
0.5716679096221924
0.6352163553237915
0.4303092062473297
1.2568987607955933
0.4902491569519043
0.4446896016597748
0.5267240405082703
0.5061430931091309
0.5939608216285706
0.9254132509231567
0.48417359590530396
0.825819194316864
0.6834303140640259
0.3398248553276062
0.5279895067214966
0.7108200788497925
0.7097285985946655
0.8385986089706421
0.38871222734451294
0.9671649932861328
0.4981241226196289
0.5563971400260925
0.28973525762557983
0.757408857345581
0.38527315855026245
1.0373766422271729
0.8454100489616394
0.24170246720314026
0.42890995740890503
0.4931569993495941
0.5549547076225281
0.5434310436248779
0.7193461656570435
0.5616135597229004
0.4818667471408844
0.7293342351913452
0.4840729832649231
0.7750982642173767
0.7338905334472656
0.6317764520645142
0.30876752734184265
0.3840439021587372
0.7170125246047974
0.26468226313591003
0.3938325047492981
0.6268631815910339
0.4907742142677307
0.6208140254020691
0.783726155757904
1.157098412513733
0.7920953035354614
0.31778162717819214
0.7722991704940796
0.4901363253593445
0.5103598833084106
0.23658399283885956
0.8083311319351196
0.694717526435852
0.758368968963623
0.41270095109939575
0.49243682622909546
0.7157356142997742
0.1789693683385849
0.3669901490211487
0.4115966856479645
0.3147827982902527
1.0999329090118408
0.4713459610939026
0.6940860748291016
0.6341439485549927
0.42044931650161743
0.29281702637672424
0.34121090173721313
0.4090924859046936
0.6088985204696655
0.9689369201660156
0.4691131114959717
0.41616329550743103
0.7535216212272644
0.4963610768318176
0.4563868045806885
0.3988706171512604
0.43875861167907715
1.0317552089691162
0.41423487663269043
0.49529561400413513
0.383650004863739
0.8529624938964844
0.6928593516349792
0.822590708732605
0.7012856006622314
0.9667301177978516
0.40515202283859253
0.4147101938724518
0.27690544724464417
0.37530577182769775
0.3884854316711426
0.3090229034423828
0.6986154317855835
0.49764007329940796
0.44303417205810547
0.7716974020004272
0.9131256937980652
0.4863056242465973
0.5940724611282349
0.609840989112854
0.41811543703079224
0.576327383518219
0.4695591926574707
0.5757731199264526
0.5421425104141235
0.2833615839481354
0.6081439256668091
0.23045289516448975
0.3330157697200775
0.2798841595649719
0.2991234064102173
0.44601306319236755
0.4161544442176819
0.6086665987968445
0.6169015765190125
0.36394205689430237
0.7234438061714172
0.3516698181629181
0.40410202741622925
0.29041868448257446
0.5028749704360962
0.6012102365493774
0.39671841263771057
0.5227230191230774
0.9102611541748047
0.5920670032501221
0.20535635948181152
0.9515601992607117
0.2840884029865265
0.7793298363685608
0.750184178352356
0.9529696702957153
0.29784414172172546
0.8464191555976868
0.6139841079711914
0.369559109210968
0.7915775775909424
0.5579967498779297
0.4272996485233307
0.7908689379692078
0.42812997102737427
0.3468165397644043
0.3588528335094452
0.6413585543632507
0.48865634202957153
0.7034077644348145
1.178375482559204
0.22527988255023956
0.3925000727176666
0.5133035778999329
0.5843045711517334
0.3214377164840698
0.44436949491500854
0.6439701914787292
0.4353511333465576
0.25100985169410706
0.8048080205917358
0.4906633496284485
0.4284178614616394
0.750473141670227
0.6700209975242615
0.47868314385414124
0.4925588071346283
0.4883919656276703
0.8325559496879578
0.4135800302028656
