1.1712228059768677
0.4269958436489105
0.4595138430595398
0.38095852732658386
0.9046427607536316
0.9685384035110474
0.5527771711349487
0.606255054473877
0.30912110209465027
0.9361419677734375
0.8186312913894653
0.4522029757499695
0.8337824940681458
0.5267962217330933
0.48103079199790955
0.4132823348045349
0.26491978764533997
0.4250413477420807
0.5425968170166016
0.5585848093032837
0.3156273365020752
0.20120449364185333
0.34288567304611206
1.147489309310913
0.3768976926803589
0.49966174364089966
0.2619803547859192
0.39233845472335815
0.6948534846305847
0.36669644713401794
0.34824299812316895
0.7692022323608398
0.361142098903656
0.6253479719161987
0.6227865815162659
0.7197110056877136
0.27897414565086365
0.651120662689209
0.6794055104255676
0.5986512303352356
0.5399781465530396
0.35880011320114136
1.0424243211746216
0.676719069480896
0.2972889840602875
0.494719922542572
0.7346402406692505
0.4210025370121002
0.434226930141449
1.0048450231552124
0.33403927087783813
0.39717599749565125
0.4438113272190094
0.33305996656417847
0.39046257734298706
0.3695000112056732
0.5275684595108032
0.5051359534263611
0.8502335548400879
0.8225081562995911
0.7008838653564453
0.9485647082328796
0.4979546070098877
0.46350422501564026
0.5501434206962585
0.661744236946106
0.5237597227096558
0.3678925335407257
0.6990668177604675
0.64974445104599
0.16355527937412262
0.49539193511009216
0.4513619542121887
0.2624264061450958
0.33422479033470154
0.425880491733551
0.5789398550987244
0.6370254755020142
0.5696992874145508
0.36111941933631897
0.4612153172492981
0.652660071849823
0.164429172873497
0.7696404457092285
0.3382398188114166
0.49116387963294983
0.5156259536743164
0.3518816828727722
0.3452136218547821
0.6812718510627747
0.47583287954330444
0.3493533730506897
0.3891916871070862
0.4659271240234375
0.6777909994125366
1.0109683275222778
0.5701337456703186
0.3572123348712921
0.6952520608901978
0.26936060190200806
0.40694659948349
0.8492282032966614
0.3238188624382019
0.2529437243938446
0.41208571195602417
1.2019126415252686
0.31279751658439636
0.5077558755874634
0.8911134004592896
0.4015537202358246
0.44949355721473694
0.9494661092758179
0.5616937279701233
0.7837644219398499
0.47746405005455017
0.6048309206962585
0.6294005513191223
0.30504387617111206
0.4802294373512268
0.2885584235191345
0.4671686291694641
0.466865211725235
0.5081831812858582
0.3173035681247711
0.3190765976905823
0.3426838517189026
0.4080182611942291
0.246475487947464
0.2253320962190628
0.5370010733604431
0.6349018812179565
0.28772497177124023
0.5155263543128967
0.8195955157279968
0.1462833732366562
0.4044899046421051
0.5263911485671997
0.38500112295150757
0.5531600117683411
0.9810330271720886
0.40037089586257935
0.5435284376144409
0.4578004777431488
0.5799921751022339
0.9029884338378906
0.3127901256084442
0.7731739282608032
0.6111520528793335
0.5024711489677429
0.31363850831985474
0.8676670789718628
0.6870235204696655
0.3444253206253052
0.6447123289108276
0.22502633929252625
0.5834782123565674
0.4225394129753113
0.5688751339912415
0.3481294512748718
0.841435432434082
0.35604968667030334
0.3936690390110016
0.31221431493759155
0.35915616154670715
0.5907618403434753
0.4396835267543793
0.5594688653945923
0.5743700861930847
0.5971079468727112
0.2918967008590698
0.45400428771972656
0.34346213936805725
0.3412904143333435
0.3189975917339325
0.6426013708114624
0.5414756536483765
0.6852889060974121
0.4652060568332672
0.414134681224823
0.3911510407924652
0.3721027970314026
0.6754631400108337
0.49115055799484253
0.39438101649284363
0.43426209688186646
0.5377707481384277
0.8136385083198547
0.36008599400520325
0.7715123891830444
0.5298596024513245
0.6612591743469238
0.39789336919784546
0.2120356261730194
0.469529926776886
0.4270557463169098
0.5720959305763245
0.4300258755683899
0.6801350116729736
1.0785925388336182
0.6283563375473022
0.5658252835273743
0.5891611576080322
0.5296709537506104
0.7701596021652222
0.43923383951187134
0.7570899724960327
0.6898982524871826
0.5111150145530701
0.6158475875854492
0.7601119875907898
0.8704272508621216
0.5346580743789673
0.49537453055381775
0.39286571741104126
0.471327006816864
0.5639129281044006
0.1983131617307663
0.6581908464431763
0.7685322761535645
0.35984694957733154
0.5305212736129761
0.7429435849189758
0.5430747270584106
0.6482995748519897
0.5675986409187317
0.3733908236026764
0.5361958146095276
0.4838022291660309
0.5469464659690857
0.48903322219848633
0.7865694761276245
0.40615081787109375
0.5204286575317383
0.3504297137260437
0.355308473110199
0.5506836175918579
0.5071839690208435
0.5623065829277039
0.17154482007026672
0.46851539611816406
0.6434147357940674
0.26966002583503723
0.48738402128219604
0.27485859394073486
0.49643468856811523
0.7562268972396851
0.5114325284957886
0.5631471872329712
0.3211880624294281
0.42593544721603394
0.3495018482208252
0.5165106058120728
0.49088287353515625
0.22008106112480164
0.42528772354125977
0.5352218747138977
0.6181957125663757
0.38845664262771606
0.43739867210388184
0.7916261553764343
0.4397294521331787
0.5325096845626831
0.6916632652282715
0.9909625053405762
0.6490346789360046
0.30012768507003784
0.20569829642772675
0.3767518401145935
0.5484199523925781
0.5599874258041382
1.0729113817214966
0.6785523295402527
0.3187783360481262
0.6220160722732544
0.15031346678733826
0.42920511960983276
0.6593341827392578
0.47438153624534607
0.4186397194862366
0.379638135433197
0.42945870757102966
0.33929508924484253
0.4399991035461426
0.8559091687202454
0.2844454050064087
0.565585196018219
1.4796011447906494
0.33464011549949646
0.3728422522544861
0.41624751687049866
0.5309160947799683
0.5997046232223511
0.5775483846664429
0.4504135251045227
0.770261287689209
0.4670275151729584
0.6076456308364868
1.107319951057434
0.4824606776237488
0.611479640007019
0.3367931842803955
1.0270719528198242
0.4148988127708435
1.193230390548706
1.2486145496368408
0.4919082224369049
0.6510202288627625
0.5035168528556824
0.5922700762748718
0.5576578378677368
0.44808530807495117
0.4194406569004059
0.6228113174438477
0.767281174659729
0.9894371032714844
0.5867308378219604
0.4314197599887848
0.7207545042037964
0.4266877770423889
0.4933021068572998
0.17525765299797058
0.536644458770752
0.6576817631721497
0.45232534408569336
1.3862106800079346
0.6802158355712891
1.0133073329925537
1.2746970653533936
0.3015422224998474
0.5578446388244629
0.2502521276473999
0.6010335087776184
0.3964845538139343
0.5216333270072937
0.5714222192764282
0.20968949794769287
0.9651637077331543
0.6028816103935242
