0.47481805086135864
0.35408633947372437
1.30325448513031
0.6176249384880066
0.3789982795715332
0.7864603400230408
0.5057061314582825
0.8021234273910522
0.6427788734436035
0.3946072459220886
0.9624761343002319
0.46227169036865234
0.5588002800941467
0.25804823637008667
0.36278218030929565
0.5803748369216919
0.5847047567367554
0.7512872815132141
1.1250087022781372
0.5249971151351929
0.8180963397026062
0.5906633138656616
0.38926753401756287
0.38672196865081787
0.768389880657196
0.43182411789894104
0.38680922985076904
0.4361962378025055
1.2673759460449219
0.42747753858566284
0.3744910657405853
0.9932717084884644
0.8500229120254517
0.5524557828903198
1.0384602546691895
0.572468638420105
0.8601759672164917
0.45774370431900024
0.4649602472782135
0.43821510672569275
0.5387513041496277
0.2840545177459717
0.4225599765777588
0.6782584190368652
0.5652997493743896
0.6589442491531372
0.5776015520095825
0.5808600783348083
0.5397628545761108
0.2909718155860901
0.4212345480918884
0.8899742960929871
0.30443164706230164
0.269858181476593
0.3566945493221283
0.3730947971343994
0.6161753535270691
0.4294976592063904
0.3431355059146881
0.2159349024295807
0.7564738988876343
0.6396788358688354
0.35355573892593384
0.5782172679901123
0.7424441576004028
0.32699114084243774
0.29818955063819885
0.37125900387763977
0.2526997923851013
0.7274982929229736
1.3204729557037354
0.23653197288513184
0.5154479742050171
0.5340434908866882
0.5986239314079285
0.6608137488365173
0.6672928333282471
1.197128176689148
0.16889622807502747
0.8780514001846313
0.9391514658927917
0.5544041395187378
0.30045458674430847
0.3524959683418274
0.7381576299667358
0.407494455575943
0.22771167755126953
0.3344326317310333
0.3564850986003876
0.6485086679458618
0.481397807598114
0.7196019887924194
0.5417620539665222
0.5254307985305786
0.44089680910110474
0.3919922709465027
0.5157082676887512
0.3670133054256439
0.44822368025779724
0.6954399943351746
0.4654858708381653
0.8158354759216309
0.3148899972438812
0.23882189393043518
0.5177966952323914
0.3008947968482971
0.5888393521308899
0.42963582277297974
0.4516131281852722
0.3140733540058136
0.6088194251060486
0.3743547797203064
0.3457484841346741
0.41603225469589233
0.45767754316329956
0.42988210916519165
0.31961384415626526
0.29855528473854065
0.4026951789855957
0.8350740671157837
0.6022144556045532
0.8220881223678589
0.5565464496612549
0.5373284220695496
0.400796115398407
0.25279444456100464
0.34221938252449036
0.8519296646118164
0.6575580835342407
0.4566141963005066
0.5452889204025269
0.5965985655784607
0.4972403049468994
0.9112564325332642
0.416606605052948
0.4355728030204773
0.5882716178894043
0.3022245764732361
0.43778419494628906
0.7096446752548218
0.6262115240097046
0.5364101529121399
0.6760820746421814
0.43536433577537537
0.5802057385444641
0.49119290709495544
0.7004549503326416
0.4810079038143158
0.1578202247619629
0.4354243874549866
1.1685155630111694
0.9458068609237671
0.6998096704483032
0.5878553986549377
0.23385342955589294
0.7796087861061096
0.3837217092514038
0.6397231817245483
0.8880131840705872
0.3872199058532715
0.39418452978134155
0.30537816882133484
0.5429344177246094
0.5601650476455688
1.2738797664642334
0.6299694776535034
0.27873435616493225
0.31600481271743774
0.3291826844215393
0.7136192917823792
0.6353747844696045
0.44587451219558716
0.34277352690696716
0.5516506433486938
0.5507975220680237
0.3787924647331238
0.4136675000190735
0.24763119220733643
0.49625834822654724
0.30789002776145935
0.49007707834243774
0.682988166809082
0.5004066228866577
0.8829869031906128
0.5811947584152222
1.1738736629486084
0.6936160922050476
0.728980302810669
0.48337021470069885
0.34751811623573303
0.36790066957473755
0.6045016050338745
0.3020715117454529
1.130198359489441
0.7100494503974915
0.546481192111969
0.776187539100647
0.5274878740310669
0.47040891647338867
0.2656210958957672
0.18420393764972687
0.5311475992202759
0.32753580808639526
0.7263814806938171
0.39131394028663635
0.8992196917533875
0.5490485429763794
0.28312191367149353
0.7333686947822571
0.9742202758789062
0.9108368158340454
0.7679321765899658
0.5770207643508911
0.40849560499191284
0.373464971780777
0.31525424122810364
0.4850705564022064
0.8301057815551758
0.8310696482658386
0.4849356710910797
0.8266133069992065
0.6472609639167786
0.8625216484069824
0.3524509370326996
0.5082316398620605
0.30882346630096436
0.41168203949928284
0.2554754614830017
0.4762952923774719
0.3622813820838928
0.2697930335998535
0.5677399635314941
0.4677584767341614
0.4759231209754944
1.0554707050323486
1.1030625104904175
0.2824128270149231
0.646020233631134
0.3608355224132538
0.49394482374191284
0.33808642625808716
0.6555027961730957
0.21685723960399628
0.7774516344070435
0.6320489645004272
0.6370707750320435
0.5706928968429565
0.5202689170837402
0.5067744851112366
0.48411694169044495
0.5675715804100037
0.4100569784641266
0.44090932607650757
0.931164562702179
0.9243186116218567
0.44733262062072754
0.5083490610122681
0.13641194999217987
0.8165585398674011
0.5154479146003723
0.7652700543403625
0.4423503875732422
0.8454378247261047
0.6812203526496887
0.5878300070762634
0.5199369192123413
0.5736212730407715
0.7930394411087036
0.38425931334495544
0.42404070496559143
0.34882408380508423
0.7015805840492249
0.8138077855110168
0.38857588171958923
0.3596111834049225
0.3481346368789673
0.4555118680000305
0.8567522764205933
0.4464643895626068
0.5897300839424133
0.2860397696495056
0.6093034744262695
0.5151360034942627
0.5763322710990906
0.8369808197021484
0.49385300278663635
0.3172769248485565
0.3189966380596161
0.656600296497345
0.504352331161499
0.6151034235954285
0.5427907705307007
0.27781999111175537
1.0961003303527832
0.7460407018661499
0.19688650965690613
0.6152011156082153
0.514417827129364
0.2062762975692749
0.21202075481414795
0.8267120122909546
0.45755308866500854
1.0623351335525513
0.5752867460250854
0.3730638027191162
0.4849410057067871
0.7635743021965027
0.5771667957305908
0.64049232006073
0.34937784075737
0.5726393461227417
0.38895875215530396
0.648950457572937
0.323210746049881
1.1043641567230225
0.41417092084884644
0.3776753842830658
0.588717520236969
0.5902160406112671
0.2674938142299652
0.4760264456272125
0.8202567100524902
0.38326260447502136
0.37941208481788635
0.5351511240005493
0.40389710664749146
0.6615535616874695
0.4667477607727051
0.33535096049308777
0.3979147970676422
0.3708096444606781
0.6381549835205078
0.42108383774757385
0.40030279755592346
0.7536478042602539
0.11530181020498276
0.4471527934074402
1.261055827140808
