0.43193021416664124
0.4606463313102722
0.39558660984039307
0.39375588297843933
0.4703967571258545
0.21984072029590607
0.16739344596862793
0.31844305992126465
0.5232284665107727
0.7315076589584351
0.2450757473707199
0.4555894434452057
0.7093378901481628
0.7217372059822083
0.31228333711624146
0.39673149585723877
0.43167179822921753
0.6834725737571716
0.44035759568214417
0.6750179529190063
0.5833845734596252
0.5870230793952942
0.4661352038383484
0.4817095398902893
0.4851541519165039
0.4815945029258728
0.7162655591964722
0.3914812207221985
0.48043927550315857
0.3819270730018616
0.3214126527309418
0.7938234210014343
0.2679934799671173
0.43797779083251953
0.5063668489456177
0.2292695790529251
0.9345273971557617
0.6763542890548706
0.3373781144618988
0.7312042117118835
0.4499048590660095
0.9113649129867554
0.35214728116989136
0.3445100784301758
0.37209609150886536
0.4314982295036316
0.5612349510192871
0.7190208435058594
0.33159199357032776
0.4074159562587738
0.46998757123947144
1.4397348165512085
0.22058281302452087
0.49543896317481995
0.5538289546966553
0.8045142292976379
0.28888916969299316
0.41862088441848755
0.21366724371910095
0.3634241819381714
0.4567264914512634
0.6643586754798889
0.43401890993118286
0.47428178787231445
0.6270563006401062
0.9168025255203247
0.46909961104393005
0.4991859495639801
0.6701640486717224
0.3980211019515991
0.34256982803344727
0.5786564946174622
0.6382483839988708
0.4464893341064453
0.6202340722084045
0.6134440302848816
0.5680962800979614
0.4253968596458435
0.5366050601005554
0.5186832547187805
0.23764367401599884
0.28895294666290283
0.46742621064186096
0.49211040139198303
0.5064215660095215
0.44523054361343384
0.3850664794445038
0.4276120066642761
0.84590083360672
0.49054402112960815
0.663715124130249
0.47677382826805115
0.7687572240829468
0.46761614084243774
0.38108202815055847
0.6194454431533813
0.28168216347694397
0.47128552198410034
0.4887048602104187
0.4646163880825043
0.2241336554288864
0.5688125491142273
0.7081524133682251
0.8222236633300781
1.0090935230255127
0.8436576128005981
0.5387687683105469
0.5549243092536926
0.7431831359863281
0.6586002111434937
0.728888988494873
0.34327322244644165
0.4063757061958313
0.5167297124862671
0.7315183877944946
0.5064549446105957
0.6367982625961304
0.40526193380355835
0.40250343084335327
0.46094197034835815
0.652736485004425
0.5864262580871582
0.4799652695655823
0.802543044090271
0.2577260136604309
0.5596150159835815
1.2107603549957275
0.38143500685691833
0.8212183117866516
0.9269198179244995
0.5158143639564514
0.8493322134017944
0.4916249215602875
0.7747191190719604
0.4882417321205139
0.49932795763015747
0.159978985786438
0.35675060749053955
0.5245080590248108
0.4337574541568756
0.5632756352424622
0.2670763432979584
0.5403745174407959
0.4022155702114105
0.6710594892501831
0.6711353063583374
0.44560137391090393
0.5887611508369446
0.5501154065132141
0.40034088492393494
0.3623751103878021
0.5164748430252075
0.3301113247871399
0.9370430707931519
0.4199494421482086
0.22773738205432892
0.6227009892463684
0.45455583930015564
0.6641097068786621
0.6887719035148621
0.23502060770988464
0.3047182261943817
0.8233722448348999
0.31280583143234253
0.5151621699333191
0.49954742193222046
0.5836247205734253
0.353999525308609
0.46577709913253784
0.3966311514377594
0.3614516854286194
0.41754502058029175
0.344909131526947
0.48335808515548706
0.5975525975227356
0.6987881064414978
0.1682833582162857
0.5162069797515869
1.0249497890472412
0.7444421648979187
0.4974055290222168
0.2889360785484314
0.30945488810539246
0.6532438397407532
0.5025292038917542
0.6048434972763062
0.6597704291343689
0.4834617078304291
0.37963706254959106
0.6549717783927917
0.9230031967163086
0.6170459985733032
0.7154871225357056
0.3449813723564148
0.48763352632522583
0.3933933973312378
0.2896935045719147
0.5538566708564758
0.5482009649276733
0.39576801657676697
0.7650656700134277
0.5067915320396423
0.8048130869865417
0.6791976690292358
0.8209761381149292
0.53826504945755
0.46116265654563904
0.839532196521759
0.22598274052143097
0.7325764298439026
0.39347538352012634
0.2669369876384735
0.5897526741027832
0.2856287956237793
0.34004586935043335
0.5903367400169373
0.6993827223777771
0.4199267327785492
0.3328753113746643
0.56866455078125
0.4411911964416504
0.4663597047328949
0.3613166809082031
0.5901604294776917
0.35481396317481995
0.3412371575832367
0.5757729411125183
0.7467533946037292
0.5072124004364014
0.8025339245796204
0.39362311363220215
0.38079753518104553
0.582317054271698
0.8829911947250366
0.6181974411010742
0.5401903390884399
0.46204477548599243
0.7879465222358704
0.6052338480949402
0.2733125388622284
0.5812269449234009
0.3657574951648712
0.6747711896896362
0.6585369110107422
0.4256255030632019
0.5598822832107544
0.6129951477050781
0.737679123878479
0.7518056631088257
0.42180928587913513
0.5050026178359985
0.4353106915950775
0.33129775524139404
0.8013128042221069
0.8095701336860657
0.5143623352050781
0.7988764047622681
0.41302019357681274
0.7212362289428711
0.4124211370944977
0.46461009979248047
0.3263513445854187
0.8515178561210632
0.570929229259491
0.5463801622390747
0.6182628273963928
0.6533036231994629
0.3177035450935364
0.355602502822876
0.6658377647399902
0.2468981295824051
0.7138490080833435
0.4449637532234192
0.6420743465423584
0.6487270593643188
0.9766448140144348
0.342340886592865
0.3949963450431824
0.5310921669006348
0.7056177258491516
0.4278355538845062
0.3194781243801117
0.37670427560806274
0.2735835015773773
0.6032245755195618
0.8805977702140808
0.22858814895153046
0.41991597414016724
0.34562334418296814
0.35047560930252075
0.39219582080841064
0.3309192359447479
0.31576767563819885
0.5813139081001282
0.32953938841819763
0.25732794404029846
0.594764769077301
0.6308060884475708
0.44070807099342346
0.5157408714294434
0.5305510759353638
0.7526553869247437
0.6790674328804016
0.6137423515319824
0.4524075388908386
0.41706186532974243
0.5838066935539246
0.4673505425453186
0.6704286336898804
0.15514841675758362
0.5654094219207764
0.5110729932785034
0.8057209849357605
0.3820725977420807
0.5759789943695068
0.333501398563385
0.3817184567451477
0.6991984248161316
0.26653629541397095
0.6147038340568542
0.2226046323776245
0.49631255865097046
0.6573314666748047
0.2533566355705261
0.18848124146461487
0.5997310876846313
0.5683015584945679
0.4079144597053528
0.7556195855140686
0.538848876953125
0.3915010094642639
0.39946478605270386
1.4306203126907349
0.3972184956073761
0.23125632107257843
0.6309016942977905
0.3132118880748749
0.1311047524213791
