0.22725625336170197
0.36601078510284424
0.3204844295978546
0.3615236282348633
0.2248609960079193
0.16709968447685242
0.42638102173805237
0.6965514421463013
0.19097900390625
0.7024973034858704
0.3196611702442169
0.4401840567588806
0.9464257955551147
0.46486181020736694
0.20219656825065613
0.5869544744491577
0.3303181231021881
0.2898486256599426
0.15417739748954773
0.3513948619365692
0.508436381816864
0.31613975763320923
0.45147258043289185
0.42172831296920776
0.2966902554035187
0.5604695677757263
0.8189179301261902
0.8090096712112427
0.8542594909667969
1.0127335786819458
0.4207923412322998
0.6922898292541504
0.4583515226840973
0.47442036867141724
0.6451737880706787
0.5354272127151489
0.25571393966674805
0.7025853991508484
1.0049123764038086
0.5330570340156555
0.5211326479911804
0.7405625581741333
0.432547390460968
0.39421045780181885
0.45848044753074646
0.43847888708114624
0.3270109295845032
0.5445473790168762
0.2537716031074524
0.5498019456863403
0.7271085977554321
0.39768069982528687
0.566351592540741
0.32511407136917114
0.1644769310951233
0.2946759760379791
0.947675883769989
0.36368876695632935
0.20873387157917023
0.5671848058700562
0.5487126111984253
0.18795046210289001
0.3780783414840698
0.48986440896987915
0.3358170986175537
0.5029690861701965
1.0490217208862305
0.43467599153518677
0.780914843082428
0.4845333993434906
0.4651363790035248
0.4490853250026703
0.7097505331039429
0.6601545810699463
0.8074151873588562
0.5256648659706116
1.0175682306289673
0.7379804849624634
0.5178656578063965
0.4595739245414734
0.4834633767604828
0.9824737310409546
0.6668810844421387
0.5773029327392578
0.460576593875885
0.2828115224838257
0.6895532608032227
0.51649010181427
0.3682129681110382
0.6991752982139587
0.33448120951652527
0.45666831731796265
0.732946515083313
0.630691647529602
0.38723224401474
0.7552676200866699
0.43830370903015137
0.29850631952285767
0.7588284611701965
0.7104959487915039
0.6193854808807373
0.41776904463768005
0.370822548866272
0.4536263942718506
0.788597583770752
0.6704341173171997
0.43680763244628906
0.571614146232605
0.37802359461784363
0.5553991794586182
1.1793699264526367
0.2792791426181793
0.6630011200904846
0.387509286403656
0.7623690366744995
0.3806197941303253
0.3755247890949249
0.47014331817626953
0.2943515479564667
0.557361900806427
0.4909316599369049
0.7304935455322266
0.3592037856578827
0.21134443581104279
0.33871757984161377
0.6932141780853271
0.23827020823955536
0.8086919784545898
0.5138562321662903
0.4943891167640686
0.3589179217815399
0.3335564434528351
0.6162988543510437
0.62554931640625
0.3235824704170227
0.5604522824287415
0.5009278059005737
0.3908265233039856
0.2833207845687866
0.2768678665161133
0.46081599593162537
0.8163738250732422
0.3624204695224762
0.3757571578025818
0.5446816682815552
0.47313088178634644
0.4442360997200012
0.2911807894706726
0.8178979158401489
0.4365331530570984
0.6953879594802856
0.7824418544769287
0.36188146471977234
0.49594563245773315
0.42028623819351196
0.39670342206954956
0.6900405883789062
0.4513273239135742
0.3762412965297699
0.41525086760520935
0.6059252023696899
0.4101272225379944
0.41387224197387695
0.3356722295284271
0.3227998912334442
0.3510255217552185
0.40144291520118713
0.7889148592948914
0.3874954581260681
0.4308348596096039
0.46012941002845764
0.720630407333374
0.44558101892471313
0.8614264726638794
0.7329232692718506
0.4430844783782959
0.38831132650375366
0.7050042748451233
0.8121846914291382
0.9317291378974915
0.15000687539577484
0.9626703262329102
0.34764426946640015
1.0473296642303467
0.30876272916793823
0.40435558557510376
0.41145411133766174
0.38455867767333984
0.26337021589279175
1.0631144046783447
0.6878756284713745
0.5481188893318176
0.8684021830558777
0.5988861322402954
1.0712049007415771
0.24073585867881775
0.8639003038406372
0.7587200999259949
0.2013716697692871
0.7546971440315247
0.700595498085022
1.126931071281433
0.433546245098114
0.26823893189430237
0.6310712695121765
0.32463574409484863
0.4005388617515564
0.5706316828727722
1.0962555408477783
0.5515241026878357
0.3954530656337738
0.5176507234573364
0.8227657079696655
0.51722252368927
0.573503315448761
0.8132872581481934
0.6373818516731262
0.7076258659362793
0.8425989151000977
0.32625505328178406
0.6562641859054565
0.4578556418418884
0.2814474403858185
0.5235750079154968
0.6788432002067566
1.049279808998108
0.4797101616859436
0.24817316234111786
0.17282679677009583
0.3547676205635071
1.1255474090576172
0.9467082023620605
1.0335524082183838
1.1039693355560303
0.6070472598075867
0.3379201889038086
0.6078028082847595
0.4678426682949066
0.3935330808162689
0.7898073792457581
0.3807865381240845
1.2818784713745117
0.33452898263931274
0.30304381251335144
0.4644342362880707
0.6365488767623901
0.5596166849136353
0.5638209581375122
0.5285207033157349
0.8205477595329285
0.23385116457939148
0.7982214689254761
0.5587161779403687
0.5872918963432312
0.3983757495880127
0.8585915565490723
0.5733043551445007
0.8856955766677856
0.45909810066223145
0.7698968648910522
0.8251138925552368
0.581355094909668
0.4314984679222107
0.4738486409187317
0.5590046048164368
0.6751249432563782
0.9469305872917175
0.37008988857269287
0.28798216581344604
0.5286411643028259
0.581750750541687
0.5785065293312073
0.6065813899040222
0.46304813027381897
0.40700048208236694
0.9912084341049194
0.259359210729599
0.313900351524353
0.7481796145439148
0.38841450214385986
0.3036538064479828
0.6028226613998413
0.3269357979297638
0.3791413903236389
0.38530582189559937
0.549028754234314
0.34934425354003906
0.47900789976119995
0.28647154569625854
0.43242233991622925
0.8679696321487427
0.44859638810157776
0.6645663976669312
0.9032119512557983
0.46311014890670776
0.7928038239479065
0.8436061143875122
0.6291276812553406
0.30165693163871765
0.6115618944168091
0.32628101110458374
0.7833098769187927
0.4859907627105713
0.465515673160553
0.5433980822563171
0.9889224767684937
0.7120077013969421
0.5671268701553345
0.3442615568637848
0.6898148059844971
0.5855778455734253
0.5924074053764343
0.7310934066772461
0.8903270959854126
0.5434184074401855
0.5773770213127136
0.43108540773391724
0.2562559247016907
0.49017030000686646
0.4317281246185303
0.44149503111839294
0.16669665277004242
0.49050769209861755
0.6765522956848145
0.4765324592590332
0.3564879894256592
0.38135477900505066
0.48150330781936646
0.24199119210243225
0.4981165826320648
0.5739579200744629
0.3407970070838928
0.380303293466568
0.5254076719284058
0.2767391800880432
0.5193926095962524
0.5895178914070129
0.41624805331230164
