0.5131852030754089
0.7296410799026489
1.1026021242141724
0.37788280844688416
1.2191059589385986
0.48742231726646423
0.33231300115585327
0.6247907876968384
0.3427043557167053
0.6164984703063965
0.2850712835788727
0.4816782474517822
0.33756786584854126
1.096428394317627
0.6509225964546204
0.4190712571144104
0.8579972386360168
0.34215134382247925
0.5036606192588806
0.30651360750198364
0.22218617796897888
0.7004534602165222
0.24941277503967285
0.39985084533691406
0.7029649019241333
0.3671306073665619
0.6317750811576843
0.557441234588623
0.2762211561203003
0.18028728663921356
0.34170570969581604
0.4021134376525879
0.31505221128463745
0.6297658681869507
0.528439998626709
0.41298192739486694
0.5224859118461609
0.5507998466491699
0.4672010540962219
0.9423317909240723
0.2750011682510376
0.499600350856781
0.7541118860244751
0.7955218553543091
0.6012223362922668
0.6762329936027527
0.31499576568603516
0.45682650804519653
0.4177945554256439
0.6952953338623047
0.7742331027984619
0.3846815228462219
0.7003145217895508
0.45908984541893005
0.3669250011444092
0.6415383815765381
0.8349968194961548
0.6083641648292542
0.4251835346221924
0.546890914440155
0.6063990592956543
0.498429536819458
0.5424288511276245
0.34420305490493774
0.7013011574745178
0.42905372381210327
0.31150466203689575
0.6075495481491089
0.4543658196926117
0.6526662111282349
0.9381397366523743
0.2686169743537903
0.38914602994918823
0.19741114974021912
0.8351585268974304
0.27640825510025024
0.5001906156539917
0.6127527356147766
0.5065805315971375
0.7491505742073059
1.048964023590088
0.7201071977615356
0.49368682503700256
0.507031261920929
0.2707979679107666
0.4064866006374359
0.36945706605911255
0.5301147103309631
0.48809003829956055
0.31808409094810486
0.4328075051307678
0.5043309926986694
0.2630106508731842
0.3032585680484772
0.44238176941871643
0.7304485440254211
0.29044562578201294
0.6081724762916565
0.6292415857315063
0.4172348082065582
0.6033366322517395
1.1156798601150513
0.6031388640403748
0.43288785219192505
0.8144041895866394
0.3015402853488922
0.48950156569480896
0.22429712116718292
0.5978657007217407
0.4150206446647644
0.31777089834213257
0.7006260752677917
0.3705841302871704
0.6280248761177063
0.6969658136367798
0.18650507926940918
0.534224271774292
0.5900209546089172
0.899631142616272
0.43393510580062866
0.524154007434845
0.5295689105987549
0.398507297039032
0.5566341280937195
0.38199853897094727
0.6801102161407471
0.8297780156135559
0.9727582931518555
0.5054548978805542
0.4336756765842438
0.3663707971572876
0.7851082682609558
0.6243361830711365
0.39285993576049805
0.6749502420425415
0.22093164920806885
0.6602713465690613
0.8253749012947083
0.8595538139343262
0.8247312307357788
0.40880173444747925
0.3276577889919281
0.65936279296875
0.4026486873626709
0.4110542833805084
0.8999691009521484
0.8212660551071167
0.4833984375
0.47413358092308044
0.4109589159488678
0.4735904335975647
0.596946120262146
0.2187652289867401
0.3343232274055481
1.0550321340560913
0.32204747200012207
0.3455356955528259
0.562164306640625
0.5388352274894714
0.38160309195518494
0.576021134853363
0.577790379524231
0.5904576182365417
0.6308633685112
0.43859753012657166
0.30849558115005493
0.4599228799343109
0.9199041128158569
0.38432660698890686
0.4501402974128723
0.3474550247192383
0.5656538009643555
0.7690187096595764
0.43916481733322144
1.027764081954956
0.2827486991882324
0.31846052408218384
0.5512720942497253
0.4950319230556488
0.3185984194278717
0.399944543838501
0.5120338797569275
0.3994361162185669
0.4997067451477051
0.269582599401474
0.23538382351398468
0.40182676911354065
0.5717414617538452
0.22125835716724396
0.5351775884628296
0.43382686376571655
0.618719220161438
0.5105991363525391
0.4860541820526123
0.4526694416999817
0.7223715782165527
0.3554733395576477
0.47523069381713867
0.3060847818851471
0.315906286239624
1.0548961162567139
0.6973690390586853
0.2772206664085388
0.6107125282287598
0.7396220564842224
0.4836859703063965
0.4518054127693176
0.5318220257759094
0.6003134846687317
0.6010299921035767
0.19333381950855255
0.2941315770149231
0.4385097920894623
1.1596004962921143
0.48331981897354126
0.27438175678253174
0.3438285291194916
0.8094402551651001
0.7789541482925415
0.2176763117313385
0.845885157585144
0.3127228021621704
0.32277190685272217
0.7405304908752441
0.2989281117916107
0.6042373776435852
0.6813538670539856
0.8582706451416016
0.5221008658409119
0.7658892869949341
0.6230024099349976
0.9001344442367554
0.42701417207717896
0.574097752571106
0.360370934009552
0.37676385045051575
0.431537389755249
0.4697217047214508
0.495385080575943
0.661356508731842
0.4507455825805664
0.4174666404724121
0.650917649269104
0.8844872713088989
0.5240020751953125
0.3167882561683655
0.43772760033607483
0.35906174778938293
0.9792135953903198
0.7949227690696716
0.5088192224502563
0.6797100901603699
0.4135966897010803
0.43883928656578064
0.41603368520736694
0.4012545049190521
0.7043504118919373
0.5118682980537415
0.7337257266044617
0.7342052459716797
0.39693892002105713
0.7539981603622437
0.3109182119369507
0.5645128488540649
0.6612035632133484
0.2096605747938156
0.22736671566963196
0.47395357489585876
0.3650015890598297
0.48132556676864624
0.4106524586677551
0.14681494235992432
0.6825093030929565
0.6631905436515808
0.37296798825263977
0.5354471206665039
0.5404391288757324
0.736160159111023
0.6304621696472168
0.6264499425888062
0.6057665944099426
0.39811933040618896
0.35796037316322327
0.3347807228565216
0.8368391990661621
0.40328630805015564
0.4796234667301178
0.3468523621559143
0.4975834786891937
1.0686402320861816
0.8655928373336792
0.606274425983429
0.4098798632621765
0.8716670274734497
0.580662190914154
0.257499635219574
0.38735342025756836
0.5033575892448425
0.3779141306877136
0.3556898534297943
0.374539315700531
0.4006674885749817
0.2740807831287384
0.4594842791557312
0.27202218770980835
0.4094008505344391
0.24207575619220734
0.4096572995185852
0.3548908531665802
0.46315819025039673
0.33917078375816345
0.4629107415676117
0.3644286096096039
0.3808620274066925
0.45886707305908203
0.6935163736343384
0.5353509187698364
0.42980995774269104
0.8314876556396484
0.7424293160438538
0.19985853135585785
0.3438287377357483
0.5637463331222534
0.5921502113342285
0.45904970169067383
0.3200342357158661
0.7998498678207397
0.7308279871940613
0.5511475801467896
0.5740421414375305
0.4089233875274658
0.8845154047012329
0.35563236474990845
0.4787539541721344
0.4012347161769867
0.34039196372032166
1.0549676418304443
0.18688179552555084
