0.9176284074783325
0.28142300248146057
0.6124982833862305
0.3516993522644043
0.7876465320587158
0.7661722302436829
0.41444024443626404
1.5897862911224365
0.26799505949020386
0.5299744606018066
0.5335134267807007
0.6792670488357544
0.3423195481300354
0.7935741543769836
0.4054512083530426
0.326681911945343
0.41593772172927856
0.6015347838401794
0.4956415295600891
0.6654674410820007
0.38423436880111694
0.4551500380039215
0.7465376257896423
0.4976575970649719
0.8350666165351868
0.2521674931049347
0.5371626019477844
0.3937538266181946
0.8133506774902344
0.7125033736228943
0.6710582971572876
0.28685617446899414
0.5034223794937134
0.66143399477005
0.49631866812705994
0.4533472955226898
0.6966602206230164
0.5098167657852173
0.3109435439109802
0.4333711564540863
0.6768695116043091
0.35487160086631775
0.658198356628418
0.25547152757644653
0.4228007197380066
0.3908838927745819
0.8880742788314819
0.4154084324836731
0.3788495361804962
0.5017445087432861
0.1862780600786209
0.5640243887901306
0.32776135206222534
0.5705940127372742
1.2006338834762573
0.2238493412733078
0.8799225091934204
0.8584626913070679
0.6730538010597229
0.49832290410995483
0.19143004715442657
0.4694245755672455
0.31602743268013
0.45795726776123047
0.824467658996582
0.2668226659297943
0.6759273409843445
0.8999255299568176
0.2625048756599426
0.09653434157371521
0.7557886838912964
0.5040006041526794
0.6682124733924866
0.24329721927642822
0.25090691447257996
0.5258212685585022
0.44341063499450684
0.6853371858596802
0.7850843667984009
0.4620141088962555
0.27395448088645935
0.5108103156089783
0.4052352011203766
0.5210930109024048
0.3135108947753906
0.7855449318885803
0.6967858076095581
0.3157099783420563
0.31233492493629456
0.33566349744796753
0.9116182327270508
0.26906710863113403
0.2597455382347107
0.351128488779068
0.54628586769104
0.6190468668937683
0.41500917077064514
0.2798834443092346
0.3989323377609253
0.48788318037986755
0.5531850457191467
0.6894319653511047
0.30386587977409363
0.4337444305419922
0.46453857421875
0.46571940183639526
0.2603594660758972
0.5140033960342407
0.8008097410202026
0.24751703441143036
0.3699900209903717
0.4205639958381653
0.6017754077911377
0.4661354124546051
0.5937408208847046
0.8388160467147827
0.7045331001281738
0.957226574420929
0.847497820854187
0.3184782862663269
0.46196088194847107
0.30058369040489197
0.4159272611141205
1.0430662631988525
1.1349395513534546
0.5331403017044067
0.47191429138183594
0.8244020342826843
1.0898797512054443
0.40068310499191284
0.4076160788536072
0.3224516212940216
0.3624899387359619
0.795415997505188
0.44328299164772034
0.6660842895507812
0.4530392587184906
0.4180528223514557
0.5665281414985657
0.44328007102012634
0.12769204378128052
0.3079987168312073
0.3244486153125763
0.39641886949539185
0.2279830425977707
0.2543671131134033
0.4193631112575531
0.27500128746032715
0.2609596252441406
0.6854889392852783
0.19767704606056213
0.5413066744804382
0.763137936592102
0.8211774826049805
0.48095107078552246
0.37204819917678833
0.35692888498306274
0.5200232267379761
0.4607795774936676
0.8692495226860046
0.6715334057807922
0.6790343523025513
0.42184704542160034
0.7109179496765137
0.5313203930854797
0.47262144088745117
0.6103030443191528
0.49968886375427246
0.4793238639831543
0.4049297273159027
0.3461245894432068
0.23533301055431366
0.5219790935516357
0.9165603518486023
0.4382964074611664
0.43921366333961487
0.2979242205619812
0.28726470470428467
0.6314753890037537
0.6872633695602417
0.4051777720451355
0.45608416199684143
0.506191611289978
0.24266080558300018
1.0773159265518188
0.9928151369094849
0.8655373454093933
0.2562229335308075
0.46442970633506775
0.3512707054615021
0.6918843388557434
0.8255913853645325
0.597085177898407
0.49892109632492065
0.5266148447990417
0.47800159454345703
0.38654014468193054
0.6476377844810486
0.9073731303215027
0.26785755157470703
0.7841522097587585
0.47829151153564453
0.7381333112716675
1.1613637208938599
0.3239637017250061
0.5730768442153931
0.595102846622467
0.5624772310256958
0.6666139364242554
0.35877102613449097
0.4044332504272461
0.5389485359191895
0.7868381142616272
0.5658099055290222
0.1065741628408432
0.6601631045341492
0.6648500561714172
0.4443848729133606
0.36190518736839294
0.3454887270927429
1.0553348064422607
0.5221548080444336
0.4308837056159973
0.708645761013031
0.5585008859634399
0.23068220913410187
0.5444287061691284
0.6843655705451965
0.48217877745628357
0.5160672664642334
0.3172062039375305
0.584627091884613
0.39026156067848206
0.31206536293029785
0.5309684872627258
0.5095008611679077
0.8009668588638306
0.4329226016998291
0.6023702621459961
0.9202286005020142
0.4782498776912689
0.6554803848266602
0.4778454899787903
0.7026147842407227
0.486579030752182
0.6980656385421753
0.5064606666564941
0.7922784090042114
0.5418857336044312
0.5991021990776062
0.6215488314628601
0.38167476654052734
0.34400618076324463
0.4538136124610901
0.3649839758872986
0.4813852310180664
0.3769923448562622
1.0225131511688232
0.532586395740509
0.559550404548645
0.6372810006141663
0.8518608808517456
0.5649842023849487
0.38917073607444763
0.4985554814338684
0.35634538531303406
0.3837290406227112
0.9361718893051147
0.5810824632644653
0.3504788279533386
0.47945675253868103
0.40166157484054565
0.9679819941520691
0.49780598282814026
0.7008442878723145
0.4066767692565918
0.5539894104003906
0.5531094670295715
0.7096880078315735
0.32431864738464355
0.19821996986865997
0.538246750831604
0.4066230356693268
0.7536693811416626
0.6330118775367737
0.36302629113197327
0.541663646697998
0.5263875126838684
0.5988508462905884
0.6565974354743958
0.31711775064468384
0.2995365560054779
0.5426944494247437
0.4803531765937805
0.5481116771697998
0.48433858156204224
0.3198546767234802
0.8424361348152161
0.21262817084789276
0.7169701457023621
0.6534169912338257
0.45798224210739136
0.47141265869140625
0.34825223684310913
0.4139815866947174
0.4005785882472992
0.43055883049964905
0.7141008377075195
0.6896051168441772
0.29723840951919556
0.620465874671936
0.4883299767971039
0.5592283010482788
0.3879544138908386
0.23386609554290771
0.30907922983169556
0.6990033984184265
0.4409021735191345
0.29915034770965576
0.37367403507232666
0.22249475121498108
0.47960105538368225
0.8585408926010132
0.6304851174354553
0.3136434257030487
0.46481800079345703
0.4400872588157654
0.47274988889694214
0.2353375256061554
0.5659979581832886
0.7712181806564331
0.2731471657752991
0.43214577436447144
0.4453713893890381
0.52519291639328
0.5744964480400085
0.8910146951675415
0.3239659070968628
