0.3418962061405182
0.3880409300327301
0.5374835729598999
0.8280059695243835
0.39983421564102173
0.27811044454574585
0.4752163290977478
0.2509330213069916
0.7518710494041443
0.7485767602920532
0.2908707559108734
0.30319228768348694
0.36608070135116577
0.6810718774795532
0.7086344957351685
0.6858588457107544
0.6349267363548279
0.5896703004837036
0.8867939710617065
0.39641648530960083
0.6160895228385925
0.6098933219909668
0.44664305448532104
0.20353524386882782
0.5513444542884827
0.5091128349304199
0.4003727436065674
0.4495318531990051
0.6862054467201233
0.4307175278663635
0.4648042619228363
0.496136337518692
0.790786862373352
0.40056735277175903
0.45914363861083984
0.2198517620563507
0.2469642162322998
0.5391799807548523
0.56037437915802
0.6351301670074463
0.2824057936668396
0.30567431449890137
0.22842328250408173
0.16658003628253937
0.1981813758611679
0.37608909606933594
0.4572440981864929
0.4621555209159851
0.6924149394035339
0.4459596574306488
0.7756694555282593
0.7975636720657349
0.7123316526412964
0.25909724831581116
0.763886570930481
0.5820708274841309
0.5677827000617981
0.5446892976760864
0.5282214879989624
1.0493829250335693
0.8413416147232056
0.42855745553970337
0.6873190999031067
0.37138351798057556
0.4808267056941986
0.39230236411094666
0.31904807686805725
0.23065152764320374
0.3746650815010071
0.5400060415267944
0.5231217741966248
0.5287818312644958
0.42405349016189575
0.38647016882896423
0.5022619962692261
0.6117939949035645
0.4057551324367523
0.20125699043273926
0.36890822649002075
0.4450589120388031
0.3260957598686218
0.3199702203273773
0.37157806754112244
0.6810784339904785
0.24284295737743378
0.748434841632843
0.7155770063400269
0.684048056602478
0.4554397165775299
0.8215336799621582
0.8257871866226196
0.2418130338191986
0.7324682474136353
0.8353290557861328
0.3887908458709717
0.5030184984207153
0.5818256139755249
1.1015262603759766
0.4430771470069885
0.6632915735244751
0.276022732257843
0.6132850050926208
0.5292924046516418
0.48290252685546875
0.3334009647369385
0.4830276370048523
0.9059429168701172
0.3230096697807312
0.33318883180618286
1.0432672500610352
0.6132891774177551
1.0501073598861694
0.915910542011261
0.7186564207077026
0.6470154523849487
0.45460277795791626
0.8230443000793457
0.41367703676223755
0.38841143250465393
0.34490635991096497
0.36989182233810425
0.4069112241268158
0.6527824401855469
0.24284295737743378
0.31170380115509033
0.5009802579879761
0.49880996346473694
0.5955243706703186
0.5645774006843567
0.31087467074394226
0.4682096540927887
0.6904649138450623
0.37889379262924194
0.377829909324646
0.43060022592544556
0.5550999045372009
0.6823263168334961
0.4863092303276062
0.7000973224639893
0.6261467933654785
0.5200208425521851
0.47121334075927734
0.5984147787094116
0.45951318740844727
1.2500176429748535
0.38677942752838135
0.5782352685928345
0.3051232695579529
0.5507408976554871
0.3389560580253601
1.0586068630218506
0.23994573950767517
0.2752886414527893
0.4730539917945862
0.9233123064041138
0.5108574032783508
0.5606756210327148
0.7597483992576599
0.5048285722732544
0.4722563624382019
0.37275248765945435
0.37069153785705566
0.7856200933456421
0.6315027475357056
0.26165640354156494
0.5126516819000244
0.4765370488166809
0.3726986348628998
0.5017427802085876
0.4115528166294098
0.3402997553348541
0.7366230487823486
0.3428162634372711
0.6929121017456055
0.4590022563934326
0.7187550067901611
0.2949361801147461
0.3561176061630249
0.5854390859603882
0.43351441621780396
0.5851640701293945
0.38433778285980225
0.3737216293811798
0.5019010901451111
0.2384219616651535
0.5463480949401855
0.640555739402771
0.31310588121414185
0.37516412138938904
0.6577760577201843
0.838958740234375
0.47862571477890015
0.5678117871284485
0.4961361885070801
0.5564076900482178
1.0988290309906006
0.6951040029525757
0.6414202451705933
0.5372904539108276
0.3595859408378601
0.702428936958313
0.7464109659194946
0.2892966866493225
0.728985607624054
0.45831990242004395
0.3297286629676819
0.5338617563247681
0.506689190864563
0.9340893626213074
0.6384945511817932
0.6698176264762878
0.8489636182785034
0.24125556647777557
0.35378602147102356
0.21948091685771942
0.4471873342990875
0.8486837148666382
0.2590998113155365
0.694438636302948
1.130428671836853
0.3599596917629242
0.7427126169204712
0.4997313916683197
0.670087456703186
0.5215897560119629
0.3526548445224762
0.6071497201919556
0.3215774893760681
0.4955800175666809
0.7215312719345093
0.2057267129421234
0.6205636262893677
0.4400857388973236
0.3299656808376312
0.8461676836013794
0.49847412109375
0.8434939384460449
0.760928750038147
1.0130400657653809
0.3238861560821533
0.5808384418487549
0.9987918734550476
0.8237637281417847
0.8292636871337891
0.9977642893791199
0.8606306910514832
0.33950480818748474
0.4960092604160309
0.683246910572052
0.26434439420700073
0.6589562892913818
0.35880571603775024
0.24608412384986877
0.9281182289123535
0.4257597327232361
0.46474456787109375
0.4152396321296692
0.25739359855651855
0.8783131837844849
0.8360483050346375
0.4023943841457367
0.3987625241279602
0.4625821113586426
0.49980536103248596
0.5645567774772644
0.39008715748786926
0.8022803068161011
0.3005997836589813
0.30701112747192383
0.4580036997795105
0.5277782678604126
0.5102017521858215
0.5677329301834106
0.2799680829048157
0.4735069274902344
0.384115993976593
0.6335467100143433
0.4618765413761139
0.5618097186088562
0.9675655364990234
0.33304375410079956
0.29726532101631165
0.725918173789978
0.7713556289672852
0.4467814862728119
0.47364798188209534
0.8656489253044128
0.37638381123542786
0.4365517497062683
0.7675020694732666
0.6524595022201538
0.5115379095077515
0.44740667939186096
0.3471229672431946
0.9974305033683777
0.47828084230422974
0.5628337860107422
0.5565134286880493
0.6295667290687561
1.0095545053482056
0.30808454751968384
0.7003191709518433
0.48191332817077637
0.2880191206932068
0.3183348476886749
0.48450106382369995
0.36554932594299316
0.39289408922195435
0.5032576322555542
0.7841935157775879
0.39969831705093384
0.3650752007961273
0.1660231202840805
0.7059170007705688
0.8065624237060547
0.4652072489261627
0.45341166853904724
0.4356888234615326
0.5443733930587769
0.6906639337539673
0.9804566502571106
0.8807622194290161
0.3582938611507416
0.5618481040000916
0.3798845708370209
0.45571908354759216
0.436828076839447
0.5150206089019775
0.6899227499961853
0.2404494285583496
0.17969736456871033
0.5330036282539368
0.6803539991378784
0.4753339886665344
0.40929651260375977
0.5941729545593262
0.8354467153549194
0.4743877351284027
