0.5585006475448608
0.5243407487869263
0.7468410730361938
0.6683920621871948
0.35273411870002747
0.24127869307994843
0.5862830281257629
0.5123406052589417
0.5291916131973267
0.924220085144043
0.3558298647403717
0.48737460374832153
0.33082908391952515
0.35278263688087463
1.027961015701294
0.7710821032524109
0.7408434152603149
0.46415799856185913
0.47900518774986267
0.6216559410095215
0.3518398404121399
0.5703436136245728
0.20731563866138458
0.384738028049469
0.35612717270851135
0.47538653016090393
0.8260011672973633
0.7234793901443481
0.42024025321006775
0.33848410844802856
0.869773268699646
0.34776103496551514
0.4566107392311096
0.48316994309425354
0.5483072400093079
0.7959470748901367
0.6512723565101624
1.1929616928100586
0.44300517439842224
0.24201996624469757
0.5658734440803528
0.8193290829658508
0.5995296239852905
0.4283958375453949
0.2446027547121048
0.8241280317306519
0.3873920738697052
0.2948399782180786
0.8812807202339172
1.5117368698120117
0.5108861923217773
0.3280174136161804
0.21346144378185272
0.44695693254470825
0.7436930537223816
0.6700770258903503
0.8512601852416992
0.22974364459514618
0.6133145093917847
0.5270863175392151
0.3138256072998047
0.7879818677902222
0.7124013304710388
0.5529615879058838
0.5018066167831421
0.6029714345932007
0.446625292301178
0.6146880984306335
0.7765728235244751
1.0037152767181396
0.4802939295768738
0.8755024671554565
0.47842589020729065
0.33027052879333496
0.47616028785705566
0.24271027743816376
0.5115312337875366
0.3004431128501892
0.6441711187362671
0.41322097182273865
0.44068223237991333
0.16004326939582825
0.5695419311523438
0.39406174421310425
0.41086769104003906
0.904316246509552
0.4220123291015625
0.4259718358516693
0.29170066118240356
0.3952257037162781
0.359610378742218
0.6385143995285034
0.34663861989974976
0.734264612197876
0.3757493495941162
0.5923340320587158
0.8651302456855774
0.4486812651157379
0.47781306505203247
0.48790502548217773
0.39413323998451233
0.3988603949546814
0.30806654691696167
0.6145341396331787
0.557775616645813
0.3882596790790558
0.5593138933181763
0.3975399136543274
0.9262326955795288
0.5497151613235474
0.38499313592910767
0.8100701570510864
0.5288193225860596
0.45661646127700806
0.10871575027704239
0.5506545901298523
0.7715097069740295
0.8168052434921265
0.48557528853416443
0.264553964138031
0.24419598281383514
0.35868039727211
0.251316636800766
0.7729651927947998
0.6127893328666687
0.43367916345596313
0.5420199632644653
0.36699068546295166
0.7104803323745728
0.3967663049697876
0.606573760509491
0.38681960105895996
0.9799163937568665
0.5115898847579956
0.31474053859710693
0.7461168766021729
0.37594711780548096
0.6358478665351868
0.4328888952732086
0.4669092297554016
0.3622700572013855
0.725648045539856
0.2672213912010193
0.27194204926490784
0.5633599162101746
0.6217793822288513
0.5441597104072571
0.37000954151153564
0.3730812668800354
1.0057789087295532
0.46511173248291016
0.39536386728286743
0.29507797956466675
0.7783401608467102
0.9981439709663391
0.37194135785102844
0.5208448171615601
0.44693392515182495
0.3313145935535431
0.47104328870773315
0.4768826961517334
0.29922667145729065
0.47153240442276
0.17641383409500122
0.6083473563194275
0.3727039694786072
0.8353769183158875
0.5659233331680298
0.7837364673614502
0.40172234177589417
0.40940603613853455
0.33410465717315674
0.6522585153579712
0.3553459644317627
0.5490372180938721
0.46651434898376465
0.6116967797279358
0.6290876865386963
0.4367756247520447
0.28773802518844604
0.11889493465423584
0.5926904082298279
0.6075774431228638
0.5813397169113159
0.6693288087844849
0.4555373787879944
0.40477830171585083
0.5608659386634827
0.2557721734046936
0.47447651624679565
0.6134525537490845
0.4895704388618469
0.5309724807739258
0.340404212474823
0.42718076705932617
0.6135373711585999
0.7619516253471375
0.3771663010120392
0.3395674526691437
0.8785619735717773
0.5442342758178711
0.7859088778495789
0.48287105560302734
0.5803899765014648
0.5069912075996399
0.5220638513565063
0.5408557057380676
0.4711395800113678
0.4401347041130066
0.7910698652267456
0.6538904309272766
0.433502197265625
0.5724467039108276
0.4634091854095459
0.6209968328475952
0.39000028371810913
0.5317535400390625
0.7181889414787292
0.4038205146789551
0.31393760442733765
0.3936496675014496
0.4642344117164612
0.5469910502433777
0.5154579281806946
0.5455062985420227
0.5887817144393921
0.5275062918663025
0.7262035608291626
1.0444496870040894
0.4399552345275879
0.35312095284461975
0.5900848507881165
1.2829973697662354
0.5678423047065735
0.2774072587490082
1.159919023513794
0.49253979325294495
0.7727652788162231
0.4918614327907562
0.29481855034828186
0.5263393521308899
0.30800721049308777
0.5090668201446533
0.6136144995689392
0.5085782408714294
0.18740874528884888
0.3962461054325104
0.4011090397834778
0.2968354821205139
1.1490719318389893
0.41744741797447205
0.6198700666427612
0.3380182385444641
0.566084086894989
0.30465298891067505
0.45426350831985474
0.4384499490261078
0.829595685005188
0.40862250328063965
0.24872329831123352
0.27543050050735474
0.4950388967990875
0.7715552449226379
1.2877185344696045
0.4086272120475769
0.600974440574646
0.5719075202941895
0.6311323046684265
0.6162956953048706
1.2851165533065796
0.4001069664955139
0.8318043947219849
0.4149785041809082
0.5116456151008606
0.6844441294670105
0.6695846319198608
0.6035114526748657
0.8583399653434753
0.7140928506851196
0.7298471331596375
0.7127895951271057
0.3616502285003662
0.6598432064056396
0.4154648780822754
0.5510392785072327
0.48156318068504333
0.4314432740211487
1.0425466299057007
0.44817304611206055
0.24199771881103516
0.404987096786499
0.4914495348930359
1.1131556034088135
0.6366105675697327
1.0338307619094849
0.2353806495666504
0.9055362939834595
0.18016786873340607
0.4545936584472656
0.4041685163974762
0.8485962152481079
0.3070164620876312
0.2963946461677551
0.5218886137008667
0.2964603304862976
0.4347345232963562
0.2698743939399719
0.5094099044799805
0.37130865454673767
0.3959033787250519
0.7717346549034119
0.4518798887729645
0.5674244165420532
0.3232263922691345
0.32792267203330994
0.9337571263313293
0.8029271960258484
0.7152246236801147
0.3280453383922577
0.5628045201301575
0.4309866428375244
0.4668116569519043
0.6117283701896667
0.4438851773738861
1.094832181930542
0.5600453019142151
0.33094969391822815
0.7659676671028137
0.4635564386844635
0.5073820352554321
0.5002128481864929
0.8305727243423462
0.5241261124610901
0.5783983469009399
0.5557361245155334
0.9224120378494263
0.5607806444168091
0.573957622051239
