1.0485749244689941
0.6735682487487793
0.8344827890396118
1.2121074199676514
0.708493709564209
1.0927666425704956
0.9101117253303528
0.5188859105110168
0.9189030528068542
0.6751042604446411
0.6182735562324524
0.6177283525466919
0.6572870016098022
0.7817701101303101
0.8971840739250183
0.8965732455253601
1.5059360265731812
1.0602723360061646
1.060083031654358
0.7546440362930298
0.5303856134414673
0.5325640439987183
0.5773069262504578
0.7453827857971191
0.8130435943603516
0.8265775442123413
0.8793333172798157
0.582920253276825
0.6825586557388306
0.5680991411209106
0.5557640790939331
0.6337063312530518
0.8585245013237
0.9394609332084656
0.55561363697052
0.8090219497680664
0.5597502589225769
0.452111154794693
0.5043002367019653
0.8644641637802124
0.7149554491043091
0.6133204698562622
0.8100597262382507
0.6484521627426147
0.527944028377533
1.5045480728149414
1.0110725164413452
0.50309157371521
0.5574766993522644
0.6406877040863037
0.6244905591011047
0.39211344718933105
0.650356113910675
0.6461611986160278
1.0077670812606812
0.5533167719841003
0.6173151135444641
0.4655514359474182
0.37569403648376465
0.4883895814418793
0.8849105834960938
0.682140588760376
0.6919413805007935
0.9159899950027466
0.9710383415222168
0.42545947432518005
0.7229936122894287
0.804577648639679
0.8292807340621948
0.8327390551567078
0.4942547380924225
0.6542409658432007
0.6118048429489136
0.744619607925415
0.8821319341659546
0.4855225682258606
0.43169814348220825
0.7880880236625671
0.7534621953964233
0.7319754362106323
0.7295376062393188
0.7116325497627258
0.681861162185669
0.778603196144104
0.59733647108078
1.0546252727508545
0.464916467666626
0.7527241706848145
0.804764449596405
0.28014907240867615
0.6330934762954712
1.1595420837402344
0.4408215582370758
0.9356874227523804
0.7765704989433289
0.5689923167228699
0.8133803606033325
0.5432604551315308
0.8252423405647278
1.2925595045089722
0.7145410776138306
0.5638778805732727
0.44902849197387695
0.409848690032959
0.6579262018203735
0.999548614025116
0.9239104986190796
0.41262954473495483
0.6756304502487183
0.6077905893325806
0.5726475715637207
0.6194442510604858
0.6233655214309692
0.5694954991340637
0.7985399961471558
0.4618815779685974
0.603704035282135
0.5347510576248169
0.5875900387763977
0.6166409254074097
0.588973879814148
0.5258899927139282
0.8404219746589661
0.8591176271438599
0.5374361872673035
0.9368643760681152
1.7342054843902588
0.912415623664856
0.5462737679481506
1.0340259075164795
0.5380957722663879
0.8508554697036743
0.923958420753479
0.901742160320282
1.0438673496246338
1.0302023887634277
0.7680465579032898
0.4602755606174469
1.132577657699585
0.36908796429634094
0.6685882806777954
0.9237648248672485
0.5292555689811707
0.6889567375183105
0.6385992169380188
1.053670048713684
0.7339640259742737
0.6616467237472534
0.7104302644729614
1.1030930280685425
0.5891440510749817
1.036277174949646
0.8345154523849487
0.7311641573905945
0.7813801765441895
1.4139249324798584
0.45404261350631714
0.8680262565612793
0.597565770149231
0.6581284999847412
0.517108142375946
0.9140616655349731
0.7790389060974121
0.7139714360237122
0.9098105430603027
1.0237619876861572
0.41910988092422485
0.5627880692481995
0.6502591371536255
0.5277849435806274
0.47194284200668335
0.7437766194343567
0.4078961908817291
0.44912663102149963
0.5674244165420532
0.8349390029907227
0.8789211511611938
1.1642565727233887
0.838605523109436
0.7142714262008667
0.38428837060928345
0.7292413115501404
0.6358524560928345
0.6413843035697937
0.257493793964386
0.7250149846076965
0.8648139238357544
0.8307188749313354
0.45911651849746704
0.8142657279968262
0.6610578298568726
0.31754934787750244
0.8258539438247681
1.3854658603668213
0.6975969076156616
0.7363165616989136
0.7163044810295105
0.49880895018577576
0.5340099334716797
0.5029538869857788
0.3981949985027313
0.6051867604255676
0.6064664721488953
0.5126534700393677
0.4156407415866852
0.9148412942886353
0.8038490414619446
0.482154905796051
0.7737995982170105
0.6404223442077637
0.8013292551040649
0.5267411470413208
0.8234896659851074
0.8162990808486938
0.353634774684906
1.0949108600616455
0.3673992156982422
0.7346163988113403
1.0495766401290894
0.6069036722183228
0.40559548139572144
1.091763973236084
0.5982743501663208
0.46063676476478577
0.9031325578689575
0.8015667796134949
0.7066893577575684
1.2715740203857422
0.3037561774253845
0.7337953448295593
0.8650760650634766
0.9141771197319031
0.5134425759315491
0.7098405957221985
0.6418074369430542
0.38462910056114197
1.0109493732452393
0.9384391903877258
0.37123584747314453
0.7187491655349731
0.68663090467453
1.3300145864486694
0.6774532198905945
0.7481153607368469
0.5973947048187256
0.4905633330345154
0.6121817827224731
0.607327938079834
0.7227773070335388
0.5830458402633667
0.6261426210403442
0.7269687652587891
0.784026563167572
1.0257601737976074
1.0248076915740967
0.8591429591178894
0.8848048448562622
0.430722713470459
0.5324466228485107
1.2146484851837158
0.6528552770614624
0.37780559062957764
0.574827253818512
0.9099032282829285
0.8189018368721008
0.521842360496521
0.5647001266479492
0.713998556137085
1.0892093181610107
0.5141568779945374
0.5789827108383179
1.3042634725570679
0.9194940328598022
0.538002610206604
0.851889967918396
0.500758945941925
0.46324458718299866
0.7928203344345093
0.9382597804069519
0.6441570520401001
0.7495028972625732
0.5825453996658325
0.4611300528049469
0.9872562289237976
0.8156366348266602
0.4374467730522156
1.1396175622940063
1.2987946271896362
0.6485574841499329
0.9139508008956909
0.7779178619384766
1.0491045713424683
0.7349872589111328
1.0483222007751465
0.5848870277404785
0.32768017053604126
0.331382691860199
0.777722179889679
0.5052213072776794
0.6654647588729858
0.6249794960021973
0.9485713243484497
0.40102824568748474
0.9057761430740356
0.520817756652832
0.795157253742218
0.6550725102424622
0.6239742040634155
0.5469733476638794
0.7283013463020325
0.7776757478713989
0.691521942615509
0.957564651966095
1.0935943126678467
1.029947280883789
0.6101305484771729
0.6027227640151978
1.2648581266403198
1.1947516202926636
0.8749492764472961
0.6247709393501282
0.6065733432769775
0.7356701493263245
0.7468693256378174
0.5501329898834229
0.48594245314598083
0.8733935356140137
0.4635492265224457
0.5333689451217651
0.9963971972465515
0.8115805387496948
0.41631945967674255
0.4869457185268402
0.7183184623718262
0.40166395902633667
0.6500197649002075
0.4745651185512543
0.5926632881164551
