0.6801789999008179
0.8928202390670776
0.4502887725830078
0.6538302898406982
0.36735665798187256
1.0319104194641113
0.7076881527900696
0.3313957750797272
0.2114444077014923
0.36971646547317505
0.5794985890388489
0.8643757700920105
0.41492900252342224
0.38746145367622375
0.6712219715118408
0.6456259489059448
0.5644782781600952
0.7143125534057617
0.31169191002845764
0.2522464394569397
0.24894411861896515
0.7572538256645203
0.43396884202957153
0.3766852915287018
0.6578197479248047
0.36589792370796204
0.7649884223937988
0.6515561938285828
0.4564928412437439
0.3426331579685211
0.47289496660232544
0.42943868041038513
0.5590908527374268
0.2999129891395569
0.37112683057785034
0.7038146257400513
0.30856090784072876
0.3125831186771393
0.47039595246315
0.2404344081878662
0.7979875206947327
0.5765478610992432
0.9381662607192993
0.7396625280380249
0.6803153157234192
0.8832332491874695
0.8637083768844604
0.3908768594264984
0.6046485900878906
0.5966200828552246
0.20192985236644745
1.0449804067611694
0.4199008345603943
1.194424033164978
0.2958369851112366
0.26058173179626465
0.45340973138809204
0.9061201810836792
0.4556172490119934
0.9672160148620605
0.34090369939804077
0.5695028305053711
0.8417667150497437
0.40890854597091675
0.751288115978241
0.9343037605285645
0.2701900601387024
0.5176879167556763
1.46906578540802
0.43075576424598694
0.37302476167678833
0.7564978003501892
0.905993640422821
0.44105100631713867
0.8510695695877075
0.3801356256008148
0.4980769157409668
0.491567462682724
0.19502069056034088
0.8056232333183289
0.7682042121887207
0.4255865216255188
0.34698694944381714
0.8808742761611938
0.60297030210495
0.17543525993824005
0.4850097596645355
0.5061360597610474
0.655942440032959
0.3857010304927826
0.5725539922714233
0.31111469864845276
0.669389009475708
0.6352359652519226
0.3597696125507355
0.7322196960449219
0.5927170515060425
0.4855019152164459
0.36159685254096985
0.16502557694911957
0.14106225967407227
0.35325324535369873
0.7018671035766602
0.7533707022666931
0.35993874073028564
0.6171490550041199
1.1190869808197021
0.5184688568115234
0.5854089260101318
0.4672495722770691
0.32005980610847473
0.7642530202865601
0.2313520908355713
0.28951510787010193
0.43063265085220337
0.3969574570655823
0.7366162538528442
0.8233566284179688
0.26480868458747864
0.3388935327529907
0.7746403813362122
0.7328220009803772
0.32099977135658264
0.22529523074626923
0.7098239064216614
0.6312484741210938
1.127467155456543
0.5478935241699219
0.7556702494621277
0.7339929342269897
0.4642638564109802
0.5773798227310181
0.5291522741317749
0.22176916897296906
0.4083250164985657
0.6714034676551819
0.32955485582351685
0.48429641127586365
0.38149264454841614
0.5825392007827759
0.504642903804779
0.8056426048278809
0.5484043955802917
0.498502641916275
0.4695688784122467
0.7799716591835022
1.0169289112091064
1.027681589126587
0.43335628509521484
0.2846704125404358
0.8046153783798218
0.8645961880683899
1.087350845336914
0.3489416241645813
0.6915635466575623
0.5375960469245911
0.3087760806083679
0.9637269973754883
0.9130598306655884
0.7562993764877319
0.5827549695968628
0.7065779566764832
0.28445956110954285
0.27931302785873413
0.670638918876648
1.466484785079956
0.7019224166870117
0.7757295370101929
0.3820638358592987
0.801365077495575
0.6524012684822083
0.5503244996070862
0.42169350385665894
0.2830449640750885
0.6757336854934692
0.3796338737010956
0.30258458852767944
0.813019871711731
0.4839213788509369
1.266099214553833
0.7627008557319641
0.49275845289230347
0.7009347677230835
0.3381151556968689
0.4895610809326172
0.8124755024909973
0.43038052320480347
0.665822446346283
0.4213806688785553
0.3465287387371063
0.5812451243400574
0.7700306177139282
0.40562790632247925
0.30352073907852173
0.5751910209655762
0.64671391248703
0.3666662275791168
0.5607401132583618
0.480379581451416
0.44247063994407654
0.4143828749656677
0.7474963068962097
1.0003973245620728
0.5806899070739746
0.5369462966918945
0.5903791189193726
0.4012327790260315
0.29634279012680054
0.9123464822769165
0.33076176047325134
0.38123220205307007
0.6001100540161133
0.5645256042480469
0.4610920548439026
0.31634798645973206
0.3766782283782959
0.47503766417503357
0.3629052937030792
0.24039848148822784
0.3861238360404968
0.4656010568141937
0.31738847494125366
0.24418120086193085
0.40000319480895996
0.4737025201320648
0.7013605833053589
0.5094192028045654
1.0506316423416138
0.954914927482605
0.35303980112075806
0.4398622512817383
0.41461601853370667
0.6225776672363281
0.35321131348609924
0.5181018114089966
0.5780196189880371
0.40674296021461487
0.2632687985897064
0.6328069567680359
0.5245450735092163
1.0525814294815063
0.4718267023563385
0.6730629205703735
0.5298818349838257
0.6487996578216553
0.26442867517471313
0.4069060683250427
0.5270444750785828
0.4312649667263031
0.5865621566772461
0.720015287399292
0.5860743522644043
0.9240404367446899
0.7528710961341858
0.29164832830429077
0.25558024644851685
0.5206292867660522
0.4895686209201813
0.25435274839401245
0.355331689119339
0.9174206852912903
0.358033150434494
0.6661478281021118
0.3705287575721741
0.6972378492355347
0.3746505677700043
0.2397727072238922
0.35415714979171753
1.0119869709014893
0.31606900691986084
0.4077072739601135
0.4445096552371979
0.3870932459831238
0.7492762804031372
0.7473282814025879
0.45776572823524475
0.35198676586151123
0.4031240940093994
0.44435176253318787
0.376376211643219
0.5035674571990967
0.6978746652603149
0.6740994453430176
0.7192254662513733
0.6581031084060669
0.7812117338180542
0.4704054296016693
0.4470003545284271
0.3313016891479492
0.42899197340011597
0.4520862102508545
0.5820665955543518
1.0405335426330566
0.4456837773323059
1.2636185884475708
0.6606582403182983
0.19439485669136047
0.3414689898490906
0.4399610459804535
0.18673810362815857
0.3780863583087921
0.19031324982643127
0.4190801978111267
0.4495212137699127
0.5532684326171875
0.7170501351356506
0.29704537987709045
0.5794826745986938
0.21312275528907776
0.3434126675128937
0.458934485912323
0.550570011138916
1.0471172332763672
0.9745908975601196
0.6663543581962585
0.4021431803703308
0.44212859869003296
0.5873776078224182
0.9087793231010437
0.615304708480835
0.7502056360244751
0.4318477511405945
0.6629394292831421
0.2140093296766281
0.3994116485118866
0.4149029850959778
0.31045880913734436
0.31361088156700134
0.48408764600753784
0.35914111137390137
0.8397793769836426
0.1279599517583847
0.5477744340896606
0.43450650572776794
0.4856928884983063
0.3949611485004425
0.35711780190467834
0.5463044047355652
