0.8802632093429565
0.6231521368026733
0.3881319463253021
0.7016066312789917
0.4180994927883148
0.39230260252952576
0.9668617248535156
0.5382116436958313
0.4337595999240875
0.42934972047805786
0.4670284390449524
1.081251859664917
0.5733851194381714
0.8159303665161133
0.54549241065979
0.40808025002479553
0.9842339754104614
0.20979662239551544
0.6556922793388367
0.5061780214309692
0.4662087559700012
0.673187255859375
1.028253197669983
0.4165666699409485
0.7133647203445435
0.5898675322532654
0.7829673886299133
1.0537749528884888
0.34670308232307434
0.5000628232955933
0.465431272983551
0.3069087862968445
0.6432985663414001
0.41538476943969727
0.6809975504875183
0.37037402391433716
0.7081596255302429
0.6485298871994019
0.6443377733230591
0.4437432885169983
0.14695969223976135
0.0813605785369873
0.34703439474105835
0.24356503784656525
0.4311040937900543
0.5655196905136108
0.6249005198478699
0.6618055105209351
0.7409315705299377
0.2410455197095871
0.5677089095115662
0.5823104381561279
0.8890135884284973
0.23228883743286133
0.4387422204017639
0.42763739824295044
0.31935083866119385
0.3927695155143738
0.3313907980918884
0.6019858121871948
0.661889374256134
0.45552390813827515
1.1772366762161255
0.4372878968715668
0.29322323203086853
0.5648850798606873
0.7039505839347839
0.9040525555610657
0.4935309886932373
0.5672982931137085
0.6377819776535034
0.5049504041671753
0.24937692284584045
0.6276654601097107
0.3747742474079132
0.3969157040119171
0.6879302859306335
0.38239574432373047
0.30874744057655334
0.3574369251728058
0.6811605095863342
0.48733386397361755
0.8327533602714539
0.9004833102226257
0.7635177373886108
0.3931731581687927
0.4347917437553406
0.42721882462501526
0.07983985543251038
0.4340989589691162
0.9005292654037476
0.48021823167800903
1.1451069116592407
0.6248935461044312
0.7386544346809387
0.4603223204612732
0.717034637928009
0.4011843800544739
0.7235844731330872
1.0198729038238525
0.5362921357154846
0.9386106729507446
0.418461412191391
0.3757379353046417
0.5316228270530701
0.3595917820930481
0.5049524307250977
0.4806143641471863
0.34500789642333984
0.2993833124637604
0.7534528970718384
0.4053340554237366
0.30762919783592224
0.3692001700401306
0.5023848414421082
0.6505466103553772
0.7004791498184204
0.8350194692611694
0.3662382960319519
0.29345232248306274
0.880781352519989
0.2689751386642456
0.17590682208538055
0.4349726736545563
0.4977111220359802
0.8970565795898438
0.2751627266407013
0.3976718485355377
0.5704869031906128
0.25208336114883423
0.5555879473686218
0.4966556429862976
0.3093695640563965
0.6705575585365295
0.5115057229995728
0.339875727891922
0.518029510974884
0.6222707033157349
0.6013119220733643
0.5533754229545593
0.7229047417640686
0.3780471980571747
0.5331840515136719
0.5660451054573059
0.2849593758583069
0.9429572224617004
0.7187528014183044
0.61280757188797
0.3509816527366638
0.7844380140304565
0.5241796970367432
0.7103797793388367
0.3866727948188782
0.5982943773269653
0.745977520942688
0.4047315716743469
0.39909452199935913
0.4586118757724762
0.647920548915863
0.530567467212677
0.6820203065872192
0.703833281993866
0.41841238737106323
0.30107858777046204
0.39532703161239624
0.28162291646003723
0.3137175142765045
0.3128523826599121
1.025557518005371
0.7421096563339233
0.4891324043273926
0.4886624217033386
0.6023586392402649
0.5724291205406189
0.4298900067806244
0.47343069314956665
0.45338955521583557
0.2121802270412445
0.5806803107261658
0.5555983781814575
0.34331637620925903
0.40973472595214844
0.7977609634399414
0.728519082069397
0.7525326013565063
0.40305763483047485
0.46221795678138733
0.6549489498138428
0.48091012239456177
0.7339855432510376
0.4017067849636078
0.2594563364982605
0.8487814664840698
0.3823278844356537
0.24773168563842773
0.9499619603157043
0.5075036883354187
0.4733045697212219
0.6708002686500549
0.47557759284973145
0.6163709163665771
0.4688662588596344
0.4198548197746277
0.571880578994751
0.9791384935379028
0.2807111144065857
0.2961731553077698
0.48407045006752014
0.7607737183570862
0.36954545974731445
0.8593387603759766
0.5904983878135681
0.7054774761199951
0.5404688715934753
0.3732742369174957
0.2601570785045624
0.8866868019104004
0.4132649302482605
0.3871202766895294
0.36737707257270813
1.4571800231933594
0.7777172327041626
0.6098910570144653
0.5324490666389465
0.7965170741081238
0.37642550468444824
0.22928190231323242
0.6097705960273743
0.6799529790878296
0.680616557598114
0.23356088995933533
0.4764902591705322
0.5658214092254639
0.4757876396179199
0.3060605525970459
0.7415693998336792
0.3739948272705078
0.6479591131210327
0.8893738985061646
0.3529961109161377
0.6812785863876343
0.6397499442100525
0.5498951077461243
0.3990148901939392
0.6463233232498169
0.7551562190055847
0.9820455312728882
0.6802565455436707
0.7953827381134033
0.17556308209896088
0.49457186460494995
1.0384835004806519
0.22834300994873047
0.3850558400154114
0.4189804494380951
0.43654417991638184
0.43299493193626404
0.4580671787261963
0.5052816271781921
0.5688214898109436
0.6052016019821167
0.4281744956970215
0.3874194622039795
0.7972773313522339
0.8590072393417358
1.2981841564178467
0.8573050498962402
0.5424556136131287
0.3504204750061035
0.6156111359596252
0.5280815958976746
0.3066849112510681
0.4756985604763031
0.46258196234703064
0.44058936834335327
0.2048792541027069
0.6761651635169983
0.5038909912109375
0.5824435353279114
0.4765745997428894
0.37869733572006226
0.2148703634738922
0.40948525071144104
0.4622156023979187
0.9252565503120422
1.216717004776001
0.6510984301567078
1.161766767501831
0.18540972471237183
0.37971752882003784
0.6444132924079895
0.4377608299255371
0.5126166343688965
0.48425450921058655
0.6735082864761353
0.3493120074272156
0.7127166986465454
0.23797325789928436
0.5618097186088562
0.4395561218261719
0.6530926823616028
0.536777138710022
0.40998679399490356
0.41019362211227417
0.48733606934547424
0.39919018745422363
0.3216397166252136
0.9312974810600281
0.39324912428855896
0.5253666639328003
1.021266222000122
0.26229196786880493
0.4141223430633545
0.6514573693275452
0.5328280329704285
0.41752395033836365
0.5010234117507935
0.5862967371940613
1.0589916706085205
0.4075567126274109
0.2465965300798416
0.274591863155365
0.5614389181137085
0.25591883063316345
0.3942006230354309
0.4640997350215912
0.6879497766494751
0.29437488317489624
0.3236575126647949
0.8929829597473145
0.4746442437171936
0.6083150506019592
0.44707465171813965
0.318087637424469
0.41931653022766113
0.39937251806259155
0.3215634524822235
0.7374393343925476
