0.3865360617637634
0.38737204670906067
0.5587927103042603
1.1576414108276367
0.5030226111412048
0.2989993989467621
0.8936213254928589
0.7324110865592957
0.1950165331363678
0.3301584720611572
0.24538004398345947
0.7672755122184753
0.1963508427143097
0.36514386534690857
0.37108278274536133
0.37176087498664856
0.24251413345336914
0.9712774157524109
0.38262733817100525
0.5181140899658203
0.697694718837738
0.8592198491096497
0.5090879201889038
0.7311428785324097
0.723185658454895
0.40733709931373596
0.2854597270488739
0.3648105561733246
0.4145498275756836
0.33131951093673706
0.38122135400772095
0.8431706428527832
0.6489495038986206
0.38024213910102844
0.5887566804885864
0.5841377377510071
0.3969366252422333
0.4822673797607422
0.5057732462882996
0.6920472979545593
0.5946565866470337
0.44117650389671326
0.27194923162460327
0.40657806396484375
0.9069265127182007
0.44960832595825195
1.2161767482757568
0.39969491958618164
0.5892825126647949
0.49490076303482056
0.9862958788871765
0.7894840240478516
0.40652960538864136
0.74018394947052
0.25872787833213806
0.28782522678375244
0.5649871826171875
0.4023604393005371
0.6601160764694214
0.42970991134643555
0.4960401952266693
1.3470977544784546
0.5237139463424683
0.46905240416526794
0.15024429559707642
1.0371496677398682
0.5372364521026611
0.5190522074699402
1.044921636581421
0.4749794900417328
0.8257921934127808
0.67344731092453
0.44503650069236755
0.3527459502220154
0.4239993095397949
0.619454026222229
0.6954244375228882
0.43160170316696167
0.46117353439331055
1.1017426252365112
0.6030606627464294
0.828243613243103
0.34756049513816833
0.2780655324459076
0.6835700273513794
0.33095014095306396
1.1035609245300293
0.5545059442520142
0.2611265778541565
0.5245729684829712
1.287312388420105
0.8766518831253052
0.5877252817153931
0.34637266397476196
1.0279825925827026
0.7563818097114563
0.19260761141777039
0.43069928884506226
0.6790403127670288
0.4667845666408539
0.5565954446792603
0.3854915499687195
1.0935943126678467
0.8204252123832703
0.29876798391342163
1.1246998310089111
0.4068187177181244
0.6053943634033203
0.8420608639717102
0.6409367322921753
0.2766523063182831
0.19940464198589325
0.5222716331481934
0.9451748132705688
0.2794865071773529
0.22647449374198914
1.0301272869110107
0.22067388892173767
0.5926584005355835
0.47549039125442505
0.3699232041835785
0.6253982186317444
0.49495410919189453
0.6560479402542114
0.23116295039653778
0.36879536509513855
0.4378839433193207
0.3984678089618683
1.140891432762146
0.47437649965286255
0.3473097085952759
0.7148101925849915
0.6414731740951538
0.6573213934898376
0.25057703256607056
0.8539175987243652
0.5863704681396484
0.25922664999961853
0.6700937151908875
0.5801873207092285
0.4897831380367279
0.4819875657558441
0.5000139474868774
0.8462961912155151
0.570635974407196
0.6047937870025635
0.4294353127479553
0.8494294881820679
0.23178784549236298
0.3015648424625397
0.35816407203674316
0.514612078666687
0.6063308119773865
0.29047277569770813
1.5096533298492432
0.2673737406730652
0.2827090620994568
0.44615334272384644
0.6252022385597229
0.17794325947761536
0.7009584903717041
0.27232667803764343
0.5215994715690613
1.0919643640518188
0.6202977895736694
0.3457368016242981
0.43802976608276367
0.20753605663776398
1.1373270750045776
0.43435969948768616
0.6588600873947144
0.5112705826759338
0.5297243595123291
0.5355000495910645
0.3151313364505768
0.42367029190063477
0.2512454092502594
0.39895790815353394
0.3211956322193146
0.8609578013420105
0.3840469717979431
0.3460940718650818
0.42157045006752014
0.49369603395462036
0.585209846496582
0.9409111142158508
0.6402959227561951
0.34310182929039
0.6154434084892273
0.47584304213523865
0.4614819884300232
0.40732985734939575
0.5595788955688477
0.29071512818336487
0.34269818663597107
0.7281191945075989
0.3363557457923889
0.8910657167434692
0.24225680530071259
0.3394262492656708
1.1307194232940674
0.32846203446388245
0.30261799693107605
0.5758825540542603
0.6808441281318665
0.34127077460289
0.823223888874054
0.44644588232040405
0.4597402513027191
1.1647613048553467
0.32677769660949707
0.4065718650817871
0.34802839159965515
0.33611539006233215
0.25640398263931274
0.24254386126995087
0.2676926553249359
0.5869851112365723
0.6764286160469055
0.5479732751846313
0.7817471623420715
0.5520261526107788
0.468357652425766
0.262963205575943
0.9609946012496948
0.8046411275863647
1.1946184635162354
1.084137201309204
0.36374443769454956
0.548704981803894
0.8102289438247681
0.7079232931137085
0.5957472920417786
0.5230730175971985
0.4935256838798523
0.4686412811279297
0.7004167437553406
0.15698273479938507
0.6415233016014099
0.4753548204898834
0.3309696316719055
0.4409286379814148
0.7085037231445312
0.6690735220909119
0.34042292833328247
0.685788631439209
1.0078223943710327
0.8069555163383484
0.3714039623737335
0.36307644844055176
0.4376703202724457
0.2565757632255554
0.28147512674331665
0.6243628263473511
0.4076588749885559
0.1728067547082901
0.34857672452926636
0.7875403165817261
0.25546684861183167
0.6013696789741516
0.8537173271179199
0.48679742217063904
0.6519876718521118
0.5726416707038879
0.46148696541786194
0.43300849199295044
0.4211098551750183
0.19760362803936005
0.4875491261482239
0.6019011735916138
0.6097163558006287
0.3969854712486267
0.39219748973846436
0.2730554938316345
0.6688997149467468
1.0824308395385742
0.7461574077606201
0.5454043745994568
0.8656370043754578
0.8349868655204773
0.2289101779460907
0.43303030729293823
0.6133401989936829
0.5788793563842773
0.6685064435005188
0.674548864364624
0.48516425490379333
0.6217390298843384
0.1827283799648285
0.32409119606018066
0.7904936671257019
0.33808258175849915
0.6042345762252808
0.5410653948783875
0.3802574574947357
0.4627082347869873
0.9694331288337708
0.6885252594947815
0.37934771180152893
0.5965601801872253
0.2436411827802658
0.7270776629447937
0.5949146747589111
1.0062613487243652
0.49532070755958557
0.260367214679718
1.6737886667251587
0.35250869393348694
0.5782087445259094
0.21945960819721222
0.7326262593269348
0.6652001142501831
0.5914986729621887
1.0205878019332886
0.3884594142436981
0.37179291248321533
0.7017156481742859
0.474745512008667
0.6873996257781982
0.8660973310470581
0.5987628102302551
0.5150017142295837
0.4874047636985779
0.4915824830532074
0.1985144317150116
0.6411718130111694
0.4377857744693756
0.46676334738731384
0.24873125553131104
0.2530781626701355
0.9028202295303345
0.08053956925868988
0.5444749593734741
0.5777689218521118
0.5754631757736206
0.7895740270614624
0.21717078983783722
1.1746721267700195
