0.7408326864242554
0.3105071783065796
0.3726824223995209
0.8715304136276245
0.7574242353439331
0.9865944981575012
0.5662311315536499
0.5027989149093628
0.6613163352012634
0.49761009216308594
0.5008913278579712
0.5461210012435913
0.7667547464370728
0.5145757794380188
0.8259662389755249
0.3283955454826355
0.6547956466674805
0.6947187185287476
0.22976604104042053
0.38851338624954224
0.8308682441711426
0.6604562997817993
0.557287335395813
0.9859613180160522
0.23201397061347961
0.5934309363365173
0.29641443490982056
0.3467349410057068
0.3412612974643707
0.3574235439300537
0.718216598033905
0.5652207732200623
0.1960136890411377
0.8884707689285278
0.5455467104911804
0.18501690030097961
0.4404973089694977
0.7231475710868835
0.38614803552627563
0.49435392022132874
0.7179927229881287
0.646040141582489
0.489982932806015
0.5326124429702759
0.34663617610931396
0.6704462170600891
0.9837619066238403
0.3955302834510803
0.5075289607048035
0.2908009886741638
0.3697700500488281
0.4972439408302307
0.3936939835548401
0.29207465052604675
0.5421444177627563
0.6450849771499634
0.8263906240463257
0.5462234616279602
0.21282227337360382
0.548658549785614
0.32984375953674316
0.2692413330078125
0.702835738658905
0.3789737820625305
0.694675862789154
1.2728480100631714
0.33043617010116577
0.6377379298210144
0.6673364639282227
0.6474499702453613
0.6659684181213379
0.34851372241973877
0.9368537664413452
0.5042716264724731
0.4928189814090729
0.805607795715332
0.6230038404464722
0.4311249852180481
0.5582488179206848
0.744524359703064
1.7698135375976562
0.22156086564064026
0.6159176230430603
1.1091456413269043
0.30742084980010986
0.45390692353248596
0.5976194739341736
0.5712745189666748
0.2526872456073761
0.5881912708282471
0.49454769492149353
0.3908523917198181
0.5069756507873535
0.3412187993526459
0.4992135167121887
0.5252712368965149
0.2083558291196823
0.8774446249008179
0.17732933163642883
0.7293090224266052
0.228040412068367
0.5200874209403992
0.4868377149105072
0.6528139114379883
0.5272944569587708
0.6657270193099976
0.4543887674808502
0.8475370407104492
0.5333330631256104
0.4913858473300934
0.37381845712661743
0.6081445813179016
0.367973268032074
0.34393584728240967
0.8919187784194946
0.6056532263755798
0.44988569617271423
0.7920406460762024
0.434868723154068
0.29098278284072876
0.2431120127439499
0.5187170505523682
0.38253724575042725
0.4364396035671234
0.25297337770462036
0.48152488470077515
0.694034218788147
0.4077790379524231
0.3656046986579895
0.6728772521018982
0.3255254626274109
0.46794357895851135
0.3179793357849121
1.0036695003509521
0.5016414523124695
0.5766385197639465
0.5225611925125122
1.1258842945098877
0.657232940196991
0.8131912350654602
0.6785905361175537
0.2220568209886551
0.46023139357566833
0.5895503759384155
0.42413634061813354
0.649004340171814
0.42090529203414917
0.39383330941200256
0.8546978235244751
0.49588313698768616
0.6922240257263184
0.49322351813316345
0.29552140831947327
1.1903579235076904
0.3102887272834778
0.6772737503051758
0.2602614164352417
0.5271867513656616
0.5763969421386719
0.7787877321243286
1.1586041450500488
0.40730419754981995
0.8084600567817688
0.5938901305198669
1.2144348621368408
0.5912404656410217
0.4222383499145508
0.5746992230415344
0.35104766488075256
0.7863095998764038
0.8046292066574097
0.4183843731880188
0.5887675285339355
1.0209779739379883
0.7438091039657593
0.3532361686229706
0.364479124546051
0.48730069398880005
0.7314247488975525
0.558625340461731
0.5312187075614929
0.48377999663352966
0.5978201627731323
0.6382397413253784
0.4585358500480652
0.5732457637786865
0.45472270250320435
0.4762454032897949
0.3979828357696533
0.46901050209999084
0.8179734349250793
0.8942328691482544
0.6412972211837769
0.4389544427394867
0.6425124406814575
0.535627007484436
0.6332703828811646
0.31210774183273315
0.6166144609451294
0.3749830722808838
0.6268128156661987
0.4239634573459625
1.1643342971801758
0.38513585925102234
0.5196607708930969
0.4283624589443207
0.5071525573730469
0.38021120429039
0.8268718719482422
0.30190563201904297
1.041022539138794
0.4898902475833893
0.27105218172073364
0.5436974167823792
0.3013704717159271
0.36505916714668274
0.44527530670166016
0.46678033471107483
0.6894856691360474
1.255924940109253
0.43908628821372986
0.4573614001274109
0.732410728931427
0.4167293608188629
0.5367045402526855
0.5973677635192871
0.4145737588405609
0.6431465148925781
0.6315668821334839
0.7017202973365784
0.32097482681274414
0.2875233590602875
0.2978799045085907
0.25613728165626526
0.6727062463760376
1.1139007806777954
0.9362096786499023
0.2649913728237152
0.4913688600063324
0.9459660649299622
0.6697368025779724
1.1037877798080444
0.8003002405166626
0.4563070237636566
0.32122063636779785
0.519766092300415
0.9958369135856628
0.7866008281707764
0.6362799406051636
0.19796472787857056
0.6653781533241272
0.5756130218505859
0.37956246733665466
0.2524653375148773
0.8398134112358093
0.9002792239189148
0.2803514897823334
0.8004191517829895
0.4203117787837982
0.43113869428634644
0.31732168793678284
1.3000482320785522
0.5156329870223999
0.4761848449707031
0.9901226162910461
0.7307321429252625
0.3524022698402405
0.6002150774002075
0.43444663286209106
0.7445353269577026
0.44944795966148376
0.8720329403877258
0.5771874189376831
0.41150227189064026
0.8056758046150208
0.7299273014068604
0.20762470364570618
0.7213433384895325
0.5898269414901733
0.34075379371643066
0.7558469772338867
0.3831443786621094
0.7595933079719543
0.7423552870750427
0.34696799516677856
0.17480380833148956
0.3175932466983795
0.3877984583377838
0.7282443046569824
0.539030134677887
0.4234135150909424
0.4614940285682678
0.19418171048164368
0.32653066515922546
0.32808396220207214
0.5828732252120972
0.6994717717170715
0.5699248909950256
0.25123292207717896
0.5047087073326111
0.4933970868587494
1.0106065273284912
0.5694576501846313
0.437695175409317
0.19163168966770172
0.6968485713005066
0.9275752305984497
0.4308694005012512
0.9302335977554321
0.423931360244751
0.3297070562839508
0.37755560874938965
0.6290683150291443
0.41984444856643677
0.6991614103317261
0.6594873666763306
0.5112239122390747
1.1550191640853882
1.4820306301116943
0.318411648273468
0.9248946309089661
0.5615442395210266
0.34290629625320435
0.6844871044158936
0.6941524744033813
0.12377379089593887
0.29109987616539
0.5687094926834106
0.7519199252128601
0.5192387700080872
0.3518714904785156
0.6049500703811646
0.6470758318901062
0.46519264578819275
0.7009587287902832
0.31900978088378906
0.21766920387744904
1.1711061000823975
