0.3560492694377899
0.36267930269241333
0.4680558145046234
0.36788907647132874
0.31966114044189453
0.6372751593589783
0.33653077483177185
0.7904816269874573
0.5545552372932434
0.3979949355125427
0.6626194715499878
0.3136523962020874
0.7433837652206421
0.8790429830551147
0.5709273815155029
0.9918689727783203
0.5204815864562988
0.7530328631401062
0.3948543667793274
0.5013613700866699
0.38210272789001465
0.45945024490356445
0.33581429719924927
0.22491922974586487
0.4110132157802582
0.5251315832138062
0.41541165113449097
0.929943859577179
0.5756668448448181
0.45971935987472534
0.8379770517349243
0.1441711038351059
0.595361590385437
0.43135228753089905
0.9041672945022583
0.4755508303642273
0.24097052216529846
0.835349440574646
0.9732372164726257
0.8489035367965698
0.9284096956253052
1.010114073753357
0.48988479375839233
0.4479740262031555
0.2218189686536789
0.416698157787323
0.21512427926063538
0.29191577434539795
0.7389245629310608
0.5048975944519043
0.2626960277557373
0.5560463666915894
0.34227436780929565
0.2946208119392395
0.5105705857276917
0.2811598777770996
0.3515467643737793
0.44435223937034607
0.27385014295578003
1.718920350074768
0.2888184189796448
0.26115450263023376
0.5812674760818481
0.5453065037727356
0.6089580655097961
0.7901274561882019
0.8295580148696899
0.6631994247436523
0.6409534215927124
0.657863974571228
0.29008015990257263
0.359409898519516
0.5548834800720215
0.362785279750824
0.4580678939819336
0.45271310210227966
0.3529101014137268
0.7375814914703369
0.36926376819610596
0.15576030313968658
0.36273321509361267
0.38310813903808594
0.45015543699264526
0.6154713034629822
0.5039337873458862
0.3335563540458679
0.6310608983039856
0.3948821425437927
0.42764902114868164
0.2955870032310486
0.42643746733665466
0.31435731053352356
0.4701586365699768
0.5949488878250122
0.7708433866500854
0.6933156251907349
0.6947067975997925
0.46639102697372437
0.9158505201339722
0.9880258440971375
0.5304216742515564
0.8065589666366577
0.44421952962875366
0.3141442835330963
0.4674137532711029
0.6463826894760132
0.9184297323226929
0.2763757109642029
0.1824396252632141
0.30946314334869385
0.3916053771972656
0.47958001494407654
0.9206409454345703
0.6132907867431641
0.44408828020095825
0.7866161465644836
0.42068251967430115
0.4631752073764801
0.3910272717475891
0.7339895963668823
0.3247833847999573
0.42703667283058167
0.38052061200141907
0.7478286027908325
0.49287882447242737
0.8411266207695007
0.277456670999527
1.4326850175857544
0.7345319986343384
0.2540014684200287
0.7568839192390442
0.8833087682723999
0.3442936837673187
0.5907173752784729
0.9080052375793457
0.26180899143218994
0.45224881172180176
0.44088107347488403
0.8421352505683899
0.4645442068576813
0.3708319067955017
0.6375681161880493
0.4378843307495117
0.4720381200313568
0.2828397750854492
0.7866439819335938
0.6204334497451782
0.468580424785614
0.4208093583583832
0.794344425201416
0.5311095714569092
0.7109889388084412
0.4475153088569641
0.30293601751327515
0.7146173715591431
1.0084762573242188
1.2024915218353271
0.7040631175041199
0.35884007811546326
1.176552414894104
0.9667938351631165
0.9331008791923523
0.5090540647506714
0.4278879761695862
0.4025321900844574
0.7626861333847046
0.34537985920906067
0.8204767107963562
0.5576849579811096
0.23912236094474792
0.30818212032318115
0.5542171597480774
0.5797487497329712
0.35745182633399963
0.604394793510437
0.44122037291526794
0.46442317962646484
0.28968173265457153
0.4344267249107361
0.5125820636749268
0.38548415899276733
0.3624928593635559
0.6947396993637085
0.27782362699508667
0.20651677250862122
0.614387571811676
0.6942310333251953
0.5014804005622864
0.31088510155677795
0.5616142153739929
0.6867637038230896
0.23919060826301575
0.3918824791908264
0.21175959706306458
0.36233988404273987
0.5871078372001648
0.36033985018730164
0.6951043605804443
0.46110039949417114
0.5422874689102173
1.029870867729187
0.8362523913383484
0.4155953526496887
0.39119458198547363
0.7994390726089478
0.4456033706665039
0.43432140350341797
0.6999150514602661
0.3767069876194
0.6223925352096558
0.5152691006660461
0.4512362480163574
0.538067638874054
0.4335361421108246
0.37688344717025757
0.7466526627540588
0.45651307702064514
0.506068229675293
0.8137210011482239
0.6224757432937622
1.135858416557312
1.0658376216888428
0.44726723432540894
0.865047812461853
0.32880306243896484
0.48216158151626587
0.30900782346725464
0.7918652296066284
0.5030328035354614
0.5863040685653687
0.5881142616271973
0.3655838072299957
0.31660446524620056
0.4844275116920471
0.9418915510177612
0.5818123817443848
0.4515349268913269
0.8294628262519836
0.3114927411079407
0.5668084621429443
0.6511822938919067
0.3066524863243103
0.49248045682907104
0.5865368843078613
0.6586101651191711
0.2737651765346527
0.6751028895378113
0.45662957429885864
0.28179413080215454
0.3668266236782074
0.7881296277046204
0.6061891317367554
0.4359532296657562
1.054999589920044
1.024917483329773
0.6610965728759766
0.4740365147590637
0.5512377023696899
0.3538215756416321
0.7828441858291626
0.8869169354438782
0.3214704096317291
0.3116138279438019
0.3119816184043884
0.1937468945980072
0.7300241589546204
0.7265905141830444
0.543265700340271
0.6070133447647095
0.5016714334487915
0.6735870838165283
0.6517713069915771
0.9624935388565063
0.7185042500495911
0.2653963565826416
0.4353729784488678
0.518947958946228
0.5308035612106323
0.6278684735298157
0.8822649121284485
0.34603816270828247
0.5379510521888733
0.5151106119155884
0.5364265441894531
0.4466257691383362
0.7107473611831665
0.54571932554245
0.978112518787384
0.24978932738304138
0.429800808429718
0.3916197717189789
0.9548412561416626
0.32496896386146545
0.4941834509372711
0.713368833065033
0.601965069770813
0.7362735271453857
0.43771323561668396
0.6993770599365234
0.37696191668510437
0.18396398425102234
0.5311740636825562
0.6281560063362122
0.46295279264450073
0.7584988474845886
0.5440894365310669
0.6505683660507202
0.6772142648696899
0.5476973652839661
0.561324954032898
0.622939944267273
0.492316335439682
0.2723287045955658
0.7265328764915466
0.5087285041809082
0.33055493235588074
0.8415428400039673
0.33288541436195374
0.5478070974349976
0.6505971550941467
0.6267146468162537
0.42122259736061096
1.0955631732940674
0.40000614523887634
0.3110998868942261
0.8541939854621887
0.5191516280174255
0.19139035046100616
0.35253819823265076
0.360298216342926
1.0323145389556885
0.3494012951850891
0.47814735770225525
0.508968710899353
0.9641277194023132
0.3985080420970917
0.5594513416290283
0.7971860766410828
