0.5524607300758362
0.21496033668518066
0.9385156631469727
0.5337001085281372
0.3858380913734436
0.48942646384239197
0.29463058710098267
0.9177252650260925
0.5435168147087097
0.32917600870132446
0.3200487494468689
0.5016841888427734
0.8415578007698059
0.2558644711971283
0.6075707674026489
0.37810295820236206
0.5598259568214417
0.34884586930274963
0.3995438814163208
0.6170332431793213
0.429901123046875
0.4258810877799988
0.39550572633743286
0.688960075378418
0.8082229495048523
0.5637858510017395
0.5498307943344116
0.6502106189727783
0.4476800858974457
0.5836798548698425
0.658525824546814
0.2905277609825134
0.33946290612220764
0.852364182472229
1.9098951816558838
0.57975834608078
0.4286648631095886
0.4797913134098053
0.5024018287658691
0.3932124078273773
0.9854529500007629
0.696276068687439
0.7263423204421997
0.45019716024398804
0.6468673944473267
0.7258814573287964
1.1636930704116821
0.3771463930606842
0.35071077942848206
1.1157814264297485
0.25296393036842346
0.29707545042037964
0.7189837694168091
1.0246046781539917
1.0963797569274902
0.5690448880195618
0.5244682431221008
0.4399682879447937
0.6966366767883301
0.45756492018699646
0.3904286026954651
0.1821686327457428
0.33603501319885254
0.4279930591583252
0.5159371495246887
0.6240981817245483
0.5079522132873535
0.4414450526237488
0.5640774965286255
0.6151655316352844
0.35786813497543335
0.36463865637779236
0.4068034291267395
0.28659066557884216
0.43309110403060913
0.6337226033210754
0.3250013291835785
0.27162644267082214
0.36743417382240295
0.7435837984085083
0.5889574289321899
0.44850483536720276
0.5161516666412354
0.44371023774147034
0.5214376449584961
0.6356040835380554
0.4295288920402527
0.7089158296585083
0.49104151129722595
0.5448371767997742
0.6743303537368774
0.667240560054779
0.6008313894271851
0.7033618092536926
0.5220034718513489
0.6777859330177307
0.7213903665542603
0.3539709746837616
0.492802232503891
0.3890390992164612
0.30875709652900696
0.6015554666519165
0.47472697496414185
0.23493871092796326
0.7845138311386108
0.6555691361427307
0.23084506392478943
0.43188610672950745
0.509128212928772
0.6529620885848999
0.47955870628356934
0.30806979537010193
0.724277138710022
0.5548092722892761
0.3582536578178406
0.5999487042427063
0.5979575514793396
0.6715072393417358
1.141981840133667
0.44188442826271057
0.3387916684150696
0.5924151539802551
0.634623110294342
0.3152446448802948
0.4688754081726074
0.3421112596988678
0.2163652926683426
0.7019748091697693
0.9288337826728821
0.5867875814437866
0.29155784845352173
0.5366454720497131
0.7387283444404602
0.42558956146240234
0.4890071749687195
0.5170096158981323
0.44369298219680786
0.5132488012313843
0.8214685320854187
0.8110675811767578
0.4015163481235504
0.6293429136276245
0.38082355260849
0.43139830231666565
0.6533316373825073
0.3456175923347473
0.45747631788253784
0.5931966304779053
0.6081332564353943
0.4827907681465149
0.1981237232685089
0.5720566511154175
0.5608740448951721
0.4510325789451599
0.6835349798202515
0.2049632966518402
0.5741325616836548
0.5490169525146484
0.683280885219574
0.8545878529548645
0.7717950940132141
0.644637405872345
0.5012016892433167
0.4692153334617615
0.1997121125459671
0.3060782551765442
0.5455670356750488
0.2466438114643097
0.6711832880973816
0.35796698927879333
0.2808116674423218
0.7730876207351685
0.8457691073417664
0.6191879510879517
0.6464658975601196
1.1155929565429688
1.0002399682998657
0.6886388659477234
0.9021344184875488
0.3200685381889343
0.6286254525184631
0.42031821608543396
0.5265474915504456
0.47065550088882446
0.41017380356788635
0.49500852823257446
0.9462831616401672
0.645736813545227
0.22350744903087616
1.253824234008789
0.8188060522079468
0.6250228881835938
0.8794198036193848
0.6680727005004883
0.6386932730674744
0.3306712806224823
0.4157033860683441
0.41781002283096313
0.40272626280784607
0.9129630327224731
0.47643107175827026
0.7598050832748413
0.32533639669418335
0.3757542073726654
0.3985890746116638
0.2840801775455475
0.3166331946849823
0.5311049818992615
0.6280204057693481
0.3181700110435486
0.3704356253147125
0.2625252306461334
0.6618298292160034
0.6251589059829712
0.3210146129131317
0.4524986743927002
0.708538293838501
0.549500584602356
0.2782360911369324
0.36728814244270325
0.38752108812332153
0.6517519950866699
0.4422592222690582
0.7737923860549927
0.5817152261734009
0.5613442659378052
0.2814632058143616
0.6814061999320984
0.7878776788711548
0.551854133605957
0.4113050103187561
0.5359044075012207
0.19791564345359802
0.2547369599342346
0.20567908883094788
0.629798173904419
0.4330928325653076
0.5038979649543762
0.4574488699436188
0.5093978047370911
0.3378852605819702
0.3272985816001892
0.26103082299232483
0.7117706537246704
0.5008612871170044
0.5061321258544922
0.7548269033432007
0.2697238326072693
1.0395185947418213
0.47333765029907227
0.6512889862060547
0.3914344906806946
0.6615493893623352
0.5905184745788574
0.859104335308075
0.290291965007782
0.37988126277923584
0.6303723454475403
0.7276932001113892
0.6450030207633972
0.4843514859676361
0.5408002138137817
0.7208682298660278
0.4698732793331146
0.21110403537750244
0.8229351043701172
0.8353356122970581
0.5868963003158569
0.5036571621894836
0.3035317063331604
0.596784234046936
0.39414581656455994
1.2367587089538574
0.9173690676689148
0.18664555251598358
0.5444414019584656
0.44408291578292847
0.6027243733406067
0.9490793943405151
0.3221369683742523
0.7826882600784302
0.796960711479187
0.4053283631801605
0.45237547159194946
0.3568597435951233
0.6070337295532227
0.2808372974395752
0.3458501398563385
0.2696044445037842
0.5494382977485657
0.5170997381210327
0.17709699273109436
0.6424192190170288
0.5224119424819946
0.36655521392822266
0.35367661714553833
0.4993770122528076
0.4579184651374817
0.6501169204711914
0.21704332530498505
0.9469383955001831
0.8868445158004761
0.46821051836013794
0.8056014180183411
0.360978901386261
0.41060248017311096
0.4190744459629059
0.5523079037666321
0.5649133324623108
0.6372724771499634
0.278486967086792
0.4178316593170166
0.47304973006248474
0.5716172456741333
0.3166195750236511
1.0160744190216064
0.6752488017082214
0.2910498082637787
0.3461554944515228
0.5187108516693115
0.355603963136673
0.3492816090583801
0.5770866274833679
0.3823508024215698
0.6064894199371338
0.5621976852416992
0.3771103620529175
0.5426702499389648
0.1801365315914154
0.5211394429206848
0.30504268407821655
0.46801653504371643
0.3897704780101776
0.27013057470321655
0.47521311044692993
0.4821639955043793
0.8463066220283508
1.3440741300582886
