0.48945531249046326
0.9199203252792358
0.4921083450317383
0.2171419858932495
0.36992254853248596
0.2270248830318451
1.0094718933105469
0.5826190710067749
0.5406268835067749
0.7439378499984741
0.557272732257843
0.4562789499759674
0.4270757734775543
0.5673578381538391
0.549531102180481
0.7008011341094971
0.5528408885002136
0.4174047112464905
0.49106770753860474
0.4532822072505951
0.8335762023925781
0.2763827443122864
0.7195019721984863
0.6287626028060913
0.48824343085289
0.48686909675598145
0.9066587686538696
0.6764448881149292
0.7270002365112305
0.7111505270004272
0.38324594497680664
0.35811108350753784
0.6650691032409668
0.5367115139961243
0.553372859954834
0.41830238699913025
1.0831329822540283
0.37439873814582825
0.6015402674674988
0.8240429162979126
0.3272034525871277
0.5490109324455261
0.23753750324249268
0.5192603468894958
0.5663324594497681
0.3561202585697174
0.873874843120575
0.842869758605957
0.3981354832649231
0.3891296982765198
0.33138367533683777
0.24698372185230255
0.5144338607788086
0.5136775374412537
0.731792688369751
0.4436725676059723
0.36207491159439087
0.08985821157693863
0.5856415033340454
1.123655915260315
0.39537444710731506
0.2769247889518738
0.43382319808006287
0.5540241599082947
0.33163097500801086
0.566814661026001
0.3015217185020447
0.660998523235321
0.5386276245117188
0.5380395650863647
0.2583063840866089
0.8609121441841125
0.5085822343826294
0.36166059970855713
0.7845602631568909
0.9154051542282104
0.5751534104347229
0.4211481213569641
0.7587999701499939
0.3527602553367615
0.5725995302200317
0.41935548186302185
0.6324735879898071
0.8705630302429199
0.6805392503738403
0.708987832069397
0.22895316779613495
0.49320611357688904
0.2525959610939026
0.39683428406715393
0.5165319442749023
0.5390335321426392
0.9615703821182251
0.31020551919937134
0.2981528341770172
1.0935239791870117
0.5180895924568176
0.29070788621902466
0.32882776856422424
0.5204011797904968
0.21750429272651672
0.7146406173706055
0.6636341214179993
0.45452213287353516
0.22709307074546814
0.6502496004104614
0.7443482875823975
0.45262497663497925
0.2193276435136795
0.2853662073612213
0.3878055512905121
0.3511251211166382
0.6245619654655457
0.47435131669044495
0.7007023096084595
0.2794528901576996
0.36852478981018066
0.43527525663375854
0.7806829214096069
1.111487865447998
0.23129484057426453
0.6236115097999573
0.3391442894935608
0.3526868522167206
0.4455958306789398
0.5053596496582031
0.6350232362747192
0.3469924032688141
0.39623716473579407
1.0090214014053345
0.4278810918331146
0.5081294775009155
0.410569965839386
0.44615817070007324
0.6076024770736694
0.9259269833564758
0.2746100425720215
0.5613211393356323
0.7440376281738281
0.7711953520774841
0.493715763092041
0.3583163321018219
0.5808635950088501
0.5669655799865723
0.5260655879974365
0.699809730052948
0.9935098886489868
0.6697095632553101
0.45807161927223206
0.5867631435394287
0.7600520849227905
0.6736248135566711
0.4493871331214905
0.37625470757484436
0.670260488986969
0.3695157468318939
1.119299054145813
0.5449312925338745
0.394722580909729
0.5814689993858337
0.3873353600502014
0.19085192680358887
0.44843077659606934
0.43215829133987427
1.0235254764556885
0.22106945514678955
0.3801827132701874
0.5579026341438293
0.909550666809082
0.423492968082428
0.4653640389442444
0.37617021799087524
0.33521586656570435
0.5299937725067139
0.806973934173584
0.29454588890075684
0.5702279210090637
0.6213112473487854
0.6264629364013672
0.6954268217086792
0.4034143388271332
0.44236892461776733
0.35196900367736816
0.3372054100036621
0.7079313397407532
0.28957822918891907
0.6832274794578552
0.505876898765564
0.44087329506874084
0.487614244222641
0.49178561568260193
0.6324695348739624
0.4087997376918793
0.357417494058609
0.8076082468032837
0.7842547297477722
0.5027966499328613
0.7824625968933105
0.739959716796875
1.0307104587554932
0.8102142214775085
0.5139403939247131
0.38734954595565796
0.7420071363449097
0.4696921408176422
0.47500571608543396
0.7754288911819458
0.5115794539451599
0.592278778553009
0.5920812487602234
0.6699748039245605
0.5260586738586426
0.45759692788124084
0.4083802103996277
0.6065728664398193
0.35659414529800415
0.8835548162460327
0.34754031896591187
0.265682578086853
0.3588504195213318
0.49189338088035583
0.5150900483131409
0.4350571632385254
0.515889048576355
0.34048694372177124
0.6309698820114136
1.0824244022369385
0.42789381742477417
0.40560540556907654
0.9629503488540649
0.25749051570892334
0.9798385500907898
0.6421095728874207
0.5749773383140564
0.32969528436660767
0.4061364531517029
0.4440346360206604
0.7998245358467102
0.6656056046485901
0.2873536944389343
0.441438764333725
0.4510585367679596
0.5396925806999207
0.33818572759628296
0.4632868766784668
0.49366578459739685
0.9128339886665344
0.4941231608390808
0.3307783603668213
0.5800466537475586
0.7549719214439392
0.668618381023407
0.7231217622756958
0.3287891149520874
0.9031096696853638
0.7740422487258911
0.4324834942817688
0.7369210124015808
0.32045596837997437
0.6832343339920044
0.3502512574195862
0.7627193331718445
0.5265231132507324
0.3547160029411316
0.8844131231307983
0.3933609426021576
0.3458699584007263
0.7495979070663452
0.5950077772140503
0.2707430124282837
0.49235183000564575
0.3829212784767151
0.2694621682167053
0.2202104777097702
0.26202064752578735
0.29283037781715393
0.6404484510421753
0.3357298970222473
0.45899295806884766
0.31994518637657166
0.6496437788009644
0.21576397120952606
0.7466736435890198
0.4709588587284088
0.5088768601417542
0.6879779100418091
0.6739290952682495
0.5913123488426208
0.7102943062782288
1.087002158164978
0.7819442749023438
0.2631601393222809
0.5842554569244385
0.456437349319458
0.7045161724090576
0.3881305158138275
0.5684305429458618
0.31669798493385315
0.3799394369125366
0.8184712529182434
0.2686100900173187
0.7483435869216919
0.6558107137680054
0.8919156193733215
0.240420863032341
0.4107484221458435
0.8371822237968445
0.398080050945282
0.42630070447921753
0.45292988419532776
0.378143846988678
0.8719478845596313
0.721039354801178
0.33904004096984863
0.7124229669570923
0.41815775632858276
0.7598502039909363
0.6806966662406921
0.2840725779533386
0.22483043372631073
0.6902435421943665
0.3216838836669922
0.3241145610809326
0.25437718629837036
0.9185827374458313
0.3000006377696991
0.5614941120147705
0.46681204438209534
0.3054197430610657
0.4391002655029297
0.2946628928184509
0.2039436548948288
1.0731568336486816
0.4677799642086029
0.7084848880767822
0.5100362300872803
0.37350672483444214
0.3990132510662079
