0.5918720364570618
0.4294295310974121
0.5187643766403198
0.6241112947463989
1.1168984174728394
0.51533043384552
0.4074558615684509
0.412800133228302
0.36221104860305786
1.0771366357803345
1.0920336246490479
0.15804606676101685
0.5877527594566345
0.8662813901901245
0.4700409471988678
0.38668540120124817
0.3284156024456024
0.5279313325881958
0.7126314043998718
0.36064332723617554
0.9633573293685913
0.43115562200546265
0.8626915216445923
0.4759472906589508
0.9052127003669739
0.43285083770751953
0.42967551946640015
0.34955233335494995
0.3890730142593384
0.2610683739185333
0.3096565008163452
0.2659870982170105
0.29068103432655334
1.1502954959869385
0.6486524343490601
0.7855283617973328
0.31996145844459534
0.3896370232105255
0.28360891342163086
0.4626224637031555
0.28127363324165344
0.7398985624313354
0.34475669264793396
0.6691979169845581
0.34585148096084595
0.3558879494667053
0.7285582423210144
0.7532259225845337
0.5909308791160583
0.8703732490539551
1.275818109512329
0.728884220123291
0.5470137596130371
0.26169759035110474
0.5662395358085632
0.4717228412628174
0.381885826587677
0.47738760709762573
0.8036136627197266
0.5495297312736511
0.3853217363357544
0.4155042767524719
0.346320778131485
0.8020052909851074
0.2596917748451233
0.6033434271812439
0.544826328754425
0.7394739985466003
0.20450572669506073
0.4739624559879303
0.5282534956932068
0.4252016544342041
0.775459349155426
0.31993556022644043
0.5073112845420837
0.45334357023239136
0.2857430577278137
0.42539310455322266
0.4087562561035156
0.6114028096199036
0.16061575710773468
0.4985050559043884
0.5603928565979004
0.5169411301612854
0.5322736501693726
0.9191886186599731
0.30900585651397705
0.3421679437160492
0.4996255934238434
0.6472657322883606
0.2575104236602783
0.3714963495731354
0.7614103555679321
0.76439368724823
0.42530006170272827
0.4335777759552002
0.3923889994621277
0.3405226767063141
0.2916084825992584
0.606596827507019
0.4197484850883484
0.854313850402832
0.33565837144851685
0.725034773349762
0.404541015625
0.39149293303489685
0.46222561597824097
0.5868819952011108
0.7092560529708862
0.5918130874633789
0.8193310499191284
0.46111422777175903
0.78798508644104
0.723715603351593
1.0118697881698608
0.5766223669052124
0.5024768710136414
0.7212846875190735
0.5358284711837769
0.4510480463504791
0.4032542109489441
0.36814776062965393
0.8980891108512878
0.47227635979652405
0.455341637134552
0.41972389817237854
0.31815052032470703
0.8333969116210938
1.1279208660125732
0.21053250133991241
0.3769208490848541
0.47973641753196716
0.6420658826828003
0.38019612431526184
0.4866018295288086
0.4937957227230072
0.5474463701248169
0.6508074998855591
0.3903798460960388
0.4889286458492279
0.8636043667793274
0.5010305643081665
0.4148941934108734
1.0331312417984009
0.2826172411441803
0.2854693830013275
0.40625491738319397
0.34446436166763306
0.5322743654251099
0.3365272581577301
0.6748079061508179
0.6931204795837402
0.2716885209083557
0.47182974219322205
0.5716877579689026
0.3858433663845062
0.7798210382461548
0.4411996901035309
0.6513103246688843
0.8479384183883667
0.6270660161972046
0.47084131836891174
0.569878101348877
0.5508113503456116
0.4501863420009613
0.30242180824279785
0.4031085968017578
0.37818366289138794
0.2570702135562897
0.6656044125556946
0.45266133546829224
0.4571930766105652
0.29039186239242554
0.5111299157142639
0.4496990144252777
0.2340782880783081
0.40142908692359924
0.613972544670105
0.28327706456184387
0.49809542298316956
0.3180219531059265
0.5256935358047485
0.3027801215648651
0.48332175612449646
0.9998818635940552
0.601577639579773
0.5254744291305542
0.848774790763855
0.5789336562156677
0.2171183079481125
0.49560976028442383
0.33290114998817444
0.3542894423007965
0.39785757660865784
0.5831924676895142
0.6476101279258728
0.49996843934059143
0.7975497841835022
1.0602121353149414
0.6646768450737
0.44657477736473083
1.4748605489730835
0.8847748041152954
0.5376389026641846
0.7124255299568176
0.698682427406311
0.4828139841556549
0.5253678560256958
1.031628131866455
0.6153510808944702
0.6625245809555054
0.45649608969688416
0.5882611870765686
1.1545941829681396
0.19802610576152802
0.4341100752353668
0.6261521577835083
0.7046794891357422
0.34738367795944214
0.3309215307235718
0.535984456539154
0.4600309431552887
0.4796621799468994
1.0057222843170166
0.3028891980648041
0.511288046836853
0.9501104354858398
0.3821296989917755
1.0294595956802368
0.46366310119628906
1.2822853326797485
0.48556771874427795
0.45314693450927734
0.3728189468383789
0.31696391105651855
0.8213947415351868
0.411428302526474
0.5108869671821594
0.5545828938484192
0.14514893293380737
0.5402804017066956
0.6181554794311523
0.7389528751373291
0.488030344247818
0.617266058921814
0.419106662273407
0.4284502863883972
0.9112234115600586
0.3289441764354706
0.3243885636329651
0.4204273819923401
0.3949156105518341
0.4277340769767761
0.5993543267250061
0.47738027572631836
0.34889155626296997
0.9778047800064087
0.41041746735572815
0.3404701352119446
0.3791705071926117
0.6244603395462036
0.27133888006210327
0.3941316306591034
0.46696051955223083
0.33365172147750854
0.483212411403656
0.29126685857772827
0.30476319789886475
0.45490580797195435
0.35504454374313354
0.1509799063205719
0.6628929376602173
0.5221160650253296
0.671657383441925
0.2850714921951294
0.6033101677894592
0.4526589512825012
0.6187590956687927
0.5239291191101074
0.4431930184364319
0.5266507863998413
0.3797942101955414
0.41081809997558594
0.49285775423049927
0.8594220280647278
0.5902913212776184
0.8156305551528931
0.6612609624862671
0.17679250240325928
0.49378904700279236
0.25462082028388977
0.8871299028396606
0.6903002858161926
0.4442780017852783
0.44243311882019043
0.36639320850372314
0.7046331167221069
0.7012616991996765
1.0586844682693481
0.39221566915512085
0.5369203686714172
0.48185330629348755
0.3300100266933441
0.371246874332428
0.5531823635101318
0.5371536612510681
0.6490792036056519
0.8689752817153931
0.43968573212623596
0.4015412926673889
0.6065664887428284
0.3418760299682617
0.16788551211357117
0.7915832996368408
0.600825309753418
0.5994091033935547
0.5924266576766968
0.4754413664340973
0.5902951955795288
0.2457277476787567
0.22842589020729065
0.9498304128646851
0.3787969946861267
0.42281627655029297
0.3510105013847351
0.6708929538726807
0.6998592615127563
0.25798508524894714
0.3390231728553772
0.5786731839179993
0.6361987590789795
0.5625642538070679
0.6709580421447754
0.5561772584915161
0.3120509684085846
0.5413063764572144
0.496218740940094
0.1579231470823288
