0.6589076519012451
0.8875768780708313
0.6022101640701294
0.7881761789321899
0.40455085039138794
0.6008268594741821
0.31026509404182434
0.6338140368461609
0.256096750497818
0.6937412023544312
0.9694805145263672
0.6420341730117798
0.49101877212524414
0.5798629522323608
0.5792980194091797
0.5417429208755493
0.18789322674274445
0.3200625777244568
0.5985016822814941
0.5438662767410278
0.42031341791152954
0.7495468854904175
0.5773918032646179
0.6767187118530273
0.4441562592983246
0.46797943115234375
0.43125778436660767
0.3389342725276947
0.4545164704322815
0.5944939255714417
0.5432577133178711
0.502698540687561
0.7653803825378418
0.664370059967041
0.758461594581604
0.5026772022247314
1.0604820251464844
0.33215412497520447
0.7180135846138
0.7638283967971802
0.4701974391937256
0.30822521448135376
0.32827267050743103
0.34482142329216003
0.34136947989463806
0.6462239027023315
0.47769492864608765
0.20186321437358856
0.36597299575805664
0.32309871912002563
0.37063124775886536
0.4842296540737152
0.7354128360748291
0.4036381244659424
0.530047595500946
0.5600689649581909
0.5518399477005005
0.422781765460968
0.513242244720459
0.5135871767997742
0.7944033741950989
0.8724954724311829
0.6184889078140259
0.45074909925460815
0.15344087779521942
1.0039304494857788
0.3519294261932373
0.6032809615135193
0.26638084650039673
0.589421272277832
0.30687832832336426
0.7423443794250488
0.43502670526504517
0.22354333102703094
0.6754549145698547
0.389850378036499
0.7293020486831665
0.7956966161727905
0.6058294177055359
0.2701112627983093
0.11382778733968735
0.964714527130127
0.2847905158996582
0.36810487508773804
0.7297734022140503
1.2348417043685913
0.2971021831035614
0.7071335911750793
0.5679003000259399
0.6120517253875732
0.7833490371704102
0.4978460371494293
0.6974362134933472
0.4028419852256775
0.40723881125450134
0.37775105237960815
0.6855355501174927
0.6747356057167053
0.672328770160675
0.5771288275718689
0.4907132685184479
0.24642977118492126
0.41743379831314087
0.3719242513179779
0.4701841473579407
0.33790430426597595
0.7246909141540527
0.3232181668281555
0.1821851134300232
0.6043291091918945
0.7142347097396851
0.8103475570678711
0.47681060433387756
0.14974403381347656
0.5725920796394348
0.5214182734489441
0.4509749412536621
0.38442495465278625
0.481792151927948
0.4017430245876312
0.5769261121749878
0.2779509425163269
0.46968740224838257
0.5129246711730957
0.6195048093795776
0.31437948346138
0.5027323961257935
0.5648211240768433
0.7475975155830383
0.9642269015312195
1.037274718284607
0.3979082703590393
0.3294180929660797
0.9382338523864746
0.6175976991653442
0.5381587147712708
0.5774514079093933
0.4786335527896881
0.31469935178756714
0.45516443252563477
0.3688129484653473
0.32544025778770447
0.728692352771759
0.5625075101852417
0.38879984617233276
0.6245206594467163
0.4295125901699066
0.5043622851371765
0.42144593596458435
0.8642557263374329
0.9578949809074402
0.8366190791130066
0.4184183180332184
0.64618980884552
0.7447618246078491
0.4863809645175934
0.39701372385025024
0.7823141813278198
0.39465513825416565
0.456817090511322
0.3560985326766968
0.3980225622653961
0.49372926354408264
0.500910222530365
0.8094669580459595
0.6497400999069214
0.3745112121105194
1.0151169300079346
0.6653391122817993
0.35655131936073303
0.32529816031455994
0.5588940382003784
0.3912634253501892
0.4426948130130768
0.45588651299476624
0.5633690357208252
0.13637404143810272
0.489494264125824
0.4988630712032318
0.8752835392951965
0.8212400674819946
0.8141854405403137
0.8392525911331177
0.19956615567207336
0.8261910676956177
0.7226225733757019
0.44059962034225464
0.46827784180641174
0.9693727493286133
0.5469437837600708
0.5630220174789429
0.20650601387023926
0.27485641837120056
0.44167423248291016
0.287941038608551
0.7133288383483887
0.6246302723884583
0.23175768554210663
0.4576900899410248
0.9251012802124023
0.4007624685764313
0.5360696315765381
0.6238809823989868
0.5223158597946167
0.6653165817260742
0.694550633430481
0.6185726523399353
0.35375863313674927
0.45755535364151
0.6989572644233704
0.4550378918647766
0.9017289876937866
0.4688119888305664
0.2752939462661743
0.4351913034915924
0.5824486017227173
0.3062172532081604
0.45151010155677795
0.5470584630966187
0.2513982355594635
0.701309323310852
0.7502782344818115
0.852181613445282
0.45413097739219666
0.6434734463691711
0.27519235014915466
0.5306954383850098
0.5758398771286011
1.0517929792404175
0.4114680290222168
0.6656731367111206
0.4848538041114807
0.16090886294841766
0.6594975590705872
0.38288411498069763
0.5480968356132507
0.45819157361984253
0.568622350692749
0.4641891419887543
0.8253774642944336
0.4057280421257019
0.4489561915397644
0.6273926496505737
0.5074030756950378
0.2183661013841629
0.6615945100784302
0.4535265564918518
0.6651313900947571
0.6086732149124146
0.9738319516181946
0.5981824994087219
0.4979454576969147
1.0640867948532104
0.4046761989593506
0.9428955316543579
0.4487406313419342
0.4418462812900543
0.21211092174053192
0.5136566162109375
0.7155221700668335
0.8107081651687622
0.7566277384757996
0.5341935157775879
0.4008074700832367
0.4373861253261566
0.6084362268447876
0.4901077151298523
0.40961694717407227
0.44692936539649963
0.40886545181274414
0.7994242906570435
0.7478152513504028
0.8915340304374695
0.9267563819885254
0.9237006902694702
0.29091399908065796
0.42964044213294983
0.2799106240272522
0.7092550992965698
0.4429500699043274
0.921164870262146
0.3303498327732086
0.5577239990234375
0.683229923248291
0.4395970404148102
0.4443308711051941
0.45668870210647583
0.8813865780830383
0.7207767367362976
0.5842534303665161
0.5916587114334106
0.9236665964126587
0.6712468862533569
0.3775199353694916
0.49240416288375854
0.22495770454406738
0.4823252558708191
0.63697350025177
0.1399470865726471
0.39282217621803284
0.27613985538482666
0.8171566724777222
0.521430492401123
0.4984705448150635
0.3306099772453308
0.40028437972068787
0.27801400423049927
0.5514479875564575
0.4839712083339691
0.7227414846420288
0.5623127818107605
0.74913090467453
0.3455047309398651
0.3845486640930176
0.476115882396698
0.7948192358016968
0.6101664304733276
0.6755690574645996
0.6891227960586548
0.6949281692504883
0.4162684381008148
0.6269129514694214
0.291837215423584
0.32861655950546265
0.3347465395927429
0.29251542687416077
0.8065908551216125
0.5173684358596802
0.4207525849342346
0.6632774472236633
0.7799754738807678
0.26986315846443176
0.4934402406215668
1.068503975868225
0.42139697074890137
0.4635413587093353
0.6115378141403198
0.3115955889225006
