0.2250090092420578
0.499600350856781
0.5503455400466919
0.25647079944610596
0.8092315793037415
0.29137521982192993
0.6434812545776367
0.07602544128894806
0.4879198670387268
0.9370020627975464
1.061730146408081
0.6011388897895813
0.6176537275314331
0.445406436920166
0.4600815176963806
0.47786349058151245
0.5661012530326843
0.7717554569244385
0.2971305549144745
0.5943120121955872
0.46432894468307495
0.32841938734054565
0.614815354347229
0.3817596733570099
0.3998875021934509
0.4053853452205658
0.47123441100120544
0.40359410643577576
0.517444372177124
0.6799261569976807
0.5919987559318542
0.8710881471633911
0.41091424226760864
0.33168110251426697
0.38550159335136414
0.8732832074165344
0.8756710886955261
0.5305406451225281
0.5817673206329346
0.4579075276851654
0.6391057968139648
0.3255508542060852
0.6542521715164185
0.4917304515838623
0.5360215306282043
0.34697896242141724
0.6489244103431702
0.46175822615623474
0.6206839084625244
0.5676072239875793
0.665207028388977
0.5123207569122314
0.44740527868270874
0.5722563862800598
0.7644456624984741
0.4203066825866699
0.421660840511322
0.41010016202926636
0.4472165107727051
0.3834804892539978
0.43812957406044006
0.6667791604995728
0.7029320001602173
1.0015572309494019
0.205169677734375
0.3251413404941559
0.5114539861679077
0.5554102063179016
0.32025355100631714
0.48915204405784607
0.4806991517543793
0.5393678545951843
0.5078299641609192
0.5526277422904968
0.6556471586227417
0.6879668235778809
0.40494051575660706
0.5008965134620667
0.47813042998313904
0.36218905448913574
0.8218894004821777
0.2680470049381256
0.365945965051651
0.6907850503921509
0.5049806833267212
0.3114548325538635
0.5288647413253784
0.6797497868537903
0.6425497531890869
1.0096189975738525
0.4356870651245117
0.29667431116104126
0.7307261824607849
0.449288547039032
0.36704742908477783
0.41893211007118225
0.6982035040855408
0.6498423218727112
0.9100433588027954
0.5805520415306091
0.34494075179100037
1.100309133529663
0.6116599440574646
0.6011016964912415
0.45266062021255493
0.3703201115131378
0.8941277265548706
0.3784647285938263
0.4786262512207031
0.4921666085720062
0.39803794026374817
0.3165316879749298
0.6568611264228821
0.4066401422023773
0.5730102062225342
0.43040651082992554
0.35506168007850647
0.6892332434654236
0.7614361047744751
0.8889985084533691
0.5115492939949036
1.0620909929275513
0.5879051685333252
0.8342957496643066
0.2806091904640198
0.6364080309867859
0.42445287108421326
0.4054848551750183
0.7935868501663208
0.589738667011261
1.021685242652893
0.4016858637332916
0.7420904040336609
0.4052090644836426
0.6390458345413208
0.6816734075546265
0.5973888635635376
0.5057400465011597
0.8613314628601074
0.6469709277153015
0.40071097016334534
0.6789321899414062
0.3996207118034363
0.5751945376396179
0.5801311135292053
0.3541411757469177
0.46358823776245117
0.33963385224342346
0.7899796366691589
0.4658372402191162
0.3901935815811157
0.7455176711082458
0.9390133619308472
0.3513082265853882
0.6654834747314453
0.6325615644454956
0.5368698835372925
0.6000182628631592
0.5878440141677856
0.5423718690872192
0.16856670379638672
0.48230642080307007
0.49883604049682617
0.8555477857589722
0.47679194808006287
0.9044088125228882
0.6653718948364258
0.520485520362854
0.6257084012031555
0.4796620309352875
0.34293708205223083
0.6550182104110718
0.5499194860458374
0.42945021390914917
0.37996166944503784
0.18688324093818665
0.6506677865982056
0.43649715185165405
0.3648795485496521
0.30938267707824707
0.6538711786270142
0.2900238037109375
0.5383683443069458
0.5302459001541138
0.3777766525745392
0.3987254500389099
0.6233360171318054
0.8410123586654663
0.47775381803512573
0.42691150307655334
0.6077290773391724
0.4639132618904114
0.19691500067710876
0.3965137004852295
0.48801055550575256
0.3278919756412506
0.40233105421066284
0.38136523962020874
0.43610793352127075
0.7908539772033691
0.8671097755432129
0.4601423144340515
0.7093704342842102
0.24876706302165985
0.7605889439582825
0.24567243456840515
0.27513206005096436
0.6531144380569458
0.5379745364189148
0.48161062598228455
0.3346105217933655
0.7488603591918945
0.6241427659988403
0.46510639786720276
0.5463194847106934
0.9246574640274048
0.3088821470737457
0.6188716888427734
0.6664232015609741
0.7758984565734863
0.4902248978614807
0.9176017642021179
0.5796392560005188
0.5118772387504578
0.37782490253448486
0.4511750340461731
0.5018242597579956
0.4581751823425293
0.599723219871521
0.31034302711486816
0.48864230513572693
0.37716713547706604
0.5111810564994812
0.759919285774231
0.4608843922615051
0.36100342869758606
0.22427837550640106
0.5446746945381165
0.41936928033828735
0.9370940923690796
0.3886519968509674
0.3480401039123535
0.36595776677131653
0.45994019508361816
0.4023604393005371
0.5061765909194946
0.35746997594833374
0.45682722330093384
0.27435511350631714
1.2438914775848389
0.9009464979171753
0.33484941720962524
0.5886869430541992
0.5608612895011902
0.3692878186702728
0.603274941444397
0.2682449519634247
0.27356579899787903
0.4655039310455322
0.5109303593635559
0.5831816792488098
0.9018645286560059
0.6473272442817688
0.799826979637146
0.34505540132522583
0.36240842938423157
0.5852407217025757
0.4138951897621155
0.40280571579933167
0.4055510461330414
0.524313747882843
0.44133949279785156
0.450325071811676
0.3839055895805359
0.8985868692398071
0.2942875623703003
0.6634076833724976
0.566482663154602
0.6334847211837769
0.5323889851570129
0.948839008808136
0.499843031167984
0.7478796243667603
0.6413836479187012
0.1629273146390915
0.7954317927360535
0.890245795249939
0.8513891100883484
0.7404823303222656
0.5499688982963562
0.24358081817626953
0.2693835496902466
0.5427412986755371
0.5596294403076172
0.7546088099479675
0.48247289657592773
0.2607642710208893
0.21525883674621582
0.26142972707748413
0.7860007286071777
0.2997349500656128
0.5921024084091187
0.3581846356391907
0.2675355076789856
0.48290586471557617
0.43792232871055603
0.36356884241104126
0.18617719411849976
0.35985466837882996
0.30157196521759033
0.45151418447494507
0.4909328520298004
0.19454072415828705
0.5065122842788696
0.17725127935409546
0.6419418454170227
0.5401427745819092
0.45937585830688477
0.32116127014160156
0.3743918240070343
1.1553356647491455
1.265271544456482
0.7494280934333801
0.49002617597579956
0.3457186818122864
0.43676790595054626
0.4538135528564453
0.5928789377212524
0.21685771644115448
0.2667495012283325
0.3928353786468506
0.5979677438735962
1.3538182973861694
0.6722742915153503
0.33538055419921875
0.3722234070301056
0.22136709094047546
0.8416764140129089
