0.812574565410614
1.031414270401001
0.7861151695251465
0.803295910358429
0.5913515090942383
0.45656490325927734
1.0117826461791992
0.7277165651321411
0.5798323750495911
0.35889917612075806
0.6797162890434265
0.9145784378051758
0.8433579206466675
1.401788353919983
0.6250841021537781
0.49531468749046326
0.6846591234207153
0.6828879714012146
0.7463737726211548
0.940451979637146
0.42338401079177856
0.5494450926780701
1.3637654781341553
0.5501936674118042
0.7195825576782227
0.7682164907455444
0.725279688835144
0.99937903881073
1.212218999862671
0.40234142541885376
0.7057734131813049
1.104964256286621
0.750714898109436
0.7875375747680664
0.6582174301147461
0.38554495573043823
0.5155448317527771
0.7216736078262329
0.7262210249900818
0.6917324066162109
0.6018574833869934
0.8131921887397766
0.8961192965507507
0.5923628807067871
0.44441136717796326
0.5812243223190308
0.5357716083526611
0.7353706359863281
0.5084232091903687
0.536718487739563
0.6956790685653687
0.7027391195297241
0.6745781898498535
0.5812482833862305
0.577475368976593
0.4935871660709381
1.013460397720337
0.8310604095458984
0.7787407040596008
0.6175264120101929
0.5486501455307007
0.6234933137893677
1.0468746423721313
0.6055680513381958
0.6982385516166687
0.8895268440246582
0.39693325757980347
1.1919656991958618
0.9456396102905273
0.482079416513443
0.6761932969093323
0.7348045706748962
0.793199896812439
1.263197660446167
0.4667419493198395
0.7694138884544373
0.3646298050880432
0.5301533937454224
0.8498754501342773
0.8340274095535278
0.6508873701095581
0.49615392088890076
0.4147101044654846
0.4741835594177246
0.5463067889213562
0.7873461842536926
0.41069045662879944
0.7287229299545288
0.6680123805999756
0.9772236943244934
0.7348362803459167
0.8626438975334167
0.5061899423599243
0.4376277029514313
1.0504276752471924
0.8379892110824585
0.7309121489524841
0.7339304089546204
0.6094537973403931
1.053842306137085
0.4710664749145508
0.638842761516571
0.8651739954948425
0.7320548892021179
0.8597572445869446
0.8372260928153992
0.7270142436027527
0.9504244923591614
0.4720115661621094
1.0855237245559692
0.5526336431503296
0.9286538362503052
0.7938437461853027
0.7729713320732117
0.904986560344696
0.9557583928108215
0.8882274627685547
0.7072769403457642
0.9276822209358215
0.6548528671264648
0.43909311294555664
0.6125504970550537
0.7255479097366333
1.0323365926742554
0.6948038339614868
0.5500845909118652
0.86603844165802
1.0648062229156494
1.422393560409546
0.5609391927719116
0.60711669921875
0.5271910429000854
0.6868967413902283
0.628288209438324
0.8258728981018066
0.4448355734348297
0.6975418925285339
0.7502829432487488
0.8872474431991577
0.944934070110321
0.5674425363540649
0.5913910269737244
0.6784329414367676
0.44590339064598083
0.5607662200927734
0.6499412059783936
0.8117159605026245
0.4598436951637268
0.7336362600326538
0.4145206809043884
0.7320162057876587
0.5413007736206055
0.437716007232666
0.534087061882019
0.3656841516494751
0.788326621055603
0.3950452208518982
0.48786744475364685
0.598051905632019
0.393962562084198
0.7388206720352173
0.7401567101478577
0.6540749669075012
0.6046797037124634
0.5606594085693359
0.588891327381134
0.7093619108200073
0.3214619755744934
0.5848885178565979
0.964083194732666
0.4891579747200012
1.16228449344635
0.41000205278396606
0.8825437426567078
0.6121454238891602
0.6169611811637878
0.9579747915267944
0.5668100714683533
0.8930057287216187
0.5440148115158081
0.8584786653518677
0.559135913848877
0.5688531398773193
0.8612257242202759
0.7749385237693787
0.6705529093742371
0.8665165901184082
0.8016551733016968
0.8837043642997742
0.7869962453842163
0.9627963304519653
0.7224916219711304
0.4741698205471039
0.32621458172798157
0.7158609628677368
0.4209609031677246
0.6560244560241699
0.8612229228019714
1.0826524496078491
0.6107727289199829
1.1426763534545898
0.9362152814865112
0.45328694581985474
0.5244514346122742
1.5340465307235718
1.3304505348205566
0.5142611265182495
0.49535441398620605
0.6322733163833618
0.9188300371170044
0.7124114632606506
0.5932177305221558
0.724827229976654
0.514211118221283
0.6306581497192383
0.5826202630996704
0.7650966644287109
0.7918818593025208
0.6842001676559448
0.8969985246658325
0.5463472008705139
0.5002670288085938
0.7604168057441711
0.6307092308998108
1.1667753458023071
0.7575180530548096
0.6277596354484558
0.6407938599586487
0.41156458854675293
0.47899240255355835
0.7622948884963989
0.7167324423789978
0.4312453269958496
0.5004512667655945
0.792070746421814
0.8253884315490723
0.9703895449638367
0.6098424792289734
0.7488316297531128
0.9707654714584351
0.36685317754745483
1.0396631956100464
0.5305553674697876
0.7124987840652466
0.6360664963722229
0.6104437708854675
0.6824278831481934
0.4393051266670227
0.8270643353462219
0.46003079414367676
0.9092662930488586
0.8804129362106323
0.6940457224845886
0.6786147356033325
0.6724119186401367
0.7589004635810852
0.6168113350868225
1.2940834760665894
0.8256872892379761
0.9301436543464661
0.9203913807868958
0.5365405082702637
0.7018553614616394
1.187395453453064
0.5911675095558167
1.0714068412780762
0.7730051875114441
0.39983752369880676
0.8568481206893921
0.398792564868927
0.7091783881187439
0.76518315076828
0.6898321509361267
0.7345292568206787
0.527921199798584
0.5404636263847351
0.6386650800704956
0.5487060546875
1.083416223526001
0.621836245059967
1.12265145778656
0.45887526869773865
1.2280268669128418
0.6302486658096313
0.6920261383056641
0.4847748875617981
0.8563261032104492
0.6700350046157837
0.4061904847621918
0.8764697313308716
0.6948567628860474
0.5283098220825195
0.3916252553462982
0.3991629183292389
0.3810823857784271
0.8765742182731628
0.7888358235359192
1.0749032497406006
1.0602591037750244
0.8820074796676636
0.7661150097846985
0.6997119188308716
0.5941925644874573
0.4014652371406555
0.39632129669189453
0.7419965863227844
0.609857439994812
0.6294823884963989
0.7863141894340515
0.5212991833686829
0.9796830415725708
1.0282013416290283
0.6725111603736877
0.9626083374023438
0.525004506111145
0.8356281518936157
0.9125158190727234
0.5841962099075317
0.5691841840744019
0.9545091390609741
0.4537075161933899
0.6713806986808777
0.7332122921943665
0.7417698502540588
0.6700204610824585
0.7148024439811707
0.6148103475570679
0.5852662324905396
0.7476975321769714
0.5138565897941589
0.5211912393569946
1.0433776378631592
0.6940651535987854
0.6952078938484192
1.1254698038101196
0.7034994959831238
0.8034272193908691
0.9950224757194519
