0.7401617169380188
0.37414002418518066
0.6725609302520752
0.5842862725257874
0.1345849335193634
0.6824000477790833
0.5397489666938782
0.39190658926963806
0.3087558448314667
0.6254046559333801
0.5991702079772949
0.8524564504623413
0.6405326128005981
0.9839832186698914
0.6705790162086487
0.26953065395355225
0.6910561323165894
0.34569650888442993
0.6409513354301453
1.2749874591827393
0.3033352792263031
0.6321008205413818
0.5391802787780762
0.519670844078064
0.42836159467697144
0.4715554714202881
0.3833239674568176
0.37891215085983276
0.3771584928035736
0.47513312101364136
0.6611694693565369
0.21966388821601868
0.9530957937240601
0.5915350317955017
0.6301261186599731
0.5101431608200073
0.4782300889492035
0.6550280451774597
1.0199216604232788
0.7322292923927307
0.6982758641242981
0.36941221356391907
0.6126381158828735
0.39969420433044434
0.6313848495483398
0.40357857942581177
0.5862637758255005
0.35332292318344116
0.4701760411262512
0.3031235635280609
0.34681934118270874
0.4446886479854584
0.6389696598052979
0.31046929955482483
0.47158709168434143
0.6445266008377075
0.3432618975639343
0.5530779957771301
0.5636366009712219
0.27427348494529724
0.6492470502853394
0.3528229892253876
1.0679970979690552
0.6982489824295044
0.941273033618927
0.8364073634147644
0.700404167175293
0.2709255814552307
0.4298366606235504
0.6854027509689331
0.4773004651069641
0.466787189245224
0.7055041193962097
0.3418933153152466
0.4277731776237488
0.5564787983894348
0.36020761728286743
0.5032034516334534
0.23564283549785614
0.5421120524406433
0.18903017044067383
0.8523041605949402
0.40164223313331604
0.41120976209640503
0.30129772424697876
1.0284465551376343
0.3426419198513031
0.7384859919548035
0.38149338960647583
0.48312076926231384
0.18824246525764465
0.398081511259079
0.4517168402671814
0.6815001368522644
0.33378201723098755
0.39095765352249146
0.536631166934967
0.21127215027809143
1.161867380142212
0.8951285481452942
0.2888675332069397
1.018738031387329
0.5812966823577881
0.3400424122810364
0.8598707914352417
0.3118753135204315
0.5739685297012329
0.3995012640953064
1.0695242881774902
0.7616460919380188
0.6146232485771179
0.2689886689186096
0.26797646284103394
0.32657590508461
0.8143261075019836
0.5020869374275208
0.40990161895751953
0.8485901951789856
0.7843250632286072
0.32560834288597107
0.4000186026096344
0.6415551900863647
0.9104030728340149
0.7030375599861145
0.2887389659881592
0.4223453402519226
0.5205680131912231
0.48329344391822815
0.20318610966205597
0.6927822828292847
0.5492939352989197
0.3229134976863861
1.4026174545288086
1.1989303827285767
0.5226632952690125
0.3462393283843994
0.32297664880752563
0.3751877248287201
0.326252281665802
0.549317479133606
0.4102158546447754
0.886225700378418
0.43576398491859436
0.5290241241455078
0.6020005345344543
0.479740709066391
0.5707651972770691
0.41672176122665405
0.36328113079071045
0.4923833906650543
0.8535110354423523
0.5753790140151978
0.7588589787483215
0.28447428345680237
0.8944330215454102
0.6299213767051697
0.28715023398399353
0.5166380405426025
0.6485919952392578
0.26325079798698425
0.511469841003418
0.5570065379142761
0.6809085607528687
0.6666473150253296
0.4437023997306824
0.3283182978630066
0.562957227230072
0.6921930313110352
0.7009259462356567
0.8255680799484253
0.6090388298034668
0.45764827728271484
0.9140405654907227
0.9621591567993164
0.5899568796157837
0.4507611393928528
0.49940985441207886
0.6210215091705322
0.3932698667049408
0.4726649224758148
0.33082273602485657
0.3583924174308777
0.527180552482605
0.6803022623062134
0.6273338198661804
0.4519205093383789
1.0429834127426147
0.5863614678382874
0.9798328280448914
0.2549000680446625
0.8525220155715942
0.5216559171676636
0.1378101110458374
0.6133812665939331
0.6186624765396118
0.4911532402038574
0.3968622088432312
0.7410836815834045
0.4544067978858948
0.4131653904914856
0.37961748242378235
0.523469090461731
0.6872020959854126
0.4184681475162506
0.3026055693626404
0.5806159377098083
0.5932583212852478
0.3888593018054962
0.39486798644065857
0.5538643002510071
0.8995698094367981
0.24482551217079163
0.35593047738075256
0.6165663599967957
0.8246358633041382
0.5395008325576782
0.3515104651451111
0.30160221457481384
0.42318272590637207
0.8001462817192078
0.322391152381897
0.4966900944709778
0.34970179200172424
0.4569147229194641
0.7675219774246216
0.29089683294296265
0.4172453284263611
0.5269225239753723
0.7921469807624817
0.7756069302558899
0.5577700138092041
0.4830097556114197
1.0110843181610107
0.5100035667419434
0.6491938829421997
0.5118428468704224
0.6192456483840942
0.46302589774131775
0.4522724151611328
1.0303832292556763
0.3067612051963806
0.621046245098114
1.1654174327850342
0.5081897377967834
0.9870518445968628
0.38400790095329285
0.5289451479911804
0.3250735402107239
0.6595240831375122
0.44310110807418823
0.24853722751140594
0.3745432198047638
0.45099276304244995
0.7335697412490845
0.2418242245912552
0.5129803419113159
0.5357305407524109
0.2308616191148758
0.4262877404689789
0.4978155195713043
0.4145471155643463
0.6172486543655396
0.4275827407836914
0.48445338010787964
0.5749506950378418
0.4807124733924866
0.8477188944816589
0.29759135842323303
0.6555386781692505
0.6343436241149902
0.7054758071899414
0.16271176934242249
0.3108059763908386
0.4459042549133301
0.4795711040496826
0.3423917293548584
0.5098443031311035
0.3199961483478546
0.36481863260269165
0.48958301544189453
0.3629952073097229
0.5166157484054565
0.9652813673019409
0.3263576626777649
0.23719677329063416
0.8169647455215454
0.3334799110889435
0.5495708584785461
0.2720777690410614
0.6836026310920715
0.601610004901886
0.383705198764801
0.3567102253437042
0.18608291447162628
0.7815291285514832
0.367295503616333
0.3025136888027191
0.4636712670326233
0.38621950149536133
0.679627001285553
1.0823333263397217
0.5340090990066528
0.8532009124755859
0.49813491106033325
0.29357874393463135
0.7208822965621948
0.9508808255195618
0.35680699348449707
0.6713395714759827
0.7563422322273254
0.6144140362739563
0.4952230453491211
0.4673008322715759
0.428508460521698
0.5512427687644958
0.3933705687522888
0.5511137247085571
0.31063053011894226
0.44415292143821716
0.40347418189048767
1.5695605278015137
0.7750138640403748
0.47694024443626404
1.4204683303833008
0.4406847059726715
0.6570485234260559
0.5958994030952454
0.4595591425895691
0.5439289212226868
0.47313475608825684
0.4042539596557617
0.39185401797294617
0.5079314112663269
0.5197142362594604
0.31070584058761597
0.7000067234039307
0.45924147963523865
2.1893532276153564
