0.4540554881095886
0.5779426097869873
0.6431212425231934
0.7947508096694946
0.4917752742767334
0.4665481448173523
0.4274042248725891
1.022613525390625
0.26103729009628296
0.45718511939048767
0.279962956905365
0.45293301343917847
0.338715136051178
0.44941577315330505
0.43457692861557007
0.6590327024459839
0.41265925765037537
0.19008609652519226
0.6947773694992065
0.5634796023368835
0.9767042398452759
0.8312010765075684
0.4169486165046692
0.2939714789390564
0.7726873159408569
0.763194739818573
0.3860509395599365
0.2597724497318268
0.8866360783576965
0.4130762219429016
0.3935386836528778
0.6812850832939148
0.8874830007553101
0.7089407444000244
0.6764920353889465
0.5900498628616333
0.32446569204330444
0.6035256385803223
0.4318724572658539
0.614906907081604
0.26042577624320984
0.7205953001976013
0.7558828592300415
0.8642153739929199
0.6780813932418823
0.5203690528869629
0.8310502171516418
0.7395774126052856
0.32420292496681213
0.4036720395088196
0.7619335651397705
0.3751445710659027
0.4967712461948395
0.3652208149433136
0.41899052262306213
0.3983491063117981
0.2871602773666382
1.29864501953125
0.12013039737939835
0.43327999114990234
0.6195558309555054
0.40977153182029724
0.38906314969062805
0.9767629504203796
0.4471314549446106
0.4887467324733734
0.7322561144828796
0.7526328563690186
0.3388058543205261
0.24169376492500305
0.5758619904518127
0.37274718284606934
0.4574926793575287
0.5482558012008667
0.34053364396095276
0.6396762132644653
0.2045890837907791
0.4591584801673889
0.8427249193191528
0.1933915913105011
0.6729004979133606
0.7844365835189819
0.48298168182373047
0.6709622144699097
0.349531352519989
0.46297892928123474
0.33955255150794983
0.45550090074539185
0.37039855122566223
0.4137204587459564
0.5594565272331238
0.35479992628097534
0.39241909980773926
0.7156814932823181
0.6132184267044067
0.6292085647583008
0.5262395143508911
0.49939554929733276
0.6606029868125916
0.4772314429283142
0.7385376691818237
0.7122036218643188
0.4645460546016693
0.8046571612358093
0.8197542428970337
0.38057804107666016
0.3847942650318146
0.40095868706703186
0.4434277415275574
0.3673933446407318
0.7288938164710999
0.46857309341430664
0.5337862968444824
0.3999825417995453
0.5312830209732056
0.4918797016143799
0.7369986772537231
0.6658856868743896
0.4656403064727783
0.5584349036216736
0.5280073881149292
0.8541367650032043
0.5020716190338135
0.6731974482536316
0.4946528971195221
0.3924223780632019
0.3267608880996704
0.463679701089859
0.45711952447891235
0.30654165148735046
0.5407487154006958
0.40799474716186523
0.6049494743347168
0.5491217374801636
0.3807886242866516
0.41489705443382263
0.3937457501888275
0.4319474697113037
0.5886309742927551
0.274387389421463
0.6365683674812317
0.7757290601730347
0.3642677366733551
0.3164244294166565
0.6028242707252502
0.8836390376091003
0.5781296491622925
0.2678202986717224
0.35966527462005615
0.7140706181526184
0.45380133390426636
0.3111828565597534
0.39994969964027405
0.5371361970901489
0.389868825674057
0.7081936597824097
0.5548288226127625
0.4213307499885559
0.6266829371452332
0.5527914762496948
0.3387835621833801
0.5331752896308899
0.5527756810188293
0.5919421315193176
0.7421968579292297
0.910301685333252
0.5732122659683228
0.7213107943534851
0.33461838960647583
0.27232131361961365
0.6343473196029663
0.31531137228012085
0.7368161082267761
0.5222851634025574
0.2882722020149231
0.6195064783096313
0.40332651138305664
0.5724666118621826
0.9027161598205566
0.5703075528144836
0.32707610726356506
0.6388991475105286
0.7632489204406738
0.5695667862892151
0.6256048679351807
0.717971920967102
0.8204101324081421
0.44478416442871094
0.5318270325660706
0.7576704621315002
0.2218797504901886
0.38588517904281616
0.3944869637489319
0.3739554286003113
0.6078528165817261
0.5974193215370178
1.060351848602295
1.4245368242263794
0.45339393615722656
0.38664019107818604
0.5653803944587708
0.2502608001232147
0.4739551544189453
0.4014352858066559
0.2983269691467285
0.6521943807601929
0.4819498062133789
0.4444921016693115
0.4915088713169098
0.738044261932373
0.5702032446861267
0.9114411473274231
0.5418087244033813
0.7475141286849976
0.1945105791091919
0.8095927238464355
0.3878770172595978
0.896222710609436
0.8654777407646179
0.5161164402961731
0.6497557163238525
0.5454541444778442
0.5918369293212891
0.4212316572666168
0.4686364531517029
0.5900325775146484
0.5911016464233398
0.4015722870826721
0.9739215970039368
0.41593924164772034
0.36427444219589233
0.5577753186225891
0.40355291962623596
0.6555351614952087
0.5647899508476257
0.6450686454772949
0.727989137172699
0.8661937713623047
0.5059999227523804
0.3431694507598877
0.7457512021064758
0.9602702260017395
0.7821003198623657
0.4073972702026367
0.36359718441963196
0.6049100756645203
0.7126225233078003
0.3382652699947357
0.2994856536388397
0.5150690078735352
0.48837441205978394
0.5490654110908508
0.4687121510505676
0.5059316158294678
0.8065491914749146
0.6607992649078369
0.23859910666942596
0.31234684586524963
0.5079554319381714
0.3751528859138489
0.7712873816490173
0.4724796414375305
0.922883152961731
0.5718895196914673
1.3298135995864868
0.642360270023346
0.37847280502319336
0.45642322301864624
0.33273372054100037
0.5600156784057617
0.3234889507293701
0.4203224778175354
0.4754776954650879
0.2755572497844696
0.30311641097068787
0.5171350836753845
0.7142040133476257
0.4828113615512848
0.2981231212615967
0.4785543978214264
0.9041622281074524
0.550525963306427
0.8965246081352234
0.6674636006355286
1.05741548538208
0.2841620445251465
0.4177452027797699
0.3874529004096985
0.487943172454834
0.5413073897361755
0.36266833543777466
0.2991645932197571
0.5484298467636108
0.5024339556694031
0.5434842109680176
0.9725696444511414
0.7559493780136108
0.4051676392555237
0.4967629015445709
0.3203914761543274
0.4099505543708801
0.3385475277900696
0.709466814994812
0.6449755430221558
1.1752229928970337
0.46865516901016235
0.7497299909591675
0.37016749382019043
0.3683500289916992
0.3497622609138489
0.34810230135917664
0.9305557012557983
0.8732399940490723
0.3611565828323364
0.2816148102283478
0.6562649607658386
0.7376149296760559
0.22575683891773224
0.3349757194519043
0.21845491230487823
0.3601275086402893
0.49509888887405396
0.27291688323020935
0.781152069568634
0.5448051691055298
0.3850246071815491
0.6968984007835388
0.40672388672828674
0.43558692932128906
0.6243323087692261
0.5722874402999878
0.4686312675476074
0.6034718751907349
0.3118588328361511
0.6576796770095825
0.5736783742904663
0.4324190020561218
0.5659792423248291
