0.46854352951049805
0.7148280143737793
0.7372406125068665
0.6190718412399292
0.5813162326812744
0.294226735830307
0.35591742396354675
0.4500299394130707
0.558322012424469
0.49095654487609863
0.2522139847278595
0.8789891004562378
0.3578519821166992
0.18942445516586304
0.5161406397819519
0.6507619023323059
0.782044529914856
0.40640607476234436
0.5984606742858887
0.8780878782272339
0.8624353408813477
0.4991524815559387
0.6619600057601929
0.6415570378303528
0.3616164028644562
0.49437397718429565
0.5095499753952026
0.5019800662994385
0.4770207405090332
0.5008599162101746
0.5951277017593384
0.6007861495018005
0.7600570917129517
1.3810123205184937
0.48896199464797974
0.4986642003059387
0.6191948652267456
0.4680204391479492
0.4056072235107422
0.3943459093570709
0.8465217351913452
0.3780971169471741
0.520317018032074
0.5573368072509766
1.1253681182861328
0.32332053780555725
0.2665365934371948
1.0060536861419678
0.5397726893424988
0.2626771330833435
0.6739822626113892
0.37582382559776306
0.36792778968811035
0.5652974247932434
0.29777827858924866
0.8325350880622864
0.531988263130188
0.9130299687385559
0.47145146131515503
0.5066565871238708
0.8003618121147156
0.3302108645439148
0.45190176367759705
0.5521341562271118
0.2507169842720032
0.4055810868740082
0.3623555302619934
0.15946194529533386
0.5028014779090881
0.4623183608055115
1.0141594409942627
0.5323749780654907
0.30116647481918335
0.3486747741699219
0.7586013078689575
0.29124385118484497
0.18270368874073029
0.6793501973152161
0.514400839805603
0.3832019567489624
0.2891378104686737
0.394035279750824
0.5435689687728882
0.4307912290096283
0.7862504720687866
0.2603229880332947
1.1694344282150269
0.4626534581184387
0.24472613632678986
0.4478763937950134
0.5864343643188477
0.6782593131065369
0.69072425365448
0.5046473741531372
0.45375409722328186
0.5579648613929749
0.3503017723560333
0.25242477655410767
0.43314695358276367
0.9164808392524719
0.6470263600349426
0.9182289242744446
1.133681058883667
0.4583274722099304
0.7091814875602722
0.461437851190567
0.31814485788345337
0.4962625503540039
0.34550970792770386
0.44522038102149963
0.2882661521434784
0.2388049066066742
1.0905100107192993
0.5272755026817322
0.5184726119041443
0.6834394335746765
0.31241148710250854
0.26628708839416504
0.516323447227478
0.455498605966568
0.11800514161586761
0.7492564916610718
0.4759060740470886
0.6342685222625732
0.40009576082229614
0.6842373609542847
0.5199540257453918
0.4641672968864441
0.3374975025653839
0.693634033203125
0.8366053700447083
0.47962626814842224
0.6864128112792969
0.7861236333847046
0.6564220786094666
0.7555209398269653
0.13067004084587097
0.33571702241897583
0.32233184576034546
0.871374785900116
0.463753879070282
0.3865351378917694
0.2841642200946808
0.39572709798812866
0.5727159380912781
0.9329527616500854
0.7650594115257263
0.243743896484375
0.5680304765701294
1.348025918006897
0.16799065470695496
0.6055790185928345
0.3097517788410187
0.7366670370101929
0.4836850166320801
0.9289608001708984
0.8730184435844421
0.19772520661354065
0.669783353805542
0.8035966157913208
0.41497811675071716
0.7520021200180054
0.42324280738830566
0.3956112861633301
0.6086565852165222
0.693255603313446
0.43454933166503906
0.38608041405677795
0.8528451919555664
0.41536062955856323
0.4629482626914978
0.8775448799133301
0.24168996512889862
0.46279287338256836
1.3134572505950928
0.7472600936889648
0.9430087804794312
0.4329131245613098
0.5895511507987976
0.5293511152267456
0.6967619061470032
0.4814026951789856
0.9179880023002625
0.34972473978996277
0.5516389608383179
0.496680349111557
0.6045735478401184
0.18895356357097626
0.5349186658859253
0.6785516738891602
0.352550745010376
0.36999061703681946
0.7376230955123901
0.35805824398994446
0.35890039801597595
0.1360573172569275
0.22307443618774414
0.7616585493087769
0.6493338346481323
0.5477274656295776
0.8083869218826294
0.6379019618034363
0.21373096108436584
0.9261762499809265
0.4847165048122406
0.2788163423538208
0.38793325424194336
0.6704860925674438
0.5061142444610596
0.2871626317501068
0.5092763900756836
0.6499902606010437
0.5796488523483276
0.3717823028564453
0.4313085973262787
0.8746631741523743
0.672805905342102
0.26499566435813904
0.37653103470802307
0.3296724557876587
0.9262548685073853
0.2074122428894043
0.8774355053901672
0.3323429524898529
0.2894415259361267
0.35942715406417847
0.7767289280891418
0.2682654857635498
0.7396404147148132
0.32312607765197754
0.39889925718307495
0.7726519703865051
0.5837961435317993
0.524391233921051
0.7436304092407227
0.9164658784866333
0.5280154943466187
0.32920441031455994
0.5504298210144043
0.616496205329895
0.40286463499069214
0.45535358786582947
0.48126348853111267
0.35250869393348694
0.34491878747940063
0.641806960105896
0.5815907120704651
0.3298434019088745
0.5311824679374695
0.7584275007247925
0.3142126798629761
0.2983628213405609
0.5678008198738098
0.8629693984985352
0.3684850037097931
0.3934336304664612
0.7070066928863525
0.5763868093490601
0.4458746910095215
0.987625777721405
0.37689658999443054
0.5405198931694031
0.46539515256881714
0.5068647265434265
0.3442111611366272
0.5221651792526245
0.4009815752506256
0.29980748891830444
0.3360595107078552
0.2194758951663971
0.7648562788963318
0.5265806317329407
0.8436304330825806
0.6607053279876709
0.28751835227012634
0.6744744181632996
0.6224404573440552
0.39321208000183105
0.8648508191108704
0.5721079111099243
0.35127896070480347
0.49021729826927185
0.3170003294944763
0.5261154174804688
0.709308922290802
0.43377241492271423
0.48153048753738403
1.2722183465957642
0.3567950129508972
0.4182462692260742
0.49493607878685
0.25525492429733276
0.6836954355239868
0.3002004027366638
0.33770886063575745
0.6677500605583191
0.7606381177902222
0.298877090215683
0.7201256155967712
0.2749289274215698
0.6727173924446106
0.39914584159851074
0.3957487940788269
0.534885048866272
0.3377269506454468
0.7496760487556458
0.7411252856254578
0.4829618036746979
0.39371681213378906
0.5410398244857788
0.273459255695343
0.7368776798248291
0.5101755857467651
0.45064225792884827
0.5733588337898254
0.717584490776062
0.6428035497665405
0.9644033312797546
0.5575271844863892
0.6696525812149048
0.5729076862335205
0.6101152896881104
1.195741891860962
1.170007348060608
0.6639826893806458
0.2505400478839874
1.0111552476882935
0.9171245694160461
0.706061601638794
0.9014919400215149
0.34360602498054504
0.45888835191726685
0.30202412605285645
0.3328244984149933
0.12523773312568665
0.7201575636863708
0.2975884675979614
1.3853363990783691
