0.6324540376663208
0.7042898535728455
0.21801665425300598
0.541100025177002
0.5701727867126465
0.4147713780403137
0.710341215133667
0.33902058005332947
0.4704444408416748
0.5554589033126831
0.49358510971069336
0.42832404375076294
0.3938913345336914
0.25314703583717346
0.7491447925567627
0.44935092329978943
0.3667924702167511
0.24017338454723358
0.5878844857215881
0.7879459261894226
0.3634813725948334
0.21379873156547546
0.7172151803970337
0.6151307225227356
0.4547455310821533
0.5771243572235107
0.3511179983615875
0.7461587190628052
1.0189933776855469
0.9836236834526062
0.32554784417152405
0.49116817116737366
0.960307240486145
0.36584925651550293
0.6875263452529907
0.551900327205658
0.2376711368560791
0.6013070344924927
0.3874788284301758
0.48746365308761597
0.27778157591819763
0.8114279508590698
0.5716592073440552
0.5113738775253296
0.6136740446090698
0.6252473592758179
0.3442131578922272
0.5686007738113403
0.2070561945438385
0.9061182141304016
0.3455039858818054
0.6403031349182129
0.2372187376022339
0.3418700695037842
0.861594021320343
1.055251121520996
0.3433230221271515
0.7960944771766663
0.5733911991119385
0.29223260283470154
0.755393922328949
0.5523067712783813
0.5062342286109924
0.7421623468399048
0.6291888952255249
0.21864740550518036
0.25553128123283386
0.3295440077781677
0.3744572401046753
0.315346896648407
0.5239681005477905
0.33282360434532166
0.5498336553573608
0.530013382434845
0.5621137619018555
0.6796597242355347
0.3849988877773285
0.9783806800842285
0.4424428343772888
0.22893276810646057
0.7224020957946777
0.27161189913749695
0.3039400577545166
0.2302454262971878
0.1694829910993576
0.8022156953811646
0.3807566463947296
0.2498466670513153
0.8530511856079102
0.2066565304994583
0.3149784207344055
0.3264079689979553
0.38711637258529663
0.9839004278182983
0.7570006251335144
0.2858792543411255
0.3558139204978943
0.40746745467185974
0.4852619767189026
0.41080063581466675
0.5169798135757446
0.3726001977920532
0.8579975366592407
0.5207864046096802
0.5726977586746216
0.4688194692134857
0.17757222056388855
0.3288878798484802
0.6768664121627808
0.6640111804008484
0.6597660779953003
0.24996253848075867
0.5104078054428101
0.6052871942520142
0.7411490678787231
0.7430408000946045
1.0106515884399414
0.5005282163619995
1.2209038734436035
0.29873690009117126
0.6875628232955933
0.37429842352867126
0.47073355317115784
0.2584307789802551
0.9284943342208862
0.992348849773407
0.46518993377685547
0.42142972350120544
0.44087138772010803
0.42547425627708435
0.4113686680793762
0.6633135676383972
0.7070134282112122
0.6904100179672241
0.7678832411766052
0.9548994898796082
0.23238658905029297
0.8893836140632629
0.19120502471923828
0.5795961022377014
0.33992674946784973
0.434091717004776
0.6947730779647827
1.143392562866211
0.22107937932014465
0.7327929735183716
0.42148256301879883
0.45851778984069824
0.8923088312149048
0.429293155670166
0.2807738482952118
0.4512939453125
0.8188848495483398
0.49396759271621704
0.6477516889572144
0.8844326734542847
0.7716532945632935
0.28956907987594604
0.4799482226371765
0.5207022428512573
0.3210698664188385
0.24032394587993622
0.3160412311553955
0.5464606285095215
0.5847024321556091
0.7965227365493774
0.3823017477989197
0.6694866418838501
0.4270970821380615
0.7033854126930237
0.5619339346885681
0.3769088387489319
0.5437288284301758
0.3815118968486786
0.5238153338432312
0.3336949944496155
0.9178444147109985
0.4546607434749603
0.918408989906311
0.45023441314697266
0.4945363998413086
0.4575570225715637
0.7326077818870544
0.39892444014549255
0.7556980848312378
0.5076468586921692
0.1625787317752838
0.6296610832214355
0.3369366526603699
0.528587818145752
0.45296645164489746
0.7150862812995911
0.5642951726913452
0.27873674035072327
0.46496811509132385
0.4783085882663727
0.3876435160636902
0.4861619472503662
0.38662806153297424
0.37264201045036316
0.5499720573425293
0.45029744505882263
0.5665017366409302
0.4062619209289551
0.4630148410797119
0.3145747780799866
0.6451927423477173
1.1299763917922974
0.7938332557678223
0.7174747586250305
0.31942564249038696
0.554192841053009
1.0587785243988037
0.5792163610458374
0.6717948913574219
0.8211349248886108
0.32177144289016724
0.7158644199371338
0.5885921716690063
0.7487273812294006
0.27014869451522827
0.34417030215263367
0.8026512265205383
0.8378850817680359
1.247820496559143
0.571503758430481
0.8804509043693542
0.39398378133773804
0.5361818075180054
0.4948434829711914
0.26989802718162537
0.35997793078422546
0.6616814732551575
0.6550154685974121
0.6005027890205383
0.5098925232887268
0.3985520303249359
0.6205838918685913
1.0164711475372314
0.6287803053855896
0.5494963526725769
0.49863213300704956
0.9683232307434082
0.6951497793197632
0.3371782898902893
0.5713494420051575
0.4044247567653656
0.46918076276779175
0.4024657607078552
0.3393157422542572
0.5272782444953918
0.5906955003738403
0.8053781390190125
0.4298083782196045
0.46681803464889526
0.2219523936510086
0.38664183020591736
0.4752400517463684
0.7399157285690308
0.25247952342033386
0.791426956653595
0.6583800315856934
1.386157751083374
0.6894209980964661
0.631060004234314
1.0280247926712036
0.6195101141929626
0.6005014777183533
0.41696467995643616
0.4396580755710602
0.2693620026111603
0.48391348123550415
0.6343715786933899
0.261334091424942
0.6009297370910645
0.19850018620491028
0.3880680501461029
0.6962043642997742
0.644883930683136
0.5669276118278503
0.5997282862663269
0.6528064608573914
0.4288828372955322
0.731839120388031
0.6206003427505493
0.5188162922859192
0.4811030328273773
0.6999792456626892
0.7866967916488647
0.8166807889938354
0.3114325702190399
0.5591095685958862
0.2569209933280945
0.3344719707965851
0.20473182201385498
0.5350314974784851
0.9969611167907715
0.35773491859436035
0.39740294218063354
0.7276208400726318
0.7769312858581543
0.4155150055885315
0.3589445948600769
0.4401516914367676
0.685707688331604
0.6956814527511597
0.49456721544265747
0.4494439959526062
0.3319851756095886
0.9168195724487305
0.2635952830314636
0.5644296407699585
0.4276271462440491
0.39704620838165283
0.5012363195419312
0.3200501501560211
0.6172329783439636
0.40673065185546875
1.0009020566940308
0.9124976396560669
0.5893260836601257
0.8057823181152344
0.7653055191040039
0.2684004008769989
0.33579710125923157
0.396171897649765
0.673154890537262
0.4026831090450287
0.6975349187850952
0.8669452667236328
0.24743685126304626
0.18438012897968292
0.7993558049201965
0.5355977416038513
0.34098100662231445
0.4777032732963562
0.4651342034339905
1.6237362623214722
