0.5660139918327332
0.535991370677948
0.5920953750610352
0.19017153978347778
0.4626486897468567
0.4528575539588928
0.44351014494895935
0.2810327410697937
0.49174460768699646
0.6295252442359924
0.450920969247818
0.6018561124801636
0.9740331768989563
0.39444130659103394
0.2849518656730652
0.40022391080856323
0.5425008535385132
0.39144715666770935
0.38261881470680237
0.45352134108543396
0.45033398270606995
0.6577073335647583
0.3733086585998535
0.9643702507019043
0.3498876988887787
0.4707639217376709
0.6000404953956604
0.29840022325515747
0.3365914225578308
0.5765132308006287
0.4567257761955261
0.4617016315460205
0.4000881314277649
0.9469114542007446
0.33767762780189514
0.7124320864677429
0.39221134781837463
0.514689028263092
0.9132386445999146
0.6100601553916931
0.3592079281806946
0.5292499661445618
0.34708037972450256
0.886379063129425
0.38706034421920776
0.3159056603908539
0.2836337983608246
0.45707693696022034
0.7484017014503479
1.0154346227645874
0.7477113008499146
0.42880114912986755
0.6196044683456421
0.7665930986404419
0.3475133776664734
0.3050770163536072
0.5950296521186829
0.44041720032691956
0.44607481360435486
1.2446520328521729
0.5243517160415649
0.6286782026290894
0.4225916266441345
0.8491165041923523
0.5301309823989868
0.5871695876121521
0.21751824021339417
0.1776476800441742
0.48833465576171875
0.48400646448135376
0.5253452062606812
0.2573765516281128
0.6290906667709351
0.3340788781642914
0.4678274989128113
0.349760502576828
0.8625925183296204
0.38472434878349304
0.30359745025634766
0.6051877737045288
0.3455795645713806
0.44824033975601196
0.5397488474845886
0.7427682876586914
0.5001047849655151
0.553464949131012
0.7664220333099365
0.6136699914932251
0.5054225921630859
1.5924582481384277
0.831630527973175
0.41273602843284607
0.5655278563499451
0.36821311712265015
0.49952784180641174
0.5486347675323486
0.6273418664932251
0.6135700345039368
0.4447181224822998
1.4416003227233887
1.0841219425201416
0.6653534770011902
0.20268508791923523
0.5406252145767212
0.723051130771637
0.37473616003990173
0.281399130821228
0.33458709716796875
0.6517868041992188
0.5216064453125
0.2952323257923126
0.3734446167945862
0.33665308356285095
0.4977802336215973
0.5100222229957581
1.1086715459823608
0.9297612309455872
0.5159857273101807
0.35186856985092163
0.4284181594848633
0.5297372937202454
0.5613304376602173
0.7266101837158203
0.40122556686401367
0.7673172950744629
0.8852037191390991
0.34905683994293213
0.3103267550468445
0.5348635911941528
0.1435471773147583
0.31770363450050354
0.5783766508102417
0.4390760362148285
0.7732976675033569
0.313262403011322
0.4288328289985657
0.43919143080711365
1.097933053970337
0.5055800676345825
0.6785231232643127
0.18140318989753723
0.28800877928733826
0.6804080009460449
0.6032185554504395
0.28781333565711975
0.7390846610069275
0.4848950505256653
0.11179826408624649
0.8782870173454285
0.9392759203910828
0.45771345496177673
0.631525993347168
0.3429796099662781
0.8087275624275208
0.33242663741111755
0.6234415769577026
0.7831709980964661
0.5413776636123657
0.4828706681728363
0.7218265533447266
0.6561883687973022
0.8674606084823608
0.20672956109046936
0.2534225583076477
0.3398281931877136
0.6569720506668091
0.41827449202537537
0.3050193786621094
0.34233149886131287
1.047170877456665
0.343109667301178
0.4157733917236328
0.5480403900146484
0.47740617394447327
0.7876323461532593
0.35499534010887146
0.8689851760864258
0.611315131187439
0.7252825498580933
0.43870609998703003
0.5564301609992981
0.5527226328849792
1.1609537601470947
0.49332302808761597
1.0703158378601074
0.31394752860069275
0.7458909153938293
0.7556372880935669
1.0117309093475342
0.4769632816314697
0.41355523467063904
0.6561999917030334
0.6016428470611572
0.3658692538738251
0.5930169820785522
0.42816537618637085
0.6646506190299988
0.9796279668807983
0.6340450644493103
0.3138095736503601
0.514676570892334
0.6039274334907532
0.30821284651756287
0.36673128604888916
0.7437775135040283
0.7013720273971558
0.5388277769088745
0.45796552300453186
0.5732790231704712
0.5582374334335327
0.7060251235961914
0.555642306804657
0.8590449094772339
0.6603310704231262
0.42872485518455505
0.9795068502426147
0.5577203035354614
0.6150331497192383
0.3140949606895447
0.827602744102478
0.3679324686527252
0.5724571943283081
0.4859030842781067
1.5904333591461182
0.4349394738674164
0.6547856330871582
0.5726345181465149
1.246697187423706
0.4735337197780609
0.6556724309921265
0.7238887548446655
0.5203482508659363
0.29987484216690063
0.5064117312431335
0.5521751642227173
0.39511969685554504
0.45421212911605835
0.5974060893058777
0.5233842134475708
0.6303890943527222
0.5807427167892456
0.271573007106781
0.5287786722183228
0.47813281416893005
0.4645976424217224
0.5460678339004517
0.34502097964286804
0.5109648108482361
0.2895960807800293
1.1176767349243164
0.41874265670776367
0.38116955757141113
0.49952682852745056
0.18796904385089874
0.7536848187446594
0.7169523239135742
0.5532451868057251
0.3788302540779114
0.3852876126766205
0.41337671875953674
0.5365919470787048
1.1709764003753662
0.5692224502563477
0.378396213054657
0.3060018718242645
0.7005941271781921
0.4790104031562805
0.7005295157432556
0.3719737231731415
0.4668057858943939
0.5215451121330261
0.6656442284584045
0.6046213507652283
0.4679725766181946
0.392911434173584
0.5668784976005554
0.6447806358337402
0.3711976706981659
0.49596014618873596
0.4706293046474457
0.6886558532714844
0.6496243476867676
0.49125513434410095
0.32536250352859497
0.24160584807395935
0.4778154790401459
0.44765394926071167
0.6342993974685669
0.4877280592918396
0.6376667618751526
0.61623615026474
0.6856858730316162
0.26711219549179077
0.35464897751808167
0.6653848886489868
0.5335105061531067
0.5792867541313171
0.304283082485199
0.6219484806060791
0.519402027130127
0.45211976766586304
0.48612985014915466
0.7235808372497559
0.24380438029766083
0.8805688619613647
0.3889693319797516
0.4539005160331726
0.7430536150932312
0.6534699201583862
0.286939799785614
0.27352020144462585
0.6639783978462219
0.4865141808986664
0.4259915351867676
0.6277967691421509
0.4879055619239807
0.815392792224884
0.4157133102416992
0.3977997899055481
0.4158678948879242
1.0529224872589111
0.6980203986167908
0.6137523651123047
0.4961371421813965
0.566744327545166
0.48164883255958557
0.49393051862716675
0.8524848222732544
0.7575923204421997
0.4575987756252289
0.5011504292488098
0.4333166182041168
0.37517833709716797
0.5514971017837524
0.7750421762466431
0.4329700469970703
0.7445604205131531
0.60128253698349
