0.5180908441543579
0.9559095501899719
0.694837212562561
0.44006747007369995
0.44654470682144165
0.8442548513412476
0.8466173410415649
0.43213921785354614
0.5344062447547913
0.21615830063819885
0.4945058226585388
0.2882641851902008
0.9875981211662292
0.2899976074695587
0.5176507830619812
0.7097662091255188
0.1254158318042755
0.8924400210380554
0.3140026926994324
0.6083410978317261
0.3940547704696655
0.5075031518936157
0.2241843193769455
0.47188615798950195
0.2953428626060486
0.41860073804855347
1.2511323690414429
0.5890363454818726
0.29601457715034485
0.5592830777168274
0.321916788816452
0.36191168427467346
0.6107161045074463
0.8953328132629395
0.65220707654953
1.0333189964294434
0.5001636743545532
0.3966168463230133
0.31987470388412476
0.4546530842781067
0.9059919118881226
0.20445242524147034
0.5598981380462646
0.7838276624679565
0.7399929165840149
0.3969472050666809
0.963581919670105
0.613749623298645
0.45787256956100464
0.4089973568916321
0.26441773772239685
0.4741816520690918
0.6479960083961487
0.5915850400924683
0.5571872591972351
0.5509669184684753
0.3979899287223816
0.6317161321640015
0.448981910943985
0.45762747526168823
1.867064118385315
0.5394718050956726
0.5108538866043091
0.3131198585033417
0.380447655916214
0.5556577444076538
0.5510082244873047
0.3190539479255676
0.5475754737854004
0.9409240484237671
0.5242354869842529
0.4244256913661957
0.3733366131782532
0.311379998922348
1.062874436378479
0.9155844449996948
0.3160766363143921
0.40362054109573364
0.362839937210083
1.1340019702911377
0.49185436964035034
0.3891463577747345
1.1231114864349365
0.4561764597892761
0.3198756277561188
0.358309805393219
0.3802233338356018
0.6626542210578918
0.621160626411438
0.43639811873435974
0.14183323085308075
0.6555640697479248
0.2265300452709198
0.5574460625648499
0.5199922323226929
0.5011039972305298
0.44598379731178284
0.3427453637123108
0.42586222290992737
0.4034311771392822
0.8259736895561218
0.9372898936271667
0.707571268081665
0.8975955247879028
0.44735002517700195
0.5668927431106567
0.49610060453414917
0.4766198992729187
0.39265328645706177
0.8374832272529602
0.4472173750400543
0.46265092492103577
0.5638337135314941
0.4538307189941406
0.33120453357696533
0.45793214440345764
0.3776683807373047
0.3974166512489319
1.4363971948623657
0.3830433487892151
0.9133204221725464
0.4736872613430023
0.5617207288742065
0.43829312920570374
1.152501106262207
0.5646783709526062
0.6784093976020813
0.580105721950531
0.7444337606430054
0.8993657827377319
0.59644615650177
0.3945981562137604
0.36364302039146423
0.8379958271980286
0.48137417435646057
0.4016682505607605
0.2956606149673462
0.4270349442958832
0.4763895571231842
0.6727301478385925
0.7870460748672485
0.27940183877944946
0.5188552141189575
0.8046676516532898
0.5322256088256836
0.6868302226066589
0.5042470097541809
0.3548663556575775
0.4604131281375885
0.5113175511360168
0.682809591293335
0.16546469926834106
0.5692510604858398
0.8980457186698914
0.44226208329200745
0.2297525852918625
0.17954108119010925
0.4532585144042969
0.6183344721794128
0.4677864611148834
0.4325559139251709
0.32017993927001953
0.6096235513687134
0.789330244064331
0.695371150970459
0.33703872561454773
0.4189051687717438
0.609657883644104
0.33017832040786743
0.8506080508232117
0.3944706916809082
0.6005024909973145
0.4962952733039856
0.5867748260498047
0.8847662210464478
0.7894818186759949
0.5746192336082458
0.694265604019165
0.47959432005882263
0.6195934414863586
0.4727230966091156
1.1909732818603516
0.4924705922603607
0.16273048520088196
0.5756117105484009
0.6378958821296692
0.5019081234931946
0.719453752040863
0.6701204776763916
0.4641208052635193
0.48245924711227417
0.3394377529621124
0.6707884073257446
0.4627223014831543
0.2985736131668091
0.4175441861152649
0.3345814049243927
0.4939936697483063
0.5403846502304077
0.4105396866798401
0.5451484322547913
0.8651623725891113
0.47748422622680664
0.7711790204048157
0.6085101962089539
0.5483464002609253
0.8375042676925659
0.9160682559013367
0.41572389006614685
0.7323628067970276
0.5092738270759583
0.4569911062717438
0.464811235666275
0.6461789011955261
0.44837743043899536
0.7976383566856384
0.9705559015274048
0.4159976840019226
0.3567485213279724
0.48230987787246704
0.840842068195343
0.38282495737075806
0.3599269986152649
1.0063374042510986
0.6443215608596802
0.421245276927948
1.427659034729004
0.5176173448562622
0.6876594424247742
0.6644831299781799
0.3886440396308899
0.9327775239944458
0.460219144821167
0.4207978844642639
0.43358927965164185
0.2261383980512619
0.6984327435493469
0.5108293294906616
0.8505388498306274
0.5709748864173889
0.40525349974632263
0.433389812707901
0.6018704175949097
0.40979138016700745
0.28239569067955017
0.41327816247940063
0.4796454906463623
0.5557653903961182
0.43631190061569214
0.6456121206283569
0.8586218953132629
0.35429781675338745
0.6442145109176636
0.23102831840515137
0.9057506322860718
0.7197703123092651
0.7171049118041992
0.4078194200992584
0.5021525621414185
0.38728442788124084
0.7504831552505493
0.4211016595363617
0.497702419757843
0.5508123636245728
0.34731191396713257
0.5497432351112366
0.8830060958862305
0.4919981062412262
0.35641413927078247
0.6536661982536316
0.43257609009742737
0.4583829939365387
0.6846739053726196
0.5929692387580872
0.2994007468223572
0.6581822037696838
0.4160676598548889
0.7470707893371582
0.6121456623077393
0.6824513673782349
0.1887533962726593
0.560889482498169
0.5597426891326904
0.6059534549713135
0.43181008100509644
0.7093952894210815
0.6729703545570374
0.6180993318557739
0.6382476687431335
0.2729054093360901
0.30879467725753784
0.8004419207572937
0.2647128701210022
0.5296826362609863
0.6384426355361938
0.32835546135902405
0.3830989897251129
0.6422353982925415
0.47993841767311096
1.004002571105957
0.7217291593551636
0.8462618589401245
0.4777835011482239
0.49899619817733765
0.42790764570236206
0.2981356978416443
0.42884358763694763
0.3648129999637604
0.7840362787246704
0.30777567625045776
0.6832301616668701
0.31921011209487915
0.4987371861934662
0.5278903841972351
0.5701944231987
0.5826735496520996
0.518521249294281
0.6669338345527649
0.9408336877822876
0.5981252789497375
0.35813426971435547
0.9159333109855652
1.0300147533416748
0.5346373319625854
0.7443397045135498
0.5088127851486206
0.6487651467323303
0.2390914410352707
0.35554999113082886
0.32959163188934326
0.4627247750759125
0.45303481817245483
0.3919215798377991
0.5668870806694031
0.13156680762767792
0.29364147782325745
0.4372648596763611
0.9551315307617188
