0.7287254333496094
0.7026398777961731
0.2573797106742859
0.492581844329834
0.762823760509491
0.5016799569129944
0.2915918529033661
0.42749446630477905
0.5930282473564148
0.4154207110404968
0.4997144341468811
0.43084874749183655
0.4095393121242523
0.8918541073799133
0.3009217381477356
0.5752835273742676
0.5017589330673218
0.42123740911483765
0.5152419805526733
0.4246675968170166
0.3734685778617859
0.7670396566390991
0.7834463119506836
0.6246451735496521
0.2918831706047058
0.4727630019187927
0.7235442996025085
0.3625689446926117
0.5736042261123657
0.3839676082134247
0.9032840728759766
0.3891873061656952
1.2276726961135864
1.1218760013580322
0.37057191133499146
0.8038144111633301
0.7304481267929077
0.32326817512512207
1.1248600482940674
0.22384417057037354
0.6942325830459595
0.6919708847999573
0.7944743037223816
0.5877445936203003
0.4332505762577057
0.7084264755249023
0.22529010474681854
0.5334392786026001
0.5965207815170288
0.3479064106941223
0.2671952247619629
0.5218054056167603
0.15168796479701996
0.29822346568107605
0.26308315992355347
0.4713636338710785
0.563176155090332
0.5603338479995728
0.30260971188545227
0.18792679905891418
0.6929129362106323
0.38931989669799805
1.0061842203140259
0.4274786412715912
0.42625942826271057
0.824420154094696
0.345529168844223
0.5756020545959473
0.6904555559158325
0.7744030356407166
0.5767144560813904
0.2770659327507019
1.1159164905548096
0.3832995295524597
0.5291187763214111
0.6333559155464172
0.7104102969169617
0.3360607624053955
0.7714787721633911
0.758305549621582
0.7859604954719543
0.5743014812469482
0.9461609721183777
0.46139365434646606
0.4869973063468933
0.23497827351093292
0.4880736470222473
0.4551781713962555
0.6092798113822937
0.4731605648994446
0.7507782578468323
0.6130609512329102
1.3301684856414795
0.6677352786064148
0.30597877502441406
0.35381001234054565
0.33005255460739136
0.15665116906166077
0.25435298681259155
0.43017321825027466
0.4780649244785309
0.5510541796684265
0.4225955009460449
0.49741846323013306
0.394024133682251
0.6587987542152405
0.5233243107795715
0.7062745094299316
0.4381256103515625
0.5368114709854126
0.5627948045730591
0.45603036880493164
0.4176344871520996
0.7481397390365601
0.6911150217056274
0.4027562141418457
0.3461092412471771
0.8077813386917114
0.2953079342842102
0.28104326128959656
0.7719610929489136
0.24302825331687927
0.24280476570129395
0.6817149519920349
0.5097466707229614
0.5862613916397095
0.6667402982711792
0.9097908735275269
0.47853145003318787
0.7809267044067383
0.30782076716423035
0.9929177165031433
0.2749270796775818
0.6512643694877625
0.41553202271461487
0.45667439699172974
0.7552716732025146
0.4752222001552582
1.5681977272033691
0.4577462077140808
1.4035050868988037
0.8576861619949341
0.5950655937194824
0.5970097184181213
0.7929747104644775
0.43695068359375
0.9812291860580444
0.5855301022529602
0.4849526286125183
0.6132540702819824
0.516413152217865
0.4348015785217285
0.3227992653846741
0.4417092204093933
0.7117765545845032
0.39220407605171204
0.41516536474227905
0.8383824229240417
0.22118332982063293
0.31831833720207214
0.4977090358734131
0.6694093346595764
0.7297283411026001
0.6648114323616028
0.4820503294467926
0.5114025473594666
0.40461069345474243
0.6569969654083252
0.13059554994106293
0.3089175820350647
0.667086660861969
0.3854287564754486
0.40200892090797424
0.5414236783981323
0.24246113002300262
0.37328392267227173
0.9463092684745789
0.4168704152107239
0.5405550003051758
0.37088513374328613
0.3863551616668701
0.6084538698196411
0.17298761010169983
0.6527588367462158
0.937079131603241
0.7028881311416626
0.3434638977050781
0.42880135774612427
1.3689686059951782
0.7782701253890991
0.6353376507759094
0.4669613242149353
0.38591569662094116
0.2821098268032074
0.6895128488540649
0.4549562335014343
0.4116252064704895
0.35962390899658203
0.41391438245773315
0.41453877091407776
0.27129945158958435
0.4578731060028076
0.47607502341270447
0.2519332766532898
0.45362329483032227
0.5623162984848022
0.533050537109375
0.43339967727661133
0.39630264043807983
0.33952823281288147
0.752973198890686
0.53107750415802
0.8389648199081421
0.9223943948745728
0.9694115519523621
0.5842503309249878
0.48687106370925903
0.8590089678764343
0.8576760292053223
0.5549383163452148
0.6390140056610107
0.29957231879234314
0.297952264547348
0.7430540323257446
0.6260939836502075
0.4706255793571472
0.5797015428543091
0.3514804244041443
0.7063573002815247
0.20162229239940643
0.26996198296546936
0.2979561388492584
0.7185806035995483
0.6879302263259888
0.6425331234931946
0.4772621989250183
0.7175670862197876
0.6345265507698059
0.3407312035560608
0.31831249594688416
0.2392679899930954
0.37175145745277405
0.4389781057834625
1.7311782836914062
0.7605801224708557
0.43584537506103516
0.5233801603317261
0.44801124930381775
0.9668152928352356
0.8125068545341492
0.5929790735244751
0.6109914183616638
0.2479294240474701
0.3938589096069336
0.7047389149665833
0.38455212116241455
0.4553980231285095
0.2201727330684662
0.24764561653137207
0.6045169830322266
0.564141571521759
0.5769484639167786
0.3533700108528137
0.4886559545993805
0.4710390567779541
0.3329314589500427
0.21699902415275574
0.41549357771873474
0.3976460099220276
0.5504667162895203
0.39886829257011414
0.27740150690078735
0.3563954830169678
0.42837509512901306
0.5738479495048523
0.5225905179977417
0.5046244859695435
0.4915391504764557
0.8564273118972778
0.6166864633560181
0.5074183940887451
0.3210359811782837
0.573623776435852
0.80877685546875
0.45578432083129883
0.4480897784233093
0.3037545382976532
0.45291000604629517
0.4052005708217621
0.5139034986495972
0.5598732829093933
0.3333722949028015
0.8348552584648132
0.37114810943603516
0.3004201352596283
0.3316682279109955
0.5349704027175903
0.45671263337135315
0.7380840182304382
0.6433377265930176
0.28717607259750366
0.831120491027832
0.2065967321395874
1.3413128852844238
0.6170549392700195
0.5977362394332886
1.0277173519134521
0.505976676940918
0.6240607500076294
0.6914796829223633
0.47244539856910706
0.7706126570701599
0.4073200225830078
0.23264539241790771
1.1389738321304321
0.5836039185523987
0.23521332442760468
0.2829427421092987
0.2231435328722
0.6967728137969971
0.28344014286994934
0.5987696051597595
0.22926703095436096
0.2220555543899536
0.6193163990974426
0.5012993812561035
0.8707475662231445
0.3307320475578308
0.3314289450645447
0.28768473863601685
0.3487342894077301
0.7709182500839233
0.7901302576065063
0.4020819664001465
0.9638004302978516
0.5008549094200134
0.7348172664642334
0.4601997137069702
