0.3285455107688904
0.41059988737106323
0.22351619601249695
0.5867334604263306
0.39891237020492554
0.5885440707206726
0.19341064989566803
0.18706771731376648
0.5967970490455627
0.34935998916625977
0.6360834240913391
0.8515874743461609
0.6875007748603821
0.328390896320343
0.7195977568626404
0.6860281229019165
0.30790579319000244
0.8796113729476929
0.4300246834754944
0.4485929012298584
0.3515775203704834
0.640528678894043
0.6960643529891968
0.3123539090156555
0.3933584690093994
0.4225950837135315
0.3589542806148529
0.8001114130020142
0.47691455483436584
0.5026876926422119
0.9385988116264343
0.25293049216270447
0.9851576089859009
0.8818284869194031
0.6561284065246582
0.6198760867118835
0.6155984997749329
0.3970358967781067
0.3604191243648529
0.9655950665473938
1.0452051162719727
0.3007528483867645
0.7917579412460327
1.0798242092132568
0.20678040385246277
0.5033857226371765
1.2671434879302979
0.5208579301834106
0.6842244863510132
0.3616926074028015
0.44982409477233887
0.2562306821346283
0.4177938997745514
0.9606893658638
0.8439061045646667
1.1060781478881836
1.0104479789733887
0.2981497347354889
0.582817554473877
0.6186670064926147
0.2945154905319214
0.6480830907821655
0.2620695233345032
0.35879772901535034
0.3838038742542267
0.3974749445915222
0.690856397151947
0.9855650067329407
0.5712222456932068
0.5822988152503967
0.30937474966049194
0.2345922738313675
0.9068400263786316
0.6713497638702393
0.5321906208992004
0.6804243326187134
0.7169927358627319
0.5768383741378784
0.2577970623970032
0.5885730981826782
0.8828299641609192
0.41138654947280884
1.1759512424468994
0.39253705739974976
0.5215685963630676
0.8132530450820923
0.4395100474357605
0.7206246256828308
0.6432632207870483
0.9772966504096985
0.46629461646080017
0.7568095922470093
0.6758617162704468
0.5580362677574158
0.4767835736274719
0.1827164888381958
0.32634681463241577
0.6307141780853271
0.70960932970047
0.38533300161361694
0.6635944247245789
0.20070119202136993
0.4070092737674713
0.6509343385696411
0.6119360327720642
0.38244423270225525
0.6293391585350037
0.6401328444480896
0.6049536466598511
0.4355838894844055
1.0149608850479126
1.1225429773330688
0.3071715235710144
0.45399194955825806
0.4829576909542084
0.639661967754364
1.0496854782104492
0.26655569672584534
0.5052158236503601
0.9349709749221802
0.5230279564857483
0.5495603680610657
0.21950232982635498
0.3108033537864685
0.42098498344421387
0.49794086813926697
0.43716567754745483
0.28729718923568726
0.3253675401210785
0.47691816091537476
0.5300239324569702
0.2896628975868225
0.5856450200080872
0.4545699954032898
0.37811580300331116
0.769627571105957
0.3697386682033539
0.5971249341964722
0.6713951826095581
0.7343357801437378
0.5864974856376648
0.266075074672699
0.4663882255554199
0.47999081015586853
0.23032614588737488
0.32190126180648804
0.2670653164386749
0.2427542507648468
0.6402241587638855
0.48608142137527466
0.472653865814209
0.3610251843929291
0.20145177841186523
1.0202405452728271
0.944477915763855
0.6021784543991089
0.5170596837997437
0.7479425668716431
0.615317165851593
0.47657471895217896
0.5184956789016724
0.8821377754211426
0.12918488681316376
0.5920928716659546
0.38875848054885864
0.47745972871780396
0.6019524335861206
0.5906476378440857
0.3430381417274475
0.5865657329559326
0.5162360668182373
0.5732558369636536
0.43237900733947754
0.504275381565094
0.5131102800369263
0.356253057718277
0.5489102602005005
0.8110024333000183
0.683247983455658
0.6449251770973206
0.7893213033676147
0.23814940452575684
0.5853111743927002
0.22455377876758575
0.4355446696281433
0.3832327127456665
0.6809579133987427
0.8086161613464355
0.4006630778312683
0.7999606728553772
0.21263711154460907
0.8326817750930786
0.626980185508728
0.5733309984207153
0.3168327212333679
0.6249748468399048
0.4790426194667816
0.8429584503173828
0.2412945032119751
0.6740352511405945
0.6083241701126099
0.2458839863538742
0.6104965806007385
0.3911440670490265
0.3822881281375885
0.3436164855957031
0.29353082180023193
0.8350442051887512
0.24278071522712708
0.6731723546981812
0.46609431505203247
1.1553033590316772
0.7274453043937683
0.5701895952224731
0.5947510004043579
0.4067399501800537
0.5140734314918518
0.5142683386802673
1.18183171749115
0.199202761054039
0.44163674116134644
1.3478988409042358
0.4377230107784271
0.7885323166847229
0.5332412719726562
0.8300226330757141
0.5653622150421143
0.541604220867157
0.9086498022079468
0.5209881663322449
0.6426187753677368
0.5032678246498108
0.46673783659935
0.5815927386283875
0.8963747024536133
0.21064814925193787
0.4835183024406433
0.3846084177494049
0.3749423027038574
0.2446334809064865
0.5396651029586792
0.5320466756820679
0.8241055607795715
0.37038105726242065
0.5214369893074036
0.15094459056854248
0.21060869097709656
0.5306524038314819
0.8860109448432922
0.6418778300285339
0.2470436841249466
0.663369357585907
0.30469587445259094
0.7947503924369812
0.7210479974746704
0.19618551433086395
0.21586298942565918
0.6454092264175415
0.46578121185302734
0.9333379864692688
0.4598562717437744
0.7162923812866211
0.5098760724067688
0.5596233606338501
0.5150230526924133
0.44416818022727966
0.33398282527923584
0.5896618962287903
1.1246052980422974
0.7866874933242798
0.3809877038002014
0.48031216859817505
0.4606994092464447
0.41189441084861755
0.2984558045864105
0.4443318247795105
0.2839876711368561
0.5794674158096313
0.5739160180091858
0.7694084644317627
0.6175922155380249
0.28569212555885315
0.41137394309043884
0.9385579228401184
0.4982966482639313
0.6558864116668701
0.598465085029602
0.5624285936355591
0.5357726812362671
0.8545328974723816
0.3710620403289795
0.40246957540512085
0.5742539167404175
0.32182803750038147
0.4652675688266754
0.8912532925605774
0.49969029426574707
0.18119660019874573
0.27075010538101196
0.4268253743648529
0.6438909769058228
0.3803001642227173
0.31501051783561707
0.439444363117218
0.273715078830719
0.4760010838508606
0.20600876212120056
0.4376309812068939
0.8463546633720398
0.41352716088294983
0.3380216360092163
0.37001198530197144
0.8050376772880554
0.3731173872947693
0.4078204035758972
0.5452195405960083
0.24189221858978271
0.45278772711753845
0.522943377494812
0.5334703326225281
1.012739896774292
0.7736382484436035
0.5745771527290344
0.6228517293930054
0.6314854621887207
1.2477247714996338
0.23513264954090118
0.6766780614852905
0.3534558415412903
0.5183218121528625
0.5311819314956665
0.8419643640518188
0.31613099575042725
0.7145047187805176
0.6429126858711243
0.49306124448776245
0.6117305159568787
1.7120447158813477
