0.5257672071456909
0.35515785217285156
0.3886062502861023
0.2097032070159912
0.12881986796855927
0.9132360219955444
0.32317280769348145
0.7939292788505554
0.28060999512672424
0.30330362915992737
0.5833433866500854
0.39737746119499207
0.5318590402603149
1.0225497484207153
0.6713556051254272
0.36021003127098083
0.4747184216976166
0.9231475591659546
1.440040111541748
0.42155590653419495
0.3950362205505371
0.8268308639526367
0.41389012336730957
0.5268362760543823
0.5506477952003479
0.21563410758972168
0.5704726576805115
0.34306129813194275
0.6365240812301636
0.7280998826026917
0.660156786441803
0.3343961536884308
0.39304298162460327
0.3999115228652954
0.3627893030643463
0.6946080923080444
0.4445020258426666
0.6986646056175232
0.8058658838272095
0.3960661292076111
0.5410901308059692
0.5636579394340515
0.6745025515556335
0.1904345452785492
1.3070520162582397
1.047525405883789
0.7330194711685181
0.23309235274791718
0.31134146451950073
0.704460859298706
0.4435269236564636
0.4498058259487152
0.4861772954463959
0.4090093970298767
0.4304127097129822
0.6780965328216553
0.47732672095298767
1.0161333084106445
0.4960806965827942
0.17380520701408386
0.5872758626937866
0.40498286485671997
0.7404176592826843
0.4810411036014557
0.30731111764907837
0.6636622548103333
0.7592479586601257
0.5254086256027222
0.4062482714653015
0.45812004804611206
0.4273814260959625
0.42986568808555603
0.3421485424041748
0.3552764058113098
0.41825589537620544
0.7466274499893188
0.4113563597202301
0.45174282789230347
0.18709443509578705
0.22636738419532776
0.550773024559021
0.4014950394630432
0.4347570538520813
1.007112741470337
0.5206862688064575
0.35413074493408203
0.3207210898399353
0.47840896248817444
0.6360708475112915
0.35283002257347107
0.8707276582717896
0.27095213532447815
0.8448766469955444
0.611930251121521
0.6122661232948303
0.4679908752441406
0.44776493310928345
0.8641883730888367
0.5162076950073242
0.4128454327583313
1.015377163887024
0.35903307795524597
0.3014187216758728
0.31140100955963135
0.5225329399108887
0.5799323916435242
0.5766355395317078
0.34602001309394836
0.4339115619659424
0.6284841299057007
0.5528661012649536
0.25523871183395386
0.3687566816806793
0.6942036747932434
0.5042174458503723
0.363023579120636
0.23791873455047607
0.3540284037590027
0.49231308698654175
0.5615695714950562
0.30661827325820923
0.47313714027404785
0.48465242981910706
0.3159734606742859
0.39365676045417786
0.3393118381500244
0.44989505410194397
0.43814292550086975
0.6140783429145813
0.2699596881866455
0.7867945432662964
0.5364111661911011
0.41666585206985474
0.3342011570930481
0.14436975121498108
0.6111710667610168
0.6627156734466553
0.7389039993286133
0.21182671189308167
1.1034796237945557
0.5228448510169983
0.4369796812534332
0.9171069860458374
0.7115660309791565
0.18187464773654938
0.47177791595458984
0.6795018911361694
0.22625716030597687
0.28285762667655945
0.513228178024292
0.5390799045562744
0.4214881360530853
0.3994494676589966
0.5710569620132446
0.3972185552120209
0.5851114392280579
0.5511561632156372
0.995085597038269
0.49755460023880005
0.32402294874191284
0.46646803617477417
0.3511255085468292
0.42355602979660034
0.26708000898361206
0.6981508135795593
0.9854313731193542
0.811328113079071
0.7888500690460205
0.5747885704040527
0.543236255645752
0.9908156394958496
0.43559369444847107
0.7279812693595886
0.6713914275169373
0.6765654683113098
0.2980198264122009
0.4263399541378021
0.5808666944503784
0.3331734836101532
0.7882444262504578
0.5104076266288757
0.22058653831481934
0.8110837936401367
0.26292747259140015
0.7624099850654602
0.5055530071258545
0.8516213297843933
0.3349546194076538
0.8974625468254089
0.8269327878952026
0.6854031682014465
0.5381094217300415
0.21511545777320862
0.5791740417480469
0.3442739248275757
0.7665296792984009
0.3460119366645813
1.214565396308899
0.8737661242485046
0.22246453166007996
0.6787301898002625
0.6073199510574341
0.3382109999656677
0.6141487956047058
0.8276067972183228
0.5290999412536621
1.4443069696426392
0.6941205263137817
0.4894248843193054
0.44404011964797974
0.1903926134109497
0.2882278859615326
0.27233943343162537
0.8971630930900574
0.8378783464431763
0.42608457803726196
0.3796575665473938
0.7545019388198853
0.41864013671875
0.9189144372940063
1.0264620780944824
0.4206799566745758
0.6681879162788391
0.5390258431434631
0.5958226919174194
0.31196650862693787
0.25639399886131287
0.70795738697052
0.4556615352630615
0.7964817881584167
0.5843769311904907
0.3948686718940735
0.44023165106773376
0.3438544273376465
0.4262866973876953
0.19701778888702393
0.25634869933128357
0.4285149574279785
0.3209267854690552
0.34424862265586853
0.5627974271774292
0.5644633173942566
0.5020591020584106
0.5748414397239685
0.6113112568855286
0.6100219488143921
0.42537635564804077
0.4431716799736023
0.540355384349823
0.6674248576164246
0.46667641401290894
0.26032760739326477
0.4157002866268158
0.340930312871933
0.7667567133903503
0.4533042907714844
0.4603615403175354
0.5268856287002563
0.28050369024276733
0.7825685143470764
0.5780851244926453
0.29925647377967834
0.46450144052505493
0.35166510939598083
0.46966227889060974
0.39722999930381775
0.7285611629486084
0.3509819209575653
0.6521100997924805
0.35194507241249084
0.5085551142692566
0.8435964584350586
0.9653545618057251
1.0531140565872192
0.9161788821220398
0.4008573591709137
0.40515774488449097
0.3010977804660797
0.41802436113357544
0.33886250853538513
0.6751028299331665
0.4553007185459137
0.7373525500297546
0.6732215881347656
0.7471199035644531
0.5963901877403259
0.49895286560058594
0.24518127739429474
0.9271858334541321
0.3492141366004944
0.46344447135925293
0.6984025835990906
0.33802515268325806
0.2276860922574997
0.5474123954772949
0.5245396494865417
0.5085959434509277
0.629185676574707
0.6315425038337708
0.3102184534072876
0.5721032023429871
0.31938138604164124
1.1928141117095947
0.7702571749687195
0.5155413746833801
0.6504791975021362
0.4927643835544586
0.42573443055152893
0.4707811772823334
0.4462405741214752
0.5209050178527832
1.1499991416931152
0.6722952127456665
0.5947781801223755
0.43662968277931213
0.6641084551811218
0.4137340486049652
0.6609627604484558
0.35634011030197144
0.8509436845779419
0.7609595656394958
0.4671240448951721
0.6897207498550415
0.4471321105957031
0.5630699396133423
0.5807178616523743
0.4265197813510895
0.40595102310180664
0.29809534549713135
0.44174137711524963
0.26516029238700867
1.0641815662384033
1.0626704692840576
1.082104206085205
0.38388553261756897
1.2626278400421143
0.47976088523864746
0.6169850826263428
