1.03549325466156
0.9308211207389832
0.8957312703132629
0.842671275138855
0.42816486954689026
0.3984778821468353
0.9382516145706177
1.15486478805542
0.7617458701133728
0.8277730941772461
0.5839503407478333
0.541446328163147
0.5401903986930847
0.858485996723175
0.9832741618156433
0.7601422071456909
0.6122661828994751
0.6164971590042114
0.5850042104721069
0.721535325050354
0.5547218918800354
0.7979472279548645
1.107203722000122
0.5382522344589233
0.9932903051376343
0.9596683382987976
0.6690482497215271
0.9176875948905945
0.5694156289100647
0.4190433621406555
0.6682527661323547
0.6466493606567383
0.6581073999404907
0.5726879835128784
0.5479626655578613
0.8303149342536926
0.3998095393180847
0.7388094663619995
0.44282180070877075
0.7606156468391418
0.772014856338501
0.5770757794380188
0.6810094714164734
0.5112527012825012
0.616025984287262
0.4518613815307617
0.6852807402610779
0.9295665621757507
0.5663807988166809
0.3974241316318512
0.5096327662467957
0.6036882400512695
0.8704649209976196
0.5733079314231873
0.8253328204154968
0.6133946776390076
0.23428142070770264
0.9813416600227356
0.8667278289794922
0.9960304498672485
0.8031954765319824
0.5124891996383667
0.4682377874851227
0.7839345932006836
0.389793336391449
0.3962257206439972
0.6900066137313843
1.5059558153152466
0.7871950268745422
0.9169230461120605
0.9168059229850769
0.6379925012588501
0.7510874271392822
0.7773488759994507
0.8385637402534485
0.4343377649784088
0.8983887434005737
0.9953219294548035
1.0304083824157715
0.6413130760192871
0.697983980178833
0.49761074781417847
0.6008909940719604
0.7875482439994812
0.390090674161911
0.48583903908729553
0.5498822927474976
0.7171211838722229
0.7073625326156616
0.657519519329071
0.8429139256477356
0.6196261644363403
0.746153712272644
0.7948113679885864
0.606213390827179
0.581321656703949
0.6384149789810181
0.5462509989738464
0.49937573075294495
0.3931337296962738
0.8174273371696472
0.5161850452423096
0.5358952283859253
0.5894020795822144
0.4897252917289734
0.9954797625541687
0.7731713056564331
0.7201414704322815
0.6758120059967041
0.4105741083621979
0.7566596269607544
0.7363959550857544
0.4997299313545227
0.48901987075805664
0.36015722155570984
1.4258815050125122
0.6417516469955444
0.5547207593917847
0.6384762525558472
0.8589297533035278
0.7652435898780823
0.8638124465942383
1.0121066570281982
0.5372392535209656
0.7795501947402954
0.588255763053894
0.7297124862670898
0.4968246519565582
0.7942858338356018
0.44801944494247437
0.5980057120323181
0.6435753107070923
0.564974308013916
0.6787174940109253
1.0672595500946045
0.5778168439865112
0.969994843006134
0.3864554464817047
0.642534613609314
0.7630115151405334
0.6608939170837402
1.0921764373779297
0.8126763105392456
0.863193154335022
0.3684895634651184
0.9390102624893188
0.9849718809127808
0.6611626744270325
1.5917459726333618
0.7847363352775574
0.4985883831977844
0.5709847807884216
0.8217026591300964
0.5399861335754395
0.6254936456680298
0.9194101095199585
1.1015788316726685
0.6144176721572876
0.38500407338142395
0.7751253843307495
0.36239486932754517
1.0417426824569702
0.701818585395813
0.3839731812477112
0.5152539014816284
0.7162742614746094
2.0527424812316895
0.6370934247970581
0.5378203988075256
1.3674861192703247
0.7135734558105469
0.784648060798645
0.7073858976364136
1.0893709659576416
0.5982394218444824
0.876392662525177
0.8857662081718445
0.8697986602783203
0.6040886044502258
0.6313784718513489
0.9734761118888855
0.6067387461662292
1.1093838214874268
0.8418617248535156
0.6110610961914062
0.6301580667495728
0.7093218564987183
0.4540916383266449
0.7612054347991943
0.7232855558395386
0.9241735339164734
0.6069408655166626
0.9735511541366577
0.6342328786849976
0.6353465914726257
0.6390010714530945
0.6157981753349304
0.6969295740127563
0.5964499115943909
0.5009617805480957
0.5338678359985352
0.7402870059013367
0.6923574805259705
0.7129848003387451
0.7319647073745728
1.0500962734222412
0.5644227266311646
0.7642894983291626
0.5647507309913635
0.7658326029777527
0.6269803643226624
0.7337449193000793
0.44469958543777466
1.0820839405059814
0.5774880647659302
0.6004924774169922
1.11055588722229
0.5200129747390747
0.7833139896392822
0.8764959573745728
0.5888919830322266
0.8267933130264282
0.7437198162078857
0.680298924446106
1.490410566329956
0.5761159658432007
0.9813369512557983
1.1302889585494995
1.4654427766799927
0.8678989410400391
0.9135459065437317
1.366288185119629
1.046851634979248
0.7790795564651489
0.48637667298316956
0.5448546409606934
0.6571972966194153
0.850313663482666
0.898672878742218
0.743657648563385
0.7587817907333374
0.9456751942634583
0.5583572387695312
0.8407834768295288
0.6051149964332581
0.9096634984016418
0.6201432347297668
1.4073059558868408
0.585741400718689
0.8854731321334839
0.7751316428184509
0.7620266675949097
0.6679507493972778
0.5520684123039246
1.1409029960632324
0.5973705053329468
0.9817901849746704
0.5418931245803833
0.7720540165901184
0.7708244323730469
0.5366948246955872
0.6507735252380371
0.7236194610595703
0.5339007377624512
0.43400201201438904
0.6160002946853638
0.558363139629364
0.9405665397644043
0.5925568342208862
0.6621831655502319
0.9700695872306824
0.9981390237808228
0.5890573263168335
0.6417236328125
0.7477723956108093
0.8756758570671082
0.7043843269348145
0.5924527049064636
0.8830653429031372
1.4443278312683105
0.8715647459030151
0.8456124067306519
0.28969278931617737
0.5107606053352356
0.9566758275032043
0.5518049001693726
0.8282414674758911
0.6745673418045044
0.7534109354019165
0.817887008190155
0.7272985577583313
0.7500209808349609
0.6927168965339661
0.9826253056526184
0.90068519115448
0.7129176259040833
0.5994074940681458
1.2628008127212524
0.775843620300293
0.7875527143478394
0.8188832402229309
0.5849965810775757
0.4674186706542969
0.6160485148429871
1.3724365234375
0.5115016102790833
0.7863367199897766
1.298100233078003
0.6360194683074951
0.6836633086204529
1.0928611755371094
0.8205469250679016
0.742303729057312
0.7362684011459351
0.5060583353042603
0.8421187400817871
1.0430580377578735
0.6275002360343933
0.7881641387939453
0.9374068379402161
0.5878497362136841
0.7671516537666321
0.5511728525161743
0.9367676973342896
0.910485565662384
0.6918197870254517
1.3882572650909424
0.6992929577827454
1.010428547859192
0.6964684724807739
0.5725291967391968
0.6699463129043579
1.0773875713348389
0.664503812789917
0.6858876943588257
0.8237277865409851
0.7982251048088074
0.41418156027793884
