0.5879444479942322
0.5515862703323364
0.22638878226280212
0.507461667060852
0.531417191028595
0.38000816106796265
0.4735379219055176
0.6120079755783081
0.44042807817459106
0.35008129477500916
0.290499210357666
0.5420776605606079
1.0537010431289673
0.8815876245498657
0.42820119857788086
0.3715168237686157
0.541085422039032
0.3869139552116394
0.766918420791626
0.6360786557197571
0.5069636106491089
0.17525598406791687
0.4389584958553314
0.6557121276855469
0.4234905242919922
0.32147806882858276
0.5701847672462463
0.5002812743186951
1.191589593887329
0.39566904306411743
0.6572968363761902
0.7081936597824097
0.7234848737716675
1.2218482494354248
0.6070393323898315
0.39939871430397034
0.7705556750297546
0.32609039545059204
0.7097908854484558
0.9412471055984497
0.6680110692977905
0.6528127193450928
0.7373091578483582
0.41684359312057495
0.532037079334259
0.5415195226669312
0.38263431191444397
0.7523871660232544
1.4402186870574951
0.7025055885314941
0.623557984828949
0.35629209876060486
0.5825796127319336
1.368107557296753
0.4038362503051758
0.5910700559616089
0.3891439437866211
0.7499336004257202
0.6142770051956177
0.26566576957702637
0.5616989135742188
0.3021266460418701
1.0951130390167236
0.3486773669719696
0.5723015069961548
0.6495301127433777
0.45516377687454224
0.5011457204818726
0.37700995802879333
0.28729313611984253
0.3142651319503784
0.29322877526283264
0.5455223321914673
0.401592880487442
0.7837275862693787
0.6498585939407349
0.4145500659942627
0.42585593461990356
0.38575559854507446
0.41466474533081055
0.5426796078681946
0.696382462978363
0.5338131189346313
0.5247104167938232
0.3743693232536316
0.23160557448863983
1.1906579732894897
0.5295639038085938
0.4000028967857361
0.317200243473053
0.48259100317955017
0.6765812039375305
0.33665114641189575
1.1998803615570068
0.6055006384849548
0.37662145495414734
0.6650364995002747
0.6136720776557922
0.29883116483688354
0.2747359871864319
0.44683724641799927
0.463400274515152
0.4513676166534424
0.8770647048950195
0.6161613464355469
0.37723907828330994
0.45798176527023315
0.8581275939941406
0.4303808808326721
0.42236584424972534
0.48153677582740784
0.40932855010032654
0.24440732598304749
0.2741774618625641
0.3308540880680084
0.7675996422767639
0.4099823832511902
0.2870604395866394
0.44679316878318787
0.6738688945770264
0.40415269136428833
0.3635278344154358
0.5180336236953735
0.821702778339386
0.40862220525741577
0.4645725190639496
0.4356313645839691
0.1993366926908493
0.24896784126758575
0.8931312561035156
0.5568596124649048
0.41318216919898987
0.6721519827842712
0.5575917363166809
0.5869812965393066
0.5581611394882202
0.30016881227493286
0.5282934308052063
0.626196026802063
0.621158242225647
1.2822763919830322
0.5259760022163391
0.3299197554588318
0.2913432717323303
0.7897967100143433
1.227550745010376
0.35418206453323364
0.5312989354133606
0.22958998382091522
0.5018619894981384
1.0923449993133545
0.6492772698402405
0.4353955388069153
0.416734516620636
0.4696521759033203
1.4624427556991577
0.9751760363578796
0.2932567000389099
0.5591968297958374
0.7510223388671875
0.7364404201507568
0.45605793595314026
0.42497459053993225
0.9038755297660828
0.8148770332336426
0.3717760741710663
0.3079235553741455
0.5493416786193848
0.6021898984909058
0.3868336081504822
0.33112892508506775
0.693703293800354
0.7081549763679504
0.35233598947525024
0.5071366429328918
0.292949378490448
0.24307981133460999
0.3605138957500458
0.40074220299720764
0.3200733959674835
0.35204267501831055
0.41757673025131226
0.6913758516311646
0.34940046072006226
0.8226652145385742
0.2814807593822479
0.4213187098503113
0.4779873788356781
0.22933869063854218
0.3612900376319885
0.289091020822525
0.4135962426662445
1.1296955347061157
0.45746177434921265
0.5645756721496582
0.7654222249984741
0.7591181993484497
0.9302136301994324
0.4955468773841858
0.2529369294643402
0.42178860306739807
0.8739594221115112
0.31376808881759644
0.5364077091217041
0.4497371315956116
0.6852338910102844
0.784102737903595
0.59607994556427
0.2631947100162506
0.34242355823516846
0.7969574332237244
0.30360305309295654
0.6560552716255188
0.39808809757232666
0.557117760181427
0.3104655146598816
0.979205310344696
1.0573233366012573
0.42837971448898315
0.5777541995048523
0.29572901129722595
0.5426558256149292
0.4938620924949646
0.24209845066070557
0.7026655077934265
0.41219258308410645
0.7234587669372559
0.330443799495697
0.43477582931518555
0.571684718132019
0.6470174789428711
0.6305000185966492
0.5319510698318481
0.78690105676651
0.5364267230033875
0.6594107747077942
0.662857174873352
0.816260814666748
0.5773240923881531
0.3736434876918793
0.3034893572330475
0.6326671838760376
0.4440765976905823
0.5482501983642578
0.5946484804153442
0.8202744722366333
0.5114319324493408
0.4882543087005615
0.3078625798225403
0.7183648347854614
0.6680790185928345
0.9780228734016418
0.4648670256137848
0.7010799050331116
0.3746245503425598
0.2942500710487366
0.46196722984313965
0.9911760091781616
0.47046932578086853
0.48054495453834534
0.38552042841911316
0.6384158730506897
0.7072942852973938
0.6030572056770325
0.8480147123336792
0.339204877614975
0.5209981203079224
0.36905521154403687
0.624382495880127
0.48479920625686646
0.49714311957359314
0.8656908273696899
0.755842924118042
0.5806622505187988
0.7386329174041748
0.39812323451042175
0.3435958921909332
0.200582355260849
0.6573129296302795
0.3174886107444763
0.931753933429718
0.21672753989696503
0.577558159828186
0.4947706162929535
0.4332283139228821
0.5561090111732483
0.5710915327072144
0.40774887800216675
0.3782171607017517
0.648739218711853
0.36838778853416443
0.30254286527633667
0.4285467267036438
0.335027813911438
0.5085251927375793
0.5536649823188782
0.6552955508232117
0.7094415426254272
0.7452001571655273
0.6831721067428589
0.6260372400283813
0.42676958441734314
0.341338574886322
0.3520154356956482
0.38315296173095703
0.7500653266906738
0.2507690489292145
0.21341781318187714
0.4955172538757324
0.5604761242866516
0.5328081250190735
0.4827269911766052
0.9235550761222839
0.3542337715625763
0.6591886878013611
0.24397654831409454
1.4269158840179443
0.517604410648346
0.3296181857585907
0.23561958968639374
0.28537923097610474
0.3892897963523865
0.6660796999931335
0.7385151982307434
0.3574705421924591
0.4123203158378601
0.611115574836731
0.5149332880973816
0.36410456895828247
0.5879912376403809
0.27234238386154175
0.5671266913414001
0.44746145606040955
0.4180081784725189
0.6098631620407104
0.3651079535484314
0.4422028064727783
0.977747917175293
