0.27561527490615845
0.9041763544082642
0.49584728479385376
0.20214228332042694
0.7183974981307983
0.5353134274482727
0.7288591265678406
0.874169647693634
0.8825562596321106
0.5475680232048035
0.6637369990348816
0.6455191969871521
0.28331586718559265
0.2910859286785126
0.8316985964775085
0.5503231883049011
0.6204803586006165
0.44945961236953735
0.39682555198669434
0.4483427107334137
0.3366962671279907
0.5570249557495117
0.3269490897655487
0.7635347247123718
0.5259237289428711
0.40910395979881287
0.552055835723877
0.3343358337879181
0.314506471157074
0.42081061005592346
0.15900692343711853
0.3451034128665924
0.5239769816398621
1.1788151264190674
0.7266165018081665
0.4899020195007324
0.6675171256065369
0.6272486448287964
0.3175537884235382
0.7292740941047668
1.6167293787002563
0.28250446915626526
0.6427415609359741
0.7070250511169434
0.7707505822181702
0.2840835154056549
0.49954065680503845
0.5905327796936035
0.31160968542099
0.945947527885437
0.6080142259597778
0.3080737590789795
0.5230280160903931
0.3179963529109955
0.5259320139884949
0.3426893651485443
0.7355924248695374
0.7997245788574219
1.2654061317443848
0.7900937795639038
0.7164114713668823
0.42099934816360474
0.5790674090385437
0.7676108479499817
0.4130209982395172
0.615257740020752
0.479675829410553
0.27742406725883484
0.6355983018875122
0.5630568265914917
0.7533289194107056
0.5705033540725708
0.9101894497871399
0.7730278968811035
0.4743524491786957
0.3742544651031494
0.9250097274780273
0.47985878586769104
0.8715453147888184
0.3091937005519867
0.7933386564254761
0.5457718372344971
0.40730470418930054
0.4109277129173279
0.5866760015487671
0.3716961741447449
0.6288788914680481
0.6548172235488892
0.8750802874565125
0.5443971157073975
0.17066265642642975
0.6558541059494019
0.6423699259757996
1.1806204319000244
0.9531365633010864
0.5270594358444214
1.1425158977508545
0.5888974070549011
0.9873588681221008
0.3725895881652832
0.4803975224494934
0.4999859929084778
0.6356099843978882
0.30032679438591003
0.27041035890579224
0.30723556876182556
0.7881114482879639
0.6711857914924622
0.3810041546821594
0.5818177461624146
0.7014917135238647
0.2843831777572632
0.3565935492515564
0.32835665345191956
0.5270963907241821
0.7303316593170166
0.3642732799053192
0.334303081035614
0.5542799234390259
0.5876122117042542
0.46830278635025024
0.23349151015281677
0.516237735748291
0.27654367685317993
1.1006848812103271
0.34349673986434937
0.5787673592567444
0.643307089805603
0.43930667638778687
0.23936569690704346
0.6853609085083008
0.3347540497779846
0.38918831944465637
0.41304969787597656
0.3113207221031189
0.6012832522392273
0.2761097848415375
0.5299224257469177
0.6308320760726929
0.3279488980770111
0.24068549275398254
0.42010098695755005
0.1434599608182907
0.5489693880081177
0.5979944467544556
0.21735648810863495
0.650671124458313
0.4764699935913086
0.6578755378723145
0.5486845970153809
0.633095920085907
0.2682409882545471
0.2846660017967224
0.629955530166626
0.23523712158203125
0.21636660397052765
0.557839035987854
0.3729679584503174
0.23464751243591309
0.37384316325187683
0.6198272705078125
0.5026007294654846
1.1561025381088257
0.40232110023498535
0.19033119082450867
0.3511451780796051
0.36980754137039185
0.584769606590271
0.4381805956363678
0.5579943656921387
0.5699715614318848
0.33715277910232544
0.5142824053764343
0.9286778569221497
0.7414873242378235
0.29891929030418396
0.6010088920593262
0.51701819896698
0.6613987684249878
0.5319490432739258
0.25389915704727173
0.5220707058906555
0.6611261367797852
0.4445798993110657
0.7254320383071899
0.6996591091156006
0.6419385671615601
0.501056969165802
0.5571962594985962
0.5067911744117737
0.8748752474784851
0.2802533507347107
0.3704577088356018
0.6028943061828613
0.2993321120738983
0.5955002307891846
0.9041247367858887
0.5062721967697144
0.9013046026229858
0.2929205298423767
0.9563188552856445
0.4219743311405182
0.6069674491882324
0.527121365070343
0.4316859245300293
0.4242568612098694
0.4299643933773041
0.2102060317993164
0.7701029181480408
0.9747236371040344
0.5756654143333435
0.708736777305603
0.290923148393631
0.7704390287399292
0.4427106976509094
0.3378380239009857
0.4752346873283386
0.3710249364376068
0.8782099485397339
0.5334734916687012
0.4460369944572449
0.6480118036270142
0.6312662363052368
0.3737083673477173
0.9152946472167969
0.33006739616394043
0.6628215909004211
0.3290308117866516
0.5299482941627502
0.8463761210441589
0.5098006129264832
1.2906227111816406
0.3744850754737854
1.1682958602905273
0.458951473236084
0.3639208972454071
0.5681684613227844
0.271865576505661
0.35976213216781616
0.6349528431892395
0.6247609853744507
0.2107716053724289
0.2686501145362854
0.8067310452461243
1.0188533067703247
0.6949347257614136
0.23544207215309143
1.419433832168579
0.5157837271690369
0.22858254611492157
0.5550676584243774
0.8578041195869446
1.01491379737854
0.7747586369514465
0.6413187980651855
0.8906561136245728
0.38922327756881714
0.4212711453437805
0.6413801312446594
0.4475775361061096
0.25095850229263306
0.6354187726974487
0.2753456234931946
0.8173965215682983
0.6028450727462769
0.654015839099884
1.1404645442962646
0.7458963394165039
0.7820636630058289
0.5994150042533875
0.3979574739933014
0.30294355750083923
0.4463275969028473
0.6398664712905884
0.37700334191322327
0.6486952304840088
0.4305090010166168
0.799801230430603
0.6363037824630737
0.43228477239608765
0.6548019647598267
1.2923085689544678
0.45431965589523315
0.37087613344192505
0.5313147306442261
0.4916629195213318
0.36001402139663696
0.5808353424072266
0.5950899124145508
0.19968383014202118
0.3244561553001404
0.26177409291267395
0.7100820541381836
0.3495315611362457
0.3954971730709076
0.798262357711792
0.7083908915519714
0.3188301920890808
0.18286888301372528
0.544500470161438
0.4261655807495117
0.3322097659111023
0.5721572041511536
0.6269282102584839
0.8376706838607788
1.017240285873413
0.40296459197998047
0.6205176115036011
0.7249819040298462
0.36446985602378845
0.9301560521125793
0.852634072303772
0.6042722463607788
0.348846971988678
0.5144402980804443
1.0162041187286377
0.28909844160079956
0.4269413352012634
0.3733949065208435
0.37406739592552185
0.5663670301437378
0.6815749406814575
0.14171333611011505
0.7936805486679077
0.5224118232727051
0.6808044910430908
0.9279674291610718
0.43522730469703674
0.5949333906173706
0.42737358808517456
0.5976077318191528
0.6457388401031494
0.791233241558075
0.5437979698181152
0.3076007068157196
0.6100942492485046
0.5539843440055847
0.3044559061527252
