0.5274608731269836
0.3150480389595032
0.4763926565647125
0.2919832766056061
0.3466859459877014
0.5054482221603394
1.2142155170440674
0.4036501944065094
0.3110392391681671
0.44551315903663635
0.8392442464828491
0.3332110047340393
0.596876859664917
0.763003408908844
0.9384763836860657
0.5412348508834839
0.5469816327095032
0.9472478628158569
0.7083686590194702
0.7540960311889648
0.42486056685447693
0.38189631700515747
0.37692734599113464
0.5835199356079102
0.34865477681159973
0.33589401841163635
0.3258921205997467
0.7093462944030762
0.44229286909103394
0.17507120966911316
0.534514307975769
0.7923071980476379
0.6480237245559692
0.4601254463195801
0.7258824706077576
0.20807871222496033
0.7364104986190796
0.41823405027389526
0.5658286213874817
0.4617171287536621
0.5374149084091187
0.8639484643936157
0.4274931848049164
0.6557831168174744
0.3618566393852234
0.7605284452438354
0.4239632487297058
0.8863940238952637
0.6964452862739563
0.30900782346725464
1.21339750289917
0.4372468888759613
0.33897629380226135
0.597472608089447
0.3397226631641388
0.28446391224861145
0.29093867540359497
0.40136605501174927
0.455040842294693
0.3823893666267395
0.8912597894668579
0.49870720505714417
0.7213901877403259
0.5951647758483887
0.48389968276023865
0.4788993299007416
0.5659228563308716
0.30261367559432983
0.45525994896888733
0.6790158748626709
0.3620516359806061
0.2916918992996216
0.36931341886520386
0.5254859328269958
0.4546973705291748
0.6495712995529175
0.3440172076225281
0.49638041853904724
0.4811566472053528
1.1019892692565918
0.3423110842704773
0.5525921583175659
0.2596062421798706
0.7308081388473511
0.8751999735832214
0.5862582921981812
0.694441556930542
0.8434959650039673
0.7044504880905151
0.6444200277328491
0.9790712594985962
0.3922465443611145
0.9875429272651672
0.5022295117378235
0.4879675507545471
0.9242633581161499
0.43609553575515747
0.5505737066268921
0.32596224546432495
0.6541450619697571
0.5607072114944458
0.40118980407714844
0.5252751708030701
0.512276828289032
0.8666448593139648
0.7333023548126221
0.3635541498661041
0.8843120336532593
0.3663865923881531
0.25108328461647034
0.3612104058265686
0.8938621282577515
0.2682306170463562
0.7090985774993896
0.3073427081108093
0.3748798370361328
0.32471543550491333
0.404030978679657
0.591175377368927
0.7213323712348938
0.42170238494873047
0.20785732567310333
0.357416033744812
0.7704635858535767
0.42911726236343384
0.49109381437301636
0.3571428954601288
0.5637925267219543
0.505909264087677
0.4514051377773285
0.44413289427757263
0.2737477719783783
0.49729666113853455
0.4234476685523987
0.4014214873313904
0.3644214868545532
0.36121058464050293
0.441211998462677
0.5694127082824707
0.400338739156723
0.8453128933906555
0.8118276596069336
0.24503669142723083
0.5979278683662415
0.48063725233078003
0.47516560554504395
0.6701614856719971
0.48009195923805237
0.3730422258377075
0.6564715504646301
0.5540517568588257
0.670231819152832
0.43608608841896057
0.30185645818710327
0.9837201237678528
0.6968740820884705
0.37677085399627686
0.43146800994873047
0.6400853991508484
0.31634360551834106
0.5418402552604675
0.38581663370132446
0.6460777521133423
0.422280490398407
0.5095192193984985
0.8858019709587097
0.5660455822944641
0.503954291343689
0.951651930809021
0.422269731760025
0.5501344203948975
0.4208272099494934
0.3408094048500061
0.5694999694824219
1.0613843202590942
0.5673647522926331
0.5609263181686401
0.3816954493522644
0.23067636787891388
0.8914068341255188
0.326154500246048
0.5860447883605957
0.39045602083206177
0.5349015593528748
0.48433423042297363
0.12855301797389984
0.4843955934047699
0.7929323315620422
0.4050596356391907
0.6069880723953247
0.3600979447364807
0.6042633056640625
0.9632245302200317
0.6307963132858276
0.5456106066703796
0.6787872910499573
0.500404953956604
0.4542297422885895
0.5493974685668945
0.41048258543014526
0.39961713552474976
0.5227523446083069
0.7710111737251282
0.4471741318702698
0.6612575650215149
0.589687168598175
0.5950287580490112
0.19293686747550964
0.6819836497306824
0.39430734515190125
0.5146979093551636
0.4130094051361084
0.47166720032691956
0.709503710269928
0.37736961245536804
0.491100937128067
0.2827209234237671
0.2831043303012848
0.5752772688865662
0.7839678525924683
0.5722147226333618
0.5381998419761658
0.6228672862052917
0.4664997160434723
0.4143037796020508
0.42837491631507874
0.7570655941963196
0.5807849168777466
0.5690935850143433
0.9234579801559448
0.4464429020881653
0.6287710070610046
0.8617796897888184
0.5202230215072632
0.3987569212913513
0.5508729219436646
0.2671833038330078
0.477935791015625
0.5835307240486145
0.6349581480026245
0.4531746506690979
0.6815608143806458
0.49345850944519043
0.5573339462280273
0.3354654908180237
0.37394243478775024
0.679561972618103
0.23267404735088348
1.024982213973999
0.5270264148712158
0.3003266453742981
0.40505272150039673
0.5445445775985718
0.43822145462036133
0.4926912784576416
0.31679850816726685
0.5439761281013489
0.5584181547164917
0.4067971110343933
0.8345014452934265
0.18810412287712097
0.5364469289779663
0.34705817699432373
0.5564861297607422
0.8120867609977722
0.4513414800167084
0.7721579670906067
0.35019195079803467
0.6961570978164673
0.18633291125297546
0.4868427813053131
0.5976597666740417
1.148630142211914
0.47313183546066284
0.554967999458313
0.250935435295105
0.6213642358779907
0.2360319197177887
0.513046383857727
0.39921602606773376
0.26818734407424927
0.5807818174362183
0.8734318017959595
0.5948922038078308
0.34680551290512085
0.5646472573280334
0.32229721546173096
1.2180678844451904
0.5677980184555054
0.22632138431072235
0.33828967809677124
0.14985164999961853
0.5143073201179504
0.7779191732406616
0.715725302696228
0.7890251874923706
0.4063869118690491
1.1834189891815186
0.3922828733921051
0.6085788011550903
0.4880395531654358
0.18445070087909698
0.4156588613986969
0.442969411611557
0.8022686839103699
0.6816476583480835
0.28839367628097534
1.1742396354675293
0.4953490197658539
0.3261263370513916
0.7876354455947876
0.19086246192455292
0.8165369033813477
0.16449439525604248
0.6396065354347229
0.7026274800300598
0.3783450722694397
0.22521403431892395
1.065783977508545
0.4217452108860016
0.2931693196296692
0.4258701801300049
0.765051007270813
0.42201489210128784
0.4032534658908844
0.5619704127311707
0.6169130802154541
0.36482691764831543
0.5554946660995483
0.4411148130893707
0.7885380983352661
0.6836295127868652
0.7688940763473511
0.40643835067749023
0.32374897599220276
0.5648056268692017
0.5004169344902039
1.462486743927002
