0.6564935445785522
0.28308767080307007
0.5385973453521729
0.5576704740524292
0.7252876162528992
0.3750244081020355
0.7242624163627625
0.37095364928245544
0.8927716016769409
0.2794763445854187
0.9276579022407532
0.5754455327987671
0.4890577793121338
0.3896901607513428
0.6804472208023071
0.5489803552627563
0.3635573983192444
0.498439222574234
0.3541569411754608
0.3652726709842682
0.8801976442337036
0.42212289571762085
0.22564014792442322
1.0815684795379639
0.3610534071922302
0.25500398874282837
0.5827182531356812
0.30569300055503845
0.561025083065033
0.4257630407810211
0.7010928988456726
0.3967750072479248
0.5077155232429504
0.6225327253341675
0.4021883010864258
0.6294019818305969
0.37279829382896423
0.5069388151168823
0.40846022963523865
0.44618159532546997
0.38220053911209106
0.4006424844264984
0.595544159412384
0.4016169011592865
0.1837039291858673
0.5953238010406494
0.9080517888069153
0.5527509450912476
0.5193724632263184
0.12747104465961456
0.4104585647583008
0.4939189553260803
0.3280978202819824
0.8080056309700012
0.4490150809288025
0.2959723472595215
0.6635368466377258
0.3859848380088806
0.2724301218986511
0.37996917963027954
0.6480420231819153
0.8055936694145203
0.40437763929367065
0.4524990916252136
0.5212386250495911
0.8452377319335938
0.5820050835609436
0.5892120599746704
0.7198756337165833
0.6813701391220093
0.3587031066417694
0.6954171061515808
0.4171581268310547
0.7610565423965454
0.7057597041130066
0.8030687570571899
0.2541303336620331
0.4363113045692444
0.3446442782878876
0.5340813398361206
0.24782025814056396
0.5257387161254883
0.2675352096557617
0.33169689774513245
0.5288453698158264
0.4172472059726715
0.43956151604652405
0.4385407865047455
0.904888927936554
0.6344327926635742
0.33403700590133667
0.6633675694465637
0.7419161200523376
0.41622838377952576
0.5749865770339966
0.7271020412445068
0.6143541932106018
1.0325325727462769
0.5144237279891968
0.23601551353931427
0.7677826285362244
0.2504945397377014
0.9300926923751831
0.20324859023094177
0.25719982385635376
0.44338712096214294
0.567109227180481
0.6257196664810181
0.5310076475143433
0.36342793703079224
0.46831560134887695
1.1202588081359863
0.5932745933532715
0.3916477859020233
0.18760626018047333
0.18670623004436493
0.35155189037323
0.6664257645606995
0.8620427846908569
0.6763100624084473
0.5361171960830688
0.33945608139038086
0.778236448764801
0.41925448179244995
0.5117570757865906
0.51590895652771
0.32595086097717285
0.5818260312080383
0.35629725456237793
0.4616999626159668
0.9067323803901672
0.7686577439308167
0.3101312220096588
0.3628089725971222
0.4642133116722107
0.4643404483795166
0.3942929804325104
0.46736010909080505
0.4361880421638489
0.6751917004585266
1.175966739654541
0.7694985270500183
0.24064186215400696
0.6772167086601257
0.39609503746032715
0.5858895182609558
0.901016891002655
0.8803912997245789
0.1742691695690155
0.8357688188552856
0.3153093457221985
0.8345300555229187
0.9973893165588379
0.45108842849731445
0.3404307961463928
0.5141708254814148
0.3285062611103058
0.5430235266685486
0.1453263759613037
0.5193995237350464
0.43884792923927307
0.3996048867702484
0.3924226462841034
0.6659757494926453
0.5697776079177856
0.7644185423851013
0.44657617807388306
0.2717476487159729
0.6826299428939819
0.5541950464248657
0.5265709757804871
0.31864792108535767
0.24405786395072937
0.5402806401252747
0.437359482049942
0.482912540435791
0.553383469581604
0.694291889667511
0.5530917048454285
0.3633642792701721
0.3811012804508209
0.6018606424331665
0.6910071969032288
0.6168457269668579
0.5753430128097534
0.51492840051651
0.568916916847229
0.36876624822616577
0.6594057083129883
0.31732869148254395
0.7224196791648865
0.682125449180603
0.7220922708511353
0.3674318790435791
0.3508375585079193
0.5196056962013245
0.44785651564598083
0.3979881703853607
0.32879847288131714
0.5454825162887573
0.5623885989189148
0.12006344646215439
0.3145488202571869
0.35818904638290405
0.7425612211227417
0.5591026544570923
0.7478321194648743
0.4151131510734558
0.8619928359985352
0.5739469528198242
0.784839391708374
0.5753203630447388
0.5404619574546814
0.3344341814517975
0.498013973236084
0.5719783902168274
0.9177142977714539
0.9735422134399414
0.25137898325920105
0.6557539105415344
0.932732880115509
0.594973623752594
0.41150617599487305
0.9779728055000305
0.7223657369613647
0.30212002992630005
1.0213038921356201
0.9989871978759766
0.27333328127861023
0.9992982745170593
0.47984614968299866
0.4430750906467438
0.2853263020515442
0.5178546905517578
0.6574490070343018
0.8048557043075562
0.4897650182247162
0.41959357261657715
0.3785274922847748
0.35218268632888794
0.643373966217041
0.4369644224643707
0.8050857782363892
0.6131800413131714
0.7457680106163025
0.2631989121437073
0.7423607707023621
0.41098326444625854
0.5909942388534546
1.0606673955917358
0.4368703365325928
0.35138043761253357
0.4047814905643463
0.5744732618331909
0.5760718584060669
0.3912780284881592
0.7837315201759338
0.3743448853492737
0.5971192121505737
0.3336777091026306
0.3727392852306366
0.6128680109977722
0.2349405288696289
0.22477154433727264
0.5207822918891907
0.6089575290679932
0.4527028501033783
0.5441826581954956
0.4281798303127289
0.6479933261871338
0.3151088058948517
0.7438365817070007
0.40765199065208435
0.9481733441352844
0.7598518133163452
0.4257688522338867
0.4390854239463806
0.6370244026184082
1.0702978372573853
0.4859355092048645
0.3023180067539215
0.7502260208129883
0.7785220742225647
0.9238195419311523
0.6776987910270691
0.5414999723434448
0.3257599174976349
0.21372666954994202
0.6532578468322754
0.49268442392349243
0.4282422959804535
0.19391994178295135
0.41079777479171753
0.6779564023017883
0.40612536668777466
0.3656768202781677
0.5818290114402771
0.7394528985023499
0.7223626375198364
0.20457248389720917
0.5604841113090515
0.49704742431640625
0.381648451089859
0.5677121877670288
0.5200208425521851
0.5923023819923401
0.9084965586662292
0.38995474576950073
0.5277679562568665
0.37066078186035156
0.7659595012664795
0.6961350440979004
0.4740638732910156
0.3712715208530426
0.1979941725730896
0.4650208055973053
0.7261097431182861
0.23669996857643127
0.5691785216331482
0.5144797563552856
0.7624508738517761
0.22879581153392792
0.5595237016677856
0.45130234956741333
0.6566187143325806
0.41401225328445435
0.34710532426834106
0.7147543430328369
0.6887735724449158
0.36306530237197876
0.5604270100593567
0.48791447281837463
0.36409422755241394
0.622787594795227
0.7544007897377014
0.493964821100235
0.426304429769516
0.44635114073753357
