0.4969398081302643
0.5071561932563782
0.5257631540298462
0.3570866286754608
0.3933255672454834
0.29945108294487
0.974687933921814
0.6585651636123657
0.517042875289917
0.46286529302597046
0.252257764339447
1.4323421716690063
0.13454928994178772
0.14482274651527405
1.0619661808013916
0.180409774184227
0.5503754615783691
0.3610626757144928
0.3409522473812103
0.5277888774871826
0.5013997554779053
0.8276277780532837
0.3577067255973816
0.42839494347572327
0.5533143281936646
0.37544170022010803
0.4189275801181793
1.4139578342437744
0.32347244024276733
0.6485282182693481
0.35257139801979065
0.577695369720459
0.5304692983627319
0.5151290893554688
0.686811625957489
0.4310721755027771
0.4131118357181549
0.2590647339820862
0.6000627279281616
0.642201840877533
0.5473688244819641
0.46517109870910645
0.45395365357398987
0.7170634269714355
0.2280304878950119
0.8048146963119507
0.41974371671676636
0.3780193328857422
0.2605838477611542
0.4241512417793274
0.41457781195640564
0.6028757095336914
0.7232415080070496
0.48521366715431213
0.4387819170951843
0.5773836970329285
0.834093451499939
1.2504589557647705
0.600964367389679
0.5230342149734497
0.29847651720046997
0.5101177096366882
0.6378113031387329
0.854090690612793
0.6849715113639832
0.17943209409713745
0.9447822570800781
0.6054326891899109
0.41780322790145874
1.0391552448272705
0.4596014618873596
0.9436997175216675
1.1040637493133545
0.3234862685203552
0.3306637406349182
0.5772579312324524
0.2982756793498993
0.5324496626853943
0.6665831804275513
0.545743465423584
0.617191731929779
0.35270825028419495
0.5807048082351685
0.7612826824188232
1.217525601387024
0.5130907893180847
0.6089522242546082
0.5483564138412476
0.26990649104118347
0.6496604681015015
0.4645213186740875
1.0915443897247314
0.6882562637329102
0.3037330210208893
0.7165069580078125
0.5876647233963013
0.4290894865989685
0.6280404329299927
0.9184945225715637
0.2691129744052887
0.6289001107215881
0.6705746650695801
0.24123963713645935
0.6720868945121765
0.5956049561500549
0.5908101201057434
0.5721431970596313
0.7384922504425049
0.7416578531265259
0.8792383074760437
0.37073439359664917
0.8269753456115723
0.48757225275039673
0.4831106662750244
0.7179744839668274
0.6794254183769226
0.45436304807662964
0.07024814188480377
0.35338082909584045
0.9558209180831909
0.6159201860427856
0.7183308601379395
0.3358922600746155
0.4592059552669525
0.6868011951446533
0.7015854716300964
0.5478674173355103
1.5226765871047974
0.2745307385921478
0.2835829257965088
0.29489395022392273
0.8672038912773132
0.24011072516441345
0.4718320965766907
0.21772316098213196
0.5190988779067993
0.5309981107711792
0.2884696125984192
0.26450100541114807
0.28816938400268555
0.3083561658859253
0.2853735387325287
0.40333858132362366
0.4099245071411133
0.7933807373046875
0.7122148275375366
0.852573573589325
0.5546978712081909
0.7910655736923218
0.23793920874595642
0.2685074210166931
0.4535842537879944
0.6327885985374451
0.3775418698787689
0.6481580138206482
0.5666757822036743
0.3246830999851227
0.5571120977401733
0.2529810965061188
0.5408011674880981
0.5814013481140137
0.4662055969238281
0.8210727572441101
0.5358644127845764
0.9607356786727905
0.44981271028518677
0.5202761292457581
0.40537652373313904
0.6072183847427368
0.6669918894767761
0.3825455605983734
0.42945995926856995
0.5862542390823364
0.41418665647506714
0.3170570433139801
0.7685420513153076
1.1938111782073975
0.625202476978302
0.18679583072662354
0.13718585669994354
0.6118171811103821
0.47948551177978516
0.5093802213668823
1.1419873237609863
0.9370249509811401
0.5049771070480347
0.422006756067276
0.2603244185447693
1.207018494606018
0.6271997690200806
0.47102656960487366
0.43943867087364197
0.651807427406311
0.18563640117645264
0.5122514367103577
0.35538050532341003
0.5710814595222473
0.37498003244400024
0.7172176837921143
0.5231949090957642
0.46081915497779846
0.5054587125778198
0.6556074619293213
0.4708476662635803
0.43689411878585815
0.4757588803768158
0.5101734399795532
0.5671744346618652
0.1632014960050583
0.3146018981933594
1.2987947463989258
0.6229445934295654
0.48267579078674316
0.8927402496337891
0.5590623617172241
0.48985394835472107
0.577791690826416
0.47524183988571167
0.38178616762161255
0.2368878424167633
0.42623692750930786
0.43507593870162964
0.5361577272415161
0.7992501854896545
0.33782899379730225
0.6388431787490845
0.5738074779510498
0.38974529504776
0.37508296966552734
0.6223682165145874
0.2282819300889969
0.4061353802680969
1.2482092380523682
0.6994571685791016
0.4633779525756836
0.38130855560302734
0.3878995478153229
0.45623427629470825
0.2913006544113159
0.48517078161239624
0.8934378623962402
0.8965103030204773
0.254668653011322
0.7275020480155945
0.6872878670692444
0.33852681517601013
0.43596988916397095
0.928498387336731
0.5449784398078918
0.32894352078437805
0.5127338171005249
0.31676849722862244
1.0649946928024292
0.26416677236557007
0.7623642683029175
0.41751307249069214
0.40994730591773987
0.26789650321006775
0.8153396844863892
0.6330486536026001
0.7783122658729553
0.8727935552597046
0.6816685795783997
0.2727580666542053
0.5103976726531982
0.36380356550216675
0.6902960538864136
0.34379276633262634
0.37530726194381714
0.6227625608444214
0.8088772892951965
0.5707508325576782
0.9052618145942688
0.6483295559883118
0.7508474588394165
0.5600994229316711
0.1862027645111084
0.35787272453308105
0.580123782157898
0.3926987051963806
0.5995656847953796
0.5232747793197632
0.7720041871070862
0.6026340126991272
0.573306679725647
1.024115800857544
0.5268608927726746
0.575837254524231
0.6492708325386047
0.5730727910995483
0.6092033386230469
0.25632601976394653
0.5114420652389526
0.6861766576766968
0.6696149706840515
0.5136588215827942
0.4970387816429138
0.5920965075492859
1.0808812379837036
0.5603619813919067
0.37988969683647156
0.5579323172569275
0.6368551254272461
0.7234746813774109
0.29576635360717773
0.7390159964561462
0.4391690194606781
0.4859541058540344
0.8985450863838196
0.8730438947677612
0.6041685342788696
0.5206727981567383
0.9342797994613647
0.4020264744758606
0.7698864936828613
0.49912601709365845
0.4619165062904358
0.2694520652294159
1.0101747512817383
0.33119910955429077
0.9647108316421509
0.5066752433776855
0.5285014510154724
0.6910194754600525
0.9311753511428833
0.23220126330852509
0.3601077198982239
0.5450825095176697
0.7052419185638428
0.45108896493911743
0.7531329393386841
0.5490667819976807
0.4975869059562683
0.2012731283903122
0.8006914854049683
0.4375498294830322
0.4613555073738098
0.3667581081390381
