0.6129663586616516
0.5437392592430115
0.6576025485992432
0.4606924057006836
0.5081682801246643
1.072130560874939
0.27335888147354126
0.5579859614372253
0.2804379463195801
0.31125229597091675
0.5107202529907227
0.731458306312561
0.2683750092983246
0.3237680196762085
0.3968232274055481
0.4014928340911865
0.3247605562210083
0.32698220014572144
0.5271105170249939
0.4020376205444336
0.31094297766685486
0.2144591063261032
0.630491316318512
0.4167681336402893
0.8916155099868774
0.3658158779144287
0.6809409260749817
0.5270220041275024
0.42814844846725464
0.28457093238830566
0.6987845301628113
0.7987493276596069
0.7517802119255066
0.4457140862941742
0.4517427980899811
0.20586511492729187
0.6291466951370239
0.24338476359844208
0.5747064352035522
0.5560919046401978
0.5426182746887207
0.808924674987793
0.7117336392402649
0.40652647614479065
0.3903732895851135
0.42442959547042847
0.8496265411376953
0.7936208844184875
0.4251531660556793
0.5750723481178284
0.5086599588394165
0.5212615728378296
0.4559605121612549
0.3902222812175751
0.4315861165523529
0.6472755670547485
0.669908344745636
0.6805962324142456
0.7282624840736389
0.24873192608356476
0.4307940602302551
0.24393019080162048
0.4195362627506256
0.4381091594696045
0.3537619709968567
0.6439543962478638
0.3699156939983368
0.5782992243766785
1.0183172225952148
0.43438321352005005
0.4029870927333832
0.39209452271461487
1.0595476627349854
0.7119264602661133
0.6337195634841919
0.41230306029319763
0.4410824179649353
0.5073050260543823
0.44622135162353516
0.45929956436157227
0.4316479563713074
0.618979275226593
0.9795940518379211
0.5143188238143921
0.5329049825668335
0.42310333251953125
0.6267789006233215
0.581811785697937
0.6629289388656616
0.34837955236434937
0.5262810587882996
0.3166915774345398
0.2765185236930847
0.49527016282081604
0.49718737602233887
1.262094259262085
0.6185406446456909
0.32535576820373535
0.848861575126648
0.5074630379676819
0.4776483476161957
0.20910346508026123
0.2908932566642761
0.6366640329360962
0.3432525396347046
0.8327590227127075
0.46080857515335083
0.6359610557556152
0.41098451614379883
0.666785717010498
0.654716968536377
0.5071359872817993
0.7196381688117981
0.40621456503868103
0.7875641584396362
0.2650965452194214
0.5508280396461487
0.4800366461277008
0.3474028408527374
0.21345731616020203
0.5558437705039978
1.0859434604644775
1.1153571605682373
0.6511193513870239
0.502565860748291
0.24258001148700714
0.5470196604728699
0.23152975738048553
0.29652947187423706
0.8336610794067383
0.2897084355354309
0.3737953305244446
1.2609126567840576
0.5667160749435425
0.27899685502052307
0.7321228384971619
0.380012571811676
0.870745062828064
0.5300729274749756
0.9688773155212402
0.41327452659606934
0.47277745604515076
0.4084876477718353
0.37771233916282654
0.43521779775619507
0.713738203048706
0.8887236714363098
0.19208204746246338
0.5187193155288696
0.9026955366134644
0.5790101885795593
0.3876618444919586
0.7030682563781738
0.5779707431793213
0.6352381110191345
0.649061381816864
0.24099788069725037
0.3839432895183563
0.589789628982544
0.4373857378959656
1.0165331363677979
0.625535786151886
0.8335992693901062
0.5236380696296692
0.8400076031684875
0.3855763375759125
0.4066893458366394
0.40992864966392517
0.3823183476924896
0.3206818997859955
0.853476345539093
0.5740774273872375
0.6962219476699829
0.6233846545219421
0.5039756894111633
0.7410871982574463
0.5682423114776611
0.4027343690395355
0.3770333230495453
0.46842390298843384
0.6028670072555542
0.4708188474178314
0.22539889812469482
0.4241098463535309
0.24572303891181946
1.0019699335098267
0.42206382751464844
0.5059767961502075
0.3666881322860718
0.6922165751457214
0.6757991909980774
0.7703028917312622
0.7811795473098755
0.7117877006530762
0.3789427876472473
0.48894253373146057
0.39047205448150635
0.2668698728084564
0.3244229853153229
0.5329476594924927
0.4247555732727051
0.23403958976268768
0.5148552656173706
0.3331384062767029
0.7866979837417603
0.16914477944374084
0.8393639326095581
0.6905213594436646
0.33514970541000366
0.37575361132621765
0.35852906107902527
0.4761083722114563
1.175825834274292
1.0049318075180054
0.4810691475868225
0.9194024801254272
0.3128125071525574
0.29940709471702576
0.5825643539428711
0.28591540455818176
0.7664167284965515
0.8700346946716309
0.3411048352718353
0.48469191789627075
0.6887496709823608
0.5368927121162415
0.9217981100082397
0.5684465169906616
0.9158769845962524
0.41292983293533325
0.3612879514694214
0.48878321051597595
0.8093937039375305
0.30418139696121216
0.6116481423377991
0.1913963258266449
0.980426013469696
0.5530203580856323
0.40493011474609375
0.6285456418991089
0.5785991549491882
0.6831004619598389
0.2961697578430176
0.3543332815170288
0.5497521162033081
0.5386861562728882
0.5348446369171143
0.30951470136642456
0.7459017038345337
0.7128772735595703
0.24126538634300232
0.5061224102973938
0.8338168859481812
0.4295712411403656
0.47157710790634155
0.651715874671936
0.1523323953151703
0.4518240988254547
0.4061836302280426
0.5146406292915344
0.27699095010757446
0.4699620306491852
0.5665441155433655
0.2484426200389862
0.4080422520637512
0.7271896004676819
0.521405816078186
0.46171265840530396
0.5988059639930725
0.6825345754623413
0.5166574120521545
0.2922399044036865
0.21326327323913574
0.6887280941009521
0.820541262626648
0.41083836555480957
0.7435637712478638
0.7361735105514526
0.5551398992538452
1.1299502849578857
0.6443231105804443
0.49540582299232483
0.5210369825363159
0.4633752703666687
1.0631636381149292
0.3845751881599426
0.2282520830631256
0.40075916051864624
0.5092873573303223
0.8373557925224304
0.6519705653190613
0.3654637932777405
0.3559795618057251
1.1708950996398926
1.1242706775665283
0.31563881039619446
0.6664792895317078
0.2859700322151184
1.001600742340088
0.27139922976493835
0.9773663282394409
0.5617510676383972
0.2606593072414398
0.5070131421089172
0.5382353067398071
0.4936300814151764
0.5203841924667358
0.9822528958320618
0.4073806703090668
0.6492174863815308
0.8336504697799683
0.40312105417251587
0.679675281047821
0.5674217939376831
0.3478466868400574
0.2826846241950989
0.5286601185798645
0.7586921453475952
0.3275630474090576
0.7587016224861145
0.7158326506614685
0.581313967704773
0.6631084084510803
0.6136130094528198
0.9742938876152039
0.43279775977134705
0.7162337303161621
0.5187586545944214
0.761764407157898
1.1802774667739868
0.27950701117515564
0.8930130004882812
0.6565588116645813
0.49283188581466675
0.6275089979171753
1.5569989681243896
0.3940213620662689
0.37422147393226624
