0.7294328808784485
0.40744131803512573
0.2374214231967926
0.28682583570480347
0.48918914794921875
0.8839597702026367
0.8605302572250366
0.4250081181526184
0.31251782178878784
0.4784459173679352
0.6837329268455505
0.5390530824661255
0.6818444728851318
0.6700974106788635
0.550680935382843
0.43508902192115784
0.46314072608947754
1.1414499282836914
0.8521801233291626
0.7647634744644165
0.5621381998062134
0.29413169622421265
0.31244349479675293
0.5356824994087219
0.41489896178245544
0.6411792039871216
0.469340980052948
1.3375952243804932
0.5568668842315674
0.8853899240493774
0.3775380551815033
0.19350887835025787
0.2927331030368805
0.6705127954483032
0.8617070913314819
0.9792242050170898
0.33145052194595337
0.3080747127532959
0.6192800402641296
0.6201847791671753
0.40465235710144043
0.21894237399101257
0.5088936686515808
0.5887756943702698
0.36216482520103455
0.6210715174674988
0.3674710690975189
0.8399957418441772
0.7725933790206909
0.39101654291152954
0.6157576441764832
0.7084254026412964
0.7165311574935913
0.27727651596069336
0.2716941833496094
0.2943228781223297
0.8027127981185913
0.13355427980422974
0.2424493134021759
0.947040855884552
0.6025187373161316
0.22435367107391357
0.7481054663658142
0.7746055126190186
0.47248825430870056
0.3706560432910919
0.32930198311805725
0.20784106850624084
0.4720939099788666
0.41470879316329956
0.9783872365951538
0.4457032084465027
0.4254026412963867
0.20715618133544922
0.4427700638771057
0.5686165690422058
0.3990781903266907
0.4960046708583832
0.5910340547561646
0.20567841827869415
0.7587531805038452
0.8496236801147461
0.7758315205574036
0.5898793339729309
0.5991543531417847
0.8207510709762573
1.0634996891021729
0.28414446115493774
0.45358696579933167
0.7978918552398682
0.32475316524505615
0.5195151567459106
0.39339515566825867
0.7430614233016968
0.44728145003318787
0.4300763010978699
0.4786283075809479
0.5401207208633423
1.107305884361267
1.3646841049194336
0.5236843824386597
0.35333624482154846
0.23414695262908936
0.6722573041915894
0.9526618719100952
0.386013925075531
0.3305129408836365
0.5315078496932983
0.4369412064552307
0.4468931257724762
0.6770333051681519
0.6849707365036011
0.4808380603790283
0.7421482801437378
0.7119978070259094
0.6466219425201416
0.3216514587402344
0.28384846448898315
0.33980563282966614
0.610582172870636
0.1552930474281311
0.3792828917503357
0.9532365798950195
0.5730549097061157
0.36554694175720215
0.44924840331077576
0.47243672609329224
0.725894570350647
0.6592878103256226
0.5597936511039734
0.5314995050430298
0.5838006138801575
0.25781843066215515
0.3731845021247864
0.8143247365951538
0.45470744371414185
0.7092251181602478
0.6739615201950073
0.40193605422973633
0.4834418296813965
0.38490405678749084
0.3264620304107666
0.326195627450943
0.7461804747581482
0.428302526473999
0.43055906891822815
0.5802756547927856
0.4635874629020691
0.876166820526123
0.48370957374572754
0.6076542139053345
0.34476161003112793
0.3969339430332184
0.5963332056999207
0.5554333925247192
0.3383829593658447
0.4971463680267334
0.6757925748825073
0.5841211080551147
0.855358898639679
0.5831817388534546
0.3354928493499756
0.3969426155090332
0.8365280032157898
0.32078009843826294
0.24495753645896912
0.4617742896080017
0.6290205717086792
0.9534842371940613
1.0778626203536987
0.549554705619812
0.5527461171150208
0.9697057604789734
0.4317493438720703
0.6760717630386353
0.9372344017028809
0.5096086263656616
0.2935360372066498
0.5676052570343018
0.6635541915893555
0.5175349712371826
0.5046323537826538
0.5362938642501831
0.2784191966056824
0.6186712980270386
0.4419907033443451
1.1537941694259644
0.5397394895553589
0.4113270342350006
0.4619974195957184
0.9634727239608765
0.3180224299430847
0.69994056224823
0.6328755617141724
0.5318866968154907
0.5114670991897583
0.5269550681114197
0.21453861892223358
0.8922044634819031
0.3014087975025177
0.3982138931751251
0.3589966595172882
0.584562361240387
0.7109078168869019
0.5497066378593445
0.5485827922821045
0.24434582889080048
0.36343860626220703
0.18249639868736267
0.8446453809738159
0.8658691644668579
0.6027935743331909
0.24744467437267303
0.612557590007782
0.603676974773407
0.28537672758102417
0.33154991269111633
0.41144227981567383
0.5680497884750366
0.7836907505989075
0.32447949051856995
0.6522768139839172
0.7437295913696289
0.7021498680114746
0.5848098993301392
0.34054034948349
0.35359612107276917
0.35077035427093506
0.49331456422805786
0.4231889843940735
0.6199201345443726
0.8064326047897339
0.20345401763916016
0.5436750650405884
0.5622879266738892
0.6956411004066467
0.429569810628891
0.7316592931747437
0.373209148645401
0.45552968978881836
0.766455352306366
0.619944155216217
0.8580948114395142
0.19450439512729645
0.4295117259025574
0.5765916109085083
0.27593666315078735
0.38296589255332947
0.5192261934280396
0.4780442714691162
0.520727276802063
0.5501983761787415
0.3710094392299652
0.3033580780029297
0.23860034346580505
0.5597161650657654
0.40316304564476013
0.5350720882415771
0.6039234399795532
0.541933536529541
0.5682373046875
0.46348175406455994
0.7202077507972717
0.834679901599884
0.32879185676574707
1.2967023849487305
0.666771411895752
0.49323710799217224
0.4340723156929016
0.9042152166366577
1.0643861293792725
0.40387266874313354
0.34375491738319397
0.6105180382728577
0.5420814752578735
0.29052770137786865
0.3021296262741089
0.543186604976654
0.5564228892326355
0.32222622632980347
0.7191351652145386
0.4393514096736908
0.3879777193069458
0.24563464522361755
0.5737865567207336
0.7663208246231079
0.6668320894241333
0.3532285988330841
0.6263518333435059
0.46784424781799316
0.7739136219024658
0.632287323474884
0.598398745059967
0.6657707095146179
0.2866966128349304
1.0591745376586914
0.5645804405212402
0.38461121916770935
0.5159909129142761
1.0748186111450195
0.3452626168727875
0.5576473474502563
0.2932319939136505
0.5657323598861694
0.721423864364624
0.6158360838890076
0.2626227140426636
0.3026650547981262
1.1423289775848389
0.3439446985721588
0.659866988658905
0.5541063547134399
0.9092696905136108
0.4223726689815521
0.5205591320991516
0.46503907442092896
0.3386877179145813
0.7302309274673462
1.3556421995162964
0.45358720421791077
0.3092448115348816
0.7452535629272461
1.0352591276168823
0.22893352806568146
0.32952195405960083
1.439928412437439
0.265796959400177
0.3371029198169708
0.39267459511756897
0.9317580461502075
0.5520870089530945
0.4881998598575592
0.38166898488998413
0.33617517352104187
0.7631618976593018
0.592012345790863
0.34000200033187866
1.2492650747299194
