0.7180520296096802
0.7249907851219177
0.5892475247383118
0.4581216871738434
0.42050105333328247
0.4487265944480896
0.6233190298080444
0.2775604724884033
1.296796441078186
0.2910827398300171
0.2742210924625397
0.3527475893497467
0.40091586112976074
0.5560942888259888
0.2027302086353302
0.4961465299129486
1.0168505907058716
0.5309376120567322
0.5552518963813782
0.9388632774353027
0.41311949491500854
0.48920243978500366
0.36368468403816223
1.4167641401290894
0.5088135600090027
0.47393760085105896
0.341349333524704
0.5601649880409241
0.5988504886627197
0.7056851387023926
0.573180615901947
0.6647078990936279
0.4652044177055359
0.4342726171016693
0.7363431453704834
0.33331331610679626
0.5781372785568237
0.49372902512550354
1.0838983058929443
0.9426636695861816
0.8576976656913757
0.3907173275947571
0.1416023224592209
0.6352868676185608
0.6985987424850464
0.2156696319580078
0.8925992846488953
0.5653068423271179
0.692947268486023
0.9996879696846008
0.4571952223777771
0.7114769220352173
0.8423792123794556
0.3522804379463196
0.5742442011833191
1.04354989528656
0.3478105068206787
0.7171473503112793
0.42855238914489746
0.39378684759140015
0.998763382434845
0.3143268823623657
0.28361231088638306
0.3869844973087311
0.4621668756008148
0.2712298035621643
0.38396334648132324
0.3571512699127197
0.43006449937820435
0.47531071305274963
0.48429617285728455
0.7486567497253418
0.36289340257644653
0.969359278678894
0.4845449924468994
0.7615534663200378
0.32657700777053833
0.5839561223983765
0.43967658281326294
0.43055954575538635
0.28987839818000793
0.7704032063484192
0.2893616557121277
0.5123237371444702
0.9317384958267212
0.2676098942756653
0.46891695261001587
0.3891475200653076
0.4972996711730957
1.0221598148345947
0.7296463251113892
0.4702940881252289
0.5851966142654419
0.5397540926933289
0.29824620485305786
0.5273880958557129
0.6273537874221802
0.6909434199333191
0.7178226709365845
0.18274365365505219
0.6709206700325012
0.469050794839859
0.4770219922065735
0.6036275625228882
0.38727641105651855
0.20348849892616272
0.6667548418045044
0.34831881523132324
0.4171179234981537
0.40877190232276917
0.9128625988960266
0.3380606174468994
0.8249994516372681
0.37213367223739624
0.8222338557243347
0.9651190638542175
0.9246676564216614
0.5658756494522095
0.16177406907081604
0.4091878831386566
0.3183441758155823
0.9484294652938843
0.36263400316238403
0.41910260915756226
0.4430922865867615
0.8290923833847046
0.6841266751289368
0.8288595080375671
0.5296703577041626
0.6306970715522766
0.31252336502075195
1.0011838674545288
0.5365581512451172
0.5864843130111694
0.6051350235939026
0.3374832570552826
0.9801422357559204
0.9627376794815063
0.5584440231323242
0.5412766337394714
0.573796272277832
0.6261647939682007
0.4108102321624756
0.2953527569770813
0.47572022676467896
0.7826631665229797
0.2841504216194153
1.0104939937591553
0.1613081991672516
0.39166009426116943
0.4208400249481201
0.6000663042068481
0.5221527218818665
0.5617287158966064
0.780898928642273
0.6563060879707336
0.5455574989318848
0.4798622131347656
0.4385504722595215
0.9594278335571289
0.40014320611953735
0.48828190565109253
1.5449097156524658
0.46272069215774536
0.4523385465145111
0.4891723692417145
1.0300542116165161
0.4059305191040039
0.39097559452056885
0.7636962532997131
0.45762401819229126
0.6609252691268921
0.5845818519592285
1.0939791202545166
0.2823057472705841
0.5726446509361267
0.3998846411705017
0.48925989866256714
0.5828007459640503
0.881474494934082
0.7084822058677673
0.5731821656227112
0.8724856376647949
0.703713059425354
0.44069260358810425
0.10123500972986221
0.37281662225723267
1.2712841033935547
0.4299217760562897
0.3486829996109009
0.5486839413642883
0.5320169925689697
0.5320857763290405
0.9381718635559082
0.3645661473274231
0.6083346605300903
1.1839016675949097
0.8815298080444336
0.1809987723827362
0.2750571370124817
0.36051997542381287
0.40839219093322754
0.6034063100814819
0.6187207102775574
0.6042767763137817
0.400597482919693
0.6036004424095154
0.8075047731399536
0.3294140696525574
0.4075602889060974
0.6487496495246887
0.47819581627845764
0.5670863389968872
0.9026035070419312
0.8042926788330078
0.6188868284225464
0.9845868945121765
1.0277671813964844
0.5032292604446411
0.4321610927581787
0.2874564528465271
0.9083015322685242
0.5628790855407715
0.8210304379463196
0.18940827250480652
0.3726792633533478
0.45297661423683167
0.5600305795669556
0.727592945098877
0.4366970658302307
0.8143383860588074
0.3893646001815796
0.4387413561344147
0.3859984576702118
0.4210081994533539
0.3688521385192871
0.5034924745559692
0.4932829737663269
0.515776515007019
0.7004731893539429
0.6341372132301331
0.6511682271957397
0.5892792344093323
0.4677507281303406
0.49396759271621704
0.27948129177093506
0.7299498319625854
0.28522178530693054
0.783563494682312
0.37449273467063904
0.7264367938041687
1.3226100206375122
1.0635504722595215
0.7669334411621094
0.8036438226699829
0.4932156503200531
0.5882424116134644
0.39053648710250854
0.2982889711856842
0.4324433207511902
0.3053405284881592
0.5556789040565491
0.33362212777137756
0.6844784617424011
0.47018295526504517
0.8187164068222046
0.556249737739563
0.7911829352378845
0.6799668073654175
0.41476744413375854
0.29050880670547485
0.7824926972389221
0.3522319197654724
0.359119713306427
0.3433237075805664
0.36412113904953003
0.25701460242271423
0.6938600540161133
0.7080862522125244
0.5005730986595154
0.36053767800331116
0.4762013554573059
0.6514447331428528
0.47252026200294495
0.3474239706993103
0.9715700149536133
0.4193570613861084
0.2816166877746582
0.7652307152748108
0.30268219113349915
0.4850435256958008
0.5636488199234009
0.7839706540107727
1.304172158241272
0.795765221118927
0.8072175979614258
0.6165693998336792
0.8831229209899902
0.37473541498184204
0.3036426901817322
0.8203998804092407
0.37433817982673645
0.5397654175758362
0.3095985949039459
0.4742853045463562
0.598168134689331
0.6958104372024536
0.28128737211227417
0.472983181476593
0.20989930629730225
0.6810606718063354
0.5202406048774719
0.3983398973941803
0.6580738425254822
0.31610414385795593
0.2540574371814728
0.4304348826408386
0.20118680596351624
0.19455325603485107
0.8061007261276245
0.5200608968734741
0.584555983543396
0.19200047850608826
0.3365625739097595
0.6149713397026062
0.28492799401283264
0.4841596484184265
0.572150707244873
0.6224358081817627
0.5845622420310974
0.5985925793647766
0.6352397203445435
0.6098001003265381
0.556836724281311
0.994746208190918
0.6275979280471802
0.7546316385269165
1.1663188934326172
