0.7800854444503784
0.9970575571060181
0.6854923963546753
0.7955484390258789
0.7647408246994019
0.5082097053527832
0.6161910891532898
1.1419627666473389
0.8885046243667603
0.5119402408599854
1.0351227521896362
0.45887064933776855
0.8328043222427368
0.6442747116088867
0.4873679280281067
1.3794500827789307
0.754965603351593
0.7092877626419067
0.38780415058135986
0.44781914353370667
0.6656071543693542
0.9272702932357788
0.6867695450782776
0.6354948878288269
0.709328830242157
0.43498677015304565
0.5757980346679688
1.0066636800765991
0.6031047701835632
0.4511029124259949
0.7289860844612122
0.6629102230072021
0.5469239354133606
0.5384253263473511
0.9495406150817871
0.46592894196510315
0.592599093914032
0.8813686370849609
0.5651857256889343
0.8783079981803894
1.0210026502609253
0.6716659665107727
0.9002505540847778
0.40379419922828674
0.8207500576972961
0.9244421124458313
0.8582450747489929
0.8088800311088562
0.8054754137992859
0.6726532578468323
0.49072012305259705
0.6113765239715576
0.4032629132270813
0.5432640910148621
0.4939703941345215
0.45269814133644104
0.5133712291717529
1.0015041828155518
0.6622137427330017
0.825585663318634
0.8013607263565063
0.8820675015449524
0.794460654258728
1.1670989990234375
0.7553103566169739
0.29442644119262695
1.0419310331344604
0.37051355838775635
0.7008547186851501
0.7219353914260864
0.7559384703636169
1.1106818914413452
0.4325992465019226
0.6432206034660339
0.7338844537734985
0.6579059362411499
0.6456500291824341
0.636468768119812
0.6608273983001709
0.822150707244873
0.5996748805046082
0.6106730699539185
0.7466751933097839
1.0047036409378052
0.8208261728286743
0.7959185838699341
0.3927063047885895
0.31508058309555054
0.7973363995552063
0.471890926361084
0.6624470353126526
0.580900251865387
0.40379205346107483
0.4562942385673523
0.7583656907081604
0.530381441116333
1.4072812795639038
0.6877459287643433
0.47969865798950195
0.8056834936141968
1.267279863357544
0.8259119987487793
0.38701295852661133
0.7318760752677917
0.4190724492073059
0.9826448559761047
0.7070063352584839
0.7638408541679382
0.6827263236045837
0.6611872911453247
0.43827447295188904
1.112055778503418
0.5597890019416809
0.38279348611831665
0.7554757595062256
0.751595139503479
0.7348658442497253
0.7299241423606873
0.8014955520629883
0.9103498458862305
0.7495771050453186
0.36551809310913086
0.37392890453338623
0.5152534246444702
0.7581433057785034
0.49453306198120117
0.5676210522651672
0.7355960011482239
0.8793758153915405
0.5105091333389282
0.9513078927993774
0.7687303423881531
1.0070127248764038
0.4182472229003906
0.3887539505958557
0.673862636089325
0.5473480820655823
0.7458993196487427
0.7060154676437378
0.82342529296875
0.5687361359596252
0.4677683413028717
0.8834241628646851
0.4680674076080322
0.5786851048469543
0.9363724589347839
0.7313408851623535
0.6002451181411743
0.8238288760185242
0.8309475779533386
0.9631279706954956
0.3534068167209625
0.6388136148452759
0.7249940633773804
0.9834257960319519
0.9259995222091675
0.5831798315048218
0.5784585475921631
0.7114343047142029
0.7709962129592896
0.4741747975349426
0.7424207925796509
0.42465972900390625
0.6685798168182373
0.6200212240219116
0.5309403538703918
0.714235782623291
0.6147792339324951
0.7374283671379089
0.4991369843482971
0.7956840395927429
1.308029294013977
0.7950544357299805
0.5151346325874329
0.8147711753845215
1.1939308643341064
0.43614524602890015
1.0518511533737183
1.1637334823608398
0.5042348504066467
0.5585781931877136
0.4103967249393463
1.013262391090393
0.33205878734588623
0.5086737871170044
1.2231839895248413
0.6967727541923523
0.8365427255630493
0.8605658411979675
1.3787202835083008
0.6308342218399048
0.7944645285606384
0.6870200037956238
0.5339221954345703
0.7814143896102905
0.6812660098075867
0.8588164448738098
0.5850318670272827
0.7631465196609497
0.7817733287811279
0.6306004524230957
0.5786476135253906
0.4512503743171692
0.4780111312866211
0.7260446548461914
0.7815845012664795
0.41034260392189026
0.5100563764572144
1.1605473756790161
0.9003373980522156
0.5962467193603516
0.742365837097168
0.7770901918411255
0.6231956481933594
0.6653343439102173
0.8306607007980347
0.5205434560775757
0.3559682071208954
1.0921971797943115
1.32980215549469
0.7201144099235535
0.549889326095581
0.6186063885688782
0.7507442235946655
0.545301079750061
0.6345982551574707
0.6312955021858215
0.5420914888381958
1.0448263883590698
0.6924998760223389
0.5483260750770569
0.6925020217895508
0.7066923379898071
0.9342399835586548
0.9142677187919617
0.9500325322151184
0.7512718439102173
0.9097768068313599
0.7509273290634155
1.1343014240264893
0.6165398359298706
0.49177056550979614
0.8811661005020142
0.4476119875907898
0.813559353351593
0.7562229037284851
0.8011782765388489
0.5051966905593872
0.6226693391799927
0.5798295736312866
1.283144235610962
0.4221753180027008
0.7772734761238098
0.7007546424865723
0.7101560235023499
0.8116310238838196
0.9294086694717407
0.7323719263076782
0.6635138392448425
0.7767363786697388
0.8448547124862671
0.6298390626907349
0.7946701645851135
0.8269866108894348
1.0819984674453735
0.7621925473213196
0.9106855392456055
0.5997276902198792
0.47709307074546814
0.4038924276828766
0.387157142162323
0.5284839272499084
1.0591470003128052
0.49614375829696655
0.897744357585907
1.2406688928604126
0.5278712511062622
0.7599700093269348
0.46339789032936096
0.4988996386528015
1.342843770980835
1.15901780128479
0.4623037278652191
0.6371657848358154
0.5069977045059204
0.5779564380645752
0.651009202003479
0.6914730072021484
0.9953190088272095
0.5936132669448853
0.8064020872116089
0.6262999773025513
0.5867741703987122
0.9442929029464722
0.470628023147583
0.5296724438667297
0.5593956708908081
0.596856415271759
0.367747962474823
0.7893111109733582
0.8032849431037903
0.8125016093254089
0.5582197308540344
0.7179352045059204
0.7764254808425903
0.7369033098220825
0.4349591135978699
0.7496590614318848
0.48611322045326233
0.7205039262771606
1.1220331192016602
0.5463470220565796
0.8395048379898071
0.5091196894645691
0.5820857882499695
0.49788302183151245
0.7982222437858582
0.5850589275360107
0.8534656763076782
0.7222885489463806
1.190069556236267
0.5502554178237915
0.816942572593689
0.7184354066848755
0.4392445683479309
0.6921958923339844
0.6780768632888794
0.454057514667511
0.5484372973442078
0.5195831656455994
0.6793123483657837
0.44372910261154175
0.6376827955245972
0.5013039708137512
1.2031819820404053
1.2943631410598755
0.683366060256958
0.9298198819160461
