0.4620564579963684
0.5150789022445679
0.2957698702812195
0.3777046501636505
0.7162149548530579
1.0037232637405396
0.6976677179336548
0.40931421518325806
0.33511996269226074
0.166952982544899
0.6799001097679138
0.7794747948646545
0.4461643695831299
0.6972691416740417
0.655941367149353
0.4331486225128174
0.2736172676086426
0.2089346945285797
0.8858369588851929
0.5294559597969055
0.5720716714859009
0.4601396918296814
0.7664377093315125
0.4239630103111267
0.27312055230140686
0.7985599637031555
0.8759686350822449
0.29914021492004395
0.4304543435573578
0.5817748308181763
0.5757740139961243
1.160073161125183
0.25973740220069885
0.42304664850234985
0.6517841219902039
0.377555787563324
0.7709048986434937
0.5593346357345581
1.2315553426742554
0.3338162302970886
0.32721561193466187
0.16847775876522064
0.3763878345489502
0.6757076978683472
0.4980950355529785
0.4179084897041321
0.27737957239151
0.2458590716123581
0.3883545994758606
0.44629374146461487
0.3780975341796875
0.26488879323005676
0.6268523931503296
0.7216647863388062
0.34510475397109985
0.15020953118801117
0.2544116675853729
0.37243857979774475
0.51164710521698
0.41043633222579956
0.669221818447113
0.26007774472236633
0.662483811378479
0.8271406888961792
0.5537353157997131
0.3972899317741394
0.29378756880760193
0.9181379079818726
0.5452953577041626
0.47184377908706665
0.8716880679130554
0.3519882261753082
0.36089619994163513
0.6730985641479492
0.19068534672260284
0.36457398533821106
1.093951940536499
0.6394572257995605
0.5771642923355103
0.5260462760925293
0.8604772686958313
0.6066944003105164
0.6363452076911926
0.43083590269088745
0.7490152716636658
0.8771859407424927
0.49414005875587463
0.6573081016540527
0.7161481380462646
0.36709457635879517
0.4684261679649353
0.6360548734664917
0.24014568328857422
0.9208152890205383
0.21640820801258087
0.3511684536933899
0.5110040903091431
0.3609088063240051
1.0891972780227661
0.38010138273239136
0.6880840063095093
0.4219798445701599
0.42420634627342224
0.3585357069969177
0.20510625839233398
0.5365864038467407
0.5556828379631042
0.7441481351852417
0.5028340220451355
0.4666139483451843
1.3226196765899658
1.0726594924926758
0.43361368775367737
0.44385966658592224
0.41582947969436646
0.507401704788208
0.388479620218277
0.8548226356506348
0.3487538695335388
0.1951301246881485
0.23767833411693573
0.29816198348999023
0.5370545387268066
0.8658477067947388
0.37766313552856445
0.6995311975479126
0.2835758924484253
0.4926130175590515
0.29739299416542053
0.358420729637146
0.7795146703720093
0.9520746469497681
0.7847086191177368
0.5250377655029297
0.4071112275123596
0.3749449849128723
0.39302802085876465
0.29677194356918335
0.3826940953731537
0.45951706171035767
0.6022598743438721
0.5605229139328003
0.42838579416275024
0.3752226233482361
0.3505847752094269
0.49013152718544006
0.6578402519226074
0.39813071489334106
0.3497406840324402
0.24541541934013367
0.2543931305408478
0.40571674704551697
0.428041934967041
0.35245269536972046
0.28181585669517517
0.40121299028396606
0.3795197606086731
0.4667888283729553
0.26959457993507385
0.7137719392776489
0.28701239824295044
0.32528069615364075
0.5057097673416138
0.9800165295600891
0.40206378698349
0.3897772431373596
0.5457191467285156
0.4231247007846832
0.8282462954521179
0.3638922870159149
0.5082473754882812
0.3607538044452667
0.7079510688781738
0.6808350682258606
0.7033973932266235
0.471189022064209
1.0965843200683594
0.20769372582435608
0.5170069336891174
0.5326150059700012
0.2301277369260788
0.29459238052368164
0.4044988751411438
0.6900456547737122
0.5190072059631348
0.5057624578475952
0.3165369927883148
0.5136862993240356
0.20681634545326233
0.4514143466949463
0.5995030403137207
0.7248727083206177
0.41254568099975586
0.9467695355415344
0.7654675245285034
0.5788090229034424
0.2768110930919647
0.18628868460655212
0.3833797574043274
0.3650347590446472
0.5478386878967285
0.6352757811546326
1.1195303201675415
0.5441066026687622
0.8609243631362915
0.2539418041706085
0.1901705116033554
0.574540376663208
0.3008078634738922
0.646420419216156
0.8609199523925781
0.3120306134223938
0.506688117980957
0.2884228229522705
0.3881940245628357
0.3334728479385376
0.5419515371322632
0.8725340962409973
0.4573589265346527
0.3609691560268402
0.43514037132263184
0.511174738407135
0.3801954686641693
0.3600010275840759
0.754098653793335
0.4987640976905823
0.18152369558811188
0.5834789872169495
0.7238477468490601
0.3313996195793152
0.4464300572872162
0.3283696472644806
0.36505386233329773
0.6474958062171936
1.155254602432251
0.4545130133628845
0.9521859288215637
0.23900127410888672
0.2991342544555664
0.3830854892730713
0.3827107548713684
0.773257851600647
0.4939325451850891
0.13208265602588654
0.6849333643913269
0.5285142064094543
0.3211292028427124
0.4219793379306793
0.6547508239746094
0.6363159418106079
0.8719253540039062
0.8920416831970215
0.8753320574760437
0.4734686315059662
0.24707019329071045
0.36573243141174316
1.120816946029663
0.6231197118759155
0.4340313971042633
0.6951352953910828
0.4832693934440613
0.35997411608695984
0.6667259931564331
0.8211305737495422
0.26075464487075806
0.5786442756652832
0.5481348037719727
0.5760133266448975
0.691672682762146
0.5509775876998901
0.39356523752212524
0.29624566435813904
0.6255066394805908
0.543066143989563
0.9739120602607727
0.6697142720222473
0.6916372776031494
0.9600132703781128
0.3128510117530823
0.4911276400089264
0.5075352191925049
0.6938797235488892
0.44793662428855896
0.498988538980484
0.41703081130981445
0.8201276659965515
0.7179663777351379
0.4148689806461334
0.4377039074897766
0.40242061018943787
0.6981033086776733
0.2545088231563568
0.5085418224334717
0.7128497362136841
1.0146443843841553
0.31830599904060364
0.3809223771095276
0.6161383390426636
0.39411383867263794
0.5291288495063782
0.34250515699386597
0.7086164355278015
0.2687521278858185
0.18854215741157532
0.6183837056159973
1.2753393650054932
0.21830344200134277
0.3726624846458435
0.824993908405304
0.4924951195716858
0.37191468477249146
0.44156894087791443
0.5803841948509216
0.653889536857605
1.8679959774017334
0.8773471117019653
0.2075502872467041
0.961836040019989
0.3667199909687042
0.27812710404396057
0.5159104466438293
0.3756422698497772
0.9038812518119812
0.5025342702865601
0.7291088700294495
0.3910880982875824
0.5979660749435425
0.7696530222892761
0.6058793067932129
0.38257846236228943
0.3500540256500244
0.7246610522270203
0.5010063648223877
0.779334306716919
0.2166726142168045
0.48119181394577026
0.4323210120201111
0.3587770462036133
