0.3550669252872467
0.40217486023902893
0.7851573824882507
0.40058985352516174
0.8110688328742981
0.9166952967643738
0.7674983143806458
0.9550701379776001
0.3808254301548004
0.7200571298599243
0.28705620765686035
0.6610614657402039
0.6227495074272156
0.6898496747016907
0.4714052677154541
0.40512990951538086
0.7338650822639465
0.6130112409591675
0.5430641174316406
0.6552776098251343
0.37062832713127136
0.5699474215507507
0.4130755364894867
0.31265169382095337
0.4441588819026947
0.7773622870445251
0.7184303998947144
0.8580783605575562
0.8468331098556519
0.5660378336906433
0.23442550003528595
0.291434645652771
0.563676655292511
0.44578656554222107
0.5503469705581665
0.3506457209587097
0.6460097432136536
0.9765163660049438
0.34281715750694275
0.241754412651062
0.9445257186889648
0.15655124187469482
0.7707422971725464
0.3668666481971741
0.527664303779602
0.3189030587673187
1.108774185180664
0.43348580598831177
0.4453343451023102
0.1616515815258026
0.1891086846590042
0.4699723720550537
0.5892010927200317
0.29042181372642517
0.6695539355278015
0.5277897715568542
0.8102680444717407
0.4973140358924866
0.28984513878822327
0.31567373871803284
0.4469754099845886
0.4287318289279938
0.528070330619812
0.5727940797805786
0.7536370754241943
0.8816735148429871
0.9733128547668457
0.7311660647392273
0.5338138937950134
0.28797003626823425
0.4921000599861145
0.48233261704444885
0.5791722536087036
0.7522469758987427
0.7559365034103394
0.45011696219444275
0.5115334987640381
0.513315737247467
0.45649653673171997
0.5088766813278198
0.2753852605819702
0.46554994583129883
0.4994431138038635
0.3580223023891449
0.4153555929660797
0.7152042984962463
0.373237669467926
0.6673122644424438
0.7909509539604187
0.4269847869873047
0.388677716255188
0.8344258069992065
0.5169681310653687
0.9000916481018066
1.038015365600586
0.7900274395942688
0.18760640919208527
0.49223440885543823
0.4617624282836914
0.5475594997406006
0.21172873675823212
0.39356255531311035
0.46663179993629456
0.5418339967727661
0.7688772082328796
0.4350491464138031
0.36723729968070984
0.4733498692512512
1.154017448425293
0.23756888508796692
0.3572371006011963
0.4317954182624817
0.5268291234970093
0.2742575705051422
0.3435503840446472
0.5147035121917725
0.2827339768409729
0.6872108578681946
0.47099870443344116
0.5193846225738525
0.3695753216743469
0.8808900117874146
0.5525649189949036
0.7931866645812988
1.115311622619629
0.6871474385261536
0.22564561665058136
0.6533074975013733
0.7325217723846436
0.6623403429985046
0.47751110792160034
0.4812922477722168
0.5237485766410828
0.34037646651268005
0.3022768497467041
0.36066558957099915
0.6172061562538147
0.8018682599067688
0.7776960134506226
0.2772448658943176
0.7025790810585022
0.677416205406189
0.8831100463867188
0.35720646381378174
1.2393633127212524
0.15827424824237823
0.4183540344238281
0.2733941078186035
0.5024904012680054
0.7821639180183411
0.6250271201133728
0.524794340133667
0.30684012174606323
0.7569097876548767
0.7201066613197327
0.49256831407546997
0.40819424390792847
0.27319326996803284
0.3942229449748993
0.313068151473999
0.6927043199539185
0.46527615189552307
0.27588900923728943
0.4082375466823578
0.3190077543258667
0.5158264636993408
0.6162060499191284
0.7074328660964966
0.35757845640182495
0.648016095161438
0.5394027829170227
0.521678626537323
0.969214916229248
0.3360745906829834
0.5877099633216858
0.7369318008422852
0.250175803899765
0.5303552150726318
0.387861430644989
0.5327238440513611
0.5053783655166626
0.34901532530784607
0.419574499130249
0.5746456384658813
0.8097817301750183
0.6234477758407593
0.5571962594985962
0.6839458346366882
0.47653961181640625
0.6176995038986206
1.0307327508926392
0.5554634928703308
0.27899235486984253
0.3650396466255188
0.6422890424728394
0.35667547583580017
0.5353438258171082
0.465177446603775
0.5014526844024658
0.48002076148986816
0.72953861951828
1.378085732460022
0.6578717827796936
0.5773398876190186
0.576786458492279
0.3483276963233948
0.3796203136444092
0.5631458759307861
0.682297945022583
0.26046913862228394
0.9901046752929688
0.52010577917099
0.7343543767929077
0.7140994668006897
0.5866859555244446
0.8217065930366516
0.7913996577262878
0.23277363181114197
0.2951473593711853
0.35886406898498535
0.6706034541130066
0.3421249985694885
0.8802630305290222
0.9073788523674011
0.5745779275894165
0.7338218688964844
0.9789431691169739
1.013267159461975
0.46623021364212036
0.9202442169189453
0.2824200987815857
0.486779123544693
0.7552248239517212
0.21543249487876892
0.6108455657958984
1.0666589736938477
0.3373664915561676
0.40327033400535583
0.34002166986465454
0.5504624247550964
0.35681647062301636
0.47610870003700256
0.48733559250831604
0.5537066459655762
0.26136112213134766
0.6315844058990479
0.6231442093849182
0.46933215856552124
0.9109935760498047
0.8805519342422485
0.37700018286705017
0.6154485940933228
0.7408371567726135
0.6229808330535889
0.5136403441429138
0.9414767026901245
0.599319577217102
0.7653977274894714
0.5329726338386536
0.18685197830200195
0.6077947616577148
0.5839455127716064
0.7467051148414612
0.31253454089164734
1.0141757726669312
0.5925018787384033
0.32674357295036316
0.6633320450782776
0.807074248790741
0.1974189579486847
0.6660017371177673
0.37171414494514465
0.5183650255203247
0.7040680646896362
0.6664471626281738
0.2400711476802826
0.7677563428878784
0.6336750984191895
0.6503497362136841
0.1624256670475006
0.6344925165176392
0.6300089955329895
0.6145337224006653
0.7609816789627075
0.3462049067020416
0.5618244409561157
0.39198049902915955
0.4853929579257965
0.5405598282814026
0.49527376890182495
0.5820589065551758
1.2215445041656494
0.46406641602516174
0.3348941206932068
0.26182812452316284
0.3620929419994354
0.9069202542304993
0.9531542062759399
0.5307218432426453
0.34088134765625
0.6520695090293884
0.43845993280410767
0.7984790802001953
0.46906107664108276
0.43975791335105896
0.5145102739334106
0.4536990225315094
0.4660894274711609
0.4247756004333496
0.4477890133857727
0.5940052270889282
0.5872769355773926
0.3864838480949402
0.41590842604637146
0.791434645652771
0.618510365486145
0.4113152027130127
0.23017668724060059
0.4126925468444824
0.42285770177841187
0.8396425247192383
1.1644232273101807
0.3188916742801666
0.4075959324836731
0.7346450090408325
1.0259884595870972
0.6070107221603394
0.20912782847881317
0.5288286209106445
0.8664682507514954
1.696637511253357
0.27558621764183044
0.2858112156391144
0.5362366437911987
0.6483410000801086
0.8958280682563782
0.7397991418838501
0.2303093671798706
