0.5625961422920227
0.6735687255859375
0.5244663953781128
0.7490757703781128
0.5444802045822144
0.4594876170158386
0.5308905839920044
0.297732412815094
0.4103110730648041
0.4173240661621094
0.6248510479927063
0.3411862850189209
0.5873282551765442
0.8669212460517883
0.7055879831314087
0.4456312656402588
0.44870448112487793
0.4517444670200348
0.5767000317573547
0.5114005208015442
0.3828108012676239
0.432379812002182
0.5846484303474426
0.5152240991592407
0.24844801425933838
0.11370585858821869
0.34593552350997925
0.7318164110183716
0.5019180178642273
0.6517442464828491
0.7905822992324829
0.46805793046951294
0.64496910572052
0.28333908319473267
0.3582857549190521
0.44789543747901917
0.3920718729496002
0.43538156151771545
0.4680593013763428
0.5558717846870422
0.7532219886779785
0.4676998257637024
0.2776552140712738
0.6636213660240173
0.511862576007843
0.47135114669799805
0.3700459599494934
0.7678781747817993
0.2913358211517334
0.2979404032230377
1.1077051162719727
0.5441061854362488
0.5274602174758911
0.4760766923427582
0.471461683511734
0.8031741976737976
0.5670595169067383
0.42127689719200134
0.46516188979148865
0.33633866906166077
0.5109926462173462
0.4580613672733307
0.6175457835197449
0.28944677114486694
0.2799542546272278
0.4063805639743805
0.655811607837677
0.8769221305847168
0.48174619674682617
0.9476259350776672
0.665847897529602
0.6248208284378052
0.2094457596540451
0.606961190700531
0.4816322326660156
0.5800697803497314
0.9868921041488647
0.6932746767997742
0.6193742752075195
0.5234339237213135
0.46858930587768555
0.2989557981491089
0.42770272493362427
0.19107702374458313
0.28870925307273865
0.47278231382369995
0.7470555305480957
0.45289868116378784
0.6710716485977173
0.5775555372238159
0.3978772759437561
0.4675390124320984
0.3860164284706116
0.6224811673164368
0.41815751791000366
0.39478129148483276
0.5592097640037537
0.6181373000144958
0.6015159487724304
0.3769564926624298
0.43049269914627075
0.6404375433921814
0.25242093205451965
1.0706853866577148
0.43350011110305786
0.5247767567634583
0.31115975975990295
0.39149612188339233
0.9023313522338867
0.7280092239379883
0.34840288758277893
0.8760407567024231
0.5555904507637024
0.3378928303718567
0.5288600921630859
0.3683179020881653
0.34379783272743225
0.40486058592796326
0.38147884607315063
0.6315988302230835
0.8474639058113098
0.5538341403007507
0.2822110056877136
0.3293885588645935
0.5184503793716431
0.33246150612831116
0.5969750285148621
0.7963434457778931
0.6310256719589233
0.24421477317810059
0.9472270011901855
0.6700283885002136
0.5128157734870911
0.4491313099861145
0.2479373961687088
0.5216752290725708
0.723091721534729
0.41762199997901917
0.36972206830978394
0.6442657709121704
0.6555348634719849
0.6860647201538086
0.49332600831985474
0.8471689224243164
0.976272463798523
0.5416191816329956
0.25600337982177734
0.31033095717430115
0.2745749354362488
0.5087405443191528
0.7809826135635376
0.542138397693634
0.5783340334892273
0.6902605295181274
0.3950834274291992
0.3024214208126068
0.469082772731781
1.1912034749984741
0.4591415822505951
0.9704383015632629
0.9914661645889282
0.31491225957870483
0.22466549277305603
0.2580678462982178
0.938562273979187
0.38047248125076294
0.5176807641983032
0.42456746101379395
0.5522117614746094
0.522021472454071
0.597639262676239
0.33219656348228455
0.5688110589981079
0.6567662358283997
0.4070931077003479
0.27248838543891907
0.4601912498474121
0.707452654838562
0.36778417229652405
0.6477318406105042
0.3767783045768738
0.3223884701728821
0.3199405074119568
0.4568353593349457
0.8323062062263489
0.5541011691093445
0.43492135405540466
0.6748589277267456
0.4372568726539612
0.4841949939727783
0.7340463399887085
0.5689147710800171
0.7738780975341797
0.8180405497550964
0.36035433411598206
0.5739150047302246
0.8821444511413574
0.33214515447616577
0.4881947636604309
0.6918134689331055
0.4206993579864502
0.5687624216079712
0.7589490413665771
0.6835198402404785
0.4761296808719635
0.3752817213535309
0.5096153020858765
0.28390541672706604
0.264090359210968
0.5545465350151062
0.5215102434158325
0.44183412194252014
0.6930514574050903
0.21434345841407776
0.6896131038665771
0.2533429265022278
0.33488917350769043
0.4381585121154785
0.2960624694824219
0.656479001045227
0.35082489252090454
0.7239835858345032
0.6936772465705872
0.35747379064559937
0.9114078283309937
0.41657763719558716
0.6076079607009888
0.33342593908309937
0.6777238845825195
0.25863802433013916
0.6244240999221802
0.5502661466598511
0.273982971906662
0.29197177290916443
0.3641637861728668
0.3778797686100006
0.4224945902824402
0.25765499472618103
0.39026349782943726
1.0587915182113647
0.506036639213562
0.3836266100406647
0.6934154629707336
0.5662604570388794
0.26983481645584106
0.7678333520889282
0.4212268888950348
0.7395352721214294
0.20641708374023438
0.3573552370071411
0.3937402069568634
0.3784638047218323
0.7912739515304565
0.35020989179611206
0.36220812797546387
0.525520920753479
0.6267082095146179
0.5317440032958984
0.39170974493026733
0.22616490721702576
0.3895598351955414
0.24448446929454803
0.668657660484314
0.37084779143333435
0.9977378845214844
0.5001829862594604
0.6080403327941895
0.10063604265451431
0.7203051447868347
0.551567018032074
0.5518262386322021
0.35708633065223694
0.3059543967247009
0.5084930062294006
0.7912994623184204
0.4680352210998535
0.6055785417556763
0.49688300490379333
0.54478919506073
0.45979219675064087
0.8678818941116333
0.36118966341018677
0.5037230849266052
0.38689562678337097
0.41345858573913574
0.32352516055107117
0.8078190684318542
0.28003665804862976
0.35673362016677856
0.5388849377632141
0.2185613214969635
0.284147173166275
0.3418271541595459
0.9087370038032532
0.306433767080307
0.2707613408565521
0.6407000422477722
0.5065348744392395
0.4400193691253662
0.7447242736816406
0.9027684926986694
0.35517382621765137
0.4684821665287018
0.21814998984336853
0.5284448862075806
0.34266480803489685
1.1232131719589233
0.404623806476593
0.3804872930049896
0.5636714696884155
0.6534692049026489
0.26833271980285645
0.7154690623283386
0.36467233300209045
0.2564566135406494
0.5373107194900513
0.10591031610965729
0.48276177048683167
0.31861597299575806
0.6609737873077393
0.5788331031799316
0.5342808365821838
0.8683874011039734
0.3959816098213196
0.46800464391708374
0.49816185235977173
0.8212207555770874
0.9120801687240601
0.4505630433559418
0.8965446352958679
0.5904529690742493
0.1614825427532196
0.5284473896026611
0.3032193183898926
0.5031225085258484
0.5304659008979797
0.32911497354507446
2.095557928085327
