0.5554274916648865
0.3615468144416809
0.6084858179092407
0.2950599491596222
0.25636807084083557
0.4205263555049896
0.5428935289382935
0.37158411741256714
0.5289217233657837
0.7831025123596191
0.4658004641532898
0.6423409581184387
0.40191784501075745
0.5304132699966431
0.3422401249408722
0.43192195892333984
0.6894088983535767
0.40269026160240173
0.5755789875984192
0.3757275938987732
0.3616565763950348
0.36188679933547974
0.21674485504627228
0.47323766350746155
0.407593309879303
0.4775267541408539
0.583391547203064
0.500861644744873
0.30581745505332947
0.7689625024795532
0.9883230924606323
0.5193874835968018
0.3436797261238098
0.4571588933467865
0.3993759751319885
0.23654977977275848
0.6130909323692322
0.4793001711368561
0.5981963872909546
0.5312425494194031
1.390859842300415
0.6640725135803223
0.8243026733398438
0.3170439600944519
0.4058074355125427
0.4018856883049011
0.4851103723049164
0.3955826163291931
0.4639110565185547
0.4921048581600189
0.8051818609237671
0.24403047561645508
0.6090922355651855
0.5559287071228027
0.34745150804519653
0.4778052270412445
0.3557661771774292
0.49904879927635193
0.4919965863227844
0.9277044534683228
0.7403396368026733
0.4549087584018707
0.6248069405555725
0.6276915073394775
0.681427001953125
0.887117862701416
0.4950226843357086
0.4397372305393219
1.2212810516357422
0.32421237230300903
0.4619120955467224
0.5754793882369995
0.5281856656074524
0.562151312828064
0.9211961627006531
0.28421831130981445
0.603164792060852
0.33806633949279785
0.6657520532608032
0.5841144323348999
0.2367338240146637
0.19660374522209167
1.0679447650909424
0.43439823389053345
0.51957106590271
0.349148690700531
0.4767705500125885
1.255649209022522
0.4906274378299713
0.48589426279067993
0.4657236933708191
0.7616060972213745
0.8842284083366394
0.3034035861492157
0.45073628425598145
0.48116666078567505
0.7140316367149353
0.7566021680831909
1.0265613794326782
0.42162299156188965
0.5499796867370605
0.38385480642318726
0.6006727814674377
0.7668012976646423
0.532645046710968
0.27174848318099976
0.9187393188476562
0.7149143218994141
0.4727463126182556
0.43811577558517456
0.25452709197998047
0.5240205526351929
0.39110273122787476
0.1440265029668808
0.542669951915741
0.3337935209274292
0.5170429348945618
0.4728609025478363
0.5005245208740234
0.3044882118701935
0.9808096885681152
0.5082589983940125
0.7056349515914917
0.6077265739440918
0.2719094455242157
0.524372398853302
0.580514132976532
0.4085060954093933
0.5451592206954956
0.511897087097168
0.4825121760368347
0.35445618629455566
0.4920584559440613
0.5742433667182922
0.34899047017097473
0.3359799087047577
0.47128742933273315
1.0223770141601562
0.46823567152023315
0.18556633591651917
0.6134575605392456
0.9368605613708496
0.5732986927032471
0.6330593824386597
0.8411914706230164
0.7091110944747925
0.5433028340339661
0.33122849464416504
0.6448551416397095
0.6895853281021118
0.4444352090358734
0.6320905089378357
0.37986189126968384
0.5157381892204285
0.6048935651779175
0.3789842128753662
1.1375988721847534
0.508797287940979
0.5660885572433472
0.8149904012680054
0.3230140805244446
0.5408040285110474
0.32377076148986816
0.2546428442001343
0.28963857889175415
0.8792767524719238
0.357197105884552
0.3450973927974701
0.29943233728408813
0.4533686637878418
0.8400918841362
0.7389366626739502
0.4277609884738922
0.4269343912601471
0.5232674479484558
0.5991614460945129
0.5011559724807739
0.3380969166755676
0.44643014669418335
0.3356189727783203
0.9516525268554688
0.6889011859893799
0.25541263818740845
0.6959829330444336
0.6824281215667725
0.4405380189418793
0.41368740797042847
0.685762882232666
0.45875221490859985
0.8069373965263367
0.35801979899406433
0.263882040977478
0.3631132245063782
1.0850343704223633
0.45505595207214355
0.973347544670105
0.9150742292404175
0.47285914421081543
0.5449742078781128
0.4969910681247711
0.30442893505096436
0.6846243739128113
0.2775139808654785
0.7487220168113708
0.6190481185913086
0.8353580236434937
0.25209230184555054
0.7243491411209106
0.6121969223022461
0.21616840362548828
0.6584879159927368
0.20880405604839325
0.5151465535163879
0.7088236808776855
0.8019739985466003
0.8024259805679321
1.0558526515960693
0.5456440448760986
0.5898638963699341
0.5818055272102356
0.5058465003967285
1.169531226158142
0.8568896055221558
0.8328284025192261
0.6220876574516296
0.6280200481414795
0.39329466223716736
0.579450249671936
0.373166561126709
0.7312923073768616
0.619560956954956
0.3618563711643219
0.7334357500076294
0.5014863014221191
0.5399852991104126
0.5810105204582214
1.2141298055648804
0.32613247632980347
0.3937610685825348
0.44691601395606995
0.3366352915763855
1.0374354124069214
0.646379292011261
0.3912683427333832
0.6303122043609619
0.5652729272842407
0.48448657989501953
0.43004903197288513
0.32132622599601746
0.5597193837165833
0.8689600229263306
0.7964217066764832
0.2911011874675751
0.6007024049758911
0.6447210311889648
0.3973807692527771
0.8873190879821777
0.277842253446579
0.5662081837654114
0.603072464466095
0.5109132528305054
0.9217303991317749
0.3741956949234009
0.7580181956291199
0.9334611892700195
0.3046281933784485
0.5484549403190613
0.9268374443054199
0.5680933594703674
0.4001029133796692
0.2862868309020996
0.49491721391677856
0.601547360420227
0.27454879879951477
0.38988855481147766
0.51127028465271
0.3786490559577942
0.5166398882865906
0.49875393509864807
0.4395061433315277
0.7201803922653198
0.24323515594005585
0.37029534578323364
0.6881752014160156
0.8513584136962891
0.37531623244285583
0.6144605278968811
0.2657087743282318
0.39144080877304077
0.4240639805793762
0.19043421745300293
0.5047944784164429
0.6196168065071106
0.3957522511482239
0.7605899572372437
0.6311765909194946
0.34553390741348267
0.28205668926239014
0.49936971068382263
0.49414119124412537
0.5040301084518433
0.4329102635383606
0.7320753335952759
0.6982642412185669
0.6125842332839966
0.7087518572807312
0.5217615962028503
0.5423258543014526
0.3940902352333069
1.609309196472168
0.5477121472358704
0.45078039169311523
0.586097240447998
0.7813089489936829
0.3679620325565338
0.3884412944316864
0.7643269300460815
0.5772272348403931
0.5286486744880676
0.869789719581604
0.6261236071586609
0.7945932149887085
0.8339790105819702
0.9111796617507935
0.37362515926361084
0.5427323579788208
0.3482103943824768
0.52528315782547
0.6080867648124695
0.24005301296710968
0.5631938576698303
0.28949543833732605
0.3997596800327301
0.4243606626987457
0.6780073046684265
0.25036925077438354
0.3901258111000061
1.183126449584961
