0.24752525985240936
0.5435569882392883
0.3882061541080475
1.1533139944076538
0.4546546936035156
0.30552801489830017
0.24018368124961853
0.4162837564945221
0.7265238165855408
0.41537028551101685
0.2763001024723053
0.17500901222229004
0.8654901385307312
0.5665700435638428
0.31672540307044983
0.728979229927063
0.32713302969932556
0.23036852478981018
0.4257434010505676
0.5721589922904968
0.6480607390403748
0.4387746751308441
0.368945449590683
0.3021794259548187
0.24455472826957703
0.9567192792892456
0.58985435962677
0.5285836458206177
0.37416163086891174
0.8878108263015747
0.4083804190158844
0.34156250953674316
0.7750052213668823
0.22385342419147491
1.4176788330078125
1.2904565334320068
0.9086092114448547
0.6134041547775269
1.0873032808303833
0.3829212784767151
0.5229922533035278
0.6853106021881104
0.715756893157959
0.5586617588996887
0.2813512682914734
0.2578933835029602
0.47725725173950195
0.3487929403781891
0.3275982737541199
1.2040377855300903
0.5102135539054871
0.6213067770004272
0.3821704089641571
0.9267774820327759
0.5088824033737183
0.564205527305603
0.6748145818710327
0.5409544706344604
0.4524605870246887
1.4006638526916504
0.5465710759162903
0.9947789311408997
0.49187976121902466
0.6439086198806763
0.33212703466415405
0.14482539892196655
0.524008572101593
0.5268928408622742
0.2598433494567871
0.3713379502296448
0.705477774143219
0.34210044145584106
0.5422247052192688
0.697232186794281
0.3542684018611908
0.511794924736023
0.43570733070373535
0.7352133989334106
0.3421817719936371
0.6695685386657715
0.5953628420829773
0.3815724849700928
0.49784398078918457
0.3991478681564331
0.2869991362094879
0.9590017199516296
0.3537806272506714
1.2569023370742798
0.5873050093650818
0.47202378511428833
0.6081310510635376
0.40615329146385193
0.4609202444553375
0.22799769043922424
0.5686709880828857
1.0276811122894287
0.41505011916160583
0.6776734590530396
0.2933349311351776
0.41266337037086487
0.26006534695625305
0.8587453961372375
0.9339011907577515
0.48175230622291565
0.7614245414733887
0.6474940180778503
0.8377735018730164
0.6659854650497437
0.4707637429237366
0.4508267939090729
0.2614067494869232
0.8850581049919128
0.6460692286491394
0.23653821647167206
0.3842260539531708
0.512354850769043
0.5383184552192688
0.32592490315437317
1.211816430091858
0.49364787340164185
0.39165228605270386
0.42968788743019104
0.6399123072624207
0.5515263676643372
0.5677403211593628
0.6360766291618347
0.45457473397254944
0.6337927579879761
0.30407387018203735
0.3324209749698639
0.14548611640930176
0.45652705430984497
0.7281407713890076
0.3034205734729767
0.598160445690155
0.35782620310783386
0.2674243450164795
0.5009545683860779
0.385347455739975
0.4495489001274109
0.3743916153907776
0.32227665185928345
0.7631829977035522
0.8101776838302612
0.37960875034332275
0.6520521640777588
0.576346218585968
0.3199117183685303
0.34743937849998474
0.39607882499694824
0.27731212973594666
0.34098100662231445
0.3684157729148865
0.3754904270172119
0.6268123984336853
0.4983142912387848
0.24889469146728516
0.7290432453155518
0.746870219707489
0.47664564847946167
0.22388139367103577
0.49862924218177795
0.2927228510379791
0.4760514199733734
0.4464479386806488
0.3665105700492859
0.766098141670227
0.6426279544830322
0.5778747200965881
0.967509388923645
0.30437594652175903
0.9525489807128906
1.2234885692596436
0.3629092872142792
0.4873940944671631
0.3569459021091461
0.41407233476638794
0.3642280697822571
0.23004429042339325
0.8001165390014648
0.11890796571969986
0.9747526049613953
0.5331372618675232
0.6341714859008789
0.5821370482444763
0.7070738673210144
0.5901297926902771
0.5805338621139526
0.5784580707550049
0.3112262785434723
1.0379282236099243
0.757232129573822
0.6082712411880493
0.48035353422164917
0.5206691026687622
0.2774243950843811
0.682569682598114
0.8431313633918762
0.5334826707839966
0.8393962979316711
0.5646136403083801
0.461430162191391
0.7640765309333801
0.42346781492233276
0.6393142938613892
0.6241172552108765
0.4565882086753845
0.7759351134300232
0.21041245758533478
0.7632063627243042
0.43410858511924744
0.35732531547546387
0.3897567689418793
0.7407022714614868
0.6744056940078735
0.5302914381027222
0.5758244395256042
0.33753055334091187
0.332937628030777
0.7983716726303101
0.68858802318573
0.5111667513847351
0.8567612767219543
0.8477743268013
0.8726687431335449
0.24197518825531006
0.8269776105880737
0.5508080720901489
0.33831530809402466
0.7199508547782898
0.5253185629844666
0.28701573610305786
0.459089457988739
0.6030324697494507
0.8105137944221497
0.904858410358429
0.39206135272979736
0.9302229881286621
0.47509074211120605
0.6159657835960388
0.4424965977668762
0.44092774391174316
0.6736525893211365
0.39191168546676636
0.6766432523727417
0.5642865896224976
0.4638393819332123
0.4715495705604553
0.783621609210968
0.7139075994491577
0.3155059814453125
0.3668212294578552
0.6847347617149353
0.5911307334899902
0.5497593283653259
0.2364320307970047
0.6309719085693359
0.43678221106529236
0.7011305689811707
0.5465039014816284
0.3222929835319519
0.2301921397447586
0.16731272637844086
0.5466419458389282
0.618671715259552
0.48588746786117554
0.3862563967704773
0.5110312700271606
0.34095439314842224
0.3741350471973419
0.3783000409603119
0.48779982328414917
0.47438350319862366
0.5749642252922058
0.3952735960483551
0.5018075108528137
0.2913637161254883
0.43995460867881775
0.5424513816833496
0.3685820400714874
0.2875075936317444
0.36506932973861694
0.23915407061576843
0.5073491334915161
0.4539692997932434
0.34088578820228577
0.5776506662368774
0.533061146736145
0.30734556913375854
0.5451256036758423
0.4217607080936432
0.36616766452789307
0.34667128324508667
0.24396081268787384
0.4344962537288666
0.4441269040107727
0.368793785572052
1.1787306070327759
0.4276657998561859
0.6094117760658264
1.3659579753875732
0.6269421577453613
1.8391904830932617
0.6780220866203308
0.732886791229248
0.7031702995300293
0.32113510370254517
0.29569321870803833
0.36909741163253784
0.7850542068481445
0.4950627386569977
0.45413580536842346
0.5079523324966431
0.9139102697372437
0.37505537271499634
0.3141856789588928
0.6088906526565552
0.712228536605835
0.5785842537879944
0.3708871304988861
0.5092307329177856
0.8291815519332886
0.5460643172264099
0.39740294218063354
0.288815438747406
0.47576195001602173
0.4509788453578949
0.35297662019729614
0.39502474665641785
0.7675997614860535
0.49627500772476196
0.43590354919433594
0.3426728844642639
0.36314326524734497
0.4166968762874603
0.7104848623275757
0.8845823407173157
0.4828821122646332
