0.7666296362876892
0.5829998254776001
0.36087268590927124
0.48929768800735474
0.21413275599479675
0.35227441787719727
0.7170409560203552
0.44947999715805054
0.9384055137634277
0.811410129070282
0.41855940222740173
0.5155016183853149
0.5997953414916992
0.4743996560573578
0.6427964568138123
0.3372877240180969
0.5504539608955383
0.5998696088790894
0.3059106171131134
0.3868314325809479
0.3375614583492279
0.3628653585910797
0.5199675559997559
0.6765531301498413
0.3051695227622986
0.48387616872787476
0.5668677091598511
0.386409729719162
0.4692762494087219
0.8872234225273132
1.496303915977478
0.5804785490036011
0.438424289226532
0.30680137872695923
0.4792301654815674
0.49101370573043823
0.32234346866607666
0.2722751498222351
0.6607686877250671
0.6618689298629761
0.31805261969566345
0.7301759719848633
0.4887920320034027
0.7123807072639465
0.6591950058937073
0.6141700744628906
0.27117010951042175
0.6419385671615601
0.40148600935935974
0.3928353190422058
0.6402538418769836
0.7437138557434082
0.38967686891555786
0.4715105891227722
0.45174169540405273
0.4161563813686371
0.24715852737426758
0.48978716135025024
0.5444976687431335
0.925589919090271
0.4322952330112457
0.5690911412239075
0.7767159938812256
0.7867096066474915
0.7065570950508118
0.4621123671531677
0.8334484100341797
0.8042890429496765
0.5202866792678833
0.6193720102310181
0.7966797351837158
0.9032889604568481
0.20682480931282043
0.42230063676834106
0.7347065210342407
0.5852659940719604
0.798976719379425
0.43719664216041565
0.4378245770931244
0.6994199156761169
0.39209210872650146
1.1900131702423096
0.2471754252910614
0.6303207278251648
0.5366030931472778
0.3961309790611267
0.5664354562759399
0.5399763584136963
0.3208630681037903
0.3679175078868866
0.47110310196876526
0.8853136897087097
0.47687095403671265
1.217087984085083
0.2632003426551819
0.3396437466144562
0.4163188934326172
0.3730250597000122
0.46828693151474
0.3803962767124176
0.5643054842948914
0.8573899269104004
0.7814318537712097
1.2243821620941162
0.48835477232933044
0.3378571569919586
0.5127514004707336
0.6423314213752747
0.9390115737915039
0.3175945580005646
0.3461611866950989
0.5408577919006348
0.3911232352256775
0.6304386854171753
0.46235981583595276
0.42176133394241333
0.6293882131576538
0.4682542681694031
0.5763827562332153
0.47850003838539124
0.36493682861328125
0.862959086894989
0.28869834542274475
0.23058417439460754
0.13910548388957977
0.6575149297714233
0.5977993011474609
0.9296372532844543
0.8482182621955872
0.5253992676734924
0.36530381441116333
0.7311040759086609
0.1795329749584198
0.5617151260375977
0.4876241683959961
0.2563420832157135
0.5678677558898926
1.2631614208221436
0.6435470581054688
0.47477588057518005
0.6643936038017273
0.29504990577697754
1.0060656070709229
0.28943273425102234
0.774662435054779
1.0001264810562134
0.2640698254108429
0.09693383425474167
0.5319940447807312
0.422956645488739
0.5361291170120239
0.3055339455604553
0.5558918118476868
1.0148146152496338
0.35039499402046204
0.27259203791618347
0.5150221586227417
1.065900206565857
0.41415947675704956
0.37274274230003357
0.15906257927417755
0.7287951707839966
0.7593119144439697
0.4292607307434082
0.5881438255310059
0.31252938508987427
0.38564571738243103
0.3592219054698944
0.6988698244094849
0.4053214490413666
0.2635570168495178
0.5316684246063232
0.48935550451278687
0.7737550735473633
0.3331635296344757
0.33879226446151733
0.36584848165512085
0.40216928720474243
1.2473647594451904
0.685188353061676
0.7814512848854065
0.2821476459503174
0.874947190284729
0.7724258303642273
0.39304494857788086
0.8294817209243774
0.9099938273429871
0.4193155765533447
0.27805742621421814
0.8128497004508972
0.3734133243560791
0.4024127125740051
0.9604851007461548
0.7722725868225098
0.44696593284606934
0.45059090852737427
0.6737809777259827
0.441058874130249
0.5880696773529053
0.47303661704063416
0.6211284399032593
0.7187758684158325
0.8808891177177429
0.34621483087539673
0.4894200265407562
0.547606885433197
0.5608401298522949
0.7822306752204895
0.4296480715274811
0.3372882902622223
0.4144689440727234
0.3978186249732971
0.35370224714279175
0.25741109251976013
0.8605254888534546
0.41164159774780273
0.3948121964931488
0.26332351565361023
0.30944299697875977
0.7558457255363464
0.5019416809082031
0.5371721386909485
0.6039697527885437
0.4157920479774475
0.27229055762290955
1.2028985023498535
0.6316849589347839
0.5600396990776062
0.23034779727458954
0.6126387715339661
0.326301246881485
0.8041558265686035
0.5181390643119812
0.7844957113265991
0.4889759421348572
0.480609267950058
0.6942031979560852
0.34904542565345764
0.43715864419937134
0.4327837824821472
0.8342216610908508
0.25443679094314575
0.5984762907028198
0.6174815893173218
1.0859814882278442
0.6940189599990845
0.4851570129394531
0.2767725884914398
1.0489124059677124
0.669819712638855
0.21636812388896942
0.6010530591011047
0.5728975534439087
0.5129515528678894
0.48340004682540894
0.8820452690124512
0.6382502913475037
0.3805263936519623
0.1996225118637085
0.3832457661628723
0.3472123146057129
0.465984046459198
0.4574495851993561
0.32239270210266113
1.1254292726516724
0.54486483335495
0.47542905807495117
0.4914376735687256
0.4562843441963196
0.5969666242599487
0.4728090167045593
0.8412578701972961
0.3154813051223755
0.784375786781311
1.0287178754806519
0.9096542596817017
0.6036232709884644
0.3057457506656647
0.47173604369163513
0.32178252935409546
0.6910034418106079
0.8558441996574402
0.3131961226463318
0.6001699566841125
0.6127842664718628
0.7150130271911621
0.3199743330478668
0.5490623712539673
1.1176668405532837
0.3401234745979309
0.40300193428993225
0.45222681760787964
0.6071447730064392
0.5369657278060913
0.3309815526008606
0.12541130185127258
0.38683924078941345
0.5163981318473816
0.6284363865852356
0.2867836654186249
0.772681713104248
0.6609944701194763
0.4896024167537689
0.4018145203590393
0.7132214307785034
0.35431933403015137
0.3263245224952698
0.991885781288147
1.365688681602478
0.4268355369567871
0.2759612202644348
0.5587631464004517
0.5198045969009399
0.6539429426193237
1.1851991415023804
0.1323305070400238
0.3456566333770752
0.4530840814113617
0.20792610943317413
0.3892393410205841
0.4423263669013977
0.49723953008651733
0.5017445087432861
0.42608100175857544
0.5728428959846497
0.700560450553894
0.5633272528648376
0.5089701414108276
0.7737323045730591
0.5811861753463745
0.5806347727775574
0.544346809387207
0.404161274433136
0.4892037808895111
0.4830140471458435
0.6172022223472595
0.53324955701828
0.35847949981689453
