0.3926602303981781
0.2772853374481201
0.48767074942588806
0.6588469743728638
0.43639063835144043
0.18503539264202118
0.6527573466300964
0.739173173904419
0.4000818133354187
0.8327606320381165
0.6499343514442444
0.5665105581283569
0.24441823363304138
0.6934762001037598
0.9519546627998352
0.9269863963127136
0.7457748651504517
0.5105725526809692
0.23498353362083435
0.21977612376213074
0.38429325819015503
0.7990833520889282
0.41874152421951294
0.7810064554214478
0.39673370122909546
0.33074063062667847
0.3525199294090271
0.5233646631240845
0.42325741052627563
0.823816180229187
0.3845924735069275
0.6908324360847473
0.8036931753158569
0.4579147696495056
0.9264246821403503
0.9328112602233887
0.41268157958984375
0.5302103757858276
0.3350455164909363
0.4415570795536041
0.6738894581794739
0.35404378175735474
0.5201238393783569
0.6792633533477783
1.3395638465881348
0.5894819498062134
0.700352132320404
0.7633527517318726
0.6770188808441162
0.38581299781799316
0.6411495804786682
0.4515601098537445
0.5930298566818237
0.29430514574050903
0.5155525803565979
0.3207818269729614
0.3907296061515808
0.5310544967651367
0.5661898851394653
0.5593209266662598
0.8458306193351746
0.5865563154220581
0.41696709394454956
1.0962069034576416
0.47071710228919983
0.4829244613647461
0.34582144021987915
0.5999342799186707
0.380410373210907
0.36650609970092773
0.7326287031173706
0.43619146943092346
0.41615134477615356
0.5819963216781616
0.658272385597229
0.3804359436035156
0.4343656897544861
0.5288540720939636
0.5632144212722778
0.3802742063999176
0.5546674132347107
0.786227822303772
0.30913329124450684
0.3812934458255768
0.44786232709884644
0.501345157623291
0.44556355476379395
0.5110333561897278
0.4607912003993988
0.279485285282135
0.35354122519493103
0.33830851316452026
0.456502765417099
0.47320103645324707
0.23046031594276428
0.9406134486198425
0.41217732429504395
0.27277153730392456
0.5875921845436096
0.8202272653579712
0.34513214230537415
0.4823160171508789
0.9413394927978516
0.31250351667404175
0.3441358208656311
0.5673283934593201
0.5892623066902161
0.1498231291770935
0.26515549421310425
0.42256513237953186
0.5740969777107239
0.3498768210411072
0.5476337671279907
0.5487735867500305
0.818215548992157
0.5981405973434448
0.44308167695999146
0.6111895442008972
0.6480556726455688
0.6542903184890747
0.5070487260818481
0.575485110282898
0.20198848843574524
0.5504237413406372
0.3852306008338928
0.6297239661216736
0.8820515871047974
0.9239827990531921
0.322543740272522
0.7645072937011719
0.6477763056755066
0.3408413529396057
0.869982898235321
0.12492658197879791
0.5510612726211548
0.7300829887390137
0.3109642565250397
0.8826073408126831
0.8640149831771851
0.4594915509223938
0.6358572244644165
0.9350789189338684
0.5098779201507568
0.29711347818374634
0.337493360042572
0.6982568502426147
1.1675323247909546
0.42368802428245544
0.4820074141025543
0.6263911128044128
0.30180999636650085
0.5601484775543213
0.6753684282302856
0.7277541756629944
0.7057655453681946
0.5003081560134888
0.5733953714370728
0.2606884837150574
0.9651058912277222
0.2998633086681366
0.3560110926628113
0.6889005899429321
0.4164566397666931
1.0752015113830566
0.42002683877944946
0.70516037940979
0.6413803696632385
0.7686759233474731
0.24539875984191895
0.8890888094902039
0.3299221396446228
0.7095586657524109
0.6676275730133057
0.3694946765899658
0.6872548460960388
0.6405602693557739
0.5080884695053101
0.8916507959365845
0.4715290069580078
0.53862065076828
0.21178238093852997
0.4837700426578522
0.6578523516654968
0.56278395652771
0.5551618337631226
0.5274293422698975
0.4062536656856537
1.027446985244751
0.33844512701034546
0.23440131545066833
0.5665269494056702
0.8380945920944214
0.5297979116439819
0.37614113092422485
0.45403236150741577
0.3027702271938324
0.4159209132194519
0.6879828572273254
0.9292488098144531
0.7038834095001221
0.6737642288208008
0.6718540787696838
0.6364880204200745
0.29310399293899536
0.7205644845962524
0.49292629957199097
0.5048143267631531
0.5547723770141602
0.17349711060523987
0.5221708416938782
0.9424856901168823
0.4004257619380951
0.46190959215164185
0.5691192150115967
0.35447996854782104
0.5210173726081848
0.5283993482589722
0.4153057932853699
0.7635279297828674
0.7752398252487183
0.29348188638687134
0.46418246626853943
0.27226632833480835
0.5297081470489502
0.41796618700027466
0.24655644595623016
0.42442184686660767
0.5881069898605347
0.570673942565918
0.6206689476966858
0.6991287469863892
0.5159949064254761
0.48589324951171875
0.4425674080848694
0.38325339555740356
0.9047532081604004
0.4016664922237396
0.7382274866104126
0.5207101702690125
0.29799696803092957
0.41490334272384644
0.8584203720092773
0.4528566002845764
1.3574273586273193
0.3483942151069641
0.22615858912467957
0.416254460811615
0.6055120229721069
0.4896852374076843
0.7390392422676086
0.5298839807510376
0.5886578559875488
0.24044212698936462
0.29944971203804016
0.3245562016963959
0.30998164415359497
0.5632745027542114
0.6829578280448914
1.0637069940567017
0.3030748665332794
0.5053964853286743
1.1336078643798828
0.3458784222602844
0.6308294534683228
0.4065827429294586
0.487559974193573
0.4016403555870056
0.5472981333732605
0.6035279035568237
0.8703838586807251
0.5868706107139587
0.6358890533447266
0.4805297255516052
0.3174183964729309
0.6301710605621338
0.5813198685646057
0.3443041443824768
0.3166704773902893
0.6896345615386963
0.7133206129074097
0.15307855606079102
0.6766855716705322
0.562342643737793
0.3406701683998108
0.5419582724571228
0.204488605260849
0.3060351014137268
0.9209966659545898
0.285298228263855
0.27955299615859985
0.4969097077846527
0.3617752492427826
0.32554489374160767
0.293761283159256
0.39305800199508667
0.3978548049926758
0.2202952653169632
0.18672125041484833
0.26705116033554077
0.5593706369400024
0.5957216024398804
0.6424886584281921
0.28262367844581604
0.4072941839694977
0.7482200860977173
0.4959474205970764
0.41420453786849976
0.268684446811676
0.37942981719970703
0.9485098719596863
0.5418931245803833
0.5712735056877136
0.5195986032485962
0.47196340560913086
0.5666378140449524
0.5241486430168152
0.5198760628700256
0.5667261481285095
0.4179958403110504
0.248467355966568
0.6235653758049011
1.269074559211731
0.42203912138938904
0.5296984910964966
0.21340826153755188
0.5026010274887085
0.4822593331336975
0.42797479033470154
0.8478886485099792
0.7221200466156006
0.6052178144454956
0.491877943277359
0.40736180543899536
0.6465250253677368
0.272522896528244
0.6545420289039612
0.38544219732284546
1.6627349853515625
