0.2072141468524933
0.2130756378173828
0.669494092464447
0.6122020483016968
0.7041018009185791
0.38109898567199707
0.4912717342376709
0.34047290682792664
0.2816747725009918
0.6123734712600708
0.6689446568489075
0.47149839997291565
0.5156871676445007
0.3114050030708313
0.49026545882225037
1.2490099668502808
0.5598700046539307
0.415057897567749
0.7125252485275269
0.5365204811096191
0.49762821197509766
0.41624727845191956
1.0734565258026123
0.5092875361442566
0.21894077956676483
0.6890716552734375
0.9893641471862793
1.0759809017181396
0.3863871693611145
0.5908926725387573
0.3343135416507721
0.43696194887161255
0.31813499331474304
0.6842538118362427
0.2437475621700287
0.22022433578968048
0.3331434428691864
0.6370978951454163
0.3271176218986511
0.4310297966003418
0.3721364140510559
0.5322509407997131
0.43073606491088867
0.3111429810523987
0.42568930983543396
0.4625149369239807
0.3226530849933624
0.6802701354026794
0.7270343899726868
0.9515283703804016
1.1676061153411865
0.8376747965812683
0.7336097359657288
0.7446376085281372
0.40977993607521057
0.8017019033432007
0.7669321894645691
0.5192474126815796
1.1514713764190674
0.503170907497406
0.4823293685913086
0.4342082440853119
0.8078777194023132
0.3744659721851349
0.6887365579605103
0.5465005040168762
0.6732238531112671
0.6191244721412659
0.8096317052841187
0.32918328046798706
0.49661189317703247
0.7787853479385376
0.7206963300704956
1.0064576864242554
1.004911184310913
0.7308893203735352
0.8096948862075806
0.5559868216514587
0.6822059750556946
0.29767361283302307
0.6494489312171936
0.22294612228870392
0.33509010076522827
0.45975837111473083
0.4948115348815918
0.44686347246170044
0.7545435428619385
0.33132484555244446
0.3015640377998352
0.28111666440963745
0.5010899305343628
0.4951675534248352
0.2786770761013031
0.7009860277175903
0.28784167766571045
0.36339718103408813
0.5650264024734497
0.3971429467201233
0.28067120909690857
0.7492233514785767
0.4776015281677246
0.3561212420463562
0.6089631915092468
1.0389913320541382
0.5273773670196533
0.2413928508758545
0.8446844220161438
0.4300882816314697
0.9725335836410522
0.252844899892807
0.509064793586731
0.47542762756347656
0.44091805815696716
0.43620577454566956
0.5678603053092957
0.44823798537254333
0.3435538709163666
0.6902619004249573
0.3664877414703369
0.8021664619445801
0.36628469824790955
0.35624179244041443
0.4736759066581726
0.24206975102424622
0.7077659368515015
0.6620911359786987
0.7492874264717102
0.5887950658798218
0.727336585521698
0.45106077194213867
0.5667362809181213
0.28994664549827576
0.35772863030433655
1.029340147972107
0.6280431747436523
0.9859093427658081
0.5635337829589844
0.37647223472595215
0.521765947341919
0.5053519010543823
0.8520383834838867
0.9327951669692993
0.8104572296142578
0.2797588109970093
0.6895564794540405
0.7560293674468994
0.42000097036361694
0.7051655650138855
0.23033377528190613
0.6078299283981323
0.2841203808784485
0.3651723265647888
0.3930629789829254
0.4460081458091736
0.6130738258361816
0.5166438817977905
0.5704832673072815
0.2547908425331116
0.31976255774497986
0.8507213592529297
0.6993657350540161
0.7274397611618042
1.1458756923675537
0.43255138397216797
0.3715257942676544
0.3357032239437103
0.40278512239456177
0.6644259691238403
0.6865483522415161
0.3026753067970276
0.31599611043930054
0.3904394805431366
0.1695745289325714
0.9263641238212585
0.39924272894859314
0.3548898696899414
0.6641632318496704
0.2863864600658417
0.4183129370212555
0.43521133065223694
0.2688668668270111
0.29516372084617615
0.7144308090209961
0.34654584527015686
0.9137724041938782
1.024633765220642
0.584803581237793
0.6296494007110596
0.5638989806175232
0.44457340240478516
0.31707510352134705
0.6462152004241943
0.5955116748809814
0.23586459457874298
0.2780425250530243
0.6987460255622864
0.9427315592765808
0.539243221282959
0.4818371832370758
0.4968037009239197
0.5421231985092163
0.5957340002059937
0.4510214924812317
0.6593080163002014
0.6444427371025085
0.4538838267326355
0.4745023846626282
0.2851960361003876
0.3650161325931549
1.2062088251113892
0.6485131978988647
0.3409467041492462
0.5307281017303467
0.49091267585754395
0.44088849425315857
0.4784661829471588
0.6961106061935425
0.6335006952285767
0.5984636545181274
0.37381744384765625
0.5351328253746033
0.2006465494632721
0.46039503812789917
0.4904199540615082
0.7848477363586426
0.6197086572647095
0.685123860836029
0.6048198938369751
0.5925439596176147
0.5367943644523621
0.22224991023540497
0.21158604323863983
0.6497179269790649
0.677727222442627
0.35679370164871216
0.4851059019565582
0.5845259428024292
1.0192114114761353
0.5583716630935669
0.9757044911384583
0.48746004700660706
0.5868374109268188
0.3590452969074249
0.5266872048377991
0.5214365720748901
0.6002358198165894
0.5955893397331238
0.9730351567268372
0.7004150152206421
0.6945714950561523
0.3444080352783203
0.5858882665634155
0.6473111510276794
0.4901242256164551
0.9227882623672485
0.6194729804992676
0.2670060694217682
0.5229454040527344
0.9166179895401001
0.5030614733695984
0.8412389755249023
0.389740526676178
0.19360782206058502
0.9863298535346985
0.660510778427124
0.30827799439430237
0.449931800365448
0.16945667564868927
0.7348487377166748
0.39762014150619507
1.004345178604126
0.3592470586299896
0.7168689966201782
0.5685092210769653
0.3904927670955658
1.021929383277893
0.3695499002933502
0.27125221490859985
0.38229936361312866
0.7290818691253662
0.47616615891456604
0.3840998411178589
0.42231863737106323
0.6898025274276733
0.6993264555931091
0.364592581987381
0.4226488471031189
0.44403257966041565
0.4599335789680481
0.5289379358291626
0.48686665296554565
0.5190580487251282
0.6661195755004883
0.39840519428253174
0.5683536529541016
0.5217410326004028
0.7432287931442261
0.3099270761013031
0.28850436210632324
0.6366556882858276
0.6224126815795898
0.6405905485153198
0.3642124533653259
0.45960110425949097
0.873832106590271
0.47582894563674927
0.6996843218803406
0.4271158277988434
0.46988892555236816
0.3595990836620331
0.7255969047546387
0.5678282976150513
0.5725390315055847
0.5952432751655579
0.6375859379768372
0.47899264097213745
0.732209324836731
0.5157787203788757
0.5932198762893677
0.43415147066116333
0.41789349913597107
0.4326390326023102
0.5122705698013306
0.6435721516609192
0.26294955611228943
0.2579830586910248
0.544644832611084
0.6813533306121826
0.6425229907035828
0.30393311381340027
0.3962259888648987
0.9606927633285522
0.18154753744602203
0.6133588552474976
0.5220993757247925
0.4258514940738678
0.31284576654434204
0.4865107238292694
