0.4602745473384857
0.40420570969581604
0.5231436491012573
0.5471966862678528
0.3707667291164398
0.4286605715751648
0.5405466556549072
0.5683026909828186
0.3200138807296753
0.3976605534553528
0.406978040933609
0.305436372756958
0.9592145681381226
0.29078927636146545
0.9571759104728699
0.6597243547439575
0.32316726446151733
0.3921411633491516
0.3963778614997864
0.4976937174797058
0.38512763381004333
0.5274890661239624
0.641700029373169
0.39829638600349426
0.8018592000007629
0.9810625314712524
0.31140437722206116
0.63521409034729
0.30462905764579773
0.4861810803413391
0.7348006963729858
0.35165637731552124
0.6802545189857483
0.5519365668296814
0.6049970984458923
0.5759764909744263
0.6304699778556824
0.5974411964416504
0.7912952303886414
0.7452653646469116
1.0472018718719482
0.6602965593338013
0.44867268204689026
0.5524137616157532
0.24968047440052032
0.49985331296920776
0.4501791000366211
0.7572053670883179
0.34660735726356506
0.6430233716964722
0.35681527853012085
0.4729641079902649
0.40831154584884644
0.1789730042219162
0.7908726334571838
0.2370402067899704
0.293381929397583
0.3022305369377136
0.5533091425895691
0.282288134098053
0.6625916361808777
0.4990520477294922
0.4176819324493408
0.5991504788398743
0.6830953359603882
0.33618128299713135
0.3149430751800537
0.5153622031211853
0.5137200355529785
0.6650868058204651
0.4930686056613922
0.26138949394226074
0.3224039673805237
1.0234425067901611
0.32041099667549133
0.4640091061592102
0.6782801747322083
0.7135375142097473
0.37898796796798706
0.4852188229560852
0.7092417478561401
0.40531063079833984
0.8093022108078003
0.5213686227798462
0.5568988919258118
0.49012041091918945
0.6949535608291626
0.6175454258918762
0.4244017004966736
0.2632518410682678
0.33094358444213867
0.44835323095321655
0.37774044275283813
0.645150363445282
0.370658814907074
0.5157672762870789
0.45209917426109314
0.6895451545715332
0.40394434332847595
0.5236079096794128
0.28238987922668457
0.44290122389793396
0.5680664777755737
0.4944516718387604
0.46774226427078247
0.3367866277694702
0.7507967948913574
0.4799403250217438
0.4566166400909424
0.6545124053955078
0.94591224193573
0.5426288843154907
0.6651573181152344
0.5037106275558472
0.5040792226791382
0.35116851329803467
0.8875875473022461
0.35649529099464417
0.5263073444366455
0.2330871820449829
0.5209800004959106
0.46525150537490845
0.8503197431564331
0.602727472782135
0.5284532904624939
0.4115249514579773
1.0129035711288452
0.5012978315353394
0.4164314270019531
0.6089235544204712
0.26735755801200867
0.4616934657096863
0.413524866104126
0.19486811757087708
0.41285061836242676
0.4602068364620209
0.5526594519615173
1.0060272216796875
0.6417776346206665
0.3284880518913269
0.39762070775032043
0.7798346281051636
0.43528875708580017
0.6776739358901978
0.14243760704994202
0.43880653381347656
0.3114383816719055
1.3449115753173828
0.6258209347724915
0.2969459593296051
0.1799025982618332
0.5095949769020081
0.33788973093032837
0.31041020154953003
0.22200541198253632
0.3489861786365509
0.49712881445884705
0.6284371614456177
0.46636447310447693
1.2834503650665283
0.9349247217178345
0.2723730206489563
0.2240409553050995
0.45693421363830566
0.9019090533256531
0.2490360289812088
0.676122784614563
0.8603118658065796
0.4060673713684082
0.7535370588302612
0.9544903039932251
0.3498740494251251
0.6874791979789734
0.3242031931877136
0.40840739011764526
0.5005176067352295
0.7019864320755005
0.5237360000610352
0.4517842233181
0.25963371992111206
0.41983261704444885
1.0101045370101929
0.40005674958229065
0.39805564284324646
0.5311518311500549
0.45600980520248413
0.306567519903183
0.5292466878890991
0.22016215324401855
0.6300251483917236
0.6170487403869629
0.38012874126434326
0.23282602429389954
0.656731128692627
0.6167932152748108
0.6578782200813293
1.075333833694458
0.6949867010116577
0.8206666111946106
0.3090662360191345
0.4145614504814148
0.3463059067726135
1.015342354774475
0.6963022351264954
1.0361180305480957
0.6544812917709351
0.5272817611694336
0.7110930681228638
0.4145846366882324
0.8971397280693054
1.2023241519927979
0.43283897638320923
0.49096688628196716
0.5520418286323547
0.3411751389503479
1.1257930994033813
0.5956281423568726
0.7260321974754333
0.38933268189430237
0.7039910554885864
0.5179415941238403
0.40445947647094727
0.5775833129882812
0.41330718994140625
0.5974062085151672
0.8590269088745117
0.41079530119895935
1.0722854137420654
0.635780394077301
0.5332080125808716
0.6369470357894897
0.5943077802658081
0.8473278880119324
0.49892908334732056
0.4817526936531067
0.4216729998588562
0.39021697640419006
0.5084079504013062
0.20927445590496063
0.4056629538536072
0.6667992472648621
0.6532371044158936
0.5367863178253174
0.23540179431438446
0.45842844247817993
0.4240899085998535
0.44723549485206604
0.09996674209833145
0.2653219401836395
0.6257432699203491
0.682636559009552
0.6317607164382935
0.6806392669677734
0.49464720487594604
0.9632860422134399
0.9313986897468567
0.8261635899543762
0.5361675024032593
0.5875394344329834
0.7391714453697205
0.9213846921920776
0.44438761472702026
0.29010915756225586
0.5437519550323486
0.5423082709312439
0.5652562975883484
0.4063052535057068
0.3486528992652893
0.14144253730773926
0.9832979440689087
0.45950937271118164
0.5701004862785339
1.130071759223938
0.30485281348228455
0.4789060056209564
0.549330472946167
0.3346072733402252
0.35800471901893616
1.4020659923553467
0.534782886505127
0.7889810800552368
0.45752325654029846
0.5042454600334167
0.8484886288642883
0.6029378175735474
0.9664670825004578
0.4936690330505371
0.33518415689468384
0.31560251116752625
0.23406533896923065
0.5695445537567139
0.7217355966567993
0.4866850972175598
0.4334404468536377
0.3367924392223358
0.1821695864200592
0.3844869136810303
0.5648914575576782
0.9252044558525085
0.34503886103630066
0.8267030715942383
0.5513131618499756
0.7170740365982056
0.5722622275352478
0.914586067199707
0.5699867010116577
0.30335086584091187
0.601591169834137
0.2330792397260666
0.22266152501106262
0.5160614848136902
1.2404038906097412
0.6881561875343323
0.5704255104064941
0.6169871091842651
0.449307918548584
0.24318912625312805
1.0603128671646118
0.7356712222099304
0.3390745520591736
0.3692079782485962
0.42619672417640686
0.5761879682540894
0.596683144569397
0.5132747888565063
0.3599376380443573
0.17601945996284485
0.3076581060886383
0.3312912881374359
0.9064745903015137
0.4888964593410492
0.44578343629837036
0.9271506071090698
0.27022868394851685
0.5870375037193298
0.8743983507156372
0.4502437710762024
1.6936086416244507
