0.7079330682754517
0.4423927366733551
0.4083405137062073
0.4918038249015808
0.371285080909729
0.8946368098258972
0.4974825978279114
1.1900911331176758
0.5811560750007629
0.5751420855522156
0.7644318342208862
0.7933992147445679
0.7234654426574707
0.8286652565002441
0.25115495920181274
0.4731406271457672
0.4453454911708832
0.47729817032814026
0.6713894605636597
0.5351589918136597
0.6769593954086304
0.12759195268154144
0.7332419753074646
0.5347347259521484
0.45245257019996643
0.5262956619262695
0.6810024380683899
0.1978272795677185
0.5147212147712708
0.3920428454875946
0.4290960431098938
1.122653603553772
0.21942166984081268
0.37659507989883423
0.31409764289855957
0.2675372064113617
0.31489935517311096
1.1158068180084229
1.136861801147461
0.7059594392776489
0.26269036531448364
0.5151277780532837
0.8018380999565125
0.519726574420929
0.46373653411865234
0.5040067434310913
0.42001694440841675
0.48847493529319763
0.2638259828090668
1.0318870544433594
0.6253514289855957
0.5183874368667603
0.49534446001052856
0.21584174036979675
0.8022171258926392
0.43727976083755493
0.5073467493057251
0.554553747177124
0.5699849128723145
0.5859479904174805
0.6662400960922241
0.46931323409080505
0.3551681935787201
0.7941923141479492
0.3982033133506775
0.8768869638442993
0.9201968908309937
0.4268589913845062
0.5114699006080627
0.3635374903678894
0.49483686685562134
0.32051849365234375
0.5880757570266724
0.6607791781425476
0.6441835761070251
0.649816632270813
0.5152375102043152
0.817629337310791
0.4795346260070801
0.386324405670166
0.2448381930589676
0.5709359049797058
0.5142098665237427
0.9456781148910522
0.46695223450660706
0.22686727344989777
1.0859630107879639
0.2416241616010666
0.3486025929450989
0.6784210205078125
0.4698066711425781
0.37596362829208374
0.8231260180473328
0.2712245583534241
0.44371896982192993
0.6537631154060364
0.37981754541397095
0.5671330690383911
0.42037492990493774
0.30118709802627563
0.5142769813537598
0.48989707231521606
0.4231858253479004
0.5201522707939148
0.19515690207481384
0.3297290802001953
0.28254783153533936
0.6630735993385315
0.529017984867096
0.34904855489730835
0.6359492540359497
0.9731003046035767
0.3292318880558014
0.32210609316825867
0.6348872184753418
0.32897359132766724
0.44517451524734497
0.6621925234794617
0.6624106168746948
0.68474280834198
0.8034423589706421
0.3541545271873474
0.5408118963241577
0.6964176297187805
0.550957202911377
0.4695781171321869
0.3810778558254242
0.5882093906402588
0.39511457085609436
0.4280497431755066
0.6638651490211487
0.46557778120040894
0.9539124369621277
0.5846043229103088
0.8257306218147278
0.48079782724380493
0.350460022687912
0.4723581373691559
0.848727822303772
0.7674623727798462
0.4501919150352478
0.4627177119255066
0.6896932721138
0.6315484046936035
0.5681885480880737
0.5020782351493835
0.7400575876235962
0.5685663223266602
0.29680293798446655
0.4971545338630676
0.4183526933193207
0.8041742444038391
0.3874964118003845
0.5985322594642639
0.486421674489975
0.7040913701057434
0.31979432702064514
0.4534042477607727
0.34631529450416565
0.75724196434021
0.71595698595047
0.5609664916992188
0.7859830856323242
0.3539449870586395
0.4628944993019104
0.5956336259841919
0.3741379976272583
0.6993125081062317
0.3592255413532257
0.2315140664577484
0.6772792935371399
0.6707221269607544
0.18141603469848633
0.41387277841567993
0.6871085166931152
0.5442259907722473
0.567567765712738
0.5143409967422485
0.463029682636261
0.867405116558075
0.36109814047813416
0.6202903389930725
0.7186244130134583
0.9805132150650024
0.40981316566467285
1.3043428659439087
0.7217363715171814
0.6461199522018433
0.5938766002655029
0.47905898094177246
0.1562633216381073
0.44322603940963745
0.5900073647499084
0.41104817390441895
0.7191653251647949
0.6236286163330078
0.7614519000053406
0.5085570216178894
0.7216086387634277
0.3539949357509613
0.40610188245773315
0.27289751172065735
0.5552088022232056
0.33878523111343384
0.3799249529838562
0.5272973775863647
0.5874711871147156
0.4273017942905426
0.5012457370758057
0.39302149415016174
0.3554617762565613
0.46395525336265564
0.8196551203727722
0.3529205918312073
0.8113864660263062
0.39162448048591614
0.5230523347854614
0.5468066930770874
0.6772176027297974
0.07950202375650406
0.6029309630393982
0.33204761147499084
0.9795616269111633
0.4440237581729889
0.9607563018798828
0.7115471959114075
0.9465700387954712
0.681147038936615
0.6122668981552124
0.3045765459537506
0.2519319951534271
0.8811205625534058
0.4354775846004486
0.42437544465065
0.3731401562690735
0.36136239767074585
0.8004453778266907
0.35375314950942993
0.5990031957626343
0.7057509422302246
0.6116257905960083
0.3021468222141266
0.4846438765525818
0.6958558559417725
0.3439558446407318
0.5393961668014526
0.8098278045654297
0.3390270173549652
0.9569286108016968
0.8046036958694458
0.5744146108627319
0.44786444306373596
0.2845990061759949
0.3636484444141388
0.778737485408783
0.6246041655540466
0.5724892616271973
0.6311470866203308
0.4178289771080017
1.0232880115509033
0.7172113060951233
0.3276391327381134
0.8649665117263794
0.4723898768424988
0.3055318295955658
0.4671798646450043
0.3510906994342804
0.9083906412124634
0.34598779678344727
0.3275480270385742
0.8471111059188843
0.23452448844909668
0.3473969101905823
0.46778640151023865
0.677960991859436
0.5668904781341553
0.5604868531227112
0.22995904088020325
0.15796038508415222
1.3152884244918823
1.0000416040420532
0.5337105393409729
0.47782644629478455
0.32432660460472107
0.5399466753005981
0.5680994987487793
0.520622968673706
0.7547756433486938
0.8308566808700562
0.7058664560317993
0.840600848197937
0.9773265719413757
0.32911285758018494
0.41925811767578125
0.4486982822418213
0.3069121837615967
0.6499540209770203
1.0570186376571655
0.72559654712677
0.3571767210960388
0.4556787610054016
0.2282109558582306
0.4931226372718811
0.21749329566955566
0.24253229796886444
0.6426703929901123
1.6300897598266602
0.7255178689956665
0.36615484952926636
0.2996685802936554
0.29538866877555847
0.6144691109657288
0.8203852772712708
0.27367210388183594
0.6449910402297974
0.821179211139679
0.32937151193618774
0.2632283866405487
0.4026888906955719
0.8241821527481079
0.6089412569999695
0.696179986000061
0.6534256935119629
0.34961622953414917
0.37318339943885803
0.2162385880947113
1.0311578512191772
0.2994191646575928
1.0410959720611572
0.5687616467475891
0.46213263273239136
0.2904385030269623
1.1912651062011719
0.3625345826148987
0.7959225177764893
0.17440365254878998
0.37390586733818054
0.2770187556743622
