0.49142295122146606
0.7779765725135803
0.7788795828819275
0.43075019121170044
1.1690948009490967
0.4461078643798828
1.1597172021865845
0.6444342732429504
0.6052930355072021
0.4435584545135498
1.0340567827224731
0.8780482411384583
0.5926564335823059
0.4628927707672119
0.6502026319503784
0.9004066586494446
0.5148634314537048
0.7372989058494568
0.5755375623703003
0.876952052116394
0.5184057950973511
1.0156784057617188
0.8768941760063171
0.8357971906661987
0.2902960777282715
0.8069698214530945
1.09164559841156
0.8166391253471375
0.7799188494682312
0.5406282544136047
0.3922506272792816
1.4129705429077148
0.9538024663925171
0.6383327841758728
1.2327457666397095
0.7927884459495544
0.708220899105072
0.8168150186538696
0.4501721262931824
0.7986847758293152
1.2220537662506104
0.7392981052398682
0.6379374265670776
0.7501586079597473
0.5371776819229126
1.0325369834899902
0.6851412057876587
0.6554495692253113
0.8220070600509644
1.1386184692382812
0.3987574875354767
1.0512609481811523
0.6594229936599731
0.7603023648262024
0.48479539155960083
0.4115413725376129
0.4544314444065094
0.3537396192550659
0.36186566948890686
0.6621267199516296
0.5788428783416748
0.6156692504882812
0.6389594674110413
0.5858798027038574
0.5450035929679871
0.7091808319091797
0.5889846086502075
0.6607884168624878
1.0025763511657715
0.6727789640426636
0.8523565530776978
0.41094961762428284
0.56377774477005
0.4337279200553894
1.1209348440170288
0.7036045789718628
0.5210524797439575
0.5142145156860352
0.6764022707939148
1.0915892124176025
1.0687880516052246
0.7690290212631226
1.0091526508331299
0.7336570620536804
0.5524271726608276
0.7328804135322571
0.6694841980934143
0.5287494659423828
0.5918803811073303
0.74415123462677
0.6139920353889465
0.6096545457839966
0.47939473390579224
0.32031726837158203
0.8608902096748352
0.7177442908287048
0.7696517109870911
0.8570746183395386
0.7579995393753052
0.8856913447380066
0.6219533681869507
0.7666820287704468
0.57606041431427
0.3784053921699524
1.2291218042373657
1.2844946384429932
0.6084169745445251
1.004327654838562
0.7721598744392395
0.9071059226989746
0.7186574339866638
0.3516070544719696
0.7558044195175171
0.9778248071670532
0.7397588491439819
0.925177276134491
0.7399028539657593
0.6378918886184692
0.9922084808349609
0.6632930040359497
0.6794141530990601
0.6060752868652344
0.8355621099472046
0.8884772062301636
0.6383390426635742
0.6704670190811157
0.5194513201713562
0.4384017586708069
0.6218012571334839
0.518261730670929
0.6007412672042847
0.4804996848106384
0.6205733418464661
0.6229133009910583
0.5403878688812256
0.9210633039474487
0.6100572347640991
0.792839527130127
0.7693264484405518
1.062685251235962
0.5207259058952332
1.1147643327713013
0.43922489881515503
0.6342130899429321
0.7800785303115845
0.6073492765426636
0.4798128008842468
0.7650936841964722
0.3468586206436157
0.5275434255599976
0.6541072130203247
0.8346551656723022
0.4507382810115814
0.684582531452179
1.6555198431015015
0.552459716796875
0.5901511907577515
0.4556981921195984
0.5571011304855347
1.1388356685638428
0.6483187675476074
1.2446835041046143
0.7140414714813232
0.6459794640541077
0.5935328602790833
0.6508480906486511
0.6447430849075317
0.6095322370529175
1.0478699207305908
0.7477406859397888
0.2323330193758011
0.4522826671600342
0.7425193786621094
0.6969121694564819
0.7698507905006409
0.5996977090835571
0.7908785939216614
0.6530985832214355
0.826300323009491
0.5160908699035645
0.765961766242981
0.6873825788497925
0.8828907012939453
0.4878794550895691
0.5801748037338257
0.5290390849113464
1.0283843278884888
0.4111190736293793
0.49525099992752075
0.6200155019760132
0.6027735471725464
0.6164950132369995
0.6403973698616028
0.4104430079460144
0.7070308923721313
1.094557762145996
1.0289031267166138
0.6881066560745239
1.381913423538208
0.6299317479133606
0.7144668698310852
1.0160534381866455
0.450378954410553
0.5595327615737915
0.7419121265411377
0.6598712801933289
1.1798726320266724
0.9337434768676758
0.9586528539657593
0.46288853883743286
0.4704655706882477
0.9785324335098267
0.46611613035202026
0.7669821977615356
0.7683147192001343
0.6826596260070801
0.5214759111404419
0.3861159682273865
0.7258249521255493
0.7871701121330261
0.5655808448791504
0.943139910697937
0.5414157509803772
0.5096217393875122
0.6515963673591614
0.7630380988121033
0.6314328908920288
0.5667095184326172
0.4355030059814453
0.8581762313842773
0.368407279253006
0.6612173318862915
0.47786417603492737
0.6042612195014954
0.7228494882583618
0.5083127021789551
0.8894761204719543
0.6393028497695923
1.2747567892074585
0.7884260416030884
0.4828531742095947
0.5791047811508179
0.702075719833374
0.3367771506309509
0.8184564709663391
0.8360282182693481
0.5958493947982788
0.48497819900512695
0.7143336534500122
0.8217397928237915
1.1954119205474854
0.8120841979980469
0.3871217966079712
0.5960966348648071
0.39462536573410034
0.7299121022224426
0.5456752777099609
0.46154409646987915
1.1137492656707764
0.8555706739425659
0.5566015839576721
0.515896201133728
0.4501086175441742
0.5493015050888062
0.6442893147468567
0.46899157762527466
0.4120209813117981
0.6546608209609985
0.41742342710494995
0.5552369356155396
0.7115399837493896
0.9360579252243042
0.9496585130691528
1.1743487119674683
0.7398518323898315
0.8766809701919556
0.9308462142944336
1.0923521518707275
1.048083782196045
0.6472319960594177
1.1635193824768066
0.5189487338066101
1.3893338441848755
1.3060697317123413
1.1394474506378174
0.7404323816299438
0.6915647387504578
0.6770776510238647
0.48805493116378784
1.1419788599014282
0.775033175945282
0.35208892822265625
0.6255208253860474
0.6885588765144348
0.9123908877372742
0.8399054408073425
0.5581079721450806
0.5486844778060913
0.6451990008354187
0.682762622833252
1.0480117797851562
0.8081901669502258
0.7086582183837891
0.6569017171859741
0.7195807695388794
0.908663272857666
0.7653707265853882
0.44136086106300354
0.6286036372184753
0.9146183729171753
0.654342770576477
0.6982201337814331
0.7125861644744873
0.5570085644721985
0.8806285858154297
1.4633805751800537
0.6674261093139648
0.6075125932693481
1.0570266246795654
0.6270562410354614
0.4883369505405426
1.0300519466400146
0.36698460578918457
0.670089840888977
0.5059412121772766
0.5318586230278015
0.8103885650634766
0.9625824689865112
0.8235430717468262
0.6482275724411011
0.7977520227432251
0.9447259902954102
0.604400098323822
0.45055970549583435
0.5877496600151062
1.0283710956573486
0.6242638826370239
0.7582426071166992
