0.35042452812194824
0.6917786598205566
0.48911070823669434
0.6064077019691467
0.6933301091194153
0.22192931175231934
0.5937311053276062
0.4568461775779724
0.5203698873519897
0.649090588092804
0.1831713616847992
0.6513752937316895
0.8932420015335083
0.3337423801422119
0.42215871810913086
0.24908211827278137
0.6244383454322815
0.7690637707710266
0.45233026146888733
0.28107529878616333
0.738704264163971
1.6474326848983765
0.5065876245498657
0.7114456295967102
0.7973224520683289
0.6986907124519348
0.4096859097480774
0.4893874228000641
0.45765170454978943
0.9322042465209961
0.5140856504440308
0.21796169877052307
0.6683236956596375
0.32223135232925415
0.3355579972267151
0.6447287797927856
0.706544816493988
0.7834165692329407
0.6586276888847351
0.34210920333862305
0.5027059316635132
0.5307811498641968
0.3815014958381653
0.7629172205924988
0.7288326025009155
0.28534388542175293
0.3837812542915344
0.7953287363052368
0.2918337881565094
0.7651312947273254
0.6476266980171204
0.7193604707717896
0.34818169474601746
0.8456248044967651
0.7109266519546509
0.6478596925735474
1.354407548904419
0.3857102394104004
0.2821947932243347
1.0656459331512451
0.5398737192153931
0.6020928621292114
0.7088143229484558
0.5985548496246338
0.7203713655471802
0.5153521299362183
0.6943325996398926
0.534346878528595
0.3316335082054138
0.44451799988746643
0.3615396320819855
0.5081583857536316
0.49130210280418396
0.6414796710014343
0.5870048403739929
0.3273889720439911
0.8466418981552124
0.29565736651420593
1.0531916618347168
0.1947520524263382
0.8902786374092102
0.43886271119117737
0.6085165739059448
0.3717800974845886
0.8114436864852905
0.7714457511901855
0.5246489644050598
0.48872843384742737
0.5546985268592834
0.3583483397960663
0.5929191708564758
0.3493019640445709
0.6165410280227661
0.41341447830200195
0.5430514216423035
0.2275945395231247
0.46821480989456177
0.22443397343158722
0.9889575242996216
0.7433533668518066
0.6747850179672241
0.2538504898548126
0.5114394426345825
0.4580838084220886
0.17525053024291992
0.5188844799995422
0.2150622308254242
0.5975219011306763
0.9898777008056641
1.0448272228240967
1.5825694799423218
0.5717276334762573
0.9624865651130676
0.24879729747772217
0.2987414002418518
0.5850356817245483
0.261857271194458
0.7878366708755493
0.5786883234977722
0.2330879420042038
0.6243157386779785
0.8501949310302734
0.2899012565612793
0.5162194967269897
0.37720537185668945
0.6861849427223206
0.7432268857955933
1.413694977760315
0.7716114521026611
0.34067827463150024
0.3695150911808014
0.4171846807003021
0.2873569130897522
0.5479612350463867
0.4698469638824463
1.1189327239990234
0.5569607615470886
0.4447562098503113
0.39715278148651123
0.4028899073600769
0.2036697417497635
0.773901641368866
0.8037174344062805
0.6814020276069641
0.26713451743125916
0.5091575980186462
0.26177605986595154
0.44378623366355896
0.3348935544490814
0.45996397733688354
0.19192755222320557
0.5960067510604858
0.5796806216239929
0.5923570394515991
0.5522648692131042
0.7264022827148438
0.5673612356185913
0.9249712228775024
0.5096337199211121
0.7361376881599426
0.26165640354156494
0.5496678352355957
0.47546595335006714
0.9328243136405945
0.484885036945343
0.6774899363517761
0.9057921171188354
0.6769136190414429
0.47438985109329224
0.3220328390598297
0.3349139988422394
0.695813000202179
0.234571173787117
0.19165678322315216
0.4173274636268616
0.37916287779808044
0.890597939491272
0.37569791078567505
1.1079084873199463
0.390255868434906
0.4903576374053955
0.4841436445713043
0.6399993896484375
0.5010682940483093
0.4204068183898926
0.6614121794700623
0.6694595217704773
0.6124923825263977
0.44642752408981323
0.8311651349067688
0.40517741441726685
0.5420950055122375
0.8541253805160522
0.43510013818740845
0.9608653783798218
0.27834197878837585
0.5049777626991272
0.4537806510925293
0.44320908188819885
0.39457231760025024
0.43133458495140076
0.42607349157333374
0.512208104133606
0.3761950433254242
0.4451591968536377
0.6451475024223328
0.6264287233352661
0.2885318994522095
0.5928875803947449
0.6880680918693542
0.2806738615036011
0.3954165577888489
0.2890092730522156
0.38425126671791077
0.785986602306366
0.7486421465873718
0.27052316069602966
0.23471705615520477
0.5348007082939148
0.33083876967430115
0.6670371294021606
0.33222347497940063
0.5286106467247009
0.7189615368843079
0.435131698846817
1.2473152875900269
0.7661877870559692
0.33625465631484985
0.3073597252368927
0.5141927599906921
0.26570695638656616
1.0867990255355835
0.9183090329170227
0.7228729128837585
0.34864187240600586
0.4600113034248352
1.036297082901001
0.5174243450164795
0.6886581182479858
0.40559616684913635
0.37778186798095703
0.6099443435668945
1.3707308769226074
0.5531299710273743
0.5307759642601013
0.8334754109382629
0.4248083233833313
0.4436972141265869
0.4592350423336029
0.7283018231391907
0.22474443912506104
0.40886634588241577
0.465459406375885
0.4516226649284363
0.2680182456970215
0.5399261713027954
1.473257303237915
0.32964199781417847
0.7562974691390991
0.34016865491867065
0.4833618104457855
0.7465298771858215
1.1534173488616943
0.4628775715827942
0.5504292249679565
0.48445621132850647
0.2593356966972351
0.5750231146812439
0.3969365954399109
0.5073569416999817
0.24491587281227112
0.6294723749160767
0.3707300126552582
0.6837857961654663
0.7786564826965332
0.6542869806289673
0.5169224739074707
0.4281998574733734
0.510485053062439
1.0948377847671509
0.42408880591392517
0.33311954140663147
0.1305990070104599
0.44466400146484375
0.5575165748596191
0.605212390422821
0.7722850441932678
0.7605422735214233
0.2777029871940613
0.17404182255268097
0.7243326902389526
0.24601010978221893
1.1326791048049927
0.1985645592212677
0.6380169987678528
0.518378496170044
0.557607114315033
0.4264400601387024
0.6283931136131287
0.848260223865509
0.5898877382278442
0.271969735622406
0.4701855778694153
0.5676642060279846
0.4037422239780426
0.8284397125244141
0.36142969131469727
0.20144355297088623
0.2669365406036377
1.0039341449737549
0.5717629194259644
0.7286442518234253
0.28837642073631287
0.5525383949279785
0.6817767024040222
0.3518012762069702
1.2558542490005493
1.2681716680526733
0.8440307378768921
0.5524508953094482
0.5691696405410767
0.5831629037857056
0.3839711546897888
0.7497212886810303
0.5383723378181458
0.2667909562587738
0.36838865280151367
1.1720430850982666
0.5503544211387634
0.3317577540874481
0.25283315777778625
0.5544734001159668
0.6070858836174011
0.39054933190345764
0.327664315700531
0.5688477158546448
0.17881233990192413
0.4444957971572876
