0.6717064380645752
0.8805539011955261
0.7102781534194946
0.4213293194770813
0.32004210352897644
0.45291846990585327
0.48041239380836487
0.7871965169906616
0.3628276586532593
0.5986892580986023
0.3954318165779114
0.5705965161323547
0.6692240834236145
0.37513256072998047
0.26578694581985474
0.7994769215583801
0.4374653697013855
0.786239504814148
0.4205213487148285
0.5913047194480896
0.9485777020454407
0.9390189051628113
0.49896425008773804
0.43642765283584595
0.27420225739479065
0.49154409766197205
0.21466191112995148
0.4185579717159271
0.40012627840042114
0.47559985518455505
0.6334012746810913
0.4054308831691742
0.3775363266468048
0.42756158113479614
0.5483654141426086
0.528884768486023
0.6816852688789368
0.33377358317375183
0.815093994140625
0.6132689118385315
0.2793092131614685
0.5486410856246948
0.31347328424453735
0.6915539503097534
0.6838964223861694
0.5706505179405212
0.4553157687187195
0.3060615062713623
0.34472352266311646
0.5581361055374146
0.2554803788661957
0.7585851550102234
0.2509749233722687
0.40187668800354004
0.2895975708961487
0.5397251844406128
0.4847615361213684
0.3640900254249573
0.7755624651908875
0.5086513757705688
0.5350908041000366
0.6493995189666748
0.44754472374916077
0.3721766471862793
0.5211673974990845
0.4146541655063629
0.6842465996742249
0.22948405146598816
0.7265206575393677
0.3991986811161041
0.5311618447303772
0.42042526602745056
0.5244418382644653
0.9407776594161987
0.8853951692581177
0.5640599131584167
0.6474307179450989
0.5097144842147827
0.21584133803844452
0.8331904411315918
0.4461367130279541
0.49881500005722046
0.6871955394744873
0.2834297716617584
0.33909881114959717
0.3834260404109955
0.542992115020752
0.4507005214691162
0.4598483443260193
0.8714065551757812
0.5205405354499817
0.39484307169914246
0.5017760992050171
0.17332541942596436
0.1863710880279541
0.22569331526756287
0.7871648073196411
0.28661102056503296
0.6968365907669067
0.5253654718399048
0.44360923767089844
0.5391295552253723
0.5516662001609802
0.25206679105758667
0.41106516122817993
0.5073896646499634
0.6282941102981567
0.3637081980705261
0.6013099551200867
0.26502570509910583
0.6563356518745422
0.44876402616500854
0.8344961404800415
0.8607674837112427
0.6107303500175476
0.30816587805747986
0.37232381105422974
0.3584362268447876
0.9311090707778931
0.5581657290458679
0.29076483845710754
0.48961299657821655
0.5040003061294556
0.6008836627006531
0.7227259278297424
0.5678952932357788
0.7117154002189636
0.5496695637702942
0.47295746207237244
0.336083322763443
0.6646468043327332
0.37647685408592224
0.42004308104515076
0.5153871774673462
0.32213279604911804
0.557610034942627
0.43625250458717346
0.28499799966812134
0.17803777754306793
1.0595934391021729
0.2266562432050705
0.23996791243553162
0.49507060647010803
1.1817200183868408
0.49824458360671997
0.619109034538269
0.4628020226955414
0.5931252241134644
0.45882725715637207
0.39258283376693726
0.4636250436306
0.7629557251930237
0.4413332939147949
0.5068964958190918
0.5804383158683777
0.5768687129020691
0.3998594284057617
0.4418179392814636
0.37330180406570435
0.3051844537258148
0.6346034407615662
0.21573857963085175
0.39513060450553894
0.7268940210342407
0.43146389722824097
0.5122025609016418
0.481728732585907
0.5108503699302673
0.5081395506858826
0.38201722502708435
0.3210763931274414
0.6813480854034424
0.7596864700317383
0.4834415912628174
0.9177238345146179
0.30615517497062683
0.6435175538063049
0.8869705200195312
0.3199448585510254
0.4476318359375
0.4123598039150238
0.7281020879745483
0.3541593849658966
0.3471231758594513
0.7713627815246582
0.5636613368988037
0.5889467000961304
0.46449723839759827
0.5137178301811218
0.2759176790714264
0.37372228503227234
0.33781513571739197
0.5716758966445923
0.6306146383285522
0.6477910876274109
0.319195419549942
0.3687829077243805
0.3505856394767761
0.6101518869400024
0.4392567276954651
0.24387316405773163
0.35106176137924194
0.2586917579174042
0.5954201817512512
0.3533198833465576
0.6772863268852234
0.7306177020072937
0.6420444250106812
0.7053846120834351
0.2563004791736603
0.27451521158218384
0.3102785348892212
0.6112618446350098
0.18041230738162994
0.8328302502632141
0.7462952733039856
0.33949440717697144
0.29015737771987915
0.4303618371486664
0.6904742121696472
0.40624943375587463
0.4291567802429199
0.4823058247566223
0.540521502494812
1.2679194211959839
0.36165720224380493
1.2523983716964722
0.7166139483451843
0.6458486318588257
0.5767629146575928
0.40321144461631775
0.7489453554153442
0.4762403070926666
0.67616206407547
1.0128371715545654
0.49518975615501404
0.441939115524292
0.5211119651794434
0.8344923257827759
0.38058724999427795
0.4050736427307129
0.3249068260192871
0.4868812561035156
0.23490354418754578
0.7740135192871094
0.5179844498634338
0.43261775374412537
0.7350891828536987
0.7552968263626099
0.5271806716918945
0.37531161308288574
0.2932308316230774
0.8892096281051636
0.36088356375694275
0.6004417538642883
0.42632538080215454
0.5866379737854004
0.21031436324119568
0.3460526764392853
0.4554349482059479
0.5892043113708496
0.4495442509651184
0.6036911010742188
0.3244789242744446
0.4500162601470947
0.48599880933761597
0.5773550868034363
1.4049577713012695
0.38514503836631775
0.4803944528102875
0.988063633441925
0.561843991279602
0.7419716715812683
0.47916680574417114
0.34328657388687134
0.32397809624671936
0.3706551492214203
0.5514136552810669
0.17401032149791718
0.5709778070449829
0.620050311088562
0.6421874761581421
0.545665442943573
0.23601730167865753
0.25600141286849976
0.32120123505592346
0.6530340909957886
0.38603681325912476
0.6189270615577698
0.26040002703666687
0.3477244973182678
0.15496474504470825
0.5480319261550903
0.3698006272315979
0.7035764455795288
0.45311012864112854
1.3155367374420166
0.6439856886863708
0.34121689200401306
0.2949667274951935
0.46385064721107483
0.4605283737182617
0.5591446161270142
0.5667966604232788
0.2223707139492035
0.4999083876609802
0.3527661859989166
0.4013926386833191
0.5038368105888367
0.6989585161209106
0.8050773739814758
0.35335052013397217
0.49434661865234375
0.6332840323448181
1.2924888134002686
0.30009526014328003
0.3581236004829407
0.673814594745636
0.5951118469238281
0.8808871507644653
0.3515510559082031
0.3766445219516754
0.738678514957428
0.610663652420044
1.0223443508148193
0.2855301797389984
0.7974312901496887
0.6421836614608765
0.3600849509239197
0.5566938519477844
0.8627537488937378
0.7859182953834534
0.9949287176132202
0.4109783172607422
0.452923446893692
0.7815753221511841
0.593424916267395
0.9081442952156067
