0.29430198669433594
0.7120211124420166
0.8428777456283569
0.6172915697097778
0.755675196647644
0.3990029990673065
0.5899481773376465
0.1893632560968399
0.5836371183395386
0.19178463518619537
0.6884213089942932
0.21764668822288513
0.28566139936447144
0.3436914384365082
0.36812299489974976
0.3354249894618988
0.6222721338272095
0.19297567009925842
0.3416714072227478
0.3744235038757324
0.7543273568153381
0.3232501149177551
0.6059689521789551
0.2654520571231842
0.4801079332828522
1.1189258098602295
0.7079415321350098
0.5145629048347473
0.5628302097320557
0.7440023422241211
0.8135320544242859
0.6855537295341492
0.41156595945358276
0.21138742566108704
0.9376918077468872
0.5565072298049927
0.7021348476409912
0.6275185942649841
0.6157805323600769
0.48631495237350464
0.44706687331199646
0.692744255065918
0.9079009890556335
0.4585275650024414
0.7566186189651489
0.5222315788269043
0.2046118527650833
0.33004626631736755
0.3093201220035553
0.23868688941001892
0.5267013311386108
0.7875717878341675
0.3029480278491974
0.3781672418117523
0.200704425573349
1.3079266548156738
0.3507770895957947
0.3246977925300598
0.5162754058837891
0.25623661279678345
0.8322170376777649
0.2971036434173584
0.16602496802806854
0.32008588314056396
0.349059522151947
0.7711090445518494
0.4951465129852295
0.25745895504951477
0.5980631709098816
0.2685624659061432
0.47807589173316956
0.32324323058128357
1.0695316791534424
0.4485388696193695
0.7302675247192383
0.4020787179470062
0.7445396184921265
0.4696921706199646
0.2977038025856018
0.41102761030197144
0.5013346672058105
0.6123043894767761
0.7761126756668091
0.4934767186641693
0.6122915148735046
0.3386879861354828
0.8044837117195129
0.5181223154067993
1.017961025238037
0.4356178641319275
0.5522456765174866
0.8883867263793945
0.5052654147148132
0.4933963716030121
0.5261774063110352
0.2563799321651459
0.7724703550338745
1.1559178829193115
0.4051588177680969
0.6004077792167664
0.34696632623672485
0.3523302674293518
0.5373163819313049
0.42608365416526794
0.8986312747001648
0.5420392751693726
0.7299850583076477
0.472194105386734
0.9222472906112671
0.4997789263725281
0.6814781427383423
0.6446295380592346
0.45163553953170776
0.4497438371181488
0.6736347079277039
0.22683259844779968
0.33273106813430786
0.32640984654426575
0.7387282252311707
0.471975713968277
0.3354763686656952
0.303194522857666
0.6470351219177246
0.8104702234268188
0.3447141647338867
0.6035460233688354
0.422623872756958
0.5146756172180176
0.4264167249202728
0.8139415979385376
0.26878517866134644
0.4406745433807373
0.5710815191268921
1.3717511892318726
0.5748810768127441
0.650668740272522
0.5596867799758911
0.16644443571567535
0.6340095400810242
0.5009218454360962
0.5030284523963928
0.7491044998168945
0.42433100938796997
1.0266880989074707
0.6617724299430847
0.4224952757358551
0.49663519859313965
1.0365365743637085
0.5705747604370117
0.5545114278793335
0.5162922143936157
0.7751011848449707
0.3556312024593353
0.5366367101669312
0.926403820514679
0.6614419221878052
1.1320853233337402
0.4963105618953705
0.9210821390151978
0.5149127244949341
0.6357603073120117
0.8542049527168274
0.8117095828056335
0.37681812047958374
0.8725122213363647
0.3617693781852722
0.7015731930732727
0.3753407597541809
0.48612135648727417
0.7453078031539917
0.39624571800231934
0.567180335521698
0.476802259683609
0.33855801820755005
0.40319252014160156
0.46475380659103394
0.5649783611297607
0.4939604699611664
0.43559613823890686
0.41144758462905884
0.4643283486366272
0.4698382019996643
0.3961935043334961
0.4001591205596924
0.5200564861297607
0.40018272399902344
0.4842042028903961
0.6575385332107544
0.1843060702085495
0.3321288228034973
0.41180676221847534
0.4495409429073334
0.537051796913147
0.6186151504516602
0.45008158683776855
0.6477841138839722
0.28310224413871765
1.2347558736801147
0.7846739292144775
0.49260538816452026
0.6772509813308716
0.4909422993659973
0.4289521276950836
0.7856664061546326
0.5555917620658875
0.268485426902771
0.4358254373073578
0.7146340608596802
0.6703092455863953
0.4591938853263855
0.4870756268501282
0.8373624682426453
0.33442139625549316
0.833760142326355
0.6687294244766235
0.7665799856185913
0.4403684139251709
0.2517261207103729
0.16203626990318298
0.8125823140144348
0.5491389036178589
0.8532086610794067
0.3326995074748993
0.41019025444984436
0.48974481225013733
0.15128390491008759
0.8152294158935547
0.6306304931640625
0.399807333946228
0.5408123135566711
0.4324355125427246
0.3205419182777405
0.7812368869781494
0.4220479130744934
0.6037696003913879
0.6825957298278809
0.23785194754600525
0.5905506610870361
0.39035719633102417
0.4145144522190094
0.7951602935791016
0.5883898735046387
0.6847032308578491
0.6255288124084473
0.8430700302124023
0.3005913496017456
0.8361366987228394
0.841387927532196
0.4825499951839447
0.5439069271087646
0.5661432147026062
0.5074485540390015
0.38636961579322815
0.7147961854934692
0.23670446872711182
0.52737957239151
0.4311821460723877
0.7862340211868286
0.2377692461013794
0.548095703125
0.40682095289230347
0.7642210125923157
0.19344855844974518
0.44505271315574646
0.19766822457313538
0.6951621770858765
0.1869095414876938
0.35989147424697876
0.6655904650688171
0.35008808970451355
0.42842191457748413
0.44277340173721313
0.6281788945198059
0.8018205761909485
0.6725696325302124
0.3686463236808777
0.3043697774410248
0.360187828540802
0.7403163909912109
0.5814707279205322
0.5838967561721802
0.21665868163108826
0.37160784006118774
0.9299179315567017
0.6757572889328003
0.9545472860336304
0.380581796169281
0.6587303876876831
0.565319836139679
0.497285932302475
0.3596869111061096
0.6103388667106628
0.5329998135566711
0.7204432487487793
0.21154570579528809
0.6066476702690125
0.5477452278137207
0.5876287817955017
0.988703727722168
0.27922171354293823
0.4688737988471985
0.6945105791091919
0.840722918510437
0.6828094720840454
0.835182785987854
0.8317751884460449
0.31621140241622925
0.43386656045913696
0.9104331135749817
0.6271138191223145
0.498320996761322
0.33650490641593933
0.776197612285614
0.4999294877052307
0.24201293289661407
0.21722474694252014
0.38327550888061523
0.635909914970398
0.6166666746139526
0.356756329536438
0.4827852249145508
0.4475134313106537
0.5777260661125183
0.6178794503211975
0.19125862419605255
0.6436430811882019
0.2197764366865158
0.4322187304496765
0.5129314661026001
0.5498995184898376
0.7611464262008667
0.79662024974823
0.3589760661125183
0.25418564677238464
0.4153674244880676
0.696246325969696
0.40938839316368103
0.34875115752220154
