0.3021583557128906
0.4864150881767273
0.4976523518562317
0.2214788943529129
0.7576407194137573
0.9155856370925903
0.4544541835784912
0.4881651997566223
0.40088891983032227
0.9893158674240112
0.2255135327577591
0.40409451723098755
0.7699166536331177
0.2908336818218231
0.516046404838562
0.5901490449905396
0.4754275381565094
0.4906514286994934
0.3171499967575073
0.45236438512802124
0.527413010597229
0.8193860054016113
0.2819191813468933
0.636280357837677
0.47072991728782654
0.49982205033302307
0.5581277012825012
0.39480894804000854
0.3703857362270355
0.278251588344574
0.5818249583244324
0.5366991758346558
0.5097390413284302
1.2839024066925049
0.48183178901672363
0.25864630937576294
0.7427539229393005
0.6810029745101929
0.5581952929496765
0.9105702638626099
0.7182507514953613
0.3083856999874115
0.3314146399497986
1.1657264232635498
0.27218133211135864
1.4240567684173584
0.376141756772995
0.6910465955734253
0.5456757545471191
0.20792710781097412
0.664533257484436
0.4744780957698822
0.6818246841430664
1.2401258945465088
0.5440769195556641
0.329338401556015
0.6323522329330444
0.25323498249053955
0.6545270681381226
0.2898254990577698
0.8203590512275696
0.4655592441558838
0.2786654233932495
0.4177124500274658
0.35493695735931396
0.43620914220809937
0.2717154622077942
0.5327572226524353
0.4682101607322693
0.33690181374549866
0.38415950536727905
0.5446568727493286
0.25007492303848267
0.326876163482666
0.2564414143562317
0.3378220200538635
0.5820498466491699
0.6928971409797668
0.5403116941452026
0.7440754175186157
0.4235190451145172
0.32632237672805786
0.6044872999191284
0.41358619928359985
0.6025339961051941
0.3365844488143921
0.9678821563720703
0.471585750579834
0.4788440763950348
0.2829875648021698
0.37221959233283997
0.40095680952072144
0.5516013503074646
0.8632844090461731
0.6847320199012756
0.6772492527961731
0.5064071416854858
0.8433802723884583
0.5127710700035095
0.6211072206497192
0.3347027897834778
0.3240264356136322
0.5943771600723267
0.5462466478347778
0.4729958474636078
0.6715047359466553
1.0674169063568115
0.6990646719932556
0.19457848370075226
0.53863126039505
0.661324679851532
0.7164307236671448
0.6940470933914185
0.6885932683944702
0.6048733592033386
0.5372077226638794
0.4282833933830261
0.9857333302497864
0.77813321352005
0.156670942902565
0.5491833686828613
0.44742774963378906
0.5069243311882019
0.2612002193927765
0.8834222555160522
0.6192549467086792
0.5567898750305176
0.33193105459213257
0.4093778133392334
0.35731667280197144
0.495993047952652
0.28576111793518066
0.6991768479347229
0.34008070826530457
1.062831163406372
0.6730694770812988
0.4391930103302002
0.3178923726081848
0.2574295699596405
0.676501452922821
0.29057836532592773
0.6005961894989014
0.43867945671081543
0.7292371988296509
0.24975483119487762
0.2373240888118744
0.5357816815376282
0.41142940521240234
1.008084774017334
0.543488621711731
0.7846371531486511
0.3616952896118164
0.20994117856025696
0.6685503721237183
0.38368263840675354
0.31693047285079956
0.4928446412086487
0.2777750790119171
0.2621094584465027
1.2962768077850342
0.9688698053359985
0.6080951690673828
0.4449339509010315
0.3400561809539795
0.32681402564048767
0.3408309817314148
0.6214781999588013
0.5032920241355896
0.36482271552085876
0.6932799816131592
0.6934185028076172
0.5448634624481201
0.6294740438461304
0.37636247277259827
0.6035746335983276
0.7196043729782104
0.5426949858665466
0.43793243169784546
0.48334822058677673
0.5266698598861694
0.5442922711372375
0.6040366291999817
0.4423227310180664
0.4325486123561859
0.35853907465934753
0.7510009407997131
0.5959617495536804
0.4726225435733795
1.2369167804718018
0.45140916109085083
0.4574669897556305
0.5343846678733826
0.5224794149398804
0.3757515251636505
0.4633561074733734
0.4658261835575104
0.4855014681816101
0.4563795030117035
0.547619640827179
0.5409178137779236
0.3700815737247467
1.074599027633667
0.5913581848144531
0.8434323072433472
0.5376912355422974
0.27616992592811584
0.5855234265327454
0.5177153944969177
0.47131776809692383
0.473427951335907
0.1761828511953354
0.3722221255302429
0.3581380844116211
0.4026559889316559
0.30193379521369934
0.6312431693077087
0.44254541397094727
0.5533587336540222
0.7997726202011108
0.4710468649864197
1.036265254020691
0.8372879028320312
0.44877782464027405
0.5674939155578613
0.5765884518623352
0.41837000846862793
0.5489729642868042
0.20872434973716736
0.6287111043930054
0.5328311324119568
0.4114084243774414
0.4506368637084961
0.3189268708229065
0.28253263235092163
0.5068377256393433
0.8132856488227844
0.6614918112754822
0.6555712819099426
0.7106366157531738
0.4382949471473694
0.2802661061286926
1.1264913082122803
0.38679221272468567
0.3264417350292206
0.5462151765823364
0.37696996331214905
0.4338206350803375
0.5364578366279602
0.5418266654014587
0.5387701988220215
0.9251397252082825
0.42643842101097107
0.2105294018983841
0.8554756045341492
0.27162572741508484
0.5068906545639038
0.30024832487106323
0.7253464460372925
0.41890716552734375
0.4104181230068207
0.8083741068840027
0.31765735149383545
0.31472107768058777
0.8776971697807312
0.6844707131385803
0.9753099679946899
0.6286265254020691
0.5583935976028442
0.43649822473526
0.28342297673225403
0.3840455412864685
0.26634353399276733
0.6686714887619019
0.4293774664402008
0.7806921601295471
0.47965168952941895
0.3515438735485077
0.7279905080795288
0.8486157655715942
0.6554895639419556
0.6135414838790894
0.4055507779121399
0.3958604335784912
0.3054044246673584
0.394633412361145
0.6578885912895203
0.489960253238678
0.4769161343574524
1.0458647012710571
0.41578054428100586
0.6543582677841187
1.3834011554718018
0.5452399849891663
1.0989328622817993
0.3651781678199768
0.5261295437812805
0.7326077818870544
0.4596061110496521
0.5419169664382935
0.34327173233032227
0.37181901931762695
0.6523772478103638
0.913932204246521
0.7754114866256714
0.17655646800994873
0.5429339408874512
0.6562105417251587
0.7348591089248657
0.5209262371063232
1.3122060298919678
0.6472160816192627
0.591744601726532
0.2798987030982971
0.28556254506111145
1.0235542058944702
0.37264448404312134
0.7094391584396362
0.6780360341072083
0.4998350143432617
0.21978700160980225
0.8086872100830078
0.3457967936992645
0.44419604539871216
0.5550277233123779
0.3526234030723572
0.9623182415962219
0.5496673583984375
0.6515573263168335
0.9208138585090637
0.8395600318908691
0.4573989510536194
0.5060375928878784
0.7769034504890442
0.745804488658905
0.6355044841766357
0.7965100407600403
0.19625596702098846
0.97464519739151
