0.46804890036582947
0.5198423266410828
0.5100198984146118
0.3809642195701599
0.7931171655654907
0.6204429864883423
0.6599818468093872
1.0563145875930786
0.25996607542037964
0.6712300777435303
0.5822060704231262
0.47197991609573364
0.7677047848701477
0.8109700083732605
0.2716621458530426
0.36449506878852844
0.7871137857437134
0.3673586845397949
0.5361742377281189
0.5657848715782166
0.234878271818161
0.6936417818069458
0.5163648724555969
0.5979406833648682
0.7321435213088989
0.393623411655426
0.656070351600647
0.3527134358882904
0.5486577749252319
0.39182940125465393
0.8838889002799988
0.9508172869682312
0.374331533908844
0.565444827079773
0.4744378924369812
0.2619665563106537
0.45770263671875
0.3882612884044647
0.4463675618171692
0.6645134687423706
0.33769163489341736
0.23053252696990967
0.833447277545929
0.8226006627082825
0.5340194702148438
0.5068443417549133
0.6180897951126099
0.6507019400596619
0.48220062255859375
0.4147461950778961
0.4196357727050781
0.7536569237709045
1.9221127033233643
0.2982218265533447
0.4434019923210144
0.23147761821746826
0.7851558923721313
0.8939234614372253
0.4425385594367981
0.9201943278312683
0.2829071581363678
0.29600876569747925
0.5266027450561523
0.806424617767334
0.5152974128723145
0.3494872748851776
0.44418349862098694
0.4138850271701813
0.2976492941379547
0.7207794189453125
0.7020350694656372
0.34814292192459106
0.3765753507614136
0.6516605615615845
1.8675134181976318
0.2535703778266907
0.48126882314682007
0.3297150135040283
0.7741333246231079
0.2853296399116516
0.5937435030937195
0.6433408260345459
0.5302359461784363
0.3552621006965637
0.6770275235176086
0.9178428649902344
0.5381003618240356
0.8472112417221069
0.45177268981933594
0.6042531132698059
0.38610225915908813
0.3009633421897888
0.4344800114631653
0.5309035181999207
0.5280207395553589
0.4826059341430664
0.3179488480091095
0.9629950523376465
0.24228239059448242
0.36723822355270386
0.39592868089675903
0.672972559928894
0.7693310379981995
0.5297636985778809
0.7492801547050476
0.7392315864562988
0.4628297686576843
0.7246955633163452
0.8996028900146484
0.290345162153244
0.43866753578186035
0.4272822439670563
0.525307834148407
0.3642747104167938
0.7190064787864685
0.4701799750328064
0.5479312539100647
0.5612307786941528
0.3377673029899597
0.33540433645248413
0.2636045217514038
0.21304602921009064
0.6373327970504761
0.4804443418979645
0.5195270776748657
0.7159762978553772
0.44711071252822876
0.5094162225723267
0.969687819480896
0.701565682888031
0.3596874475479126
0.3641769587993622
0.7850485444068909
0.3324972987174988
0.4934503138065338
0.48048773407936096
0.5569918155670166
0.9627984762191772
0.7002767324447632
0.5322237610816956
0.5174086689949036
0.6342872977256775
0.3730365037918091
0.5424641370773315
0.6559582948684692
0.9105186462402344
0.26416248083114624
0.45995378494262695
0.5658231973648071
0.4215927720069885
0.6666345596313477
0.7666665315628052
0.3694482445716858
0.6980679631233215
0.33609962463378906
0.2904725670814514
0.2525540888309479
1.0532664060592651
0.6660910248756409
0.6146681308746338
0.4912467896938324
0.6782054305076599
0.5866407752037048
0.36537376046180725
0.5435675382614136
0.6549462080001831
0.4875701069831848
0.8371259570121765
0.41088342666625977
0.29297295212745667
0.641586422920227
1.1147361993789673
0.4469214081764221
0.10828235000371933
0.473940372467041
0.8868229985237122
0.6620423197746277
0.26834121346473694
0.9421476125717163
0.5630556344985962
0.4632326662540436
0.5961508750915527
0.3468436598777771
0.4742179811000824
0.3614736497402191
0.7362169027328491
0.7284666299819946
0.681572675704956
0.723263144493103
0.6993794441223145
0.37540507316589355
0.6563253998756409
0.48446083068847656
0.4367879033088684
0.8170217275619507
0.5552600622177124
0.5446863174438477
0.5010319948196411
0.8214277029037476
0.7605440020561218
0.18235865235328674
0.6816542148590088
0.5331038236618042
0.7222889065742493
0.2725549340248108
0.5466073155403137
1.1294753551483154
0.4040397107601166
0.7402268648147583
0.5028456449508667
0.3898538649082184
0.4326837956905365
0.7770973443984985
0.5497257113456726
0.3966127038002014
0.4176201820373535
0.4934754967689514
0.2883910536766052
0.8092486262321472
0.5776464939117432
0.5412799715995789
0.5106461048126221
0.40135878324508667
0.40464407205581665
0.6011501550674438
0.5960174202919006
0.5736181735992432
0.7517491579055786
0.33415016531944275
0.4848683476448059
0.4643767476081848
0.3575233221054077
0.6761638522148132
0.5889235138893127
0.3612731099128723
0.5727664232254028
0.5017563700675964
0.9010737538337708
0.47419077157974243
0.193597674369812
0.5700821280479431
0.5332909822463989
0.38656729459762573
0.49023208022117615
0.37353286147117615
0.6212030053138733
0.7437256574630737
0.9624481201171875
0.36192479729652405
0.6894978284835815
0.5307062864303589
0.3009553849697113
0.5634239912033081
0.5552915334701538
0.26943182945251465
0.4541308879852295
0.6780828237533569
0.3169551193714142
0.18817360699176788
0.38893407583236694
0.3248889446258545
0.16493502259254456
0.2735723555088043
0.43293052911758423
0.6113844513893127
0.5327281951904297
0.47727370262145996
0.3258037865161896
0.42544594407081604
0.2860255837440491
1.0382211208343506
0.6357889175415039
0.28860849142074585
0.5725594162940979
0.25314274430274963
0.4360783100128174
0.22549226880073547
0.4565562307834625
0.4443194270133972
0.6480149030685425
0.33626610040664673
0.6141127943992615
0.5465216040611267
0.42044901847839355
0.6734399199485779
0.40625840425491333
0.802564799785614
0.8013864755630493
0.395294725894928
0.33520030975341797
0.5652353763580322
0.5069698691368103
0.45616793632507324
0.8595735430717468
0.8329204320907593
0.3379383683204651
0.7459843158721924
0.44846534729003906
0.21519315242767334
0.4251233637332916
0.4475642740726471
0.7255269289016724
0.27477091550827026
0.7162214517593384
0.6979349851608276
0.6049264669418335
0.331193745136261
0.234218567609787
0.23418550193309784
0.5514305233955383
0.5074723362922668
0.33747729659080505
0.485048770904541
0.48266711831092834
0.3318198323249817
0.5054163932800293
0.5488207340240479
0.3619568347930908
0.4945109486579895
0.9144954681396484
0.9112004041671753
0.39327916502952576
0.300517201423645
0.29308781027793884
0.9294428825378418
0.3557170629501343
0.484729528427124
0.5383279919624329
0.47638216614723206
0.4450832009315491
0.3998081088066101
0.5750292539596558
0.5980401039123535
0.47658318281173706
0.6564909219741821
0.4631749987602234
0.7194450497627258
0.6690526008605957
