0.33476513624191284
0.5850241184234619
0.34309452772140503
0.6214650869369507
0.679338812828064
0.8776028752326965
0.3694339096546173
0.6117326021194458
0.2942773699760437
0.2703186273574829
0.49904775619506836
0.2879493832588196
1.0613203048706055
0.5474561452865601
1.163321852684021
0.9289306402206421
0.7070139646530151
0.32655373215675354
0.39474359154701233
0.49276289343833923
0.6912587881088257
0.8143355250358582
0.16749368607997894
0.669143557548523
1.045076847076416
0.8407703638076782
0.24089598655700684
0.3400760591030121
0.1486031860113144
0.4474800229072571
0.8455772399902344
0.4259106516838074
0.5854179263114929
0.4855331480503082
0.3937031328678131
0.1675443798303604
0.3336438536643982
0.5880073308944702
0.7411750555038452
0.2720746397972107
0.4506421983242035
0.4206613004207611
1.0963013172149658
0.3853258192539215
0.5727168321609497
0.2987268269062042
0.3496696650981903
0.5184876322746277
0.5675822496414185
0.42193087935447693
0.5585702657699585
0.23935632407665253
0.7139303088188171
0.4968354105949402
0.3457917869091034
0.6600893139839172
1.1319057941436768
0.6137502193450928
0.6121760606765747
0.5688518285751343
0.5331000089645386
0.642135500907898
0.6585741639137268
1.4392735958099365
0.9471767544746399
0.518134593963623
0.5640643835067749
0.5651809573173523
0.2749968469142914
0.5071572065353394
0.7656658887863159
0.2992333769798279
0.6400737762451172
0.5152786374092102
0.41989001631736755
0.22420993447303772
0.31286755204200745
0.18673297762870789
0.7259883880615234
0.7870011329650879
0.41444072127342224
0.5421581268310547
0.5135143995285034
0.47989600896835327
0.7580511569976807
0.8072668313980103
0.5072490572929382
0.49592193961143494
0.42286691069602966
0.9382759928703308
0.5705501437187195
0.19295337796211243
0.8591502904891968
0.2969353497028351
0.2530134618282318
1.0387523174285889
0.5663763880729675
0.6387708783149719
0.46489420533180237
0.45914873480796814
0.4034687578678131
0.9175091981887817
0.7748063802719116
0.44673997163772583
0.5607266426086426
0.476746141910553
0.26289230585098267
0.5669470429420471
0.27015286684036255
0.27794355154037476
0.3885645270347595
0.4718846380710602
0.4965793192386627
0.2513023018836975
0.4172322154045105
0.5324610471725464
0.4001564085483551
0.5711836814880371
0.2074662446975708
0.2942125201225281
0.6863926649093628
0.4755188822746277
0.703324019908905
0.4052495062351227
0.5071405172348022
0.4172927737236023
0.39202946424484253
0.4250715672969818
0.629376232624054
0.42286553978919983
0.5365242958068848
0.39810794591903687
0.5907759666442871
0.7182409167289734
0.6462482810020447
0.5459738969802856
0.2359030693769455
0.6237640380859375
0.6128553152084351
0.41112297773361206
0.36236417293548584
0.2999024987220764
0.42370885610580444
0.4807068407535553
0.6496127843856812
0.23076887428760529
0.37060731649398804
0.4889163374900818
0.48114532232284546
0.23521478474140167
0.3100571036338806
0.7326000332832336
0.4511600136756897
0.35753822326660156
0.4614393711090088
0.1988653987646103
0.43772953748703003
0.652248740196228
0.9292892217636108
0.45336827635765076
0.40093278884887695
0.45038142800331116
0.8226487040519714
0.3754299283027649
0.27559930086135864
0.7924586534500122
0.6413516998291016
0.8885847926139832
0.4405852258205414
0.5241426229476929
0.5921317934989929
0.7027226686477661
0.5637173652648926
0.2523016929626465
0.6395052671432495
1.0058650970458984
0.22520418465137482
0.5241857767105103
0.679078221321106
0.6423612833023071
0.8699744939804077
0.2083158940076828
1.0100723505020142
0.7840059399604797
0.2720303535461426
0.2587842643260956
0.37652578949928284
0.23447313904762268
0.6902602910995483
0.416424423456192
0.13329899311065674
0.5966358184814453
0.5433864593505859
0.768346905708313
0.8675783276557922
0.6409203410148621
0.43671879172325134
0.4842565953731537
0.31129884719848633
0.9115058779716492
0.8553755879402161
0.45806655287742615
0.5776106119155884
0.6213787198066711
0.7992274761199951
0.4867915213108063
0.2748313546180725
0.4483376443386078
0.41846293210983276
1.0489394664764404
0.4114709794521332
0.5815931558609009
0.6743292212486267
0.30793505907058716
0.7050098180770874
0.4199954867362976
0.716218113899231
0.28240182995796204
0.39420342445373535
0.41480088233947754
0.8193737268447876
0.5918049812316895
0.17993704974651337
0.3898232877254486
0.4056956171989441
0.7155412435531616
0.5295775532722473
0.9560810327529907
0.6041922569274902
0.7866815328598022
0.4912131428718567
0.893589198589325
0.426736056804657
0.6617805361747742
0.8907573819160461
0.3725770115852356
0.7097254991531372
0.5088354349136353
0.5153695344924927
0.2016144096851349
0.5985913872718811
0.4229360520839691
1.2258723974227905
0.8373022079467773
0.5175105333328247
0.534633457660675
0.6596823930740356
0.5902358293533325
0.4107378423213959
0.4294279217720032
0.4567265510559082
0.3202248215675354
0.6370159983634949
0.7830888628959656
0.5573481321334839
0.5018362998962402
0.6434632539749146
0.4393060803413391
0.5020524263381958
0.341420441865921
0.49656423926353455
0.46611252427101135
0.36857718229293823
0.48261627554893494
0.38366737961769104
0.5581859350204468
0.339881032705307
0.2155863344669342
0.38669878244400024
0.28799453377723694
0.3518557548522949
0.3073808550834656
0.12883789837360382
0.43349313735961914
0.4376571774482727
0.374663770198822
0.48000019788742065
0.5015421509742737
0.3555256426334381
0.7499254941940308
0.37860795855522156
0.3771103322505951
0.6745145916938782
0.4786854386329651
0.6743475794792175
0.4965263307094574
0.5265398621559143
0.3912162184715271
0.48717814683914185
0.305763840675354
0.5411626100540161
0.2519419491291046
0.5722790956497192
0.3266168534755707
0.6115116477012634
0.2166297733783722
0.3007839322090149
0.6878150701522827
0.6175311207771301
0.5424337983131409
0.22310128808021545
0.7564301490783691
0.35485735535621643
0.725045919418335
0.33911141753196716
0.35683998465538025
0.5985628962516785
0.6286906003952026
0.24033145606517792
0.4505993723869324
0.2027917355298996
0.6433663964271545
0.498185932636261
0.40465790033340454
1.2866815328598022
0.4486929774284363
0.9117449522018433
0.5140266418457031
0.5029032826423645
0.6634993553161621
0.21521437168121338
0.5480364561080933
0.5834583044052124
0.22824497520923615
0.6103108525276184
0.2998715937137604
0.4502426087856293
0.9037634134292603
0.20436987280845642
0.5983799695968628
0.5364816784858704
0.880256175994873
0.9481207728385925
0.6405578851699829
0.9319604635238647
0.23615923523902893
0.17363819479942322
1.6465750932693481
