0.7737984657287598
0.5864354372024536
0.808313250541687
0.4719424247741699
0.40425172448158264
0.37186962366104126
0.3525577485561371
0.9702551960945129
0.32976192235946655
0.46616944670677185
0.3327026665210724
0.2640547752380371
0.6822199821472168
0.226538747549057
0.7914173603057861
0.3809874653816223
0.4919655919075012
0.38850322365760803
0.3279615044593811
0.3019055426120758
0.42902764678001404
0.30685001611709595
0.40202760696411133
1.1411577463150024
0.6782337427139282
0.42239493131637573
0.6223106384277344
0.5342307090759277
0.4516925811767578
0.28917670249938965
1.344014048576355
0.5841246247291565
0.3751280605792999
0.8038796186447144
0.8532411456108093
0.30845120549201965
0.27859610319137573
0.6174899339675903
0.255671888589859
1.1615734100341797
0.7289296388626099
0.4464709162712097
0.4830409586429596
0.5982719659805298
1.037266492843628
0.6963008642196655
0.4694783091545105
0.5358299016952515
0.7374632358551025
0.35382649302482605
0.45124977827072144
0.36161404848098755
0.5822380781173706
0.7951052188873291
0.5789392590522766
0.5348858833312988
0.4701073169708252
0.6451393365859985
0.933746337890625
0.9224563837051392
0.4424223303794861
0.3503449261188507
0.5545872449874878
0.3849447965621948
0.30219778418540955
0.31777602434158325
0.37150898575782776
0.3159853518009186
0.27979737520217896
0.6029032468795776
0.5889544486999512
0.4831222891807556
0.2820277512073517
0.6636479496955872
0.4255360960960388
0.24829664826393127
0.366116464138031
0.3224357068538666
0.2691444754600525
0.3269053101539612
0.30802029371261597
0.8009157180786133
0.8176246881484985
0.17318513989448547
0.4980536103248596
0.3631923794746399
0.506244957447052
0.34674209356307983
0.5526179671287537
0.3388919234275818
0.7262328267097473
0.4694080948829651
0.35165637731552124
0.5176640748977661
0.6054545640945435
0.6309928894042969
0.7567796111106873
0.7082537412643433
0.7587694525718689
0.6328691244125366
0.6911753416061401
0.9850971102714539
0.4021986424922943
0.4148135185241699
0.5412041544914246
0.4499777853488922
0.40827006101608276
0.5345494747161865
0.409574419260025
0.42143768072128296
0.18860933184623718
0.5970464944839478
0.48717808723449707
0.5016323328018188
0.3753368556499481
0.7788491249084473
0.3854950964450836
0.5181576013565063
1.0747555494308472
0.4030914306640625
0.9471887350082397
0.6680799722671509
0.3133735656738281
0.609028697013855
0.6251887083053589
0.3465651869773865
0.4174068570137024
0.6438604593276978
0.4069889187812805
0.9702503085136414
0.573704183101654
0.4899979531764984
0.44389185309410095
0.4170216917991638
0.7439628839492798
0.4833524823188782
0.5130977034568787
0.6639488935470581
0.6940196752548218
0.19595886766910553
0.7442313432693481
0.5508784055709839
0.48438578844070435
0.7836983799934387
0.8466245532035828
0.34724363684654236
0.5633419752120972
0.6657444834709167
0.6260411143302917
0.46338772773742676
1.3628487586975098
0.7064181566238403
0.8000432848930359
0.5900832414627075
0.46414798498153687
0.367658793926239
0.5998125076293945
0.39722663164138794
0.24947524070739746
0.49023160338401794
0.8918603658676147
0.31183868646621704
0.4094054698944092
0.6070266962051392
0.6178385615348816
0.4344103932380676
0.9373122453689575
0.3687686622142792
0.7231271862983704
0.5524739623069763
0.4837760031223297
0.37525901198387146
0.37253788113594055
0.3190155625343323
0.2759747803211212
0.2197767049074173
0.14918328821659088
0.4790380001068115
0.4969884753227234
0.5077050924301147
0.44681113958358765
0.6064156293869019
0.45710277557373047
0.9572728872299194
0.3294288218021393
0.38166794180870056
0.6155260801315308
0.48143869638442993
0.624386191368103
0.1784384697675705
0.25081121921539307
0.5021082758903503
0.220363050699234
0.9331790804862976
0.5141026377677917
0.4227570593357086
0.5574506521224976
0.8385177850723267
0.577551007270813
0.4359470307826996
0.891027569770813
0.4006839692592621
0.5008122324943542
0.38654717803001404
0.2922045588493347
0.3630819320678711
0.5190809965133667
0.3404378294944763
0.5862489938735962
0.8603065609931946
0.7072234153747559
0.41378849744796753
0.5350717902183533
1.0247882604599
0.30157870054244995
0.5368359088897705
0.7013463377952576
0.6125805377960205
0.5559250116348267
0.3771134912967682
1.1897599697113037
0.494844913482666
1.34246826171875
0.8422282934188843
0.12794674932956696
0.45894575119018555
0.3016473650932312
0.37024396657943726
0.36579629778862
0.6107879877090454
0.7563340067863464
0.6691500544548035
0.38145506381988525
0.5059806108474731
0.29908832907676697
0.35133934020996094
0.5080763697624207
0.2733636200428009
0.5111098885536194
0.37866678833961487
0.8073393106460571
0.45542508363723755
0.5344142913818359
0.6259830594062805
0.8058975338935852
0.42538419365882874
1.1224178075790405
0.3912356197834015
0.4765554368495941
0.6661623120307922
0.2993619740009308
1.15921950340271
0.459613561630249
0.43370676040649414
0.4747673571109772
0.6129838228225708
0.9592705965042114
0.6112433671951294
0.31025928258895874
0.3689836859703064
0.8204062581062317
0.3393459916114807
0.5622730255126953
0.423157274723053
0.3779827952384949
0.5171513557434082
0.37138810753822327
0.5301335453987122
0.9476275444030762
0.3556331992149353
0.5744447112083435
0.34086254239082336
0.6387385725975037
0.32232165336608887
0.3908133804798126
0.44215402007102966
0.6330217719078064
0.3681178689002991
1.026755690574646
0.8161829113960266
0.9445903897285461
0.5510590672492981
0.42661699652671814
0.8921910524368286
0.5842733979225159
1.145493745803833
0.32389751076698303
0.6418946385383606
0.6015567183494568
0.6789745688438416
0.59284508228302
0.2676665484905243
0.5060517191886902
0.524450421333313
0.8330291509628296
0.7319074273109436
0.83380126953125
0.3925931751728058
0.42389360070228577
0.4133675694465637
0.5273915529251099
0.32213401794433594
0.9381574392318726
1.17621648311615
0.668817400932312
0.16858777403831482
0.31278809905052185
0.5756450891494751
0.47812724113464355
0.839686393737793
0.6679948568344116
0.32147926092147827
0.666735053062439
0.799910843372345
0.8653956651687622
0.23871132731437683
0.5625801086425781
0.4446036219596863
0.841231644153595
0.4149353504180908
0.7314643263816833
0.3756985664367676
0.7766961455345154
1.1336051225662231
0.2754911482334137
0.34499591588974
0.5676494240760803
0.5646480321884155
0.8397918939590454
0.32129108905792236
0.6261452436447144
0.4892350733280182
0.5501638650894165
0.6639172434806824
0.5076957941055298
0.868664562702179
0.5640591382980347
1.657972812652588
