0.5307135581970215
0.8221209645271301
0.5812362432479858
0.8393577337265015
0.6026953458786011
0.5442765951156616
0.4754520058631897
0.4913528561592102
0.42759376764297485
0.43630972504615784
0.3403724730014801
0.26683205366134644
0.7448791265487671
1.0964421033859253
0.27445322275161743
0.4834015965461731
0.4862353205680847
0.41710585355758667
0.9445009231567383
0.47046059370040894
0.5347944498062134
0.3084798753261566
0.6675333380699158
0.4970388412475586
0.4651756286621094
0.32761892676353455
0.7227713465690613
1.0312036275863647
0.49409398436546326
0.446178674697876
0.4237402081489563
0.4087159037590027
0.2736372947692871
0.5148255825042725
0.5743802189826965
0.4434758126735687
0.8377695083618164
0.9439991116523743
0.43984919786453247
0.32963523268699646
0.6289934515953064
0.41995057463645935
0.3284377455711365
0.5263206362724304
1.2632266283035278
0.4734511971473694
0.42005425691604614
0.8507501482963562
0.21916666626930237
0.4515487253665924
0.3894645571708679
0.6517101526260376
0.3308295011520386
0.281861275434494
0.6075373888015747
0.23381200432777405
0.41799265146255493
0.599484920501709
0.728187084197998
0.6147786974906921
0.5986381769180298
0.8724042773246765
0.8161683082580566
0.9044521450996399
0.9687554240226746
0.15978530049324036
0.7110692262649536
0.5161380171775818
0.6853404641151428
0.3843366503715515
0.5548238754272461
0.3709312379360199
0.5380271077156067
0.3552427589893341
0.9650396108627319
0.4126410484313965
0.8590067625045776
0.7738345861434937
0.27671006321907043
0.45876646041870117
0.8292549848556519
0.6685644388198853
0.5299876928329468
0.2592041790485382
1.1068947315216064
0.655439555644989
0.45210057497024536
0.5040878057479858
0.7812684178352356
0.36089688539505005
0.4029237627983093
0.9009366035461426
0.3056182265281677
0.7260582447052002
0.4825364053249359
0.6890865564346313
0.3966532051563263
0.40035170316696167
0.6559819579124451
0.43307915329933167
0.8102720975875854
0.4597058892250061
0.9338043928146362
0.4375496506690979
0.5940425992012024
0.4846782088279724
0.7288214564323425
0.7871588468551636
0.37415310740470886
0.23886731266975403
0.4411608576774597
0.2694127559661865
0.3980540633201599
0.8412138223648071
0.6400775909423828
0.4593363404273987
0.5466964840888977
0.3290294110774994
0.37161004543304443
1.1672694683074951
0.3995658755302429
0.7860021591186523
0.28343701362609863
0.48209771513938904
0.6558452844619751
0.4056454300880432
0.26662319898605347
0.7110720872879028
0.5732008218765259
0.2324938029050827
0.2382020652294159
0.6186672449111938
0.3938644528388977
0.3513360619544983
0.41188859939575195
0.5098000764846802
0.46892157196998596
0.311270534992218
0.4005732536315918
0.46029233932495117
0.5004581212997437
0.5903964042663574
0.4149358868598938
0.3714214861392975
1.0064512491226196
0.5653704404830933
0.364493191242218
0.605799674987793
0.4212852120399475
0.2933777868747711
0.3367406725883484
0.6137382984161377
0.6236025094985962
0.5974752902984619
1.2301585674285889
1.3868458271026611
0.4222634434700012
0.9753263592720032
0.24136300384998322
0.6856958866119385
0.3652401864528656
0.43396225571632385
0.22738388180732727
0.5882748365402222
0.6930306553840637
0.8171399831771851
0.42934584617614746
0.6808881759643555
0.48274093866348267
0.5908383131027222
0.5334832072257996
0.30048441886901855
0.46906882524490356
0.17720332741737366
0.945209801197052
0.3006056845188141
0.6696092486381531
0.6779166460037231
0.28443124890327454
0.29826802015304565
0.41652679443359375
0.3194071352481842
0.25627774000167847
0.682442307472229
0.9442623257637024
0.4743441641330719
0.5587011575698853
0.36938685178756714
0.802338719367981
0.4429880976676941
0.5723281502723694
0.3237592577934265
0.7867400050163269
1.5896143913269043
0.6337214708328247
0.7470148205757141
0.5794399380683899
0.5424455404281616
0.294746458530426
0.41498780250549316
0.28943029046058655
0.2850656807422638
0.5845591425895691
0.271178662776947
0.3954121172428131
0.22933530807495117
0.4499722123146057
0.6946936845779419
0.44706687331199646
0.2791615128517151
0.36917829513549805
0.26086533069610596
0.800902247428894
0.8992515802383423
0.9225242733955383
0.4349435269832611
0.8164545297622681
0.23956477642059326
0.514771580696106
0.26467642188072205
0.7233673930168152
0.3031904697418213
0.7182275056838989
0.40221938490867615
0.6322073340415955
0.40574854612350464
1.018149495124817
1.0088386535644531
0.39433592557907104
0.3208632171154022
0.9716703295707703
0.32766371965408325
0.4918380677700043
0.43246784806251526
0.8760991096496582
0.49692267179489136
0.8444615602493286
0.282812237739563
0.4709710478782654
0.6581316590309143
0.40533703565597534
0.5430375933647156
0.4682868421077728
0.21596424281597137
0.3369937241077423
0.354253351688385
0.433497816324234
0.4782823920249939
0.5310546159744263
0.31674861907958984
0.28740984201431274
0.9351106882095337
0.7378705739974976
0.5998775959014893
0.41724687814712524
0.6796026825904846
0.4485715925693512
0.6715003252029419
0.2983088493347168
0.54914391040802
0.7743969559669495
0.6288691759109497
0.5013313889503479
0.3556503355503082
0.429953396320343
0.780703067779541
0.8576677441596985
0.7338287234306335
0.42569851875305176
0.534820020198822
0.3041929602622986
0.20767898857593536
0.7747214436531067
0.49431222677230835
0.7628498673439026
0.5309679508209229
0.3530275225639343
0.9587936401367188
0.5659273266792297
0.5521095395088196
0.41241106390953064
0.25921183824539185
0.3121534287929535
0.5112117528915405
0.4885779321193695
0.48575764894485474
0.5558029413223267
0.8500808477401733
0.4100998342037201
0.4411250054836273
0.7516604661941528
0.7350492477416992
0.439164936542511
0.2860885560512543
0.5221272706985474
0.41420778632164
0.557998776435852
0.6302376389503479
0.6437753438949585
0.12377268075942993
0.7875708341598511
0.22445853054523468
0.4534876346588135
0.38660988211631775
0.4219955801963806
0.6468725800514221
0.7853288650512695
0.5113404989242554
0.49915963411331177
0.6459988355636597
0.7244340777397156
0.6406778693199158
0.4148085117340088
0.434457927942276
0.5614675283432007
0.5440171957015991
0.3812014162540436
1.4174938201904297
0.46562737226486206
0.2610704302787781
0.8057891130447388
0.4235253930091858
0.5590118765830994
0.8827487230300903
0.7216284871101379
0.4136369824409485
0.7373068928718567
0.5085591077804565
0.6794867515563965
0.4645145833492279
0.9206482768058777
0.6951228380203247
0.41119813919067383
0.4708735942840576
0.5234232544898987
0.7267595529556274
0.49369025230407715
0.6456971168518066
