0.7307292222976685
0.5309485197067261
0.4710748791694641
0.6451503038406372
0.7795506715774536
1.6537777185440063
0.5331511497497559
0.4431358277797699
0.669678807258606
0.756218433380127
0.452784925699234
0.7493877410888672
0.7573181986808777
0.5036773681640625
0.48241257667541504
0.7493289709091187
0.4572673738002777
0.5863226652145386
0.4139324724674225
0.49569788575172424
0.7099612951278687
0.903903603553772
0.6865154504776001
1.2758748531341553
0.600466787815094
0.5873678922653198
0.4472421705722809
0.6403576135635376
0.6389631032943726
0.5838884115219116
0.46327200531959534
0.7150334119796753
1.1608482599258423
0.5248343348503113
0.41099482774734497
0.4605800211429596
0.4326809048652649
0.9338180422782898
0.6867626309394836
0.5522240996360779
0.6576801538467407
0.49312227964401245
0.42037278413772583
1.066835880279541
1.0044772624969482
0.9145280718803406
1.2576096057891846
0.7781211137771606
0.7498067617416382
1.0304596424102783
0.7180469632148743
1.3844375610351562
0.8599237203598022
0.7477453947067261
0.7046713829040527
0.8087302446365356
0.6486204862594604
0.7716867923736572
0.7997564673423767
0.9102959632873535
0.5620465278625488
0.7746418714523315
0.42239245772361755
0.8818389773368835
0.48549872636795044
0.4799880087375641
0.604690432548523
1.0037517547607422
0.4855700433254242
0.6366309523582458
0.6702254414558411
0.7156864404678345
1.086695909500122
0.687221348285675
0.654953122138977
0.6844375133514404
0.6195470690727234
0.6726456880569458
0.6323952674865723
0.42085957527160645
0.8769140243530273
0.834856390953064
0.6186422109603882
0.5766324996948242
0.7336806058883667
0.9248676300048828
1.031656265258789
0.6107717752456665
0.9692352414131165
0.4322022795677185
0.6700974106788635
0.4651438593864441
0.4993332028388977
0.7876845598220825
0.8579815626144409
1.191401720046997
0.7897704243659973
0.7682794332504272
0.9320657849311829
0.648277759552002
0.8674746751785278
0.4256165027618408
1.0441596508026123
0.5958572626113892
0.616904079914093
1.1179091930389404
0.4010871350765228
0.6707457304000854
0.6090244054794312
0.7172126770019531
0.9584289789199829
0.5371513366699219
0.7035786509513855
0.6953497529029846
0.6876693964004517
0.5555947422981262
0.6074725389480591
0.7873787879943848
0.697472870349884
0.4580267369747162
0.7163008451461792
0.8818710446357727
0.6116295456886292
0.8923185467720032
0.5573253631591797
1.183848261833191
1.1894627809524536
0.5689300298690796
0.5544880032539368
0.6012090444564819
0.7599568963050842
0.7737425565719604
0.6130110025405884
0.657605767250061
0.8957339525222778
1.2234381437301636
0.8829077482223511
0.5967192649841309
0.5971972346305847
0.5234689116477966
1.1052660942077637
0.984118640422821
0.8165735006332397
0.4898907244205475
0.5345972776412964
0.8574579954147339
0.5268113017082214
0.4834234118461609
0.5452191233634949
0.40370050072669983
0.4391323924064636
0.7165442705154419
0.6513141393661499
0.6145925521850586
0.9099851846694946
0.5386953353881836
0.6565121412277222
0.6465296745300293
1.0996003150939941
1.0654394626617432
0.6576046347618103
0.6365473866462708
0.5991609692573547
1.0204622745513916
0.3268113136291504
0.9349953532218933
0.5073954463005066
0.7780787348747253
0.3500509262084961
0.7536980509757996
0.48157554864883423
0.8320015668869019
1.0204331874847412
0.8323822021484375
0.9277741312980652
0.7681018710136414
0.595818817615509
0.40301814675331116
0.9118577837944031
1.2437629699707031
0.4336360991001129
0.8649733662605286
0.6903589963912964
0.9150674939155579
1.3594645261764526
0.5169194340705872
0.6386786103248596
0.7847736477851868
1.0623753070831299
0.5477136969566345
0.5464374423027039
0.5309125185012817
0.5943177938461304
1.1588389873504639
0.6959019303321838
0.4277346134185791
0.4428192973136902
0.7171524167060852
0.5569072365760803
0.6736117005348206
0.4809924066066742
0.753521740436554
0.5025762915611267
0.8315070867538452
0.6320312023162842
0.7494625449180603
0.8450189828872681
1.073940634727478
0.4602900445461273
0.5800832509994507
0.4311770498752594
0.5775806307792664
1.2171920537948608
0.7226524353027344
0.892447292804718
0.5948975086212158
0.721825361251831
0.8300535082817078
0.5255988836288452
0.6965484023094177
1.009554147720337
0.44852620363235474
0.618844211101532
1.0666648149490356
0.5474534034729004
0.5048547983169556
0.7224600911140442
0.600112795829773
0.6631965041160583
0.38833653926849365
0.7067633867263794
0.47113561630249023
0.5783047676086426
0.6384490728378296
0.3679109215736389
0.8798714876174927
0.6361419558525085
0.7670019268989563
0.4340724050998688
0.68087238073349
1.1157572269439697
0.5604318380355835
0.7152664065361023
0.9297741651535034
0.8520851135253906
0.8563681840896606
0.8676272630691528
0.7615967988967896
0.8085038065910339
0.7931650280952454
0.7278550267219543
0.7829025983810425
0.6176893711090088
0.6205430030822754
0.8471576571464539
0.7266056537628174
0.5088659524917603
0.715518593788147
0.6930267810821533
0.5399531126022339
0.8646339178085327
0.9042299389839172
0.9141870737075806
0.4389731287956238
0.6256622076034546
0.7885153293609619
0.4226374626159668
0.6134317517280579
1.1926374435424805
1.1174812316894531
0.5529835820198059
0.6605598330497742
0.6993107199668884
0.3312308192253113
0.6375766396522522
0.970395565032959
0.5846513509750366
1.069494605064392
0.46901994943618774
0.6290866732597351
0.9262169003486633
0.47211742401123047
0.7260944247245789
1.0569251775741577
0.7608655691146851
0.843281090259552
1.589903712272644
0.777384877204895
1.0358238220214844
0.49119383096694946
0.4409649968147278
0.7444539666175842
0.7287552356719971
0.5472734570503235
0.3975934386253357
0.7611082792282104
0.5417855381965637
1.3664627075195312
0.5945925712585449
0.950668454170227
0.5736953020095825
0.5891627669334412
0.48545679450035095
0.3288959860801697
0.7615674734115601
0.8630028963088989
0.535496711730957
0.8228825330734253
0.7372209429740906
0.7103997468948364
0.4445001184940338
0.6382018327713013
0.7647321820259094
0.40966638922691345
0.2997858226299286
0.6542434096336365
0.464960515499115
0.781715989112854
0.5071038603782654
0.6716527342796326
0.5004571080207825
0.5622957348823547
0.9561249613761902
0.36881765723228455
0.939946174621582
0.46174168586730957
0.6850237846374512
0.5599359273910522
0.6747180223464966
0.9985113143920898
0.5477692484855652
0.6948432922363281
0.6202724575996399
0.9331320524215698
0.5740276575088501
0.718788743019104
0.8802919387817383
1.1458994150161743
