0.5285965204238892
0.6207820773124695
0.5863997340202332
0.484240859746933
0.17949262261390686
0.3968046307563782
0.571151852607727
0.45526114106178284
0.368385910987854
0.258587509393692
0.5201749801635742
0.858263373374939
0.7671151161193848
0.5018364191055298
0.6009379625320435
0.8502225875854492
0.5983964204788208
0.828187108039856
0.8214901685714722
0.8060111999511719
0.6802164316177368
0.5993185043334961
0.5990654826164246
0.45538750290870667
0.5869446992874146
1.3134974241256714
0.4036092162132263
0.47113505005836487
0.5030143857002258
0.47610777616500854
0.47864407300949097
0.4773405194282532
0.5562887191772461
0.7537018656730652
0.34779903292655945
0.43932491540908813
0.26680463552474976
0.21225447952747345
0.4030838906764984
0.42732229828834534
0.4305822253227234
0.568311333656311
0.270768940448761
0.36694568395614624
0.18310973048210144
0.3951166570186615
0.4388943612575531
0.18812474608421326
0.3708442151546478
0.5369765758514404
0.6549208164215088
0.7144298553466797
0.42662325501441956
0.6279768347740173
0.5471746325492859
0.5782121419906616
0.48182493448257446
0.6310082674026489
0.688164472579956
0.6126025319099426
0.7205609083175659
0.2973896861076355
0.3709009885787964
0.47035345435142517
0.6504197120666504
0.5114113688468933
0.643700361251831
0.2641316056251526
0.3701225221157074
0.8599035143852234
0.48183661699295044
0.8698831796646118
0.37829169631004333
0.41028890013694763
0.677566409111023
0.3787722587585449
0.4400697648525238
0.8107458353042603
0.27929550409317017
0.8011900782585144
0.8388636708259583
0.23313860595226288
0.39421364665031433
0.5003944635391235
0.29944998025894165
0.3971957862377167
0.4789748787879944
0.4145386815071106
0.20749247074127197
0.39629173278808594
0.4966905117034912
0.33752843737602234
0.3288577198982239
0.32247430086135864
0.40204697847366333
0.7213330268859863
0.4979274868965149
0.46179714798927307
1.1379377841949463
0.8464706540107727
0.6473666429519653
0.5621352195739746
0.26293277740478516
0.31247425079345703
0.4648195803165436
0.20327964425086975
0.3665885031223297
0.2546244263648987
0.45866861939430237
0.5255106687545776
0.6442235708236694
0.3905237317085266
0.3472521901130676
0.6680827140808105
0.584945559501648
0.2359629124403
0.38223034143447876
0.6627929210662842
0.6596867442131042
0.3142910897731781
0.6772937774658203
0.5181020498275757
0.1961398869752884
0.5221846699714661
0.5029724836349487
0.7004852890968323
0.280180960893631
0.7599501609802246
0.46300143003463745
0.42190319299697876
0.6273747682571411
0.9291383028030396
0.42653101682662964
0.3626229763031006
0.595319390296936
0.4190322756767273
0.492434024810791
0.5117729902267456
0.6673330068588257
0.6948032379150391
0.6697498559951782
0.9204900860786438
0.31355220079421997
0.4318303167819977
0.18112878501415253
0.7320138216018677
0.20999327301979065
0.7292733192443848
0.44415712356567383
0.47423499822616577
0.47554048895835876
0.7775254249572754
0.3840150237083435
0.6700552701950073
0.480316162109375
0.34747615456581116
0.5997653603553772
0.6837105751037598
0.2612493336200714
0.4727284908294678
0.4631027579307556
0.597978949546814
0.5397902131080627
0.4995635151863098
0.6172372698783875
0.7224732637405396
0.2666236460208893
0.35850587487220764
0.34083712100982666
0.7630228996276855
0.8389903903007507
0.4754315912723541
0.4464845657348633
0.4449824392795563
0.4995933473110199
0.4085187017917633
0.7600494623184204
0.42352503538131714
0.22843584418296814
0.4291125237941742
0.43265581130981445
0.5914126634597778
0.5188583135604858
0.44213229417800903
0.42369556427001953
0.3736879527568817
0.6096426248550415
0.9358247518539429
0.6228104829788208
0.5181053280830383
0.18234725296497345
0.5795294046401978
0.41888147592544556
0.3776649832725525
0.5214951634407043
0.6069543957710266
0.8801307678222656
0.4139774441719055
1.6540043354034424
1.0756055116653442
0.6739411354064941
0.4755393862724304
0.6386687755584717
0.6717338562011719
0.6515330076217651
0.2717246413230896
0.9992526769638062
0.5772000551223755
0.49684563279151917
0.29019221663475037
0.9291793704032898
0.46351662278175354
0.4785316586494446
0.33128511905670166
0.7933703660964966
0.4631110727787018
0.5395046472549438
0.8977373838424683
0.5641113519668579
0.5201253890991211
1.152918815612793
0.526738166809082
1.179592490196228
0.7669112086296082
0.48818325996398926
0.23672112822532654
0.561074435710907
0.3266858160495758
0.43291354179382324
0.5386165976524353
0.7142263054847717
0.4922093451023102
0.7212324142456055
0.4677402377128601
0.6202622652053833
0.7141479253768921
0.600597083568573
0.5822501182556152
0.8284203410148621
0.29908543825149536
0.45595574378967285
0.44485998153686523
0.8027242422103882
0.45198383927345276
0.7165460586547852
0.4926534593105316
0.2973606288433075
1.2205793857574463
0.4640812873840332
0.31764867901802063
0.2947660982608795
0.32380861043930054
0.37064942717552185
0.8028541803359985
0.24683134257793427
0.6242035627365112
1.1416528224945068
0.43949460983276367
0.24510471522808075
0.3976430296897888
0.561726450920105
0.3229159116744995
0.6879097819328308
0.7440875768661499
0.7459589242935181
0.3927718698978424
0.5027275085449219
0.23074135184288025
0.5338667631149292
1.0451879501342773
0.3711618483066559
0.44352293014526367
0.6685541272163391
0.7789180874824524
0.9739135503768921
0.5210672616958618
0.7112034559249878
0.9143173098564148
0.3141429126262665
0.24454276263713837
0.2870038151741028
0.47367554903030396
0.421682745218277
0.2488410472869873
0.7979647517204285
1.1136763095855713
1.927300214767456
0.3876567482948303
0.6116329431533813
0.6036579608917236
0.14380908012390137
0.523309051990509
0.24280329048633575
0.3025795817375183
0.8784096837043762
0.7503002285957336
0.529803454875946
0.41335049271583557
1.13273024559021
0.5402581095695496
0.3409830331802368
0.39484357833862305
0.8421160578727722
0.3847711384296417
0.5545703172683716
0.3043273985385895
0.49742212891578674
0.41196879744529724
0.6454101204872131
0.5819423794746399
0.296278178691864
0.527887761592865
0.7063034176826477
0.3209642171859741
0.4655952453613281
0.188497394323349
0.39823728799819946
0.7314999103546143
0.42283469438552856
0.8730608820915222
0.4771483540534973
0.6581817865371704
0.6125534772872925
0.755720853805542
0.35384881496429443
1.0658189058303833
0.2853967547416687
0.516913890838623
0.8817912936210632
0.5513979196548462
0.4593447148799896
0.41548603773117065
0.6469513177871704
0.48111027479171753
0.7295366525650024
0.321588397026062
0.6401339769363403
0.6196594834327698
