0.3188903033733368
0.5800186395645142
0.5127266645431519
0.5034500956535339
0.604422926902771
0.6963416934013367
0.8666625022888184
0.8105020523071289
0.6748744249343872
0.37231963872909546
0.38849735260009766
0.6345371007919312
0.3427274525165558
0.7911827564239502
0.3602883219718933
0.5689040422439575
0.2641640603542328
0.5482195615768433
0.5391954779624939
0.6004089117050171
0.7598802447319031
0.3750910758972168
0.6217280030250549
0.9379091262817383
0.35848671197891235
0.5679585337638855
0.6637599468231201
0.3215455412864685
0.40605539083480835
0.4930783212184906
0.47101226449012756
0.4393886625766754
0.8522970080375671
0.274080753326416
0.7851340174674988
0.3569156527519226
0.4288181662559509
0.8410772085189819
0.856688380241394
0.49665170907974243
0.8999501466751099
0.9382061958312988
0.39738258719444275
0.6460928320884705
0.19565507769584656
0.7320442199707031
0.6602388620376587
0.4342501163482666
0.5530813932418823
0.7135732769966125
0.3326961398124695
0.19755735993385315
0.3902086615562439
0.4460822641849518
0.44873982667922974
0.6772890090942383
0.9730121493339539
0.48282521963119507
0.8132239580154419
0.44030705094337463
0.27367112040519714
0.4421272873878479
0.3613709807395935
0.7000511288642883
0.4748927056789398
0.40976542234420776
0.9657847285270691
0.5335110425949097
0.7920037508010864
0.4979817271232605
0.5666946172714233
0.3936122953891754
0.6195375323295593
0.19106200337409973
0.23040542006492615
0.26873543858528137
0.8317538499832153
0.27393537759780884
0.32642215490341187
0.6452636122703552
0.48835650086402893
0.6507669687271118
0.3294838070869446
0.48752909898757935
0.6462799310684204
0.44551023840904236
0.6289916038513184
0.6660404205322266
0.7141966819763184
0.28034037351608276
0.737010657787323
0.5223283171653748
1.0757761001586914
0.6027863025665283
0.5520726442337036
0.7059534788131714
0.38634219765663147
0.4199778437614441
0.5741221904754639
0.27684909105300903
0.46305304765701294
1.0057098865509033
0.5720418095588684
0.7692599892616272
0.319931298494339
0.31907057762145996
0.2952149510383606
0.49123674631118774
0.47180452942848206
1.0954688787460327
0.5578507781028748
0.46112146973609924
0.5506851673126221
0.5310345888137817
0.36051154136657715
0.4973701536655426
0.4852603077888489
0.5184006690979004
0.750414252281189
0.6658870577812195
0.40402013063430786
0.8069341778755188
0.8519611358642578
0.5227268934249878
0.6165083646774292
0.8739367723464966
0.48360690474510193
0.7581323385238647
0.356442391872406
0.8176563382148743
0.4610033631324768
0.6159676313400269
0.6188499927520752
0.24928030371665955
0.7144023180007935
0.5271939039230347
0.41938313841819763
0.4385956823825836
0.5025845766067505
0.4903601109981537
0.40884047746658325
1.2584037780761719
0.4943053126335144
0.6454727053642273
1.8972327709197998
0.38667032122612
0.44660893082618713
0.5133763551712036
0.3936958909034729
0.5351468920707703
0.3234626352787018
0.3323003649711609
0.26965948939323425
0.40653133392333984
0.4581219553947449
0.2580506205558777
0.5591992735862732
0.39511173963546753
0.31832432746887207
0.5953264236450195
0.5436267256736755
0.5404209494590759
0.3047688603401184
0.3403788208961487
0.34809520840644836
0.36663344502449036
0.41938915848731995
0.6930462121963501
0.43038177490234375
0.42798614501953125
0.33108165860176086
0.44342002272605896
0.8701497912406921
0.369381844997406
0.5428326725959778
0.29301637411117554
0.8356615900993347
0.23377835750579834
0.6544809341430664
0.30432718992233276
0.21941204369068146
0.6316688060760498
0.8200615048408508
1.6388715505599976
0.9896400570869446
0.16394349932670593
0.8711292147636414
0.7567680478096008
0.4452448785305023
0.3976070284843445
0.7469643354415894
0.5190287828445435
0.3548373579978943
0.286810964345932
1.0460059642791748
0.3975975215435028
0.7554199695587158
0.4572697579860687
0.8866313695907593
0.5681273341178894
0.2676117420196533
1.1814371347427368
0.47639694809913635
0.4975157678127289
0.550258994102478
0.41616517305374146
0.2301386296749115
0.6556011438369751
0.3552337884902954
0.42462676763534546
0.7715290188789368
0.9876300692558289
1.0545295476913452
0.2797384262084961
0.5514949560165405
0.8693925738334656
0.5824509859085083
0.8123243451118469
0.6333119869232178
0.48682934045791626
0.3630571663379669
0.6809999942779541
0.5994821786880493
0.3811238706111908
0.8415542840957642
0.4672675132751465
0.8251419067382812
0.5562636256217957
0.5292279124259949
0.8017776608467102
0.19715778529644012
0.24614891409873962
0.4040099084377289
0.3976445496082306
0.29084569215774536
1.2163424491882324
0.8193586468696594
0.6480151414871216
0.22772499918937683
0.40355879068374634
0.5614738464355469
0.5686277151107788
0.7051433324813843
0.5056747198104858
0.34955543279647827
0.4092029631137848
0.9519400596618652
0.5442460179328918
0.9073721766471863
0.5944194793701172
0.5773752927780151
0.6734883785247803
0.3045061230659485
0.37615981698036194
0.4551711976528168
0.5514910221099854
0.47942954301834106
0.9280539751052856
0.5294461250305176
0.7266907691955566
0.3897310197353363
1.315782070159912
0.615088164806366
0.4572577476501465
0.542555570602417
0.4044845700263977
0.4170888066291809
0.46177443861961365
0.6464951634407043
0.5199934244155884
0.5129458904266357
1.0421271324157715
0.3418363332748413
0.5970052480697632
0.8502988815307617
0.6592787504196167
0.4013094902038574
0.8536750674247742
0.6520925760269165
0.5738504528999329
0.30274200439453125
0.5204565525054932
0.24442605674266815
0.6338363885879517
0.18958060443401337
0.5158030986785889
0.3372604548931122
0.6365572214126587
0.3489116430282593
0.27550265192985535
0.40125560760498047
0.2602127194404602
0.5812756419181824
0.5736157894134521
0.3770427107810974
0.4022740423679352
0.7629262804985046
0.7058440446853638
0.5811077952384949
0.44152727723121643
0.419685423374176
0.4451295733451843
0.3334506154060364
0.9850737452507019
0.7076835036277771
1.419449806213379
0.9610496759414673
0.5455649495124817
0.48321256041526794
0.3163667619228363
0.17659607529640198
0.9293437004089355
0.8043753504753113
0.6013479828834534
0.8071937561035156
1.024193286895752
0.2026737630367279
0.644388735294342
0.2560949921607971
0.6638543009757996
0.8510760068893433
0.9131027460098267
0.6646084785461426
0.9449049234390259
0.5745974183082581
0.5460129380226135
0.7174293994903564
0.39814823865890503
0.3870123624801636
0.7286821007728577
0.4699704051017761
0.45675817131996155
0.7154714465141296
0.9407843351364136
0.35671985149383545
0.6685081124305725
0.6122773289680481
0.3433646261692047
