0.3334283232688904
0.3510383069515228
0.4907730221748352
0.6737951636314392
0.2811375558376312
0.5487626791000366
0.5575371980667114
0.23915967345237732
0.6247156858444214
0.39591163396835327
0.4981165826320648
0.26265549659729004
0.4715310037136078
0.36724868416786194
0.37446343898773193
0.5484412312507629
0.6149139404296875
1.210554599761963
0.3937161862850189
0.7204573750495911
0.9164391756057739
0.29031890630722046
0.7569319009780884
0.4476473927497864
0.3093721866607666
0.5416821241378784
0.4170531630516052
0.39272212982177734
0.7363067269325256
0.3013388514518738
0.3922102749347687
0.7603747844696045
0.39161592721939087
0.40494537353515625
0.4960910677909851
0.7150839567184448
0.5649541020393372
0.5168194770812988
0.5196260809898376
0.688177227973938
0.5144866108894348
0.7656832933425903
0.46185898780822754
0.37496355175971985
0.5146046876907349
0.7143126726150513
0.407620906829834
0.666408121585846
0.31740254163742065
0.4604787826538086
0.6636359691619873
0.8100740313529968
0.5739482641220093
0.1778552234172821
0.4164814054965973
0.8988820910453796
0.4482003152370453
0.6315494775772095
0.5706859827041626
0.4796687066555023
0.24052739143371582
0.45852288603782654
0.5556808114051819
0.45675262808799744
0.5816183686256409
0.3738153874874115
0.5570114850997925
0.2583708167076111
0.8250759840011597
0.2704719305038452
0.3745656907558441
0.42543044686317444
0.5952588319778442
0.3130038380622864
0.30947867035865784
0.6212298274040222
0.8479930758476257
0.5344060659408569
0.7505172491073608
0.42924052476882935
0.7871434688568115
0.3208750784397125
0.41541019082069397
0.6394463777542114
0.7098067998886108
0.940955638885498
0.374636173248291
0.8263154029846191
0.5231670141220093
0.48486194014549255
1.0834693908691406
0.3819623589515686
0.5753317475318909
0.18568682670593262
0.482954740524292
0.6004875898361206
0.2805808186531067
0.8376395106315613
0.5855673551559448
0.6175892353057861
1.518756628036499
0.3951382040977478
0.21963009238243103
0.4323689341545105
0.33372122049331665
0.46628159284591675
0.3187499940395355
0.5613643527030945
0.42307573556900024
0.6960176229476929
0.44927120208740234
0.7149683833122253
0.6124199628829956
0.7887701392173767
0.5868264436721802
0.7150841951370239
0.3538861870765686
0.8164238929748535
0.5981841087341309
0.6851780414581299
0.5546877980232239
0.3789461851119995
0.36858272552490234
0.5729188919067383
0.9499915242195129
0.43454861640930176
0.2742381691932678
0.5612198710441589
0.39756593108177185
0.6947365999221802
0.4325566291809082
0.4415833055973053
0.4054655134677887
0.20961900055408478
0.5895750522613525
0.3646242022514343
0.3179648518562317
0.30356669425964355
0.911974310874939
0.552416205406189
0.5076085925102234
0.5159184336662292
0.33374840021133423
1.159100890159607
0.4991229176521301
0.35211244225502014
0.4500206410884857
0.3651314079761505
0.5806238055229187
0.3223963975906372
0.7283275723457336
0.64711993932724
0.821007251739502
0.4066097140312195
0.5546782612800598
1.3250529766082764
0.5866061449050903
0.4895075857639313
0.7055613994598389
0.28130456805229187
0.6092489361763
0.3751981556415558
0.421660840511322
0.1555456966161728
0.7869093418121338
0.5511067509651184
0.7404717206954956
0.24875672161579132
0.3204994797706604
0.8355024456977844
0.9078474044799805
0.5357990860939026
0.48391228914260864
0.5008500814437866
0.6569646596908569
0.2658124268054962
0.4900471270084381
0.1859133094549179
0.6181145906448364
0.43761521577835083
0.575975239276886
0.30243396759033203
0.4701666831970215
0.35303419828414917
0.538260817527771
0.2681756019592285
0.440185546875
0.3373073637485504
0.41433772444725037
0.8608651161193848
0.29523634910583496
0.6429703831672668
0.6093165278434753
0.6063427329063416
0.3324715793132782
0.27141910791397095
0.7756572365760803
0.6792310476303101
0.763447105884552
0.7014757990837097
0.26143914461135864
0.39018580317497253
0.8661829829216003
0.5488227009773254
0.5208789706230164
0.4356005787849426
0.3690636456012726
0.3743104040622711
0.3070095479488373
0.30437415838241577
0.5841318368911743
0.35727280378341675
0.33796006441116333
0.5887018442153931
0.4673895835876465
1.1095480918884277
0.28060799837112427
0.35692471265792847
0.5146945714950562
0.5252493619918823
0.749492883682251
0.369703471660614
0.29957836866378784
0.5522710680961609
0.6302543878555298
0.5170909762382507
0.4598488211631775
1.0876524448394775
0.8474710583686829
0.30082663893699646
0.5926980376243591
0.7668062448501587
0.47400498390197754
0.5582356452941895
1.1812725067138672
0.5115785598754883
0.764189600944519
0.2171793282032013
1.1331628561019897
0.8829832077026367
0.9149469137191772
0.3228439688682556
0.6286543607711792
0.4714317321777344
0.42533183097839355
0.4229850769042969
0.4139127731323242
0.2848590016365051
0.6204849481582642
0.3637677729129791
0.6346570253372192
0.4967978596687317
0.6993229985237122
0.34385448694229126
0.7550080418586731
0.5981769561767578
0.22800712287425995
0.7279134392738342
0.488579660654068
0.5092713236808777
1.087505578994751
1.0462071895599365
0.6016306281089783
0.6219307780265808
0.5739762187004089
0.5018531084060669
1.2233350276947021
0.32927799224853516
0.5225977301597595
0.3232460916042328
0.6560500860214233
0.8164690732955933
0.6018747091293335
0.4894421696662903
0.49167388677597046
0.3183577060699463
0.5271621346473694
0.46725136041641235
0.4088723063468933
0.6560057997703552
0.7366599440574646
0.2740651071071625
0.7462543249130249
0.8832012414932251
0.45501279830932617
0.6361221075057983
0.42519068717956543
0.5507441759109497
0.47415322065353394
0.20675352215766907
0.391285240650177
0.4892187714576721
0.3298088610172272
0.6577404737472534
0.9721563458442688
0.6089065074920654
0.2690039277076721
0.4356004595756531
0.2430778294801712
0.29010719060897827
0.2889884114265442
0.565998375415802
0.5213154554367065
0.4225645065307617
0.29794842004776
0.22981050610542297
0.5102300047874451
0.2955016493797302
0.2927533686161041
0.3362874984741211
0.36792901158332825
0.4918404519557953
0.35746389627456665
1.3279367685317993
0.2269251048564911
0.2877410650253296
0.5791774988174438
0.7248214483261108
0.44141778349876404
0.7138301730155945
0.7306274175643921
0.9364182353019714
0.760692298412323
0.630597710609436
0.6367202997207642
0.6541129350662231
0.6735931634902954
0.3160630166530609
0.5323075652122498
0.37532979249954224
0.9434739351272583
0.9392076730728149
0.2961674630641937
0.32230329513549805
0.2682752013206482
0.9726122617721558
0.8003923296928406
2.3503262996673584
