1.0713731050491333
0.49001002311706543
0.8993492126464844
0.5331979990005493
0.9561961889266968
0.5899046063423157
0.3559946119785309
0.23427312076091766
0.5089108943939209
0.5126479268074036
0.3795129954814911
0.37957659363746643
0.7534551620483398
0.4587748944759369
0.26189833879470825
0.41332119703292847
0.6616880297660828
0.5352712869644165
0.5197272896766663
0.3744432032108307
0.8640727996826172
0.537731945514679
0.5970762968063354
0.38141244649887085
1.3129838705062866
0.49788111448287964
0.5063720941543579
0.16350683569908142
0.4559553265571594
0.57975834608078
0.34123265743255615
0.9292111396789551
0.8829967379570007
0.8297775387763977
0.5386704206466675
0.5588323473930359
0.6779550313949585
0.5818142890930176
0.3474544882774353
0.41249847412109375
0.513219952583313
0.6681034564971924
0.56595778465271
0.30901479721069336
0.486245721578598
0.408815860748291
0.5407586097717285
0.4857836663722992
0.40706339478492737
0.4440991282463074
0.27999627590179443
0.7536299824714661
0.48653921484947205
0.7752812504768372
0.4714909493923187
0.39370375871658325
0.8112042546272278
0.3972628116607666
0.2985416054725647
0.5200549364089966
0.41729307174682617
0.7023864388465881
0.8698126077651978
0.6719259023666382
0.3574085235595703
0.3620068430900574
0.3909149169921875
0.4916538596153259
0.3688682019710541
0.6566917300224304
0.5065692067146301
0.4338286519050598
1.3510088920593262
0.608778178691864
0.47148966789245605
0.2687719762325287
0.23990026116371155
0.32289615273475647
0.8766186833381653
0.7134321928024292
0.5089551210403442
0.5045759081840515
0.3743252158164978
1.2481215000152588
0.7471305131912231
0.5940746068954468
0.5935692191123962
0.7215430736541748
0.4127279222011566
0.5047845244407654
0.4589325487613678
0.5658330917358398
0.4535718858242035
0.5205697417259216
0.515433132648468
0.486441433429718
0.4693427085876465
0.3582451343536377
0.5386750102043152
0.5310044288635254
0.45168179273605347
0.44562944769859314
0.3725065290927887
0.6050440073013306
0.5149510502815247
0.47082090377807617
0.7079310417175293
0.4363333582878113
0.5015162825584412
0.48121365904808044
0.49597421288490295
0.36951765418052673
0.45575839281082153
0.6863460540771484
0.21303024888038635
0.6853737831115723
0.35366836190223694
0.3331948518753052
1.0611579418182373
0.49718770384788513
0.32745635509490967
0.5300652384757996
0.49313974380493164
0.5176571607589722
0.6674145460128784
0.9296366572380066
0.31700804829597473
0.27799683809280396
0.5337438583374023
0.47008928656578064
0.31403011083602905
0.6151338219642639
0.572548508644104
0.471123069524765
0.7908536195755005
0.6581010818481445
0.7713965177536011
0.5316814184188843
0.4776484966278076
0.2854546010494232
0.550625205039978
0.6578972935676575
0.8061243891716003
0.871498703956604
0.9223530888557434
0.44028568267822266
0.6613723635673523
0.6649351119995117
0.7016997337341309
0.6236610412597656
0.6019953489303589
0.3732920289039612
0.5564053654670715
0.5553153157234192
0.3835008144378662
0.6188402771949768
0.5763421654701233
0.4874555170536041
0.6730577349662781
0.3353642523288727
0.6583349704742432
0.11568297445774078
0.44895878434181213
1.1078810691833496
0.5199304819107056
0.8065603971481323
0.7540205717086792
0.4187614321708679
0.35479724407196045
0.2438909262418747
0.48278889060020447
0.20574374496936798
0.4548797607421875
0.33723655343055725
0.5805598497390747
0.2766636908054352
0.6729592680931091
0.6163895726203918
0.41807451844215393
0.9698444604873657
0.35812902450561523
0.6250045895576477
0.7426669597625732
0.634831964969635
0.21582195162773132
0.5535904765129089
0.33264321088790894
0.38065946102142334
0.3836013674736023
0.4165515899658203
0.2309674471616745
0.34599870443344116
0.3587492108345032
0.12658825516700745
0.36706194281578064
0.26575323939323425
0.569100022315979
0.4297206401824951
0.6801072955131531
0.31313395500183105
0.6280052065849304
0.730940043926239
1.2791025638580322
0.430799663066864
0.22516079246997833
0.4135940968990326
0.3771403729915619
0.5488744974136353
0.6532968282699585
0.5262938141822815
0.6059422492980957
0.3167101740837097
0.5876324772834778
1.0008121728897095
0.48214253783226013
1.0880722999572754
0.5085731744766235
0.36950334906578064
0.7725790739059448
0.40489333868026733
0.7263323068618774
1.354806661605835
0.18459710478782654
0.3305633068084717
0.6607857346534729
0.6842031478881836
0.949546217918396
0.4023043215274811
0.28552961349487305
0.4053404927253723
0.634807288646698
0.36325958371162415
0.19723333418369293
0.35633787512779236
0.343046098947525
0.7600964307785034
0.6762221455574036
0.4528166651725769
0.886228084564209
0.36473244428634644
0.1646035611629486
0.4606862962245941
0.6184647679328918
0.906823456287384
0.5366857051849365
0.7391022443771362
0.297579288482666
0.25449568033218384
0.36783549189567566
0.4464119076728821
0.5555148124694824
0.6744881272315979
0.31942296028137207
0.28954845666885376
0.304715096950531
0.6768172979354858
0.3384072184562683
0.5903249979019165
0.520074188709259
0.5470809936523438
0.1914265900850296
0.40297192335128784
0.6012510657310486
0.3850834369659424
0.4499959945678711
0.33114153146743774
0.5644873976707458
0.4530051350593567
0.45430508255958557
0.21597082912921906
0.2963929772377014
0.4370264410972595
0.46689605712890625
0.6116983890533447
0.5082999467849731
0.27536362409591675
1.4086451530456543
0.5138036012649536
0.4589878022670746
0.4869610667228699
0.9499815702438354
0.16125090420246124
0.3601251244544983
0.5805907249450684
0.37622782588005066
0.36631137132644653
0.34221845865249634
0.38480275869369507
0.45350176095962524
0.9024473428726196
0.40331655740737915
0.9740141034126282
0.25708556175231934
0.6373307108879089
0.46785545349121094
0.32642167806625366
0.7316862940788269
0.8111776113510132
0.3206426501274109
0.3336949944496155
0.29241564869880676
0.38566455245018005
0.9221828579902649
0.5055645108222961
0.3155894875526428
0.7416731715202332
0.7954267263412476
0.5187998414039612
0.7627983689308167
0.8433672189712524
0.8319997787475586
0.8616326451301575
0.24561986327171326
0.9971446990966797
0.30292317271232605
0.8014683723449707
0.7060695290565491
0.9096528887748718
0.3616202473640442
0.8817652463912964
0.4078965187072754
0.4740510582923889
0.4546445906162262
0.492410272359848
0.5940507650375366
0.5198621153831482
0.34338241815567017
0.5689839720726013
0.5658420324325562
0.45785078406333923
0.32855045795440674
0.5155179500579834
0.6086545586585999
0.29545924067497253
0.4173220992088318
0.8290384411811829
0.3537382483482361
0.9536426067352295
