0.4329654574394226
0.9644626379013062
0.43852105736732483
0.3471718430519104
0.49405917525291443
0.474768728017807
0.23583631217479706
0.6166760921478271
0.37150266766548157
0.6318105459213257
0.41259947419166565
0.44041571021080017
0.2805878520011902
0.6364234685897827
0.42245855927467346
0.6755681037902832
0.7784091234207153
0.4639572203159332
0.572667121887207
0.5481549501419067
0.5783195495605469
0.6685584783554077
0.41963544487953186
0.7038878202438354
0.9210565686225891
0.2619929909706116
0.7783721685409546
0.19357042014598846
0.4456044137477875
0.4719409942626953
0.46781277656555176
0.34708067774772644
0.26006218791007996
0.4924129843711853
0.4895872175693512
0.363544225692749
0.8632648587226868
0.523412823677063
0.37757694721221924
0.47080469131469727
0.5657404661178589
0.5141814351081848
1.0860353708267212
0.45002979040145874
0.5075165629386902
0.16581638157367706
0.6722397804260254
0.9900892376899719
0.7411335706710815
0.543592631816864
0.6170480847358704
0.3572435677051544
0.5752047300338745
0.48381203413009644
0.3687393069267273
0.26467081904411316
0.745989203453064
0.7283596992492676
0.3558211326599121
0.8615251779556274
0.28533151745796204
0.24413549900054932
0.45137014985084534
0.7251484990119934
0.5288069844245911
0.5919415950775146
0.6983938217163086
0.49147042632102966
0.4965410828590393
0.8293248414993286
0.6243029236793518
0.9046924710273743
0.6592475175857544
0.6268458962440491
0.7158404588699341
0.33237189054489136
0.2244371473789215
0.29330068826675415
0.5993344187736511
0.5028203725814819
0.269159734249115
0.42861056327819824
0.3410400450229645
0.7737590670585632
0.7926242351531982
0.35287556052207947
0.36718910932540894
0.5114371180534363
0.6368723511695862
0.29063767194747925
0.4162374436855316
0.5697027444839478
0.8109793663024902
0.42067933082580566
0.4139479994773865
0.8743990063667297
1.301628828048706
0.5112549066543579
0.4756876826286316
0.24800488352775574
0.6377324461936951
0.295613557100296
0.48259812593460083
0.3393682837486267
0.5059212446212769
0.5465348958969116
0.4944041669368744
0.49896010756492615
0.8073803186416626
0.6201329827308655
0.49274030327796936
0.1995803564786911
0.3385988175868988
0.37341487407684326
0.33607739210128784
0.3173016607761383
0.37833672761917114
0.3669355809688568
0.748688817024231
0.42454347014427185
0.32429513335227966
0.5620567202568054
0.24852828681468964
0.44949793815612793
0.4490322172641754
0.11256697028875351
0.8000631332397461
0.8341757655143738
0.9060537219047546
0.4919266104698181
0.3580188751220703
0.35692641139030457
0.36495402455329895
0.4100772738456726
0.4463438391685486
0.6354735493659973
0.39617785811424255
0.26756224036216736
1.1396534442901611
0.4934430718421936
0.5243881344795227
0.5715397596359253
0.491245836019516
0.39858368039131165
0.5662343502044678
0.3709982931613922
0.5989063382148743
1.1622045040130615
0.4975563883781433
0.7414261102676392
0.3450040817260742
0.5808646082878113
0.5295519232749939
0.4640997052192688
0.4691064953804016
0.268102765083313
0.8013406991958618
0.8604583740234375
1.0218175649642944
0.9062525033950806
0.4943591058254242
0.28195086121559143
0.5093110203742981
0.6078068017959595
0.7044667601585388
0.2919901907444
0.46449384093284607
0.6409767270088196
0.6160651445388794
0.7621141672134399
0.4335237145423889
0.44275784492492676
0.6185469031333923
0.26328152418136597
0.3229338526725769
0.6162734031677246
0.41740521788597107
0.25391706824302673
0.26382702589035034
0.7594176530838013
0.43474215269088745
1.4202760457992554
0.7222414016723633
0.4981977939605713
0.44886094331741333
0.4527457654476166
0.5128198862075806
0.6518121957778931
0.8075006604194641
0.8472170829772949
0.5326524376869202
0.33742040395736694
0.42280465364456177
0.4189130663871765
0.6828109622001648
0.4292543828487396
0.3337249159812927
0.9187685251235962
0.4073171615600586
0.33991047739982605
0.7106308937072754
0.2535473704338074
0.5599837303161621
0.35230082273483276
1.0292977094650269
0.5091127753257751
0.565820574760437
0.5288234353065491
0.4463930130004883
0.6158053874969482
0.4092027544975281
0.5253003239631653
0.8617130517959595
0.373076856136322
0.48339900374412537
0.8077949285507202
0.6774771213531494
0.38985079526901245
0.18408390879631042
0.5038372278213501
0.5409390330314636
0.44143223762512207
1.0539253950119019
0.40329423546791077
0.43012961745262146
0.8476384282112122
1.0960609912872314
0.516873300075531
0.8758066296577454
0.73101407289505
0.4921989440917969
0.9826046824455261
0.4790787100791931
0.3565550446510315
0.9270728826522827
0.9971559643745422
0.6424871683120728
0.37244850397109985
0.7727088332176208
0.4826246201992035
0.4210067689418793
0.8399276733398438
0.9268480539321899
0.5856886506080627
0.5168469548225403
0.40645918250083923
0.6910755038261414
0.40096086263656616
0.34512490034103394
0.3686637878417969
0.6443579196929932
0.8355797529220581
0.4428090453147888
0.3168657720088959
0.15721732378005981
0.48167914152145386
0.46549874544143677
0.5655287504196167
1.9007670879364014
0.8565970659255981
0.4056325852870941
0.5806133151054382
0.5624552369117737
0.42561063170433044
0.4419943690299988
0.2989586591720581
1.0191612243652344
0.8334676027297974
0.4112662374973297
0.4044567048549652
0.3106124997138977
0.5992684364318848
0.9340526461601257
0.34204211831092834
0.32990917563438416
0.6040067672729492
0.8139751553535461
0.5651789307594299
0.3758050799369812
0.7180818915367126
0.47827473282814026
0.24817900359630585
0.5672851800918579
0.6940363645553589
0.4711332321166992
0.4759071469306946
0.5735637545585632
0.6069983243942261
0.2776671350002289
0.5580069422721863
0.30449262261390686
0.4664231836795807
0.454705148935318
0.575644850730896
0.4486144185066223
0.5474166870117188
0.3904174864292145
0.5718525052070618
0.36493542790412903
0.5131868124008179
0.3400302827358246
0.3174627721309662
0.8617124557495117
0.3542133867740631
0.19236303865909576
0.23273687064647675
0.25380071997642517
0.29854458570480347
0.619674801826477
0.2005905658006668
0.37211519479751587
0.7555257081985474
0.5423827767372131
0.6949769258499146
0.4792240560054779
0.47462692856788635
0.5495579838752747
0.22574052214622498
0.4091026186943054
0.6349437832832336
0.31435614824295044
0.3910486698150635
0.7081493139266968
0.37143367528915405
0.5689681768417358
1.0018178224563599
1.0043847560882568
0.4919683337211609
0.778887152671814
0.2623150050640106
0.602889895439148
0.35203200578689575
0.4318509101867676
0.4897986948490143
0.30638688802719116
0.6938318014144897
0.7867435216903687
0.6066035628318787
