0.6602915525436401
0.30462712049484253
0.21780726313591003
0.8349773287773132
0.32322150468826294
0.49275636672973633
0.9464214444160461
0.5103714466094971
0.4025452733039856
0.42158442735671997
0.7866973876953125
0.45840492844581604
0.3031003475189209
0.31720462441444397
0.7903417944908142
0.2981226444244385
1.1557576656341553
0.4905809462070465
0.5395557284355164
0.5326051115989685
0.5603907704353333
0.6931018233299255
0.5719017386436462
0.44465476274490356
0.3988191485404968
1.6948034763336182
1.0649205446243286
0.5182110071182251
0.5314791798591614
0.45189180970191956
0.5029392838478088
0.3421393632888794
0.8484212160110474
0.8254830241203308
0.392694890499115
0.2245432436466217
0.7587180137634277
0.4603654742240906
0.26503458619117737
0.49440377950668335
0.35220763087272644
0.5858575105667114
0.4042128622531891
0.39614617824554443
1.2281644344329834
0.39799970388412476
0.6258296370506287
0.5809909701347351
0.5246610045433044
0.7276431322097778
0.26576074957847595
0.6990488767623901
0.3153102397918701
0.32381671667099
0.3299669623374939
0.5500194430351257
0.17086127400398254
0.6914197206497192
0.4357668459415436
0.8244954347610474
0.2589103579521179
0.4474676251411438
0.6933771371841431
0.5063911080360413
0.6675268411636353
0.6235409379005432
0.5231853127479553
0.6065500974655151
0.8014730215072632
0.3867070972919464
0.5932424664497375
0.7397103905677795
0.4267098903656006
0.639388918876648
0.6554158926010132
0.42204317450523376
0.37275663018226624
0.49347275495529175
0.4657363295555115
0.4965738356113434
0.2956332564353943
0.34246623516082764
0.5438771843910217
0.7408895492553711
0.6591045260429382
1.0077786445617676
0.2722385823726654
0.8228017091751099
0.7602850794792175
1.0914052724838257
0.5166201591491699
0.803227424621582
0.4966861307621002
0.31612080335617065
0.47990646958351135
1.0537350177764893
0.524480938911438
0.3782081604003906
0.6617680191993713
0.6308401226997375
0.5945267677307129
0.3238295912742615
0.5949610471725464
0.8906182050704956
0.2903282046318054
0.3813606798648834
0.2893438935279846
0.5034700036048889
0.440178781747818
0.8880574107170105
0.3558114171028137
0.1719730645418167
0.6309674978256226
0.4288325309753418
0.7667353749275208
0.2398347109556198
0.3436269462108612
0.5711809992790222
0.5259089469909668
0.34416842460632324
0.4481136202812195
0.8817075490951538
0.8754863739013672
0.2537689805030823
0.3477802276611328
0.671875
0.4636217951774597
0.4508123993873596
0.5328985452651978
0.2950390577316284
0.19030490517616272
0.7219809293746948
0.4001239836215973
0.40987324714660645
0.41201868653297424
0.5725929737091064
1.132245659828186
0.8265504837036133
0.28498411178588867
0.5865069627761841
0.38149917125701904
0.41987013816833496
0.8629850149154663
0.42163076996803284
0.7329413294792175
0.4425385594367981
0.6165242195129395
0.27707046270370483
0.6138690114021301
0.4318625330924988
0.49624213576316833
0.34306129813194275
0.8116849660873413
0.6859536170959473
0.5951630473136902
0.5197350382804871
0.2734481394290924
0.3840741515159607
0.395382821559906
0.7593579888343811
0.5606967210769653
0.4962218403816223
0.7549952864646912
0.4871675968170166
0.4579037129878998
0.44652581214904785
0.49305057525634766
0.3713642358779907
0.5281140208244324
0.5889129042625427
0.26854032278060913
0.22965741157531738
0.9096910357475281
0.9562427401542664
0.6982064843177795
0.8572409749031067
0.3454025685787201
0.5352460741996765
0.8287081718444824
0.618399441242218
0.3154621124267578
0.3687828481197357
0.461251825094223
0.3332446217536926
0.5893006324768066
0.4128045439720154
0.24176625907421112
0.3640424609184265
0.4260275363922119
0.57591712474823
0.3758781850337982
0.5254040956497192
0.4401625692844391
0.4747486710548401
0.8608301281929016
0.6137195825576782
0.5733941197395325
1.1125444173812866
1.0044876337051392
0.5597425103187561
0.45484599471092224
0.34589439630508423
0.49849921464920044
0.4528443217277527
0.6118345856666565
0.47252315282821655
0.3199126720428467
0.7323979735374451
0.6164387464523315
0.8022041320800781
1.1368682384490967
0.341754674911499
0.4532710909843445
0.39218443632125854
1.172878384590149
0.6332329511642456
0.4876033663749695
0.267411470413208
1.1491127014160156
0.9164484143257141
0.19951286911964417
0.5397224426269531
0.32180267572402954
0.47562074661254883
0.500390887260437
0.7658279538154602
0.2660991847515106
0.32581380009651184
0.641316831111908
0.2955586612224579
0.5364864468574524
0.5797361731529236
0.4755123257637024
0.6261649131774902
0.2901208996772766
0.4569126069545746
0.9503723382949829
0.6146494746208191
0.3628566563129425
0.3870822489261627
0.34963780641555786
0.5360563397407532
0.46869152784347534
0.4348178505897522
0.5745296478271484
0.596688449382782
0.3312200605869293
0.23586530983448029
0.5481973886489868
0.7335391640663147
0.9768495559692383
0.46143120527267456
0.37479475140571594
0.6369674801826477
1.0428030490875244
0.9001293182373047
0.770296573638916
0.6786504983901978
0.4392734467983246
0.3583517074584961
0.33655494451522827
0.5424841642379761
0.6236884593963623
0.8435150384902954
0.5153466463088989
0.5572339296340942
0.5593423843383789
0.3554465174674988
1.3027760982513428
0.7490237951278687
0.39212721586227417
0.5598907470703125
0.26864930987358093
0.4544397294521332
0.5532665848731995
0.541905403137207
0.5928126573562622
0.8733919858932495
0.46764621138572693
0.35342034697532654
0.23657211661338806
0.34387049078941345
0.7089890837669373
0.9366571307182312
0.4642907977104187
0.7029463052749634
0.657551109790802
0.6228671669960022
0.3296354413032532
0.5111913681030273
0.3089093565940857
0.58600914478302
0.784443199634552
0.6360353231430054
0.7832068204879761
0.305857390165329
0.6164016127586365
0.6580330729484558
0.7001809477806091
0.5082606673240662
0.3224261999130249
0.5384532809257507
0.48230141401290894
0.31239113211631775
0.6720147132873535
0.6259047389030457
0.4085462987422943
0.5003730058670044
0.24783329665660858
0.365969717502594
0.4075790047645569
0.2254439890384674
0.5705305337905884
0.8567867279052734
0.39411798119544983
0.432547003030777
0.3543565273284912
0.5082998275756836
0.3980715870857239
0.3694740831851959
0.45497530698776245
0.5757935643196106
0.4366025924682617
0.4806637763977051
0.45158106088638306
1.0351905822753906
0.36062726378440857
0.5392225980758667
0.35527634620666504
0.4222400188446045
0.5125495195388794
0.49618107080459595
0.4652822017669678
0.359781950712204
0.7283543348312378
0.40618371963500977
0.36005640029907227
0.40914228558540344
