0.18823382258415222
0.452505499124527
0.45166435837745667
0.7712177038192749
0.3527529835700989
0.4769279360771179
0.2103106528520584
0.567135751247406
0.6330580711364746
0.501214861869812
0.5652520060539246
0.6098202466964722
0.440232515335083
0.8334766626358032
1.1677745580673218
0.19415071606636047
0.5174508094787598
0.5120499730110168
0.6868358254432678
0.2611183226108551
0.6279520392417908
0.4525553286075592
0.5145807862281799
0.4820755124092102
0.4448877274990082
0.30483245849609375
0.3833794593811035
0.42256051301956177
1.121324062347412
0.6961078643798828
0.44157710671424866
0.48920536041259766
0.7119238972663879
0.4441976547241211
0.7303227186203003
0.7984177470207214
0.3469466269016266
0.32514920830726624
0.6725090742111206
0.37553298473358154
0.6346397399902344
0.35183185338974
0.9259113073348999
0.46962499618530273
0.6273083686828613
0.6994050741195679
0.5688427686691284
0.8049293756484985
0.3778218626976013
0.7177413105964661
0.48844242095947266
0.49990057945251465
0.6550259590148926
0.2994397282600403
0.540170431137085
0.42222675681114197
0.7013840675354004
0.3460914194583893
0.3495747148990631
0.7558049559593201
0.4374351501464844
0.570101261138916
0.512487530708313
0.5540879964828491
0.5839206576347351
0.30711066722869873
0.5248399972915649
0.540745735168457
0.5604516267776489
0.36895450949668884
0.2840741276741028
0.8807761073112488
0.8549873232841492
0.4400482177734375
0.6303194165229797
0.6636226773262024
0.7613133192062378
0.4788571000099182
0.45593422651290894
0.8863714337348938
0.7080243229866028
0.8605397939682007
0.3725053668022156
0.6296168565750122
0.3548031747341156
0.5905700922012329
0.6123722791671753
0.7005343437194824
0.2753017544746399
0.32884350419044495
0.538415253162384
0.6173907518386841
0.61078941822052
0.5896643400192261
0.26974183320999146
0.564245879650116
0.4356172978878021
0.2571222186088562
0.4704422950744629
0.399465411901474
0.6444782018661499
0.7755967974662781
0.5918723344802856
0.5123637318611145
0.5466135144233704
0.5471814274787903
0.3009909987449646
0.6440435647964478
0.686958372592926
0.5696905851364136
0.49232953786849976
0.3939339816570282
0.6045123338699341
0.6188406944274902
0.7712451219558716
0.6424117088317871
1.0080238580703735
0.3612366318702698
0.7424882650375366
0.42822757363319397
0.2534085810184479
0.5018318891525269
0.8301618695259094
0.5362696647644043
0.9068037271499634
0.5901743173599243
0.4065338969230652
0.5758700966835022
0.3514184355735779
0.8198049664497375
0.5587859153747559
0.16498836874961853
0.6652244329452515
1.2638214826583862
0.7793009281158447
0.3843623697757721
0.6060870885848999
0.4380163252353668
0.4107767939567566
0.22649244964122772
0.2372971773147583
0.2552349269390106
0.3727201223373413
0.3365185260772705
0.5742034912109375
0.6416409611701965
0.2799853980541229
0.6002026796340942
0.19224566221237183
0.37418174743652344
0.41810837388038635
0.4151971936225891
0.3202084004878998
0.345989853143692
0.20906372368335724
0.3622205853462219
0.5583920478820801
0.6267824172973633
0.5111456513404846
0.5082342028617859
0.7106094360351562
0.6893444657325745
0.7799921631813049
0.48921841382980347
0.8547946810722351
0.5381413102149963
0.45784491300582886
0.3116314113140106
0.45130953192710876
0.4348701536655426
0.24431867897510529
0.5154687762260437
0.31823447346687317
0.42943209409713745
0.7039027214050293
0.3393644392490387
0.42628711462020874
0.2851058840751648
0.19421014189720154
0.4930763244628906
1.1878976821899414
0.39074820280075073
0.7994100451469421
1.1825040578842163
0.2697996199131012
0.6335852146148682
0.43072858452796936
0.5617181062698364
0.6941507458686829
0.7703668475151062
0.3853866457939148
0.712916374206543
0.3066253662109375
0.5564254522323608
0.6767142415046692
0.43110886216163635
0.24081285297870636
0.3291342258453369
0.3119303584098816
0.7628443837165833
0.4170493185520172
1.3020461797714233
0.5786634683609009
0.7298609018325806
0.9556010961532593
0.35148805379867554
0.6552005410194397
0.6586028337478638
0.6289989352226257
0.4786905348300934
0.7113714814186096
0.4255647659301758
0.7303591370582581
1.5414892435073853
0.3650515675544739
0.3069031834602356
0.7483724355697632
0.46855759620666504
0.553673267364502
0.4403693675994873
0.5599661469459534
0.4005146622657776
0.46837395429611206
0.3016209602355957
0.2913491427898407
0.4868362545967102
0.6038077473640442
0.9172735214233398
0.8102625012397766
0.43114644289016724
0.7861265540122986
0.9243550300598145
0.5591051578521729
0.4077368378639221
0.8082544207572937
0.6743162870407104
0.49179139733314514
0.6192711591720581
0.3520969748497009
0.7280303239822388
0.4120750427246094
0.4547860026359558
0.4456203877925873
0.759901225566864
0.3935827612876892
0.6488298177719116
0.3528158664703369
0.5351831316947937
0.6988259553909302
0.22781161963939667
0.5503221750259399
0.3840819001197815
0.367554634809494
0.8665956258773804
0.5387693643569946
0.26603779196739197
0.3674889802932739
0.419988214969635
0.5625214576721191
0.4664289355278015
0.5022612810134888
0.4136466383934021
0.3022701144218445
0.6361352205276489
0.7470966577529907
0.7782557606697083
0.47466105222702026
0.45822563767433167
0.5655741095542908
0.5445767045021057
0.771293044090271
0.49692076444625854
1.3750858306884766
0.8396890759468079
1.1558319330215454
0.9743036031723022
0.47460317611694336
0.8552986979484558
0.39237135648727417
0.334214985370636
0.7385031580924988
0.7024217247962952
0.7602561712265015
0.4854051470756531
0.69523686170578
0.6475841999053955
0.4833250045776367
0.6284383535385132
0.8113906979560852
0.6292683482170105
0.716943085193634
0.983992874622345
0.7675167322158813
0.3187936842441559
0.737052321434021
0.3699849247932434
0.9166690707206726
0.26797935366630554
0.6224879026412964
0.35512474179267883
1.1799207925796509
0.45066171884536743
0.9653337597846985
0.36376869678497314
0.36659666895866394
0.6692755818367004
0.4829179346561432
0.4027996063232422
0.8082456588745117
0.23489804565906525
0.6170465350151062
0.590032696723938
0.5872071981430054
0.4294053614139557
0.6366000175476074
0.3764945864677429
0.3659307658672333
0.5724805593490601
0.43698978424072266
0.694031834602356
0.7750012278556824
0.6065950393676758
0.3426741659641266
0.40361422300338745
0.44411903619766235
0.65911465883255
0.6505658626556396
0.5400609374046326
0.5717805624008179
0.4217067360877991
0.34708595275878906
0.31889569759368896
0.6179252862930298
0.32497933506965637
0.48676252365112305
0.41570013761520386
0.8418302536010742
0.9589727520942688
