0.6960060000419617
0.45201176404953003
0.7454032301902771
0.4741700291633606
0.7768567204475403
0.567794144153595
0.6661588549613953
0.3837129473686218
0.7593961954116821
0.41836515069007874
0.48660701513290405
0.5282240509986877
0.6035776138305664
0.3446556627750397
0.7461575269699097
1.1077276468276978
0.4416840672492981
0.3909491002559662
0.3978317975997925
0.15831567347049713
0.22775407135486603
0.5678735971450806
0.2201555073261261
0.4695363938808441
0.4560856223106384
0.8847993612289429
0.47081345319747925
0.5603455305099487
0.4998405873775482
0.34849658608436584
0.5003112554550171
0.7788797616958618
0.8937063217163086
0.48620614409446716
0.6293503642082214
0.7255622744560242
0.5568146109580994
0.3759273290634155
0.9154634475708008
0.5219444036483765
0.36548322439193726
0.2917938828468323
0.5867895483970642
0.5510222315788269
0.5513997673988342
0.6828123927116394
0.3084450662136078
0.5811400413513184
0.4195322096347809
0.5760210156440735
0.34492868185043335
0.591281533241272
0.20215526223182678
0.7095407843589783
0.6133374571800232
0.435291588306427
0.7752066850662231
0.9402309656143188
0.5212644338607788
0.5588588714599609
0.7271419763565063
0.5681155920028687
0.5098938941955566
0.4107740521430969
0.8777767419815063
0.4579726755619049
0.6914114952087402
0.415297269821167
0.3005475699901581
0.39938393235206604
0.3264738619327545
0.39360010623931885
1.7012970447540283
0.38179129362106323
0.20382948219776154
0.3977595269680023
0.6293832659721375
1.0997310876846313
0.26291269063949585
0.44650760293006897
0.576865553855896
0.774952232837677
0.40612268447875977
0.47516193985939026
0.639494001865387
0.42274564504623413
0.3025934100151062
0.2845006287097931
0.6310845613479614
0.29949644207954407
1.1240456104278564
0.37826070189476013
0.3598891794681549
0.7116008400917053
0.8201352953910828
0.9037410616874695
0.7768754959106445
1.0891444683074951
0.3704231381416321
0.43737930059432983
0.8769213557243347
0.6353780031204224
0.36059853434562683
0.47452983260154724
0.3638177514076233
0.33865517377853394
0.49278125166893005
0.6345463991165161
0.5324428677558899
0.33514484763145447
0.6369057893753052
0.3220582604408264
0.4769100248813629
0.7577530145645142
0.4663742482662201
0.6233965158462524
0.6653469800949097
0.7990386486053467
0.18770059943199158
0.2882072329521179
0.31015244126319885
0.5547700524330139
0.6673222780227661
0.5656221508979797
0.5318104028701782
0.24675054848194122
0.5555174946784973
0.41928595304489136
0.5416596531867981
0.37586092948913574
0.7557162046432495
1.2191047668457031
0.6776080131530762
0.8522019386291504
0.7863250374794006
0.7685033082962036
0.41480952501296997
0.46724215149879456
0.5365779995918274
0.6518656611442566
0.8230593800544739
0.28328418731689453
0.36804327368736267
0.4126042425632477
0.6113743185997009
0.6386747360229492
0.3726089596748352
0.4674341678619385
0.8121554255485535
0.5148265957832336
0.4346136450767517
0.3574945032596588
0.8951320648193359
0.45149779319763184
0.22202523052692413
0.2035248726606369
0.34696245193481445
0.4987960457801819
0.7816451787948608
0.3841789662837982
0.7513537406921387
0.38747724890708923
0.23161785304546356
0.47402381896972656
0.4638912081718445
0.35082876682281494
1.6104376316070557
0.5393840074539185
0.6950877904891968
0.6044060587882996
0.3512641191482544
0.8007594347000122
0.397077739238739
0.7331061363220215
0.13755503296852112
0.9643266797065735
0.5869695544242859
0.4599701762199402
0.8520340919494629
0.2706718146800995
0.3378075957298279
0.8452868461608887
0.36133965849876404
0.64317786693573
0.48678722977638245
0.24337565898895264
0.3947344720363617
0.5046049356460571
0.36656299233436584
0.5963135361671448
0.42650872468948364
0.5392160415649414
0.36673250794410706
0.7249385118484497
0.5950207710266113
0.4623268246650696
0.2287777215242386
0.286115825176239
0.6411033868789673
0.47953930497169495
0.44255027174949646
0.6189781427383423
0.7395329475402832
0.6790396571159363
0.5912612080574036
0.37866997718811035
0.3276433050632477
0.37639158964157104
1.092836856842041
0.6809190511703491
0.4209762513637543
0.4406662881374359
0.28144320845603943
0.5607856512069702
0.5986957550048828
0.6902648210525513
0.4013842046260834
0.6029617190361023
0.3967377245426178
0.40797996520996094
0.41023167967796326
0.3344458043575287
0.5895519256591797
0.3923366665840149
0.61900395154953
0.4203545153141022
0.31597816944122314
0.14671644568443298
0.7036000490188599
0.5395236611366272
0.4786735475063324
0.644400954246521
0.42693740129470825
0.6128060221672058
0.4335593581199646
0.7461776733398438
0.2506025433540344
0.3423960208892822
0.7602816224098206
0.3417411148548126
0.385206013917923
0.6361314058303833
0.5500491857528687
0.4195931553840637
0.5168566703796387
0.5635854005813599
1.3021132946014404
0.43582552671432495
0.371969074010849
0.23492321372032166
0.4841744303703308
0.6624902486801147
0.40829163789749146
0.722470223903656
0.8454179763793945
0.5328028202056885
0.290581613779068
0.36363744735717773
0.6234213709831238
0.3059842884540558
0.7445635795593262
0.7147958874702454
0.3855054974555969
0.45144471526145935
0.5600036382675171
0.7199263572692871
1.0881952047348022
0.5846527218818665
0.6427987217903137
0.7230682373046875
0.5888304710388184
0.39903685450553894
0.7645840644836426
0.48347997665405273
0.3392798900604248
0.2184506207704544
0.45610398054122925
0.5161005854606628
1.0272557735443115
0.6376198530197144
0.5190366506576538
0.43283525109291077
0.5392588376998901
0.5882142782211304
0.5678732395172119
0.7275497317314148
0.68756502866745
0.7315179705619812
0.6123708486557007
1.1300079822540283
0.6723088622093201
0.6025995016098022
0.7176165580749512
0.3121629059314728
0.357340931892395
0.9497741460800171
0.6956759095191956
0.621974766254425
0.35933414101600647
0.37303319573402405
0.5896879434585571
0.4007945656776428
0.24858057498931885
0.34133362770080566
0.9347046613693237
0.46416807174682617
0.5176326036453247
0.4950462877750397
0.6724560856819153
0.30106455087661743
0.7615746259689331
0.5490726828575134
1.1073065996170044
0.4642559885978699
0.5400515198707581
0.8901588320732117
0.5915349721908569
0.419283002614975
0.48037606477737427
0.46429795026779175
0.4169369637966156
0.5768870115280151
0.6314740777015686
0.5188611745834351
0.8540007472038269
0.49632883071899414
0.7435595393180847
0.2694753110408783
0.6668270826339722
0.34062880277633667
0.5915797352790833
0.31018105149269104
0.37176406383514404
0.43457460403442383
0.7335734367370605
0.5014215707778931
0.3595731556415558
1.2617462873458862
