1.031661868095398
0.6918607950210571
0.7902967929840088
0.7438119649887085
0.8018350601196289
1.389878511428833
0.7705177068710327
0.6055216789245605
0.49095040559768677
0.3592274785041809
0.5683938264846802
0.5144473910331726
0.5450246334075928
0.7410284280776978
0.7585970163345337
1.1467151641845703
0.4631015360355377
0.41462159156799316
0.7517080903053284
0.6209155917167664
0.5704659223556519
1.1308757066726685
0.8372722864151001
1.0226178169250488
0.6673692464828491
1.071246862411499
0.6166757345199585
1.0022943019866943
0.9737566113471985
0.8941521644592285
0.8884276151657104
0.598304271697998
0.8044202923774719
0.39891543984413147
0.49615639448165894
0.9087579846382141
1.7808914184570312
0.5876398086547852
0.6180038452148438
0.7731450796127319
0.6749250292778015
0.6578654646873474
0.43583908677101135
1.3818169832229614
0.6263105273246765
0.4095539450645447
0.4641578793525696
0.5479868054389954
0.5378193855285645
0.5525722503662109
0.6402000188827515
0.8712760806083679
0.7659628391265869
0.9713889360427856
0.45901069045066833
1.0785681009292603
0.584088921546936
0.9526336789131165
0.666092574596405
0.5126655697822571
0.6198278069496155
0.6802188754081726
1.0186201333999634
1.2154972553253174
0.5954152941703796
0.8376611471176147
0.6005958914756775
0.42304152250289917
0.36849573254585266
0.8780716061592102
0.6810420155525208
0.700323760509491
0.5329382419586182
0.906624436378479
0.7451521754264832
1.016221523284912
0.8329486846923828
0.8945347666740417
0.7008492350578308
0.8462427854537964
0.6540530920028687
0.5491442680358887
0.5551292896270752
0.7999428510665894
0.6229386329650879
0.8200739622116089
0.6366214752197266
0.6241436004638672
0.5172806978225708
0.959276020526886
0.6385095119476318
0.5898439288139343
0.5313898921012878
0.8899631500244141
0.6581966876983643
0.5259221792221069
0.647628903388977
0.6634522676467896
0.9675097465515137
0.7826263308525085
0.3621128499507904
0.5808382034301758
0.7320719957351685
0.6607735753059387
0.6974578499794006
0.3420353829860687
0.6095942258834839
1.0299789905548096
0.5277678370475769
0.7037994265556335
0.7607195377349854
0.450562059879303
0.4560752809047699
0.6699798703193665
0.7247806191444397
0.8475233912467957
1.4485524892807007
0.6902554631233215
0.6968892812728882
0.5494810938835144
1.0853135585784912
0.8468400239944458
0.5247830152511597
0.6427513957023621
0.673551619052887
1.0807651281356812
0.7336040735244751
1.36033296585083
0.6129400134086609
0.5065175294876099
0.7661689519882202
0.8999062776565552
0.4482606053352356
0.6387258768081665
1.0594743490219116
0.6724440455436707
0.6295913457870483
0.6909410357475281
0.5749030113220215
0.8219484090805054
0.43034234642982483
1.1914417743682861
0.5779973268508911
0.6408423185348511
0.5179184675216675
0.795275866985321
0.7029889822006226
0.4787723124027252
0.9035326838493347
0.6431750655174255
0.7176515460014343
0.6661692261695862
0.5897737741470337
0.8171669244766235
1.3129597902297974
1.0017341375350952
0.7574137449264526
1.1423771381378174
0.6806915998458862
0.6224309206008911
0.6264307498931885
0.5760380029678345
0.5757209658622742
0.7013753056526184
0.5553239583969116
0.9709432721138
0.7363304495811462
0.7120488882064819
0.7174235582351685
0.7967379689216614
0.5069676637649536
0.914234459400177
0.5676164627075195
0.49207228422164917
0.6963224411010742
0.567118763923645
0.4953899383544922
0.7064321041107178
0.7825419306755066
0.6601446270942688
1.0479552745819092
0.6828905344009399
1.4611339569091797
0.9378069639205933
0.5622822046279907
0.877231776714325
0.7049859166145325
0.685085654258728
0.6887289881706238
0.6468642950057983
0.7929372787475586
0.8591187596321106
1.2585200071334839
0.69321608543396
0.6857291460037231
0.4445360600948334
1.0567790269851685
0.9903985857963562
0.7015019655227661
0.36477914452552795
0.42369455099105835
0.4121246337890625
0.6849950551986694
0.8265970349311829
0.7899495959281921
0.8884733319282532
0.5020991563796997
0.7858928442001343
0.6009518504142761
1.0741766691207886
0.6135826706886292
0.4660091996192932
0.9730569124221802
0.6365931034088135
0.5489931106567383
0.7620040774345398
0.841212272644043
0.7144773602485657
0.8314380645751953
0.6501254439353943
0.7843577861785889
0.8386417627334595
0.5083552598953247
0.4309850335121155
0.36285123229026794
0.44169825315475464
0.46227455139160156
0.7162741422653198
0.7706395983695984
0.8358234167098999
0.3285762369632721
0.5703007578849792
0.6407540440559387
0.709704577922821
0.6343304514884949
1.0053833723068237
0.7993024587631226
0.5770131349563599
0.6885370016098022
0.6411450505256653
0.5707924962043762
0.5382534861564636
0.9831260442733765
0.5523448586463928
0.6804647445678711
0.7036920785903931
0.9445470571517944
0.8547471761703491
0.7796047329902649
0.891589343547821
0.5563824772834778
1.1060010194778442
0.7387438416481018
0.5270478129386902
1.0054210424423218
0.5584169626235962
0.557317852973938
0.6773544549942017
0.4830777645111084
1.1731187105178833
0.5966545939445496
0.6860477924346924
1.5921623706817627
0.8106530904769897
0.4281311631202698
0.5539938807487488
0.7163591980934143
0.7694336175918579
0.41303372383117676
0.865619957447052
0.49730199575424194
0.43486008048057556
0.5517891645431519
1.0758285522460938
0.40939563512802124
0.7753909826278687
0.5512135624885559
0.4285481870174408
0.7401276230812073
0.42093220353126526
0.5880169868469238
1.0898797512054443
0.7100370526313782
0.570043683052063
0.5873414278030396
0.4177439212799072
0.7653647661209106
1.0421218872070312
0.701379656791687
0.5630055665969849
0.4008268415927887
0.6870821118354797
0.47552117705345154
0.6345949172973633
0.4798133969306946
0.5378151535987854
0.5182021856307983
0.5487668514251709
0.8067015409469604
0.6320005655288696
0.6732289791107178
0.40139418840408325
0.5813255310058594
0.5374153852462769
1.1932156085968018
0.6981860399246216
1.0016002655029297
0.8030325770378113
0.37673476338386536
0.45118752121925354
0.48523473739624023
0.9865233302116394
0.613323986530304
0.5997600555419922
1.0303981304168701
0.8598517179489136
1.0570589303970337
0.6621130704879761
0.6618882417678833
0.9333990216255188
1.2120178937911987
0.5821141004562378
0.6837624311447144
0.9334102869033813
0.812310516834259
0.8382260203361511
0.5342270731925964
0.30231520533561707
1.0515886545181274
0.737921953201294
0.8180747032165527
1.162548303604126
0.6147758364677429
0.6980490684509277
0.6951390504837036
0.4886137545108795
1.3385831117630005
0.5183219313621521
