1.4293889999389648
0.6312939524650574
0.8414868116378784
0.5767980217933655
0.9016274213790894
0.6602743864059448
0.8548005819320679
1.4297813177108765
1.0913920402526855
0.9504720568656921
1.1951278448104858
1.3262728452682495
1.1824007034301758
0.9808980226516724
0.6833274960517883
0.8356537818908691
0.9173732995986938
0.9259875416755676
0.8170421719551086
0.6994297504425049
1.2276012897491455
1.071313738822937
1.4563558101654053
0.8031660914421082
0.6879014372825623
0.9841210246086121
0.8696533441543579
0.9503813982009888
1.0230404138565063
0.7162114977836609
1.1629277467727661
0.7037332653999329
1.0813815593719482
0.7477428317070007
1.0024173259735107
0.990237832069397
0.8651882410049438
1.052776575088501
0.6356059312820435
0.9219236373901367
0.9155715107917786
0.8191946148872375
0.8139619827270508
0.6700814962387085
1.1914173364639282
1.0254790782928467
0.9551798105239868
0.9765704274177551
0.7567916512489319
0.8252954483032227
0.8695816993713379
0.6358723044395447
0.5584111213684082
0.8236452341079712
1.2894333600997925
1.1213350296020508
0.6244394779205322
0.9973008036613464
0.7067083120346069
0.9676672220230103
1.2701085805892944
1.1096346378326416
1.0205190181732178
1.1265381574630737
1.1008027791976929
0.9596551060676575
1.234021782875061
1.0168344974517822
0.7709363102912903
1.1307868957519531
1.0481046438217163
0.7599375247955322
0.8881128430366516
0.9455668330192566
1.3681379556655884
0.8023187518119812
0.752654492855072
0.8211849331855774
1.036928653717041
0.9279691576957703
1.2488548755645752
0.863365650177002
1.0678619146347046
1.1665593385696411
1.1567542552947998
0.886745810508728
1.3566710948944092
0.8204677700996399
0.7979207038879395
0.757632851600647
1.0310900211334229
0.8329730033874512
0.8671261668205261
0.8272972106933594
0.8430005311965942
0.9461094737052917
0.8237621188163757
0.9307940602302551
0.8472564816474915
1.2089182138442993
0.9576674699783325
0.7906786799430847
1.0396491289138794
0.6346102952957153
1.4264333248138428
0.9697641134262085
1.1972538232803345
0.8765938878059387
1.326725721359253
0.9820914268493652
0.964978039264679
0.7697124481201172
0.9849626421928406
0.9773349761962891
1.2090847492218018
1.1717668771743774
0.9868230819702148
0.9391093254089355
1.0891427993774414
1.0172326564788818
1.0623600482940674
0.8228651285171509
1.101985216140747
1.140538215637207
0.980284571647644
1.2207372188568115
0.9529479742050171
1.059777021408081
1.190762996673584
0.8121533393859863
0.7941169738769531
0.713833749294281
1.120955467224121
1.16424560546875
1.281409502029419
0.9545313715934753
0.8147771954536438
0.9155100584030151
0.9689218401908875
0.8725174069404602
0.8788331747055054
1.0116060972213745
0.9903684854507446
0.8297220468521118
0.8315867185592651
0.9927419424057007
1.1727235317230225
0.7045837640762329
0.7708250284194946
0.873757004737854
0.7809690237045288
0.6185534596443176
0.7781068086624146
0.928886890411377
0.9641709327697754
0.8392990231513977
0.7747215628623962
1.082473874092102
0.8563424944877625
1.1046468019485474
0.7168489694595337
1.2295849323272705
0.6853460073471069
0.764185905456543
0.7355040907859802
0.8319230079650879
1.0778262615203857
0.9374796748161316
0.9976300001144409
1.5114725828170776
1.2187302112579346
0.9536787867546082
1.0900136232376099
0.9266127347946167
0.9202806353569031
1.0158613920211792
1.1620995998382568
0.8926986455917358
0.7792975902557373
0.9837033152580261
0.7211827635765076
0.6869423985481262
0.9226770401000977
1.276942491531372
1.0423439741134644
0.9801023602485657
0.8664118647575378
0.6330646276473999
0.9466851949691772
1.0130956172943115
1.000368595123291
1.023058533668518
1.4212305545806885
1.1425338983535767
1.208914041519165
1.1437593698501587
1.178412675857544
0.9165953397750854
0.8444353342056274
1.4159191846847534
0.7879770994186401
0.7060943841934204
0.8962817192077637
0.8888648152351379
0.7982523441314697
0.6519318222999573
0.7463837265968323
0.8563936948776245
0.8974609375
0.8445998430252075
1.1391428709030151
1.066833257675171
0.909805417060852
1.2569488286972046
0.9300955533981323
1.1479179859161377
0.9195648431777954
0.8504864573478699
0.9366019368171692
0.8742188215255737
0.9669413566589355
1.2849992513656616
0.6624512672424316
0.8953967094421387
1.1392765045166016
0.7800378799438477
0.925835132598877
0.9750248193740845
0.9400193095207214
0.6847584843635559
0.9295682907104492
0.8943578004837036
0.6756486892700195
0.8499797582626343
0.7516641020774841
0.7424432039260864
1.0605618953704834
0.9219714999198914
0.9115311503410339
0.755309522151947
1.0447306632995605
1.281224012374878
0.8416889905929565
0.727132260799408
0.6711941361427307
0.7464905381202698
0.9411405324935913
0.8714684247970581
0.9759179949760437
0.9668148159980774
1.061076283454895
0.8908644914627075
1.0548475980758667
0.7595347762107849
0.8928979635238647
1.1472768783569336
1.0747560262680054
1.0501905679702759
0.6513956785202026
0.9928889274597168
1.0107557773590088
0.6388952732086182
0.7551470398902893
1.088322401046753
0.8932002186775208
1.0991617441177368
0.8596054315567017
1.293251395225525
0.8874362111091614
0.7764037251472473
0.8009387850761414
0.9256603121757507
0.7236993312835693
1.0498548746109009
1.3098976612091064
0.9931995272636414
0.7324367761611938
1.0549317598342896
0.8795040249824524
0.9738889932632446
0.6342199444770813
1.1944786310195923
0.9107702970504761
0.6342131495475769
0.7505213618278503
0.8923456072807312
1.1228359937667847
0.7759907841682434
1.3195545673370361
0.9509667158126831
0.8268092274665833
0.7953940629959106
0.6772085428237915
0.8132724761962891
0.8697854280471802
0.7166616320610046
0.7719942331314087
1.0645294189453125
0.986655592918396
0.9836553335189819
1.2112252712249756
0.871911346912384
1.378958821296692
1.2342530488967896
0.9532826542854309
0.7437839508056641
0.9369819760322571
0.8760424852371216
0.841923713684082
0.8518160581588745
1.0624276399612427
0.8129213452339172
1.2523038387298584
0.917646586894989
0.9164298176765442
0.8532794713973999
0.9817444682121277
1.12775456905365
0.8398407697677612
1.1443713903427124
0.9148904085159302
0.8681790232658386
0.7209073901176453
0.81584233045578
1.0463316440582275
1.0777620077133179
0.8078504800796509
0.8959209322929382
0.7673737406730652
0.9976906776428223
0.665006160736084
1.019222617149353
1.3129184246063232
0.7420881390571594
0.8418258428573608
0.7722766399383545
0.9041450619697571
1.0435833930969238
