0.20085005462169647
0.22170838713645935
1.050018548965454
0.41176360845565796
0.552067756652832
0.3516024351119995
0.538087010383606
0.3512158989906311
0.31231120228767395
0.26765432953834534
0.6356744170188904
0.8458650708198547
0.41600751876831055
0.8603793978691101
0.5141443014144897
0.3488606810569763
0.28603440523147583
0.5726854801177979
0.7026281356811523
0.3037697970867157
0.28576013445854187
0.5699359774589539
0.18113556504249573
0.21849068999290466
0.5412338972091675
0.6180581450462341
0.6358017921447754
0.24258919060230255
0.6727427244186401
1.1667841672897339
0.9992515444755554
0.6461887359619141
0.7902617454528809
0.4815889298915863
0.8040335774421692
0.4043737053871155
0.6875283122062683
1.1516618728637695
0.5642776489257812
0.5381049513816833
0.6734885573387146
0.49636954069137573
0.3497852683067322
0.15086215734481812
0.3607650399208069
0.557010293006897
0.8081265687942505
0.4296930730342865
0.8533098101615906
1.06990647315979
0.3670835494995117
0.8043050765991211
0.24189093708992004
0.44777488708496094
0.3654075562953949
0.9438738822937012
0.61158686876297
0.4371267259120941
0.31977200508117676
0.4885609745979309
0.6448453664779663
0.7867128849029541
0.9524807929992676
0.5382460951805115
0.5644586086273193
0.2209676057100296
0.33896327018737793
0.4319683611392975
0.6119640469551086
0.39330318570137024
0.5773442983627319
0.4119337499141693
0.694542407989502
0.24928107857704163
0.5702756643295288
0.2214467078447342
0.6381622552871704
0.543597400188446
0.2589116096496582
0.1572915017604828
1.9085512161254883
0.49542465806007385
0.5241772532463074
0.6469451189041138
0.2954528033733368
0.5040427446365356
0.575884997844696
0.4551745355129242
0.898917555809021
0.32461342215538025
0.39967504143714905
0.22401101887226105
0.5502289533615112
0.8617092370986938
0.3686251938343048
1.0506993532180786
0.8322380185127258
0.5122581720352173
0.40379276871681213
0.2594285011291504
0.6131379008293152
0.20297947525978088
0.48856648802757263
0.35699349641799927
0.5264092683792114
0.4495776295661926
0.09788679331541061
0.5335285067558289
0.6204959154129028
0.7673710584640503
0.4742587208747864
0.5104931592941284
0.38573530316352844
0.4556999206542969
0.40538328886032104
0.514545738697052
0.887701690196991
0.43238767981529236
0.5762284398078918
0.8769397735595703
0.3841366767883301
0.7234188318252563
0.4840106964111328
0.23769652843475342
0.37369051575660706
0.5488619804382324
0.835709273815155
0.5815750360488892
0.5687604546546936
0.6870710849761963
0.47288966178894043
0.46681326627731323
0.4516521096229553
0.36846160888671875
0.6030260324478149
0.3722453713417053
0.4913107752799988
0.6805326342582703
0.4081808924674988
0.9237890243530273
0.9702474474906921
0.5021019577980042
0.2706744968891144
0.6476292610168457
0.6721572875976562
0.5328317880630493
0.5992133021354675
0.2109971046447754
0.2920083701610565
0.2511606812477112
0.3633245825767517
0.568130373954773
0.6495550274848938
0.25370171666145325
0.6114136576652527
0.6223365664482117
0.4027565121650696
0.3997519016265869
0.9014854431152344
0.20124006271362305
0.5211342573165894
0.41062480211257935
0.5381159782409668
0.33215707540512085
0.3551335334777832
0.45291465520858765
0.5667992234230042
0.5258668065071106
1.040776014328003
1.4586608409881592
0.4173986315727234
0.4958225190639496
0.3162929117679596
0.3513384759426117
0.4432222247123718
0.720939040184021
0.8493894338607788
0.561343789100647
0.8632879257202148
0.311727911233902
0.7306238412857056
0.28059110045433044
0.5835316777229309
0.6262591481208801
0.5267722010612488
0.3174625039100647
0.4062359929084778
0.6832196116447449
0.39933276176452637
0.3791462481021881
0.46388402581214905
0.4746699333190918
0.3339758813381195
0.3796428143978119
1.0624058246612549
0.30752676725387573
0.281853049993515
0.7025889158248901
0.5997111201286316
0.6531473398208618
0.4681766629219055
0.5551801919937134
0.4739651679992676
0.7609760165214539
0.2649232745170593
0.14153580367565155
0.7890002131462097
0.40104159712791443
0.5360606908798218
0.5013660192489624
0.5045441389083862
0.4784151613712311
0.5125362277030945
0.41838496923446655
0.4846903681755066
0.6837044358253479
0.8707311749458313
0.5901962518692017
0.5852609276771545
0.8932527303695679
0.6383341550827026
0.9295557141304016
0.6843627691268921
0.5310813188552856
0.5092089772224426
0.38413697481155396
0.43396204710006714
0.5482426881790161
0.4355926513671875
0.3418557941913605
0.9603930711746216
0.5974026918411255
0.6131002306938171
0.27283328771591187
0.6592485308647156
0.6434589624404907
0.6994163393974304
0.5332878828048706
0.6915017366409302
0.4710965156555176
0.29514533281326294
0.5282667279243469
0.4005431532859802
0.6621202230453491
0.48806729912757874
0.6720980405807495
0.9573842883110046
0.557048499584198
1.211490273475647
0.9256740808486938
0.47585219144821167
0.6333228349685669
0.2000439614057541
0.2902039885520935
0.33195704221725464
0.44731226563453674
0.3373644948005676
0.37243083119392395
0.9541546106338501
1.3137038946151733
0.5942510366439819
0.538466215133667
0.494196355342865
0.3088575005531311
0.9072605967521667
0.3863723874092102
0.6419903039932251
0.392025887966156
0.6738473176956177
0.3992850184440613
0.6587958931922913
1.020817518234253
0.5377206802368164
0.7637477517127991
0.3408808708190918
0.40381568670272827
0.3892246186733246
0.19090691208839417
0.29213544726371765
0.4922630190849304
0.874569296836853
0.3892049789428711
0.5258648991584778
0.5706350803375244
0.5027086734771729
0.5198054909706116
0.5350234508514404
0.895811915397644
0.8215057253837585
0.6081990003585815
1.0160118341445923
0.6211567521095276
0.9903637170791626
0.38356462121009827
0.6100026369094849
0.26258155703544617
0.3417765498161316
0.5254886150360107
0.49321359395980835
0.48152947425842285
0.720128059387207
0.5261802077293396
0.5974737405776978
0.5308171510696411
0.9080988764762878
0.6998392939567566
0.6699092984199524
0.5807821154594421
0.3924614489078522
0.3378417193889618
0.35414937138557434
0.7181074023246765
1.144732117652893
0.21542778611183167
0.5046387910842896
0.3120329678058624
0.6724028587341309
0.40870270133018494
0.3819846212863922
0.5515528917312622
0.6684329509735107
0.3688947260379791
0.5075567960739136
0.6234525442123413
0.39731672406196594
0.29023227095603943
0.6683874130249023
0.4313720762729645
0.6808711290359497
0.3914833068847656
0.2576434016227722
0.3677266538143158
0.4206855893135071
0.5626572966575623
0.15934477746486664
0.43455713987350464
0.6494646668434143
1.4998668432235718
