0.5026947259902954
0.419185072183609
0.647428035736084
0.36969202756881714
0.21428880095481873
0.467548668384552
1.1762921810150146
0.36407989263534546
0.910720705986023
0.8084624409675598
0.29947134852409363
0.9428609609603882
0.47208356857299805
0.27281898260116577
0.48156994581222534
0.47556543350219727
0.587363600730896
0.5152090787887573
0.42972332239151
0.36481860280036926
0.3531305193901062
0.5152082443237305
0.7603229880332947
0.36735767126083374
0.5512752532958984
0.15343251824378967
0.9413054585456848
0.4036480486392975
0.5019655823707581
0.5726509690284729
0.6051774024963379
0.4689864218235016
0.3324494957923889
0.4467617869377136
0.5939310789108276
0.35386231541633606
0.8626468777656555
0.29190540313720703
0.36033764481544495
0.7458207011222839
0.6373740434646606
0.5745925903320312
0.5569953918457031
0.8164175748825073
0.7948962450027466
0.5513610243797302
0.46050530672073364
0.7235459089279175
0.5959480404853821
0.29381757974624634
0.5932973027229309
0.49483156204223633
0.8454610705375671
0.9457336664199829
0.7602816820144653
0.6968278884887695
0.5318244099617004
0.27850013971328735
0.8841147422790527
0.27872925996780396
0.2347334921360016
0.45537862181663513
0.4191338121891022
0.41592612862586975
0.5520755052566528
1.0183244943618774
0.6605690717697144
0.23990090191364288
0.6905091404914856
0.15532927215099335
0.635421633720398
0.182748943567276
0.2805348038673401
0.6464647054672241
0.5490902662277222
0.8332761526107788
0.7193983793258667
0.716934084892273
0.162180095911026
0.3321845233440399
0.7692381739616394
0.2396973818540573
0.8552910685539246
0.4832088351249695
0.3299183249473572
0.4198545813560486
0.6648429036140442
0.4393743574619293
0.6304768323898315
0.3348541855812073
0.6615504622459412
0.31696268916130066
0.7208207845687866
0.34590139985084534
0.3917876183986664
0.24253425002098083
0.4691945016384125
0.739313006401062
0.6168380975723267
0.5471271276473999
0.6473996043205261
0.4829872250556946
0.37778180837631226
0.7720904350280762
0.6650996208190918
0.6473613977432251
0.2773745656013489
0.38728711009025574
0.48091259598731995
0.2293044626712799
0.9938060641288757
0.7133901715278625
0.5830502510070801
0.8399028778076172
0.46564969420433044
0.979803204536438
0.35695481300354004
0.5640243291854858
0.6517267227172852
0.6601505875587463
0.26570063829421997
0.6877696514129639
0.5762306451797485
0.49480047821998596
0.8574634790420532
0.517934262752533
0.7018018960952759
0.9899381399154663
0.8628864288330078
0.4896015226840973
0.40813392400741577
0.6422098875045776
0.5938665866851807
0.3347536623477936
0.531960129737854
0.4882063865661621
0.927254855632782
0.33927077054977417
0.5299690365791321
0.6262332797050476
0.2318834811449051
0.7248861193656921
0.35375940799713135
0.5521121621131897
0.3498479723930359
0.5123944282531738
0.4916568398475647
1.1526875495910645
0.5835171937942505
0.8079931139945984
0.4885188639163971
0.40091362595558167
0.9160329699516296
0.7246025800704956
0.56736820936203
1.114857792854309
1.198411226272583
0.4202483296394348
0.44344955682754517
0.42413243651390076
0.254128634929657
0.6117847561836243
0.3153632879257202
0.47101807594299316
0.54271000623703
0.5139394998550415
1.0967142581939697
0.5037635564804077
0.23778855800628662
0.27647513151168823
0.5688328742980957
0.48242855072021484
0.8115369081497192
0.676834762096405
0.3243778347969055
0.35549941658973694
0.17110119760036469
0.37468329071998596
0.4353167414665222
0.33025848865509033
0.9196441769599915
0.30258727073669434
0.40192484855651855
0.29419293999671936
0.43522167205810547
0.25061583518981934
0.4222407937049866
0.5276831388473511
0.5071476697921753
0.9836843609809875
0.445413202047348
1.011573076248169
0.8972457647323608
0.5650830268859863
0.5227416753768921
0.5063418745994568
0.29033055901527405
0.7578614950180054
0.851775050163269
0.5280251502990723
0.8896743655204773
0.9114494323730469
0.7539506554603577
0.2317316234111786
0.3209608495235443
0.48974743485450745
0.38751378655433655
0.4761311411857605
0.4397657513618469
0.318106472492218
0.40457582473754883
0.286489337682724
0.3925873637199402
0.8361219167709351
0.2463640719652176
0.4221171438694
0.6079303622245789
0.46446865797042847
0.21790902316570282
0.7431530952453613
0.5788244605064392
0.6381604075431824
0.3589816093444824
0.3395625948905945
0.6441501975059509
0.6686960458755493
0.26256632804870605
0.4890139698982239
0.9721887707710266
0.7992300987243652
0.3246345818042755
0.38259458541870117
0.6932271718978882
0.9321244359016418
0.24841749668121338
0.7917783260345459
0.5997326970100403
0.19704943895339966
0.38982507586479187
0.44667720794677734
0.5415206551551819
0.4595804214477539
0.3388691842556
0.4823409616947174
0.28840598464012146
0.7153340578079224
0.8930917978286743
0.7219969630241394
0.36686116456985474
0.3867912292480469
0.6710865497589111
0.4035548269748688
0.43266457319259644
0.4271391034126282
0.16877733170986176
0.4632798135280609
1.0247136354446411
0.3656386435031891
0.5242354869842529
0.40405020117759705
0.6813381314277649
1.0711897611618042
0.36435526609420776
0.513632595539093
0.4239211976528168
0.6669207811355591
0.20402035117149353
0.5191382169723511
0.5026612877845764
0.6505534648895264
0.9483339190483093
1.0172232389450073
0.4113021492958069
0.5707124471664429
0.361491322517395
0.3574104607105255
0.5672708749771118
0.27702805399894714
0.3230676054954529
0.4096972346305847
0.40030747652053833
0.3955461084842682
1.0145138502120972
0.6020944118499756
0.2554708421230316
0.4037308096885681
0.35409078001976013
0.4006560444831848
0.5124168992042542
0.3436896800994873
0.8614305257797241
0.1941203773021698
0.8976203799247742
0.38313472270965576
0.27463728189468384
0.8012298345565796
0.3187374472618103
0.49789562821388245
0.3845334053039551
0.5061693787574768
0.24588334560394287
0.9736299514770508
0.5278568863868713
0.7803547382354736
0.4518366754055023
0.17225196957588196
0.3093400001525879
0.4406736493110657
0.2882647216320038
0.2773290276527405
0.7873662710189819
0.9817845225334167
0.49720802903175354
0.2587973475456238
0.37756773829460144
0.5623520612716675
0.6781344413757324
0.43629589676856995
0.4167565405368805
0.6171698570251465
0.2729177474975586
0.47153863310813904
0.8673869371414185
0.4252663552761078
0.6278630495071411
0.4136123061180115
1.1368396282196045
0.43581318855285645
0.25212329626083374
1.1476963758468628
0.28082185983657837
0.5006009340286255
0.19720962643623352
0.3260487914085388
0.5917890071868896
0.40370234847068787
0.5351207852363586
0.43065667152404785
