1.0180144309997559
0.3238547444343567
0.5367635488510132
0.5291211009025574
0.8150008916854858
0.36737439036369324
0.5506225824356079
0.5493823885917664
0.5173308253288269
0.3040105998516083
0.3955790102481842
0.5393317341804504
0.45579400658607483
0.6739358305931091
0.6160992383956909
0.6583970189094543
0.7177726626396179
0.4687092900276184
0.6997396945953369
0.35452643036842346
1.1144237518310547
0.5722728967666626
0.6022213101387024
0.35621339082717896
0.5384135842323303
0.8695849180221558
0.378503680229187
0.31617826223373413
0.41219449043273926
0.31022176146507263
0.5448025465011597
0.7188968062400818
0.3452143371105194
0.3642156422138214
0.577609121799469
0.8892974853515625
0.367514967918396
0.675220787525177
0.5665193200111389
0.7614227533340454
0.3730781078338623
0.6305558085441589
0.5737807154655457
0.6094714403152466
0.5269168019294739
0.4436670243740082
0.8785181045532227
0.8395945429801941
0.2650674283504486
0.9170337915420532
0.4577210545539856
0.4867967665195465
0.2192920446395874
0.799731433391571
0.2358529269695282
0.8971588015556335
0.7005847096443176
0.4283864498138428
0.6059169173240662
0.3101373314857483
0.7904233932495117
0.33635130524635315
0.3132385313510895
0.2565217912197113
0.5230836868286133
0.40461117029190063
0.38199666142463684
0.26307517290115356
0.4316171705722809
0.49677079916000366
0.46400222182273865
0.35125988721847534
0.24506230652332306
0.7416254281997681
0.6549124121665955
0.47068777680397034
0.3318740725517273
0.9443984031677246
0.623075008392334
0.2987920343875885
0.8792327046394348
0.32711344957351685
0.7262997627258301
0.3552991449832916
0.4718213975429535
0.37485677003860474
0.2613299489021301
0.5341314673423767
0.485138475894928
0.6120837926864624
0.3991090953350067
0.7173992395401001
0.4563668370246887
0.5992716550827026
0.30264732241630554
0.661739706993103
0.6799237132072449
0.5868858098983765
0.7767077684402466
0.7378765940666199
0.7479659914970398
0.7029093503952026
0.46609267592430115
0.5768390893936157
0.5854158997535706
0.5753774046897888
0.7219561338424683
0.7594282031059265
0.709420382976532
0.5325735807418823
0.8039806485176086
0.3340853452682495
0.45620742440223694
0.6368951797485352
0.3318052589893341
0.3566221296787262
0.5835925340652466
0.31204020977020264
0.515326738357544
0.4422140121459961
0.9597715139389038
0.1524074524641037
0.4644976258277893
0.25102606415748596
0.35642126202583313
0.3068828582763672
0.677234947681427
0.7363983392715454
0.6660221815109253
0.5748336315155029
1.031252145767212
0.5176246166229248
0.7300148606300354
0.3630542457103729
1.4395326375961304
0.7510592341423035
0.4734247326850891
0.39547818899154663
0.5367096066474915
0.8731195330619812
0.835066020488739
0.9184975624084473
0.7571268081665039
0.3442487120628357
0.7514127492904663
0.8545513153076172
1.0410425662994385
0.9806028604507446
0.5691717267036438
0.43111857771873474
0.5588729977607727
0.37845897674560547
0.2951027750968933
0.8579985499382019
0.3803638815879822
0.9699538350105286
0.3694964647293091
0.45738881826400757
0.3455987870693207
0.36305466294288635
1.0071098804473877
0.6105177998542786
0.4672090411186218
0.7322011590003967
0.44683656096458435
0.3816983699798584
0.7758297920227051
0.5028847455978394
0.43094968795776367
0.449637234210968
0.6481348276138306
0.3849779963493347
0.26898011565208435
0.33928942680358887
0.42231741547584534
0.6249132752418518
0.5295132994651794
1.2820336818695068
0.514252245426178
0.6424888372421265
0.7841438055038452
0.6843907237052917
0.8743988871574402
0.402533620595932
0.4853895306587219
0.43741846084594727
0.36175408959388733
0.5123215913772583
0.6225923895835876
0.9344156384468079
0.34128516912460327
1.181387186050415
0.4950413107872009
0.32123252749443054
0.5396228432655334
0.43438950181007385
0.7346986532211304
0.3198354244232178
0.37863868474960327
0.34458643198013306
0.40632468461990356
0.6464390754699707
0.43751296401023865
0.6019654870033264
0.14047053456306458
0.3224838972091675
0.37327030301094055
0.9011754989624023
0.7165890336036682
0.11131133884191513
0.791000485420227
0.9185129404067993
0.17656269669532776
0.33677607774734497
0.8078672289848328
0.6034024357795715
0.6300417184829712
0.6343349814414978
0.8836804628372192
0.43944281339645386
0.5911933183670044
0.532567024230957
0.4775558412075043
0.35752028226852417
0.5878907442092896
0.4704994559288025
0.33078116178512573
0.7093623876571655
0.7237692475318909
0.356046199798584
0.7037509083747864
0.6749734878540039
0.2174731194972992
0.3115431070327759
0.6099904775619507
0.3561396598815918
0.5029405355453491
0.522659182548523
1.3571144342422485
0.3725159466266632
0.38832658529281616
0.44048628211021423
0.6280047297477722
0.6898892521858215
0.494480699300766
0.5478745698928833
0.7737767100334167
0.7214328050613403
0.6469548344612122
0.5065407156944275
0.6462496519088745
0.39588427543640137
0.46636438369750977
0.518510639667511
0.7926343679428101
0.4290417730808258
0.6389086842536926
0.4764249920845032
0.7705050706863403
0.32791680097579956
0.5254141092300415
0.6277543306350708
0.4741421639919281
0.35521432757377625
0.5841485857963562
0.49555906653404236
0.3932858109474182
0.3766096234321594
0.4288875460624695
0.707662045955658
1.2498759031295776
0.7017006874084473
0.823157787322998
0.37222322821617126
0.35929548740386963
0.6133278012275696
0.1885855346918106
0.48559752106666565
0.3580223023891449
0.3467080891132355
0.5031387209892273
0.45054396986961365
0.726607620716095
0.7412839531898499
0.6877101063728333
0.6482797861099243
0.5572832822799683
0.45535439252853394
0.6333953142166138
0.2331831455230713
0.8258463740348816
0.463248074054718
0.5616991519927979
0.7872913479804993
0.47445106506347656
0.7894508242607117
0.4164521098136902
0.6863899230957031
0.6278550028800964
0.819262683391571
0.28946271538734436
0.25450289249420166
0.41848698258399963
0.2782912254333496
0.6851340532302856
0.5461167097091675
0.8400114178657532
0.6605890393257141
0.7204707860946655
0.38898342847824097
0.3695168197154999
0.9679073095321655
0.9698260426521301
0.6120721697807312
0.9167197346687317
0.49813002347946167
0.6639949083328247
0.7356783747673035
0.574926495552063
0.8657933473587036
0.43104010820388794
1.0254284143447876
0.3788967430591583
0.45920857787132263
0.6000672578811646
0.30821311473846436
0.46682968735694885
0.5677866339683533
0.6168975234031677
0.7190961837768555
0.17362722754478455
0.6138021349906921
0.4959127902984619
0.26542359590530396
0.442141056060791
0.2859417498111725
0.41111820936203003
0.42704761028289795
