0.7345882058143616
0.8463982343673706
0.47952374815940857
0.36227864027023315
0.5504864454269409
0.5040080547332764
0.25719135999679565
0.5272940397262573
0.41581258177757263
0.5439773797988892
0.6809101104736328
0.40878981351852417
0.5100716352462769
0.31544679403305054
0.9014571905136108
0.563748300075531
0.23661816120147705
0.3810054361820221
0.5570693016052246
0.9644134640693665
0.38633155822753906
0.27471596002578735
0.4511720538139343
0.5733329057693481
0.5738457441329956
0.49168333411216736
0.16984574496746063
0.7667356133460999
0.21350860595703125
0.4665137827396393
0.7120887637138367
0.4855920672416687
0.3382575809955597
0.4239722192287445
0.6751707196235657
0.20162776112556458
0.9160321950912476
0.5120397806167603
0.3348301351070404
0.5677329301834106
0.6356865167617798
0.4503496289253235
0.2744063436985016
0.6130456328392029
0.5702075958251953
0.893173336982727
0.40012750029563904
0.3876613974571228
0.5266290903091431
0.4759658873081207
0.4456064701080322
0.33866921067237854
0.598023533821106
0.41329365968704224
0.5305634140968323
0.6528991460800171
0.5811702013015747
0.5515848398208618
0.9559956789016724
0.32724612951278687
0.5937038660049438
0.3332694470882416
0.49513715505599976
1.187646508216858
0.3613664507865906
0.594586968421936
0.43469029664993286
0.4827709197998047
0.8179200887680054
0.3937850892543793
0.42415961623191833
0.24932201206684113
0.4399431645870209
0.512095034122467
0.3706265389919281
0.4278604984283447
0.2534041404724121
0.7698701024055481
0.6439282894134521
0.6396995782852173
0.29965484142303467
0.3785859942436218
0.23914071917533875
0.2670561671257019
0.5575420260429382
0.5639802813529968
0.6951581239700317
0.6532783508300781
0.9744457006454468
0.3849095106124878
0.4345741271972656
0.5148977041244507
1.007990837097168
0.35497137904167175
0.5473476648330688
0.47969111800193787
0.885449230670929
0.359840452671051
0.5642078518867493
0.24463272094726562
0.3689659833908081
0.37594977021217346
0.5443738102912903
0.3910379707813263
0.2820563018321991
1.1400432586669922
0.6574269533157349
0.6553886532783508
0.540727972984314
0.17410843074321747
0.9054614901542664
0.6636953353881836
0.6350727677345276
0.5133458971977234
0.3253384232521057
0.7128108739852905
0.34009629487991333
0.42224979400634766
0.7602853775024414
0.5536165833473206
0.49232181906700134
0.3922866880893707
0.6484958529472351
0.7107363939285278
0.34932470321655273
0.4401671886444092
0.4814324378967285
0.7653374075889587
0.7667840123176575
0.9021673202514648
0.35679855942726135
0.6179585456848145
0.4854503273963928
0.9407626986503601
0.5645424723625183
0.2315339744091034
0.2735081613063812
0.8222905993461609
0.314201295375824
0.32053107023239136
0.6362322568893433
0.4416404366493225
0.9096370935440063
0.4263576567173004
0.22388377785682678
0.5021765232086182
0.6344000697135925
0.3809346854686737
0.43036574125289917
0.8353708386421204
0.5778156518936157
0.6087319254875183
0.38601526618003845
0.16943103075027466
0.5641311407089233
0.8114266395568848
0.48802632093429565
0.5744235515594482
0.45172229409217834
0.4021691679954529
0.1888255774974823
0.4026865065097809
0.519745945930481
0.6410096287727356
0.452988862991333
0.6678363680839539
0.46311503648757935
0.1695178747177124
0.8186400532722473
0.690635085105896
0.356444776058197
0.46219339966773987
0.64410001039505
0.2997504472732544
0.24547453224658966
0.4587087631225586
0.7101043462753296
0.3412312865257263
0.6229275465011597
0.5056131482124329
0.49226492643356323
0.8279142379760742
0.42978256940841675
0.2353261411190033
0.6050902605056763
0.45939406752586365
0.41029444336891174
0.29677146673202515
0.32121482491493225
0.6479101777076721
0.6351067423820496
0.6429723501205444
0.653183102607727
0.5013362169265747
0.4296655058860779
0.48476243019104004
1.4011075496673584
0.36127421259880066
0.9589720964431763
0.35454806685447693
0.7938945293426514
0.4252447187900543
0.32211506366729736
0.49195894598960876
0.9292305707931519
0.7969271540641785
0.6306816935539246
0.3074876666069031
0.8756591081619263
0.41978684067726135
0.41903525590896606
0.6260634660720825
1.1009070873260498
0.4127301275730133
0.4501374363899231
0.2835307717323303
0.4529654383659363
0.6457144021987915
1.2570300102233887
0.6148828268051147
0.433571994304657
0.6563094854354858
0.558097243309021
0.37941670417785645
0.7190567851066589
0.5969879031181335
0.6140758991241455
0.6271239519119263
0.2515917420387268
0.5913890600204468
0.59894859790802
0.8150910139083862
0.47882723808288574
0.3641086220741272
0.41516900062561035
0.5242937207221985
0.4237167239189148
0.9890851974487305
0.9107572436332703
0.3415743410587311
0.967171311378479
0.35208845138549805
0.699141263961792
0.6742347478866577
0.759425163269043
0.3519607186317444
0.4236428737640381
0.8000758290290833
0.4544239044189453
0.32978367805480957
0.28116574883461
0.4771222174167633
1.0949957370758057
0.3649691939353943
0.44453686475753784
0.3919418454170227
0.7755739092826843
0.3231552243232727
0.4203922748565674
0.49885112047195435
0.5253050327301025
0.5232067108154297
0.7299064993858337
0.24658092856407166
0.4543899595737457
0.3855128288269043
0.48765698075294495
0.5488321185112
1.146282434463501
0.5067914128303528
0.31824854016304016
0.64338618516922
0.49063950777053833
0.6288138628005981
0.169715017080307
0.5929796099662781
0.15835002064704895
0.35765960812568665
0.593847393989563
0.8090224266052246
0.30182740092277527
0.4446566700935364
0.29127582907676697
0.6662827730178833
0.29077062010765076
0.7669365406036377
0.4530273377895355
0.3429076671600342
0.6387789249420166
0.723720371723175
0.6084703207015991
0.20758652687072754
0.4192293584346771
0.600911021232605
0.3384750485420227
0.4290807843208313
0.43023309111595154
0.36151668429374695
0.7850969433784485
0.7572377920150757
0.5493858456611633
0.7618563771247864
0.8739511370658875
0.726029098033905
0.5964680910110474
0.2151048630475998
0.4156648516654968
0.3916199803352356
0.295390248298645
0.39225271344184875
0.5033783912658691
1.272456407546997
0.4887751042842865
0.6385728716850281
0.28541406989097595
0.15557554364204407
0.163877934217453
0.689818799495697
0.3392523527145386
0.5188080668449402
0.29359322786331177
0.416585773229599
0.3076517581939697
0.6626788377761841
0.8182563781738281
0.554088294506073
0.4639259874820709
0.335674911737442
0.29015034437179565
0.5283840894699097
0.469024658203125
0.6327321529388428
0.6659598350524902
0.5554805994033813
0.20931048691272736
0.5138508677482605
0.5727386474609375
0.5970125794410706
