0.5917932987213135
0.45098209381103516
1.1459619998931885
0.6043460369110107
0.4731113314628601
0.4208138883113861
0.5186300277709961
0.46749147772789
0.48536252975463867
0.21763725578784943
0.9502010345458984
0.7457235455513
0.8302211761474609
0.5856989026069641
0.9590652585029602
0.790951132774353
0.5323136448860168
0.47073277831077576
0.35477137565612793
0.4503001570701599
0.5426071286201477
0.4829961359500885
1.0796191692352295
0.3662331998348236
0.45191431045532227
0.41354864835739136
0.39902263879776
0.2489200085401535
0.22252413630485535
0.7308517694473267
0.2344954013824463
0.6091967821121216
0.32638612389564514
0.5201520323753357
0.36474400758743286
0.31010037660598755
0.36772340536117554
0.4638589322566986
0.9739415049552917
0.516656756401062
0.31734699010849
0.7071278691291809
0.4711221754550934
0.5317500233650208
0.4955001771450043
0.7720810174942017
0.8644161224365234
0.5269137620925903
0.4866825044155121
0.41988152265548706
1.0189671516418457
0.42232322692871094
0.43030768632888794
0.9924050569534302
0.3874996602535248
0.13953076303005219
0.9175588488578796
0.3356875777244568
0.40501633286476135
0.8104811906814575
0.533831000328064
0.6165916323661804
0.5977154970169067
0.8240442276000977
0.40386542677879333
0.541519045829773
0.4286242425441742
0.47585368156433105
0.32471540570259094
0.8627870678901672
0.47161969542503357
0.23682186007499695
0.2296084612607956
0.8033957481384277
0.5716172456741333
0.5399194955825806
0.5488218069076538
0.09705029428005219
0.5194036364555359
0.6757804751396179
0.24640920758247375
0.7800911664962769
0.3555836081504822
0.38523170351982117
0.42127475142478943
0.37331467866897583
0.8478057980537415
0.4084380269050598
0.28147703409194946
0.5548510551452637
0.34788745641708374
0.4588211476802826
0.48599085211753845
0.6035425662994385
0.278928279876709
0.5575124025344849
0.601845920085907
1.203315019607544
0.5478516817092896
0.3420543670654297
0.4376796782016754
0.5543948411941528
0.2998148798942566
0.34014761447906494
0.5155787467956543
0.31655508279800415
0.19808591902256012
0.8661705851554871
0.34459155797958374
0.7373027205467224
0.679728090763092
0.6488763689994812
0.2978474497795105
0.7288146615028381
0.6601004600524902
0.7103804349899292
0.8212023973464966
0.4680841565132141
0.5063446760177612
0.6212097406387329
0.3831164836883545
0.38271570205688477
0.24841833114624023
0.23327632248401642
0.7755926847457886
0.4764825403690338
0.3238922357559204
0.982762336730957
0.2566504180431366
0.5287099480628967
0.39937782287597656
0.68010413646698
0.586743950843811
0.5188501477241516
0.7871782183647156
0.542400062084198
0.7633789777755737
0.5784499049186707
0.3323476314544678
0.32100898027420044
0.35686302185058594
0.5224813222885132
0.4124060571193695
0.5453855991363525
0.745788037776947
0.7614938616752625
0.36737632751464844
0.18954214453697205
0.7355848550796509
0.3292555510997772
0.5665739178657532
0.3748473525047302
0.5130946636199951
0.4799301028251648
0.7698185443878174
0.38907498121261597
0.27781814336776733
0.3618701696395874
0.5178236365318298
0.6259526610374451
0.8406117558479309
0.45903080701828003
0.7084754109382629
0.4547019898891449
0.508130669593811
0.49042564630508423
0.7755380868911743
0.5918143391609192
0.26416048407554626
0.4383121132850647
0.8179284930229187
0.455963134765625
1.071349859237671
0.5106426477432251
0.22280311584472656
0.32097476720809937
0.5050347447395325
0.7384006977081299
0.8126651644706726
0.7809702754020691
0.35396823287010193
0.5253623723983765
0.6502370834350586
0.33911699056625366
0.5967499017715454
0.3382602632045746
0.5547140836715698
0.38658976554870605
0.4569941461086273
0.6434041261672974
0.3506307005882263
0.5639179944992065
0.5287216305732727
0.3707142472267151
0.4773883819580078
0.9677475094795227
0.7062990069389343
0.2929663062095642
0.3729536533355713
0.40213894844055176
0.7397257089614868
0.4931524395942688
0.6012420058250427
0.3281037211418152
0.5019380450248718
0.5356579422950745
0.49749135971069336
0.24890074133872986
0.6607477068901062
0.39444220066070557
0.5490542650222778
0.6622070074081421
0.49173593521118164
0.39889511466026306
0.552327036857605
0.6873756647109985
0.34783703088760376
0.47105541825294495
0.39092516899108887
0.6086947321891785
0.5065258741378784
0.2255353182554245
0.8549382090568542
0.2831985354423523
0.6782912015914917
0.3739166855812073
0.6763526797294617
0.8571099042892456
0.3270646929740906
0.1887388974428177
0.40682730078697205
0.3944639563560486
0.27632319927215576
0.4488065838813782
0.20114676654338837
0.4694283902645111
0.35326865315437317
0.7469804286956787
0.6737145781517029
0.41771379113197327
0.9446452260017395
0.39964741468429565
0.4752153754234314
0.5338253378868103
0.5261745452880859
0.4144350588321686
0.4284232556819916
0.4748077988624573
0.6050750017166138
0.4535604417324066
0.5005017518997192
0.2999800145626068
0.628394603729248
0.32509830594062805
0.52684485912323
0.5236520171165466
0.6002364158630371
0.5480321049690247
0.4259905219078064
0.9766361117362976
0.4912348687648773
0.3449179530143738
0.31953948736190796
0.5659112930297852
0.5299233198165894
0.8128420114517212
0.5435651540756226
0.21278317272663116
0.9565655589103699
0.5742285847663879
0.364746630191803
0.7157089114189148
0.2807968258857727
0.4159422814846039
0.4883681833744049
0.44525641202926636
0.5461193323135376
0.5868427157402039
0.4383317828178406
0.7415788173675537
0.4058847427368164
0.5694494247436523
0.44660988450050354
1.10757577419281
0.8354174494743347
0.41068536043167114
0.5097842812538147
0.7558645009994507
0.6993291974067688
0.33219146728515625
0.7788694500923157
0.7643119096755981
0.26566189527511597
0.4191966652870178
0.430753231048584
0.3812881112098694
0.8832424879074097
0.7391504049301147
0.5563163757324219
0.4175868034362793
0.6696937680244446
0.36205071210861206
0.7309562563896179
0.3576485514640808
0.2820381224155426
0.4929879605770111
0.31928956508636475
0.6378337144851685
0.5479788780212402
0.6818332672119141
0.6508299112319946
0.5040055513381958
0.5412560105323792
0.2141868621110916
0.690036416053772
0.6469594240188599
0.5167402625083923
0.5083956718444824
0.8499709367752075
0.2463473379611969
0.5405870676040649
0.7699164152145386
0.5084154009819031
0.4615687429904938
0.2556740939617157
0.6509708166122437
0.5780773758888245
0.858262836933136
0.7640901207923889
0.31372684240341187
0.562653660774231
0.4138025641441345
0.7781082391738892
0.24115633964538574
0.3749123513698578
0.3111565113067627
1.0375845432281494
0.855121374130249
