0.47392576932907104
0.3496568202972412
0.295677125453949
0.6337155103683472
0.9529322385787964
0.29069557785987854
0.40829554200172424
0.6372882127761841
0.3898511528968811
0.3680572509765625
0.8442460894584656
0.4684339165687561
0.5059964060783386
0.5000041127204895
0.9466031789779663
0.5527762770652771
0.4721851348876953
0.6257100105285645
0.20771463215351105
0.6768150329589844
0.22880332171916962
0.81707763671875
0.24598951637744904
0.8691931962966919
0.6248964071273804
0.2617168426513672
0.7490181922912598
0.584377646446228
0.8404533267021179
0.5116101503372192
0.36200785636901855
0.5798345804214478
0.28895050287246704
0.510510265827179
0.5831509828567505
0.6809847354888916
1.1744952201843262
1.1189930438995361
0.6721841096878052
0.3686339259147644
0.45858874917030334
0.3112369775772095
0.4049460291862488
0.540389895439148
0.45278000831604004
0.21491055190563202
0.23832087218761444
0.2843901216983795
0.9355242848396301
0.7557739615440369
0.8594735860824585
0.7842587232589722
0.8596324920654297
0.8871137499809265
0.42541247606277466
1.142217993736267
0.44313591718673706
0.5726560354232788
0.30713510513305664
0.874681293964386
1.1876552104949951
0.368631511926651
0.48227208852767944
0.2737671434879303
0.7612410187721252
0.673309326171875
0.45542091131210327
1.0563595294952393
0.31639546155929565
1.1533476114273071
0.5139092803001404
1.019323706626892
0.6591205596923828
0.5480741858482361
0.3574150800704956
0.3277537226676941
0.31257006525993347
0.9320033192634583
0.44501566886901855
0.3888515830039978
0.5780227780342102
0.3973046541213989
0.318278968334198
0.5477148294448853
0.969791054725647
0.6702989339828491
0.2931458353996277
0.6246083378791809
0.5073943138122559
0.5583097338676453
0.5358408689498901
0.5555809140205383
0.3749632239341736
0.4856170117855072
0.5502792596817017
0.4908929765224457
0.34724247455596924
0.34035271406173706
0.4618527293205261
0.6920809745788574
0.6136499643325806
1.4994319677352905
0.2765722870826721
0.49875545501708984
0.2540256083011627
0.4166399836540222
0.5449126958847046
0.4338964819908142
0.34034088253974915
1.171459436416626
0.2205595225095749
0.5549758076667786
0.4375017285346985
0.9346179962158203
0.35373926162719727
0.4296216368675232
0.4669766426086426
0.25846660137176514
0.5837623476982117
0.5723694562911987
0.6818979382514954
0.3742032051086426
0.7191607356071472
0.3977833688259125
0.5364181399345398
0.6787652969360352
0.2620212137699127
0.38791388273239136
0.6396151781082153
0.41300147771835327
0.290693074464798
0.5065290927886963
0.6220541000366211
0.5100821256637573
0.4975428581237793
0.5716956257820129
0.447218656539917
0.6821946501731873
0.29399770498275757
1.0281513929367065
0.5591906309127808
0.4442714750766754
0.4637318253517151
0.6285243034362793
0.46560126543045044
0.41325703263282776
0.46866101026535034
0.1852041631937027
0.39503318071365356
0.4649052619934082
0.6741138696670532
0.649380087852478
0.20785239338874817
0.9655390977859497
0.6516004800796509
0.3020382821559906
0.6920465230941772
0.45101386308670044
0.6151878237724304
0.7696141600608826
0.3013247847557068
0.411421000957489
0.3014858365058899
0.5824819803237915
1.1375205516815186
0.6063663363456726
0.44761115312576294
0.716066300868988
0.28414103388786316
0.25906071066856384
0.7885408997535706
0.4481085240840912
0.9245756268501282
0.29986366629600525
0.3652622401714325
0.5017880201339722
1.1352535486221313
0.6631760597229004
0.5578567385673523
0.303962767124176
0.8589690923690796
0.2489854395389557
0.6601065993309021
0.5984486937522888
0.6950920224189758
0.5649580955505371
0.2853284478187561
0.3077290654182434
0.27787041664123535
0.5288181304931641
0.6311939358711243
1.3002287149429321
0.748650074005127
0.7503442168235779
0.36356282234191895
0.37739187479019165
0.8977905511856079
0.6470301151275635
0.625578761100769
0.4547520577907562
0.5769789218902588
0.46641436219215393
1.4830628633499146
0.3655676245689392
0.4565262794494629
0.3046289086341858
1.0903359651565552
0.3011043667793274
0.5031260251998901
0.4948456287384033
0.41942423582077026
0.7255874872207642
0.3138989508152008
0.1989893615245819
0.5503145456314087
0.4492289423942566
0.5160551071166992
0.8242022395133972
0.9592968225479126
0.40692591667175293
0.6144925951957703
0.4711209833621979
1.0405561923980713
0.3872971534729004
0.4910069406032562
0.47828808426856995
0.8825349807739258
0.5700267553329468
0.34768587350845337
0.7618879079818726
0.46339839696884155
0.415334552526474
0.36565518379211426
0.8842960596084595
0.3348379135131836
0.3107415437698364
0.14468593895435333
0.23635141551494598
0.49442529678344727
0.27848413586616516
0.9767953753471375
0.7322118878364563
0.8459264039993286
0.3568708300590515
0.5780379176139832
0.5277900695800781
0.7327319383621216
0.7299262285232544
0.44808244705200195
0.4357909560203552
0.7653199434280396
0.22507765889167786
0.5085897445678711
0.3562808632850647
0.42680254578590393
0.3951041102409363
0.3924948573112488
0.296171098947525
0.4712302088737488
0.33046308159828186
0.7825145125389099
0.49428948760032654
0.33815622329711914
0.3898223042488098
0.6261064410209656
0.31633687019348145
0.4760105609893799
0.3587849736213684
0.4358898103237152
0.2659580707550049
0.38468998670578003
0.7522796392440796
0.8153047561645508
0.5238195657730103
0.49751654267311096
0.8926883935928345
0.6640607118606567
0.5239030122756958
0.6719082593917847
0.15579964220523834
0.6793000102043152
0.5797697901725769
0.9415106773376465
0.42284172773361206
0.2197626382112503
0.6996306777000427
0.7293109893798828
0.6863307952880859
0.5473819375038147
0.7022395730018616
0.8561939001083374
0.5676251649856567
0.5044801831245422
0.6317241191864014
0.7712005972862244
0.8508227467536926
0.7573709487915039
0.5241233110427856
0.29410210251808167
0.3500695824623108
0.4156598448753357
0.47939246892929077
0.1380304992198944
0.5329447984695435
0.8664779663085938
0.39177316427230835
0.4055863320827484
0.5892675518989563
0.5183919668197632
0.4105854034423828
0.6522652506828308
0.6068094372749329
0.25672441720962524
0.4306464195251465
0.35837262868881226
1.0604982376098633
0.5122615098953247
0.2524447441101074
0.9347594380378723
0.7347346544265747
0.607768177986145
0.12440123409032822
0.4625014364719391
0.6574872732162476
0.3399451673030853
0.31836459040641785
0.8692712783813477
0.45776158571243286
0.5295236706733704
0.7574752569198608
0.5759729146957397
0.8303635716438293
0.403569757938385
0.6370733976364136
0.7884452939033508
0.37280020117759705
0.45594292879104614
2.156848430633545
