0.6389563083648682
0.3691472113132477
0.31572338938713074
0.3996970057487488
0.6103566288948059
0.24648085236549377
0.6947202682495117
0.6183416247367859
0.6398937106132507
0.28893500566482544
0.7802734971046448
0.42233985662460327
0.8151018023490906
1.1818476915359497
0.34616559743881226
0.7228389978408813
0.4781000018119812
0.4647732675075531
0.8071420788764954
0.6181951761245728
0.3942195773124695
0.3668329119682312
0.19856080412864685
0.5768428444862366
0.7261393666267395
0.44519177079200745
0.5733214616775513
0.4068114161491394
0.27098116278648376
0.8951492309570312
0.4371294379234314
0.8390023112297058
0.5537257194519043
0.5826092958450317
0.5077192187309265
1.158722996711731
0.8481359481811523
0.4671199917793274
0.5233781933784485
0.3271418511867523
0.952225387096405
0.880257785320282
0.504980206489563
0.37277156114578247
0.48289918899536133
0.46536388993263245
0.4540078043937683
0.38732779026031494
0.3352307379245758
0.5989034175872803
0.5565303564071655
0.5075007677078247
0.510743260383606
0.42997637391090393
0.5747296214103699
0.48486095666885376
0.48327651619911194
0.48822322487831116
1.0618054866790771
0.34716445207595825
0.45557937026023865
0.43979501724243164
0.24165549874305725
0.36005502939224243
0.4131397604942322
0.26127889752388
0.4390586018562317
0.4969434142112732
0.5676344037055969
0.42021340131759644
0.5252082943916321
0.7474818825721741
0.42678770422935486
0.6028969287872314
0.8063355684280396
0.43571004271507263
0.4022207260131836
0.551563560962677
0.46573978662490845
0.49333852529525757
0.44757524132728577
1.110425353050232
0.7553033828735352
0.25776487588882446
0.6455002427101135
0.3858179450035095
0.564537525177002
1.0964094400405884
0.8012840151786804
0.26627403497695923
0.6430515050888062
0.8354425430297852
0.4848129153251648
0.2978958487510681
0.5507237315177917
0.24247577786445618
0.1982448846101761
0.33393532037734985
0.8945409655570984
0.4368409216403961
0.49218106269836426
0.8828788995742798
0.45351895689964294
0.2824227213859558
0.6995987892150879
0.2719051241874695
0.6136994957923889
0.5506183505058289
0.34732377529144287
0.7223268747329712
0.5640186071395874
0.9847606420516968
0.3742287755012512
0.23662559688091278
0.539359450340271
0.2627466320991516
0.5395020842552185
0.2540360391139984
0.2962769865989685
0.4071604609489441
0.9464928507804871
0.6186535954475403
0.5672370195388794
0.9582929611206055
0.23792865872383118
0.2473069429397583
0.4961625933647156
0.4184401035308838
0.7145895957946777
0.19954261183738708
0.5081357359886169
0.47678303718566895
0.25998997688293457
0.7300445437431335
0.48158711194992065
0.2909066677093506
0.338279664516449
0.4680236279964447
0.7901604771614075
0.41002702713012695
0.359489768743515
0.17906931042671204
0.8668000102043152
0.21608451008796692
0.32092100381851196
0.3909851014614105
0.5367331504821777
0.46300917863845825
0.4796602725982666
1.1171609163284302
0.7042039036750793
0.42985111474990845
1.0267057418823242
0.5372063517570496
0.25640830397605896
0.718677282333374
0.4498477876186371
0.5958170294761658
0.2463894784450531
0.7961463928222656
0.7049427032470703
0.6533306837081909
0.9157389402389526
0.6566716432571411
0.8065069317817688
0.62751305103302
0.25377172231674194
0.1343865543603897
0.49011892080307007
1.130768060684204
0.6951462626457214
0.44281068444252014
0.7797002792358398
0.515521228313446
0.352912962436676
0.39934587478637695
0.5380386114120483
0.5603828430175781
0.33039912581443787
0.6140264868736267
0.2452644407749176
0.2708349823951721
0.593957781791687
0.37517106533050537
0.5316318273544312
0.5975019335746765
0.9446395039558411
0.6582752466201782
0.7269335389137268
0.7299046516418457
0.5489968061447144
0.8327086567878723
0.6076444387435913
0.38439711928367615
0.6273211240768433
0.40661343932151794
0.7774183750152588
1.0230610370635986
0.39698463678359985
0.3115507662296295
0.5622482895851135
0.36124497652053833
0.5127938985824585
0.588809609413147
0.8800784945487976
1.448746681213379
0.6261385679244995
0.5519334077835083
0.5696699619293213
0.5660018920898438
0.36553311347961426
0.8872221112251282
0.5101310014724731
1.0169179439544678
1.0487674474716187
0.5000908970832825
0.2283165156841278
0.2549425959587097
0.34571710228919983
0.8914833068847656
0.4073655605316162
0.3764491379261017
0.565152108669281
0.730170726776123
0.3638637661933899
0.979522705078125
0.5883492231369019
0.588843584060669
0.4413052499294281
0.613953173160553
0.9733437299728394
0.984571635723114
0.3768002986907959
0.4001060128211975
0.46737775206565857
0.9436445236206055
0.38246092200279236
0.5122056603431702
0.9687793850898743
0.5175298452377319
0.5846263766288757
0.3113454580307007
0.3354202210903168
0.6511513590812683
0.5418887138366699
0.3788878321647644
0.5902312397956848
0.6105349659919739
0.3170117735862732
0.5099239945411682
0.4018889367580414
0.7047475576400757
0.2196083515882492
0.6307922601699829
0.37464162707328796
0.7375089526176453
0.8065632581710815
0.6598743200302124
0.7620446085929871
0.781236469745636
0.43584805727005005
0.3942117691040039
0.4900294840335846
0.47055894136428833
0.6996141672134399
0.4984394609928131
0.37344682216644287
0.30096209049224854
0.36687344312667847
0.5341278314590454
0.194320410490036
0.6676200032234192
0.9238266944885254
0.7087961435317993
0.1609790027141571
0.2463598996400833
0.271049439907074
0.5602962970733643
0.8037939071655273
0.42294541001319885
0.8744190335273743
0.36403578519821167
0.5013896226882935
0.2412639558315277
0.5354434251785278
0.6010323762893677
0.2459958791732788
1.2272847890853882
0.5112820863723755
0.39442962408065796
0.45949357748031616
0.35184231400489807
0.5767751932144165
0.25776034593582153
0.5964850187301636
0.4161145091056824
0.30745697021484375
0.8295310735702515
0.6077523231506348
0.3088081479072571
0.5695761442184448
0.3040564954280853
0.42197293043136597
0.8486048579216003
0.6414408683776855
0.6233365535736084
0.8469992876052856
0.4099728465080261
0.35946062207221985
0.6158586740493774
0.42117923498153687
0.32305020093917847
0.31708890199661255
0.6868993043899536
1.009253740310669
0.8074262738227844
0.6817595362663269
0.5688852667808533
1.2079755067825317
0.4648655951023102
0.3185615539550781
0.7525618672370911
0.5417091846466064
0.5395854115486145
0.6102747917175293
0.7664153575897217
1.0215882062911987
0.751284122467041
0.5966699123382568
0.6293731927871704
0.6373164057731628
0.5479863882064819
0.5139875411987305
0.7481478452682495
0.5793443322181702
0.4908696115016937
0.31854361295700073
0.3640032708644867
