0.4696952700614929
0.46845513582229614
0.6702960729598999
0.8601992726325989
0.5691045522689819
0.511879563331604
0.7193106412887573
0.640156090259552
0.5874568223953247
0.5908855199813843
0.775098443031311
0.6889457106590271
0.23082539439201355
0.4154987335205078
0.5489037036895752
0.5100495219230652
0.46538352966308594
0.6551991701126099
0.7331868410110474
0.4187200665473938
0.23145946860313416
0.30455341935157776
0.43591436743736267
0.3363952934741974
0.4994182586669922
0.29487842321395874
0.30814751982688904
0.41046229004859924
0.5500168204307556
0.5453004837036133
0.544471263885498
0.6788769364356995
0.32268601655960083
0.38841426372528076
0.32851701974868774
0.9870668649673462
0.4055161476135254
0.5265392661094666
0.5779379606246948
0.9136183857917786
0.8977053761482239
0.4953671097755432
0.6936086416244507
0.49987441301345825
0.2582731246948242
0.486609548330307
0.2164689004421234
0.5364750027656555
0.43371620774269104
0.5640645623207092
0.31737658381462097
0.8282604217529297
1.0448122024536133
1.2810924053192139
0.32192522287368774
0.4534582197666168
0.7961022257804871
0.7228060960769653
0.5926498770713806
0.1940295249223709
0.3159935176372528
0.4397147595882416
0.7021920084953308
0.7008019089698792
0.39096158742904663
0.44365444779396057
0.2602783143520355
0.9207490682601929
0.4577758312225342
1.0326379537582397
0.5372786521911621
0.6603158712387085
0.42255479097366333
0.1855284869670868
0.2516765892505646
0.4362157881259918
0.45807647705078125
0.6027368307113647
0.491000235080719
0.2825680375099182
0.6448663473129272
0.3148444890975952
0.8562130928039551
0.5933619737625122
0.8903902769088745
0.33256447315216064
0.5292383432388306
0.8351925611495972
0.8998371362686157
0.5718750357627869
0.25818508863449097
0.33788615465164185
0.3947499394416809
0.4517318606376648
0.6004432439804077
0.3738071322441101
0.5077068209648132
0.37337526679039
0.49036312103271484
0.26910221576690674
1.1032288074493408
0.5336616635322571
0.5115044713020325
0.2907150089740753
0.721617579460144
0.39105960726737976
0.5066860914230347
0.45909929275512695
0.7713108062744141
0.6737112402915955
0.40717488527297974
0.38551124930381775
0.29027554392814636
0.28801408410072327
0.6383997797966003
0.412092387676239
0.8587387204170227
0.4056960642337799
0.3102179169654846
0.22089989483356476
0.3103688657283783
0.3615608215332031
0.4340573251247406
0.5754451751708984
1.017944574356079
0.5185378789901733
0.37962549924850464
0.47805899381637573
0.2773737907409668
0.6269487142562866
0.3395754098892212
0.6594230532646179
0.2774781882762909
0.7396853566169739
0.43439429998397827
0.4708620011806488
0.4101661741733551
0.5466694831848145
0.6211978197097778
0.6047495603561401
0.30500176548957825
0.5428087115287781
0.5144919753074646
0.2564152777194977
0.4490405023097992
0.7979154586791992
0.7651969790458679
0.5376743674278259
0.2940993010997772
0.42211976647377014
0.47569432854652405
0.4177987575531006
0.9225195646286011
1.1138736009597778
0.8880512118339539
0.3655688166618347
0.2725299000740051
0.5858656764030457
0.8370445370674133
0.48944562673568726
0.488084077835083
0.5062466263771057
0.47154998779296875
0.4824802875518799
0.725693941116333
0.8812187910079956
0.3642246127128601
0.310910165309906
0.7231521606445312
0.5917941331863403
0.6726894378662109
1.1274001598358154
0.6864991188049316
0.5858310461044312
0.4436861574649811
0.4948815703392029
0.3241147994995117
0.5756183862686157
0.8608320951461792
0.3016284108161926
0.4340531826019287
0.3021148145198822
0.5997327566146851
0.5411501526832581
0.4320748448371887
0.8008186221122742
0.8598135113716125
0.8983545303344727
0.45468735694885254
0.45440834760665894
0.6694814562797546
0.5973508954048157
0.4454352855682373
0.4503682255744934
0.17943938076496124
0.9061853289604187
0.7131344676017761
0.35758382081985474
0.24567142128944397
0.5691268444061279
0.2698156535625458
0.4817624092102051
0.4012102484703064
0.27384382486343384
0.2616211473941803
0.41355642676353455
0.3495934009552002
0.7051410675048828
0.3259872794151306
0.5779163837432861
0.7968912124633789
1.0577707290649414
0.5943315625190735
0.5368778109550476
0.2163880616426468
0.595915675163269
0.7475578784942627
0.7490001320838928
0.5041335821151733
0.4822104573249817
0.5811796188354492
0.36115843057632446
0.6874613761901855
0.5340973734855652
0.2915901839733124
0.7295196652412415
0.19911451637744904
0.2143537998199463
0.5160990357398987
0.8058996200561523
0.6183345913887024
0.36187341809272766
0.5661831498146057
0.4091946482658386
0.6357473134994507
0.4139438569545746
0.2837040424346924
0.5898916125297546
0.18530108034610748
0.44073885679244995
0.6813504695892334
0.4889494478702545
0.9127376675605774
0.9600641131401062
0.31770816445350647
0.5684656500816345
0.279177188873291
0.44065579771995544
1.1114190816879272
0.28889042139053345
0.6466184854507446
1.216512680053711
0.3428800106048584
0.45704489946365356
0.33426693081855774
0.470505952835083
0.6737930774688721
0.7640411853790283
0.5333693027496338
0.5783235430717468
1.4513531923294067
0.5193949937820435
0.9875701069831848
0.7290074229240417
0.18170557916164398
0.6186665892601013
0.6685751080513
0.2955327332019806
0.45372524857521057
0.7220243811607361
0.3380431532859802
0.575388491153717
0.8051055669784546
0.3929704427719116
0.6464932560920715
0.557239830493927
0.5839585065841675
0.9262526631355286
0.9033708572387695
0.5457714796066284
0.5042200684547424
0.8175945281982422
0.5705050826072693
0.37043747305870056
0.34095436334609985
0.4846445918083191
0.8524888157844543
0.32821008563041687
1.0032848119735718
0.4221857190132141
0.4041604995727539
0.5805060863494873
0.2945592701435089
0.5581117868423462
0.8360413312911987
0.52829509973526
0.4216218590736389
0.3362411856651306
0.3768569827079773
0.9000329971313477
0.5133508443832397
1.481515884399414
0.40358656644821167
0.2674430012702942
0.6638256311416626
0.29492655396461487
0.8506836891174316
0.3703238070011139
0.2728724479675293
0.2339504212141037
0.3789350390434265
0.8317879438400269
0.6413057446479797
0.374474436044693
0.14501409232616425
0.42343825101852417
0.4233061671257019
0.4196149706840515
0.7759560346603394
0.8136107325553894
1.1047146320343018
0.7659279108047485
0.46399712562561035
0.42257365584373474
0.23444151878356934
0.535971999168396
0.4613700807094574
0.45025500655174255
0.58165442943573
0.3003320097923279
0.24327512085437775
0.5872088670730591
0.6272626519203186
0.5462614297866821
0.4750959873199463
0.5899271965026855
0.6255316734313965
0.7377157807350159
