0.3621722459793091
0.3074560761451721
0.3217514157295227
0.25403815507888794
0.9387419819831848
0.3854130804538727
0.5967813730239868
1.0521719455718994
0.3569432497024536
0.9428104162216187
0.2954252362251282
0.9615044593811035
0.22437937557697296
0.37987545132637024
0.32484254240989685
0.4161490797996521
0.23354986310005188
0.7424403429031372
0.23810537159442902
1.0162662267684937
0.37104320526123047
0.4520127773284912
0.7232218980789185
0.407780259847641
0.36391377449035645
0.25330251455307007
0.5484632253646851
1.5123059749603271
0.706362783908844
0.3635302484035492
0.7905927896499634
0.1678735762834549
1.0067474842071533
0.2593909204006195
0.8591936230659485
0.3763938546180725
0.4132540822029114
0.5456072688102722
0.3228166103363037
0.24293413758277893
0.6626530885696411
0.45145416259765625
0.5859301686286926
0.5920193195343018
0.5448375940322876
0.38640591502189636
0.8128795623779297
0.6611884236335754
0.5741246938705444
0.6208018064498901
0.6109741926193237
0.46679267287254333
0.5157779455184937
0.44843387603759766
0.4418574273586273
0.6695993542671204
0.8729192018508911
0.491893470287323
0.3041470944881439
0.49646157026290894
0.34536391496658325
0.5761541724205017
0.35070565342903137
0.3122059404850006
0.6071426272392273
1.0569446086883545
0.895722508430481
0.8289888501167297
0.6354527473449707
0.4026257395744324
0.21993336081504822
0.43761616945266724
1.0026357173919678
0.3828433156013489
0.5427399277687073
0.2138008177280426
0.7887948751449585
0.3572859764099121
0.49161726236343384
0.5410672426223755
0.32301896810531616
0.31716036796569824
0.7906520962715149
0.31399351358413696
0.48931723833084106
0.3085272014141083
0.9955912828445435
0.44851255416870117
1.6376750469207764
0.5241223573684692
0.606202244758606
0.9737316966056824
0.48635348677635193
0.4182449281215668
0.40052661299705505
0.23652999103069305
0.3092321753501892
0.6159201860427856
0.21461758017539978
0.7357467412948608
0.3233810067176819
0.5902400016784668
0.3762189745903015
0.7300304770469666
0.8586626052856445
0.5460638999938965
0.3536151051521301
0.4963892996311188
0.45459017157554626
0.26620596647262573
0.9382168054580688
0.6703440546989441
0.5992934107780457
0.7306128740310669
0.6395972371101379
0.4550202488899231
0.6616054773330688
0.4384004473686218
0.33810099959373474
0.426353394985199
0.799602746963501
0.2268752157688141
0.7170122861862183
0.34006184339523315
0.3077046275138855
0.5075929760932922
0.3709196150302887
0.5369397401809692
0.45980972051620483
0.4444729685783386
0.5258165597915649
0.3886571526527405
0.3841155171394348
0.4260022044181824
0.7049061059951782
1.2353414297103882
0.2968367040157318
0.5596297383308411
0.48734110593795776
0.2569313645362854
0.38716673851013184
0.5577705502510071
0.7663370370864868
0.3700218200683594
0.40095534920692444
0.5202715396881104
0.35721203684806824
0.47772106528282166
0.40266332030296326
0.9315589666366577
0.9912112951278687
0.4576289653778076
0.5820755362510681
0.917934238910675
0.20688684284687042
0.7925809621810913
0.5639902949333191
0.7724996209144592
0.5384264588356018
0.6803077459335327
0.4406803250312805
0.6664649844169617
0.4687010645866394
0.691940426826477
0.32363617420196533
0.3561863303184509
0.28136855363845825
0.2895166873931885
0.49610286951065063
0.5264761447906494
0.7684798240661621
0.7658133506774902
0.7807960510253906
0.4604923129081726
0.4981061816215515
0.5583727955818176
0.8555017709732056
0.17294980585575104
0.5997616648674011
0.6335376501083374
0.31868311762809753
0.5401508212089539
0.447043240070343
0.8770439028739929
0.683160126209259
0.5500872731208801
0.41294151544570923
0.511567234992981
0.5571578741073608
0.5902754068374634
0.45759767293930054
0.8530975580215454
0.6622269153594971
0.8103059530258179
0.36822277307510376
0.7685300707817078
0.5381863713264465
0.47133103013038635
0.22545138001441956
0.9191393852233887
0.5215956568717957
0.9881731271743774
0.6694549322128296
0.5708142518997192
0.4870906472206116
0.5026457905769348
0.7143027186393738
0.35270628333091736
0.6682332754135132
0.344956636428833
0.5101314187049866
0.6066977381706238
0.4380430579185486
0.5747897624969482
0.40468651056289673
0.8537055253982544
0.3941657841205597
0.48140525817871094
0.3693002760410309
0.6861127018928528
0.293856680393219
0.3577045500278473
0.7563599348068237
0.8695290684700012
0.6166290044784546
0.808384895324707
0.47881078720092773
0.3381924331188202
0.5757420659065247
0.33453527092933655
0.47750741243362427
0.25925740599632263
0.39833155274391174
0.33553260564804077
0.43572384119033813
0.6685609817504883
0.6778426170349121
0.5319246649742126
0.6977896094322205
0.3948458731174469
0.4210575222969055
0.5608646869659424
0.45950451493263245
0.3262043297290802
0.5072368383407593
0.7935663461685181
0.7063621282577515
0.6317495107650757
0.32636865973472595
0.5117956399917603
0.343733012676239
1.0973784923553467
0.34099704027175903
0.4889458119869232
0.3402349650859833
0.5894769430160522
1.0260083675384521
0.31006139516830444
1.0555318593978882
0.43054360151290894
0.6071019172668457
0.3417689800262451
0.517628014087677
0.5537070035934448
0.4189137816429138
0.3284537196159363
0.3952358365058899
0.48161953687667847
0.6420413255691528
0.25087007880210876
0.5211244821548462
0.6236077547073364
0.840576171875
0.7507242560386658
0.3736862540245056
0.7717048525810242
0.7754179239273071
0.3364561200141907
0.6501518487930298
0.3709692358970642
0.4106164872646332
0.20000891387462616
0.36795541644096375
0.3359270691871643
0.2558883726596832
0.5503513813018799
0.5236892700195312
0.47288936376571655
0.7765329480171204
0.3367781639099121
0.49207061529159546
0.533432126045227
0.3268794119358063
0.2859666049480438
0.778247058391571
0.655817985534668
0.7641547322273254
0.8974742889404297
0.46151748299598694
0.7372713088989258
0.921061635017395
0.4376983046531677
0.5187422633171082
0.2880569398403168
0.5805486440658569
0.24640364944934845
0.5160530209541321
0.48331218957901
0.43041008710861206
0.5550075769424438
0.31969577074050903
0.7493464350700378
0.6876115798950195
0.5429723858833313
0.2806975841522217
0.44784894585609436
0.501751720905304
0.4288480281829834
0.4605709910392761
0.5145026445388794
0.4395655691623688
0.23985464870929718
0.3395240604877472
0.7952356338500977
0.3377557694911957
0.23590049147605896
0.33526283502578735
1.0104038715362549
0.45539069175720215
0.5683918595314026
1.1843780279159546
0.3154098391532898
0.3665056824684143
0.7999289631843567
0.6605712175369263
0.4116896986961365
0.7235580682754517
1.3051706552505493
