0.3798683285713196
0.696501612663269
0.21424011886119843
0.49620771408081055
0.23804262280464172
0.4649907052516937
0.8671847581863403
1.1033775806427002
0.5938965678215027
0.3552587926387787
0.3384794294834137
0.5019296407699585
0.42798367142677307
0.41740846633911133
0.5895799398422241
0.3667271137237549
0.5342897772789001
0.8631559610366821
0.8370684385299683
0.9839277267456055
0.2655761241912842
1.6238906383514404
0.661068320274353
0.8640138506889343
1.0629799365997314
0.4598786234855652
0.4047238826751709
0.3778321444988251
0.7275508046150208
0.3666244149208069
1.059093713760376
0.30420827865600586
0.3971272110939026
0.6386144161224365
0.4715081751346588
0.5551316738128662
0.21336133778095245
0.24806876480579376
0.3987768292427063
0.4641783833503723
0.3458530008792877
0.5962631702423096
0.29165947437286377
0.4599095284938812
0.6388314962387085
0.26364845037460327
0.6803563833236694
0.3694750964641571
0.993802547454834
0.5116189122200012
0.3274882435798645
0.5209735631942749
0.6175658702850342
0.3863297998905182
0.3946382403373718
0.51506108045578
0.4068060517311096
0.5355070233345032
0.5835179090499878
0.8695963025093079
0.9761649966239929
0.7925975322723389
0.6055855751037598
0.48697227239608765
0.6258530020713806
0.2965068221092224
0.5765973925590515
0.6019518375396729
0.31074708700180054
0.7307478189468384
0.7267522811889648
0.5087067484855652
0.5199609994888306
0.5769494771957397
0.6350470781326294
0.37513598799705505
0.49289530515670776
0.2996177077293396
0.6858874559402466
0.6967710256576538
0.3589663505554199
0.7198976278305054
0.7806830406188965
0.39353370666503906
0.4925772249698639
0.6204308867454529
0.5374279022216797
0.6903870105743408
0.383855402469635
0.42829427123069763
0.7205430865287781
0.6948672533035278
1.0226894617080688
0.429330050945282
0.3670707643032074
0.2485397756099701
0.9225672483444214
0.5477067828178406
0.7099019885063171
0.8730363845825195
0.46661561727523804
0.4328957498073578
0.3063723146915436
0.33607393503189087
0.6184403300285339
1.0104689598083496
0.2972896695137024
0.3492926061153412
0.7040784955024719
0.3470567464828491
0.7028186917304993
0.34725791215896606
0.5153478384017944
0.7228405475616455
0.605969250202179
0.7792374491691589
0.5379866361618042
0.6127973794937134
1.0493721961975098
0.8254534602165222
0.39703524112701416
0.3098282814025879
0.45676761865615845
0.36532527208328247
1.018612027168274
0.86494380235672
0.6528699994087219
0.8139373064041138
0.29471516609191895
0.2819388508796692
0.45079317688941956
0.5914019346237183
0.5408355593681335
0.7593936324119568
0.5127378106117249
0.6304183602333069
0.2994175851345062
0.5072439312934875
0.25862812995910645
0.32568681240081787
0.3472307324409485
0.5131869912147522
0.46851906180381775
0.7019562125205994
0.9149643182754517
0.45389413833618164
0.5125851631164551
0.4961449205875397
0.340484082698822
0.5549968481063843
0.571952223777771
0.24496403336524963
0.46311336755752563
0.7322779297828674
0.9745628237724304
0.7021746039390564
0.3538612425327301
0.6452113389968872
0.6387752294540405
0.6075584292411804
0.46745261549949646
0.17287997901439667
0.5466400384902954
0.4990137219429016
0.9108374714851379
0.7579250335693359
0.926051139831543
0.5622799396514893
0.48496270179748535
0.81346595287323
0.9528772234916687
0.36572322249412537
0.38860636949539185
0.6455755233764648
0.3106105327606201
0.40700763463974
0.42682504653930664
1.0916049480438232
0.6465239524841309
0.4655427038669586
0.5457645654678345
0.6405858993530273
0.960299015045166
0.20978955924510956
0.5947803258895874
0.616036593914032
1.0339422225952148
0.41664212942123413
0.5469869375228882
0.558319091796875
0.5469080805778503
0.427900493144989
0.5902109146118164
0.374214231967926
0.8026813268661499
0.33250442147254944
0.3989708423614502
0.38331347703933716
0.4408034682273865
0.5572481751441956
0.2693161368370056
0.43213969469070435
0.677455723285675
0.316547155380249
0.47743433713912964
0.7226571440696716
0.5422993302345276
0.41856592893600464
0.5679396390914917
0.5554138422012329
0.7853573560714722
0.5297428965568542
0.25812584161758423
0.3849143981933594
0.26223862171173096
0.5467348098754883
0.6512465476989746
0.3704698979854584
0.3509996235370636
0.16138967871665955
0.4941108822822571
0.33297592401504517
0.4784214496612549
0.3496413826942444
0.4389144480228424
0.7798100709915161
0.8339999914169312
0.5649502277374268
0.3770751953125
0.6613762974739075
0.7654324173927307
0.5113651752471924
0.6343170404434204
0.21010227501392365
0.612690269947052
0.26530927419662476
0.20209690928459167
0.38233715295791626
0.6477386355400085
0.478351891040802
0.40082019567489624
0.7772346138954163
0.36682793498039246
0.6399521827697754
0.5000734925270081
0.9140040278434753
0.43938198685646057
0.7065787315368652
0.10562445968389511
0.5364707708358765
0.7009268999099731
0.6617534160614014
0.7747341990470886
1.1153137683868408
0.5279281735420227
0.5274678468704224
0.5114220380783081
0.5025856494903564
1.11838960647583
0.8033983111381531
0.29005351662635803
1.050075888633728
0.6220587491989136
0.5403906106948853
0.48002320528030396
0.5905839204788208
0.5258806943893433
0.9224579930305481
0.5678285360336304
0.2269943654537201
0.5119761228561401
0.34672707319259644
0.5553690195083618
0.2834846079349518
0.6576212644577026
0.36772334575653076
0.440188467502594
0.7141398191452026
0.2795979678630829
0.9162086248397827
0.5922580361366272
0.3454383611679077
0.4156745970249176
0.5490792393684387
0.31167420744895935
0.614456057548523
0.3924674093723297
0.20448210835456848
0.6003502607345581
0.38504794239997864
0.48185235261917114
0.5641962289810181
0.11619974672794342
1.0124984979629517
0.500419020652771
0.8030455708503723
0.4257361888885498
0.42414283752441406
0.8398883938789368
0.7139579057693481
0.3194698989391327
0.6684565544128418
0.2875131070613861
0.383086234331131
0.5276457071304321
0.34420156478881836
0.6865817308425903
0.50263512134552
0.6260244250297546
0.46647730469703674
0.36160808801651
0.4543580114841461
0.4582492709159851
0.3016034960746765
0.4097253680229187
0.5630797147750854
0.8987991213798523
0.33089178800582886
0.3381718695163727
0.33806848526000977
0.33205631375312805
0.6019312739372253
0.30005699396133423
0.5071768760681152
0.47275009751319885
0.24972519278526306
0.5973182320594788
0.5003067255020142
0.5286961197853088
0.535509467124939
0.5676506757736206
0.8172542452812195
0.36408036947250366
0.6831599473953247
0.25047072768211365
0.3427472412586212
0.2531319558620453
0.6710005402565002
