0.9068619012832642
0.8107139468193054
0.7813385725021362
1.0817499160766602
0.5108834505081177
0.5791023969650269
0.7019516229629517
0.9486290216445923
0.5328007936477661
0.6487985849380493
0.6878039240837097
0.7019833326339722
0.9111003875732422
0.6065675020217896
0.7248234152793884
0.9741166234016418
0.39512354135513306
0.5163349509239197
0.8676630258560181
0.5880943536758423
1.558995246887207
0.6244145631790161
0.542199969291687
0.4434700608253479
0.6789010167121887
0.5504220128059387
0.7693179845809937
0.6727629899978638
0.6518638730049133
0.5220307111740112
0.5435174703598022
0.5767968893051147
0.5512962937355042
0.5536171197891235
0.5227959156036377
0.6769319772720337
0.5364087820053101
0.9184706807136536
0.7700237035751343
0.9034906625747681
0.4134880006313324
1.1766211986541748
0.6783038377761841
0.5667708516120911
0.661229133605957
0.7489322423934937
0.7922611236572266
1.0839005708694458
0.5913966298103333
0.6295709609985352
0.7585871815681458
0.5636026263237
0.9869540333747864
0.44214320182800293
1.2627980709075928
0.7387837767601013
0.5183888673782349
0.43944063782691956
0.4288973808288574
0.5021473169326782
0.3119719624519348
0.7646023035049438
0.9927440881729126
0.8274421691894531
0.9218899011611938
0.9576700925827026
0.797412633895874
0.47836440801620483
0.8385766744613647
0.3091559410095215
0.741671085357666
0.9730695486068726
0.7216045260429382
1.0006672143936157
0.5538275837898254
0.7316967844963074
0.4187871515750885
0.5211103558540344
0.6220675706863403
0.5978871583938599
0.4472087025642395
0.5380029082298279
0.6264050602912903
0.6321882009506226
0.5368751287460327
1.2875802516937256
0.868744969367981
0.6685093641281128
0.7096942067146301
1.2766212224960327
0.8112096786499023
0.6453551054000854
1.149219274520874
0.43063798546791077
0.43185487389564514
0.3956909775733948
0.7544625997543335
0.7806469202041626
0.5275815725326538
0.9776914715766907
0.645428478717804
0.9116501808166504
0.5841121077537537
0.39108091592788696
0.8049484491348267
0.6708921194076538
0.8984587788581848
1.0651366710662842
0.33137473464012146
0.706013560295105
0.44594186544418335
1.1098628044128418
0.6986443400382996
0.5512226819992065
1.0812270641326904
0.7393345236778259
0.490919828414917
0.5558244585990906
0.40629690885543823
0.5724777579307556
0.866020679473877
0.808788001537323
0.43673810362815857
1.1938425302505493
0.6648523211479187
0.7860977053642273
0.5510841012001038
0.5448577404022217
0.8149330019950867
0.6979407668113708
0.8006528615951538
0.7803071141242981
0.7635829448699951
0.40889930725097656
0.8602733612060547
0.6286569833755493
1.0602526664733887
0.7082990407943726
0.821568489074707
0.6151901483535767
0.46670350432395935
0.8883029818534851
0.5277448892593384
1.1213057041168213
0.4947888255119324
0.5765842199325562
0.5766873359680176
0.4782482981681824
0.3940921127796173
0.6661977171897888
0.5323265194892883
0.6255927681922913
0.530880331993103
0.9454452395439148
0.3843729496002197
0.47249841690063477
0.6328604221343994
0.6119968891143799
0.646134078502655
1.3069872856140137
1.015108585357666
0.36508098244667053
0.5526822209358215
0.40066471695899963
0.7341263890266418
0.5760458707809448
0.7417160272598267
0.6873444318771362
0.6146283745765686
0.7952101230621338
1.1104193925857544
0.6100184917449951
0.9700044393539429
1.0659875869750977
0.43229809403419495
0.5915692448616028
0.6577599048614502
0.5362998843193054
0.5627924799919128
0.8442769050598145
1.182629108428955
0.865037739276886
0.5613386631011963
1.1057103872299194
0.6593192219734192
1.1104849576950073
0.46605658531188965
0.48624688386917114
0.7510582208633423
0.44589656591415405
0.8427890539169312
0.8624745607376099
0.5159544944763184
0.5914355516433716
0.8769048452377319
0.9328573346138
0.5722899436950684
0.652502715587616
0.7296900749206543
0.4454055726528168
0.5622936487197876
0.9443559646606445
0.5335482954978943
0.557310938835144
0.9442488551139832
0.4964423179626465
0.46984052658081055
0.668059229850769
0.8926437497138977
0.866490364074707
0.905420184135437
0.38710451126098633
0.8561011552810669
0.9054686427116394
0.5129669904708862
0.6947523951530457
0.562264084815979
1.3098218441009521
0.48013439774513245
0.5688314437866211
0.5302466154098511
0.7090722322463989
0.7255538702011108
0.5398268699645996
0.7449824213981628
0.8435659408569336
0.6199582815170288
0.49162015318870544
0.3775394856929779
0.6646713018417358
0.7350957989692688
0.6407549977302551
0.8507579565048218
0.5463429689407349
0.7856111526489258
0.5037698745727539
0.7049285769462585
0.7143370509147644
0.5977686643600464
1.0141804218292236
0.5217388868331909
0.6978393793106079
0.5768478512763977
0.49897509813308716
0.559168815612793
0.7742656469345093
0.43645286560058594
0.7569370269775391
0.8317352533340454
1.2747905254364014
1.0480854511260986
0.42602086067199707
0.727428138256073
1.4980565309524536
0.7884628772735596
0.4185187816619873
0.682979941368103
0.5095270276069641
1.6079533100128174
0.69231116771698
0.8739949464797974
0.6967433094978333
0.6457532644271851
0.5853372812271118
0.938616931438446
1.0404751300811768
0.893744945526123
0.46901512145996094
0.6095909476280212
0.49186939001083374
0.7493630647659302
0.6401248574256897
0.8367121815681458
0.577172040939331
0.7639560103416443
0.6307770609855652
0.790552020072937
0.9251073598861694
0.6705529093742371
0.41410303115844727
0.7986324429512024
0.5375421643257141
0.589694619178772
0.9244926571846008
0.9338276982307434
0.4963264465332031
0.7636526823043823
0.5985998511314392
0.8140495419502258
0.6426759958267212
0.9298549890518188
0.536736011505127
0.8642141222953796
0.8453315496444702
1.3182082176208496
0.6598421931266785
0.803688645362854
0.8180797696113586
0.5420063138008118
0.4169040620326996
0.39306390285491943
0.8199756741523743
0.7183586955070496
0.8700900077819824
0.6587042808532715
0.7502442598342896
0.6527079343795776
1.007340669631958
0.610503077507019
0.6777439713478088
0.5316485166549683
0.63379967212677
0.5770076513290405
0.8937586545944214
0.706393301486969
0.8548721075057983
0.5790592432022095
0.7444100379943848
0.5667079091072083
0.8766533136367798
0.552646815776825
0.31722116470336914
0.9023728370666504
0.6294790506362915
0.6440855264663696
0.8227359652519226
0.46162861585617065
0.673547089099884
1.1336923837661743
0.7609528303146362
0.5030296444892883
0.6650141477584839
0.6243048906326294
0.6227561235427856
1.3111422061920166
0.6149383783340454
0.551777720451355
1.8473809957504272
