0.3269684612751007
0.8582499623298645
0.3794882595539093
0.5807618498802185
0.6166669130325317
0.45770254731178284
0.2720552086830139
0.311956524848938
0.2764609754085541
0.4519151747226715
0.7693766355514526
0.28375881910324097
0.34284862875938416
0.605063259601593
0.6182445883750916
0.913477897644043
0.4852825105190277
0.5887802243232727
0.7515315413475037
0.6439214944839478
0.7095802426338196
0.5322458744049072
0.4751332700252533
0.4681144654750824
0.3330318331718445
0.19035406410694122
0.45940709114074707
0.5107856392860413
0.5573288202285767
0.35470691323280334
0.29791781306266785
0.6360802054405212
0.8131536245346069
0.7825891971588135
0.6335886120796204
0.794575035572052
0.6797152161598206
0.7742272615432739
0.22341294586658478
0.41687336564064026
0.4227846562862396
0.5861135721206665
0.2899332046508789
0.6665218472480774
0.4432665705680847
0.4640231728553772
0.39626985788345337
0.9070757031440735
0.7290002703666687
0.5666206479072571
0.681331217288971
0.2600308954715729
0.7630684971809387
0.5654132962226868
0.4561973214149475
0.8637381792068481
1.0336006879806519
0.7035212516784668
0.19497624039649963
0.9309948086738586
0.5950080156326294
0.7138860821723938
0.6003589034080505
0.9679861068725586
0.5958957672119141
0.5173391103744507
0.2682536244392395
0.4460825026035309
0.27403172850608826
0.916904628276825
1.0581319332122803
0.8615587949752808
0.2676757276058197
0.7117979526519775
0.5239129066467285
0.8388616442680359
0.6340806484222412
0.40486764907836914
0.28258174657821655
0.722616970539093
1.0341852903366089
1.5311425924301147
0.2975471019744873
0.5537001490592957
0.33924373984336853
0.19960962235927582
0.20012135803699493
0.46003255248069763
0.5591055750846863
0.6347327828407288
0.26177704334259033
0.4308438301086426
0.5102856159210205
0.45381298661231995
0.3478773236274719
0.5861397981643677
0.7253352403640747
1.1847097873687744
0.5667812824249268
0.659859299659729
0.14805357158184052
0.6133132576942444
0.9961667060852051
0.5460240840911865
0.2035154402256012
0.3869979977607727
0.621262788772583
0.9753664135932922
0.5082915425300598
0.32482296228408813
0.2058306187391281
0.45818623900413513
1.1405255794525146
1.0010814666748047
0.38058269023895264
0.3193016052246094
0.6253036260604858
0.37485677003860474
0.6734413504600525
0.33018940687179565
0.3320907950401306
0.31454938650131226
0.36060774326324463
1.0816208124160767
0.7724901437759399
0.4228845536708832
0.6828198432922363
0.9387210607528687
0.7664535045623779
0.4256381094455719
0.3548632264137268
0.3359132409095764
0.680539071559906
0.3540381193161011
0.6726853251457214
0.548698365688324
0.6414352655410767
0.2576124668121338
0.2772093415260315
0.5572240352630615
0.477353036403656
0.20019802451133728
0.4698275029659271
0.3351608216762543
0.4751589894294739
0.41004639863967896
0.7693846821784973
0.6329896450042725
0.628839373588562
0.35690945386886597
0.43144354224205017
0.4282381534576416
0.4871399998664856
0.3850475549697876
0.2899574637413025
0.447819322347641
0.5441770553588867
0.5151388645172119
0.32447704672813416
0.39230480790138245
0.28714150190353394
0.2058490812778473
0.883998692035675
1.0083032846450806
0.7755323648452759
0.25273460149765015
0.3272257447242737
0.6117621660232544
0.30970844626426697
0.42245277762413025
0.9884036183357239
0.37523967027664185
0.4347321093082428
0.33181679248809814
0.39926677942276
0.5504772067070007
0.5894923210144043
0.5355654954910278
0.5192180275917053
0.1489044576883316
0.33834877610206604
0.5009061098098755
0.2526850700378418
0.6158913373947144
0.7467359304428101
1.09739089012146
0.5716174244880676
0.2959824502468109
0.0671023577451706
0.5938372611999512
0.3129403293132782
0.914777398109436
0.5924679040908813
0.5657210350036621
0.5832024216651917
0.7608222961425781
0.5429846048355103
0.385403573513031
0.40765267610549927
0.982408344745636
0.2954021394252777
0.1467617303133011
1.0167163610458374
0.6197401881217957
0.39217686653137207
0.30496880412101746
0.42019492387771606
0.6189593076705933
0.43805694580078125
0.5686699748039246
0.3961610794067383
0.5877795219421387
0.5606898069381714
0.4466107487678528
0.4564397931098938
0.37739086151123047
0.5744643211364746
0.5704189538955688
0.3130507469177246
0.5458715558052063
0.7929064631462097
0.3024815022945404
0.3045465350151062
0.40156999230384827
1.1409906148910522
0.5673590898513794
0.21104538440704346
0.9315270185470581
0.5416343808174133
0.3563879728317261
1.0691015720367432
0.4043881893157959
0.5605537295341492
0.5745307207107544
0.2220526933670044
0.43301624059677124
0.38879647850990295
0.46740466356277466
1.0362122058868408
0.5020785331726074
0.3378313481807709
0.7507902979850769
0.5228868722915649
0.6832467317581177
0.5307494401931763
0.220366433262825
0.18669447302818298
0.23118510842323303
0.3585510551929474
0.4886908531188965
0.42865484952926636
0.28958696126937866
0.15972277522087097
0.6273659467697144
0.6789342164993286
0.3972442150115967
0.3926405906677246
0.43933361768722534
0.653715968132019
0.7098383903503418
0.48751187324523926
0.7307024002075195
0.6754280924797058
0.38417762517929077
0.31568795442581177
0.3380749821662903
0.5888165235519409
0.628044843673706
0.44243350625038147
0.47462883591651917
0.5600714087486267
0.3808394968509674
0.7987637519836426
0.4228798747062683
0.9691711664199829
0.6099374294281006
1.2301992177963257
0.9023188352584839
0.5615655183792114
0.31337353587150574
0.9610559344291687
0.44223207235336304
0.5870249271392822
0.8919318318367004
0.32991424202919006
0.4319760799407959
0.5967682003974915
0.7022160291671753
0.8337079882621765
0.7128646373748779
0.35146209597587585
0.2575874626636505
0.6223305463790894
0.7781097888946533
0.8383798599243164
0.4459221363067627
0.8662676811218262
0.6939247846603394
0.5090813636779785
1.0250346660614014
0.3175218999385834
0.7936269640922546
0.3753605782985687
0.7996259927749634
0.3195682168006897
0.8788563013076782
0.2086208164691925
0.7751995325088501
0.238814115524292
0.37845760583877563
0.4346528947353363
0.5435298085212708
0.6626982092857361
0.3661361634731293
0.7248284816741943
0.5510293245315552
0.6536113023757935
0.6791564226150513
0.328547865152359
0.4112893044948578
0.29499319195747375
0.19961726665496826
0.3730616569519043
0.41345518827438354
0.3387388288974762
0.48193415999412537
0.4894334375858307
0.5542580485343933
0.3832671046257019
0.4440948963165283
0.6613909006118774
0.5006206035614014
0.28511252999305725
0.3634724020957947
0.7339029312133789
0.445264995098114
0.483407586812973
0.1799774318933487
