0.3206159770488739
0.7048937678337097
0.4414415955543518
0.4560449719429016
0.5320100784301758
0.268308162689209
0.671277642250061
0.491774320602417
0.41758790612220764
0.38749098777770996
0.800401508808136
0.5492804050445557
1.0896928310394287
0.35010209679603577
0.8117000460624695
0.6563888788223267
0.384212851524353
0.4472452998161316
0.362716943025589
0.46847352385520935
1.300061583518982
0.5385761857032776
0.3111371397972107
0.5788143873214722
0.5559941530227661
0.6291643381118774
0.30713799595832825
0.5472423434257507
0.4609021246433258
1.0905647277832031
0.5123426914215088
0.398389995098114
0.42029935121536255
0.4737183451652527
0.3384057581424713
0.8505764007568359
0.6951704621315002
0.1535205841064453
0.16959159076213837
0.7914525866508484
0.15596428513526917
0.6849619746208191
0.1846190094947815
0.6280905604362488
0.1823270469903946
0.32352814078330994
0.2918117046356201
0.6426901817321777
0.2921607792377472
0.7308809757232666
0.12798276543617249
0.5318911075592041
0.47663718461990356
0.4125956594944
0.7433938980102539
0.34497854113578796
0.5771046876907349
0.6453582048416138
0.5198730230331421
0.3203234076499939
0.5678486824035645
0.41611456871032715
0.4200199246406555
0.672563374042511
0.5031821727752686
0.7214778661727905
0.4040111005306244
0.4569089412689209
0.5801623463630676
1.1341121196746826
0.4828699231147766
0.37554579973220825
0.8012159466743469
0.7293669581413269
0.37073656916618347
1.0122904777526855
0.7721368670463562
0.7115748524665833
0.4455740451812744
0.21484246850013733
0.6589351296424866
0.8274399042129517
0.33573755621910095
0.4497714936733246
0.24661752581596375
0.7476847171783447
1.0233951807022095
0.37509194016456604
0.6626649498939514
0.35658562183380127
0.8449743390083313
1.2781755924224854
0.36843499541282654
0.3497886657714844
0.8530455827713013
0.3579857349395752
1.2160199880599976
0.6639748811721802
1.116867184638977
0.4141930639743805
0.4010039269924164
0.46723049879074097
0.43215876817703247
0.4567738473415375
0.6114974021911621
0.37419721484184265
0.2865484356880188
0.34267717599868774
0.43009084463119507
0.9687525033950806
0.41304850578308105
0.5205386877059937
1.2897428274154663
0.6662921905517578
0.6977574229240417
0.35598987340927124
0.9911662936210632
0.16082414984703064
0.230503648519516
0.4570085406303406
0.4452739655971527
0.29308992624282837
0.7132810354232788
0.2897442877292633
0.444751113653183
0.5107743144035339
1.0064423084259033
0.47102099657058716
0.49624937772750854
0.46961402893066406
1.390211820602417
0.2721140682697296
0.568807065486908
0.7608314156532288
0.3970317840576172
0.38540419936180115
0.8980213403701782
0.2705015540122986
0.46991807222366333
0.29487720131874084
0.6579633951187134
0.6832193732261658
1.1059980392456055
0.3316167891025543
0.5174709558486938
0.47942987084388733
0.5833413004875183
0.4043775498867035
0.28568941354751587
0.5858871936798096
0.9113446474075317
0.6097185611724854
0.45158204436302185
0.44160136580467224
0.46797293424606323
0.569671630859375
0.778287410736084
0.7314177751541138
0.4227287173271179
0.4811711311340332
0.37172678112983704
0.20346570014953613
0.3658202588558197
0.6799560189247131
0.37671127915382385
0.6573007106781006
0.6278461217880249
0.8101558685302734
0.4346097409725189
1.1815252304077148
0.554221510887146
0.23664093017578125
0.7456091046333313
0.6284953951835632
0.38683781027793884
0.2551918625831604
0.3892509639263153
0.7699805498123169
0.32207316160202026
0.3402365744113922
0.9663621783256531
0.7495090961456299
0.3333563208580017
0.47178345918655396
0.8971088528633118
0.5869059562683105
0.6263857483863831
0.3975426256656647
0.48405781388282776
0.7321948409080505
0.44718822836875916
0.5559120774269104
0.899686336517334
1.201633095741272
0.8398852348327637
0.5707216262817383
0.5126054883003235
0.5499354600906372
0.40048104524612427
0.25348129868507385
0.5022922158241272
0.6923378705978394
0.48654213547706604
0.3729243278503418
0.9848310351371765
0.45726776123046875
0.43708688020706177
0.48456573486328125
0.7271016240119934
0.9972742199897766
0.5611402988433838
0.4105803072452545
0.8782994151115417
0.8048890829086304
0.3510892987251282
0.7761940956115723
0.5338484644889832
0.6047657132148743
0.5318707823753357
1.6923240423202515
0.8801778554916382
0.6701985597610474
0.5345742702484131
0.3174181878566742
0.7677240371704102
0.5673349499702454
1.3242038488388062
0.39066582918167114
0.7019064426422119
1.7990329265594482
0.4278566837310791
0.6299726366996765
0.9236774444580078
0.5980509519577026
0.5547623038291931
0.3895036280155182
0.3695888817310333
0.3591369390487671
0.5803380012512207
0.4127122759819031
0.5680375695228577
0.3962603211402893
0.9544973373413086
0.20360629260540009
0.4156506657600403
0.7326905131340027
0.4910363256931305
0.7638096809387207
0.26515358686447144
0.7398335337638855
0.5599440336227417
0.5514620542526245
0.2636238634586334
0.8129342794418335
0.48345160484313965
0.40679898858070374
0.4538812041282654
0.5686041712760925
0.7420424222946167
0.828106701374054
0.8910669088363647
0.29563283920288086
0.17263859510421753
0.6802446842193604
1.089728593826294
0.5592862963676453
0.6816859841346741
0.27212244272232056
0.6868616342544556
0.5850741863250732
0.7431116104125977
0.5499388575553894
0.5120976567268372
0.44497615098953247
0.4380267262458801
0.5173587799072266
0.4744696617126465
0.6866386532783508
0.45409125089645386
0.623969554901123
0.559872031211853
1.3830029964447021
0.6193848252296448
0.44895410537719727
0.46172747015953064
0.3381485044956207
0.5187110900878906
1.0676692724227905
0.4823931157588959
0.2837434411048889
0.2894700765609741
0.9527261853218079
0.30078476667404175
0.4470595419406891
0.7388671636581421
0.3676677346229553
0.36619895696640015
0.9147046804428101
0.7052616477012634
0.1988542079925537
0.38281238079071045
0.5848674178123474
0.2566182017326355
1.0173431634902954
0.8118203282356262
0.9370309114456177
0.3240013122558594
0.5045669674873352
0.8642520904541016
0.16502723097801208
0.683968722820282
0.5560703873634338
0.4521130919456482
0.48049861192703247
0.8490277528762817
0.5740001797676086
0.6139678359031677
0.4871233105659485
0.31408706307411194
0.5290437936782837
1.2648767232894897
0.23509719967842102
0.649747371673584
0.589030385017395
0.7198294401168823
0.20586521923542023
0.773556649684906
0.31128376722335815
0.5977738499641418
0.5207308530807495
0.5974242687225342
0.24131818115711212
0.527566134929657
0.7455359697341919
0.6997633576393127
0.2791140675544739
0.6625769138336182
0.46649208664894104
