0.5593105554580688
0.6681712865829468
0.7140191793441772
0.5212327241897583
0.25786611437797546
0.9611985087394714
0.7744196057319641
0.7700398564338684
0.6276026964187622
0.6658528447151184
1.00514817237854
0.3638262152671814
0.3222227692604065
0.3909931480884552
0.46894922852516174
0.26696157455444336
0.5365191102027893
0.3772605061531067
0.3686763644218445
0.5333479642868042
0.20608775317668915
1.2626384496688843
0.8825170397758484
0.4161134660243988
0.3477683365345001
1.1244803667068481
0.444669246673584
0.39126721024513245
0.5285073518753052
0.3925356864929199
0.3948769271373749
0.4526495933532715
0.58083575963974
0.5223338007926941
0.5919474363327026
0.6343172788619995
0.3934655487537384
1.0356627702713013
0.6362184286117554
0.1632126271724701
0.5917710065841675
0.8705989718437195
0.5196171998977661
0.6596745252609253
0.576415479183197
0.4765895903110504
0.3762996196746826
1.708702802658081
0.2705608010292053
0.7307767868041992
1.1162351369857788
0.41837072372436523
0.5296737551689148
0.18468306958675385
0.2628230154514313
1.4015321731567383
0.6013519167900085
0.25261205434799194
0.6248310804367065
0.8169905543327332
0.7038356065750122
0.914029598236084
0.32661429047584534
0.5304455757141113
0.5144054889678955
1.0626907348632812
0.4022170603275299
0.8084405660629272
0.69520103931427
0.3742396831512451
0.5831243395805359
0.672579288482666
0.44508084654808044
0.47865810990333557
0.422993004322052
0.45905715227127075
0.3306361138820648
0.41641396284103394
0.6517115831375122
0.9970661401748657
0.2971935272216797
0.7621532678604126
0.3984874188899994
0.7578619718551636
0.4351460337638855
0.6055216789245605
0.759091854095459
0.607850193977356
0.5955475568771362
0.9131596684455872
0.8423428535461426
0.32840269804000854
1.1795793771743774
0.5675197839736938
0.3323282301425934
0.3710278868675232
0.5576751232147217
0.5623353123664856
0.37773019075393677
0.5841623544692993
0.8256244659423828
0.6542940735816956
0.35763293504714966
0.47659364342689514
0.5701805353164673
0.4959534704685211
0.7884096503257751
0.6059452891349792
0.12062470614910126
0.5136229991912842
0.3380489945411682
1.0385470390319824
0.3179447054862976
0.4851853847503662
0.4866812825202942
0.6704963445663452
0.3487423360347748
0.5531986951828003
0.31731921434402466
0.6682791709899902
0.25175148248672485
0.3130333423614502
0.5200483798980713
0.3691774606704712
0.35832175612449646
1.000076413154602
0.6737105250358582
0.31695377826690674
0.15214315056800842
0.34508249163627625
0.19097748398780823
0.5509278178215027
0.4334842264652252
0.27809134125709534
0.5883612632751465
0.27743881940841675
0.43809476494789124
0.7923712730407715
1.044012427330017
0.39798927307128906
0.7200133204460144
0.3668923079967499
0.26684486865997314
0.2626728415489197
0.4652835726737976
0.9922661781311035
0.6445580124855042
0.2303655594587326
0.6029594540596008
0.4300619065761566
0.7164466381072998
0.533994197845459
0.23753014206886292
0.3444654643535614
0.3750927448272705
0.29431185126304626
0.39823636412620544
0.8389747738838196
0.46812114119529724
0.3872385621070862
0.28067275881767273
0.6791929006576538
0.26914316415786743
0.6185066103935242
0.39982280135154724
0.1837109625339508
0.7175439596176147
0.5543261766433716
0.7060196995735168
0.7543627619743347
0.4402543008327484
0.3714447319507599
0.383640319108963
0.3331197500228882
0.4908604025840759
0.6149498224258423
0.47713690996170044
1.0604740381240845
0.7634119391441345
0.5742436647415161
0.2796621322631836
0.5328030586242676
0.5406585931777954
0.34482643008232117
0.3105398714542389
0.44671911001205444
0.5687721967697144
0.5054277181625366
0.8320494890213013
0.8433488011360168
0.3962693214416504
0.594519317150116
0.4988875389099121
0.5665804147720337
0.28226438164711
0.7882465720176697
0.788240373134613
0.47833937406539917
0.8811072111129761
0.6032976508140564
0.39706724882125854
0.4819587767124176
0.7074487209320068
0.61033695936203
1.0524961948394775
0.8305115699768066
1.0031694173812866
0.9256834983825684
0.6197434663772583
1.3469207286834717
0.31302207708358765
0.5322200059890747
0.44958990812301636
0.35183069109916687
0.5266958475112915
0.4468229413032532
0.383973091840744
0.43839818239212036
1.2114118337631226
0.2013525515794754
0.7104911208152771
0.5076349973678589
0.739622175693512
1.2207413911819458
0.4292610287666321
0.4978184700012207
0.700486421585083
0.4252875745296478
0.4907832741737366
0.702558159828186
0.8778641819953918
1.1012471914291382
0.3297717571258545
0.6590979695320129
0.3257845342159271
0.3208232820034027
0.4154577851295471
0.48513704538345337
0.6271840929985046
0.38707584142684937
0.25154799222946167
0.3597007095813751
0.41910839080810547
0.36591869592666626
0.4764019846916199
0.5123528242111206
0.6408970952033997
0.5535060167312622
0.389338880777359
0.5720213651657104
0.4072090983390808
0.5854223966598511
1.0223884582519531
1.4782884120941162
0.4897755980491638
0.37624815106391907
0.5292622447013855
0.36810845136642456
0.8012304306030273
0.7891031503677368
0.1956968456506729
0.6136467456817627
0.7895945310592651
0.4323217272758484
0.7443974614143372
0.22318530082702637
0.7185217142105103
0.35037580132484436
0.66719651222229
1.1031640768051147
0.4515078067779541
0.225306898355484
1.1091339588165283
0.41166216135025024
0.25809192657470703
0.8849570155143738
0.5529356002807617
1.184618592262268
0.427987277507782
0.3412916660308838
0.2942604422569275
0.797808051109314
0.4512576162815094
0.11891317367553711
0.40087223052978516
0.25104624032974243
0.25293439626693726
0.7666117548942566
0.5956764817237854
0.6088290214538574
0.5205165147781372
0.5590673685073853
0.481952428817749
0.8918573260307312
0.7347726821899414
0.40479058027267456
0.6883522272109985
0.6971858143806458
0.41768234968185425
0.15895673632621765
0.3912349343299866
0.7070810794830322
0.34522730112075806
0.6997392773628235
0.42129620909690857
0.7622964978218079
0.5269222855567932
0.5182787179946899
0.6320549845695496
0.4374631941318512
0.5639079809188843
0.5228436589241028
0.38044875860214233
0.32656988501548767
0.4936141073703766
0.36707359552383423
0.6583072543144226
0.5444645881652832
0.46637162566185
1.2011562585830688
0.46215829253196716
0.41888532042503357
0.5749094486236572
0.780449390411377
0.24411781132221222
0.5776408910751343
0.2703077495098114
0.5366445779800415
0.5099440813064575
0.33896297216415405
0.6629489064216614
0.3991759717464447
0.5625699758529663
0.6029708385467529
0.45139893889427185
0.6800821423530579
0.5916953682899475
0.7322110533714294
