0.201951265335083
0.5145050287246704
0.27756839990615845
0.38530033826828003
0.5735264420509338
0.6684848666191101
0.38736066222190857
1.0213220119476318
0.4422489106655121
1.1053359508514404
0.5411550402641296
0.44910430908203125
0.6673030853271484
0.6932880878448486
0.2023366391658783
0.6822738647460938
0.715789258480072
0.6377893686294556
0.8520349264144897
0.5109130144119263
0.3292942941188812
0.30871832370758057
0.388592004776001
0.5142149925231934
0.6272554397583008
0.5806594491004944
1.1725345849990845
0.46522849798202515
0.49909257888793945
0.3979495167732239
0.5265697240829468
0.4836028218269348
0.28440922498703003
0.5599745512008667
0.7215426564216614
0.7337881922721863
0.6544106602668762
0.7006135582923889
0.2527600824832916
0.3533446490764618
0.2808213233947754
0.4903242588043213
0.9615179896354675
0.3392030596733093
0.7755926847457886
0.2616863548755646
0.47793054580688477
0.27702847123146057
0.49043339490890503
0.7171593904495239
0.6655415296554565
0.34652191400527954
0.21404345333576202
0.6052252054214478
0.5635966062545776
0.6505852937698364
0.7301545739173889
0.6869308948516846
0.5160998702049255
0.45241254568099976
0.5592731237411499
0.4356120228767395
0.6600626707077026
0.42260390520095825
0.1795618087053299
0.39925187826156616
0.5438801646232605
0.5148578882217407
0.42907577753067017
0.4192390441894531
0.3419781029224396
1.129643440246582
0.949852466583252
0.36117929220199585
0.8017142415046692
0.6540077328681946
0.45453327894210815
0.5143529176712036
0.4464864730834961
1.0323220491409302
0.4958481788635254
0.4553874135017395
0.4176226556301117
0.2873462438583374
0.7887541055679321
0.314678430557251
0.4879898130893707
0.3158872127532959
0.38133329153060913
0.25248050689697266
0.5553423762321472
0.3765000104904175
0.4926878809928894
0.3454411029815674
0.6012557148933411
0.2265634983778
0.5114575624465942
0.5089062452316284
0.5875886678695679
0.37554165720939636
0.49141210317611694
0.8675497174263
0.6772633790969849
0.38164353370666504
0.3208553194999695
0.22336168587207794
0.2683245539665222
0.7313798069953918
0.7296608090400696
0.5180748701095581
0.5980294942855835
0.9668880701065063
0.23176081478595734
0.428288996219635
1.0603554248809814
0.4280276298522949
0.40466079115867615
1.0889604091644287
0.5194435119628906
0.7700628638267517
0.19165730476379395
1.2409374713897705
0.3284936249256134
0.4874385893344879
0.4479525685310364
0.4720612168312073
0.1661120504140854
0.5082730054855347
1.2326788902282715
0.3883235454559326
0.3972027897834778
0.9118951559066772
0.5219965577125549
0.7880373001098633
0.6054821014404297
0.8438518643379211
0.6531499624252319
0.2760660946369171
0.8334245681762695
0.3458145558834076
0.4317628741264343
0.5323564410209656
0.5687643885612488
0.3561330735683441
0.32563382387161255
0.2527754306793213
0.7678524851799011
0.9619612693786621
0.5341921448707581
0.37557610869407654
0.6085898876190186
0.5354124307632446
0.48047733306884766
0.9157661199569702
0.27831292152404785
0.21973362565040588
0.21775507926940918
0.4047369360923767
0.40868663787841797
0.33382946252822876
0.3636787533760071
0.7801257371902466
0.5384690165519714
0.5440630316734314
0.4392516613006592
0.4975601136684418
0.6429706811904907
0.7485963106155396
0.2530365288257599
0.2779073417186737
0.5516754388809204
0.7280926704406738
0.5215581655502319
0.4967116415500641
0.5184062719345093
0.8413749933242798
1.6745684146881104
0.43491092324256897
0.5391770005226135
0.4361844062805176
0.6329697370529175
0.7277065515518188
0.6757615208625793
0.43376073241233826
0.18857941031455994
0.6941115260124207
0.8685693740844727
0.3711063265800476
0.5161591172218323
0.9196953773498535
0.7442387342453003
0.5020168423652649
0.8482288122177124
0.41435298323631287
0.6922663450241089
0.776603639125824
0.43829044699668884
0.316557377576828
0.43515101075172424
0.6347905993461609
0.4146115183830261
0.7872745394706726
0.4664915204048157
0.8713713884353638
0.6904269456863403
0.48214930295944214
0.614645779132843
0.5175517797470093
0.5824573636054993
0.5297595858573914
0.2619840204715729
0.2823895812034607
0.4910806715488434
1.1173149347305298
0.5628167986869812
0.27660703659057617
0.5042423009872437
0.6408430337905884
0.28591683506965637
0.6350384950637817
0.3583754599094391
0.20730724930763245
0.37376469373703003
0.48309326171875
0.4969542622566223
0.636437177658081
0.46317988634109497
0.696845531463623
0.5139644742012024
0.718359112739563
0.4747183322906494
0.7008729577064514
0.3402444124221802
0.5108935832977295
0.3492802679538727
0.8370442390441895
0.5213961601257324
0.21146118640899658
0.6700700521469116
0.4290803074836731
0.3902672529220581
0.4406725764274597
0.5597413778305054
0.5427371263504028
0.5434614419937134
0.6070460677146912
0.6632001996040344
0.32441335916519165
0.24725642800331116
0.8203220367431641
0.2773208022117615
0.44081956148147583
0.7301070094108582
0.746062159538269
0.5401430130004883
0.8098220825195312
0.5813597440719604
0.6629267930984497
0.28931063413619995
0.5547959804534912
0.6642934083938599
0.8753601312637329
0.2999657094478607
0.865992546081543
0.9298529624938965
0.6238741278648376
0.8783807754516602
0.45633333921432495
0.3847339451313019
0.4776604175567627
0.37580233812332153
0.4918217658996582
0.7265837788581848
0.6088531017303467
0.19683824479579926
0.36851030588150024
0.42604535818099976
0.3145243525505066
0.5461967587471008
0.3159841001033783
0.4764139652252197
0.7074030041694641
0.5101972818374634
0.48716211318969727
0.6694122552871704
0.9815444946289062
0.5296169519424438
0.46046480536460876
0.9876290559768677
0.5188168883323669
0.2022356539964676
0.40474843978881836
0.348707914352417
0.40197283029556274
0.9041455388069153
0.19922935962677002
0.41336941719055176
0.49967774748802185
0.3916459083557129
0.45165109634399414
0.2398953139781952
0.5210889577865601
0.36137959361076355
0.6771807074546814
0.44648686051368713
0.5704165697097778
0.8151389956474304
0.8459173440933228
0.5283620953559875
0.3612353503704071
0.5812805891036987
0.3442680239677429
0.2631946802139282
0.45574063062667847
0.1924273520708084
0.6773748397827148
0.5246605277061462
0.2114831656217575
0.3255000114440918
0.5176968574523926
0.7133744955062866
0.5902067422866821
0.453789085149765
0.5937361717224121
0.7203831672668457
1.0261355638504028
1.0889089107513428
1.0820491313934326
0.6745049357414246
0.32983046770095825
0.5574499368667603
0.24248652160167694
0.6665376424789429
0.40742382407188416
0.5180931091308594
0.3320867717266083
0.7126607894897461
0.3894628584384918
