0.9508358240127563
0.8927878141403198
0.5889900922775269
1.2247273921966553
0.8319873809814453
0.4897415041923523
0.24081286787986755
0.3969704508781433
0.41378650069236755
0.4683602452278137
0.40395697951316833
0.31805458664894104
0.9773839712142944
0.3276779353618622
0.5820611119270325
0.33263444900512695
0.5448058843612671
0.8559185862541199
0.6543078422546387
0.7625946998596191
0.8121617436408997
0.49526625871658325
0.3249184191226959
0.8362321853637695
0.3917994201183319
0.33573952317237854
0.4419040083885193
0.38706982135772705
1.5368797779083252
0.5334158539772034
0.6371587514877319
0.5723222494125366
0.4414559304714203
0.5875901579856873
0.5032214522361755
0.3422936499118805
0.40513738989830017
0.4449709355831146
0.9703136682510376
0.7716606259346008
0.5586147308349609
0.35339438915252686
0.7443499565124512
0.8814550638198853
0.826458752155304
0.34326571226119995
0.4154109060764313
0.22305455803871155
0.46786603331565857
0.7182369232177734
0.3150975704193115
0.7056863307952881
0.7345878481864929
0.5404931902885437
0.3514053225517273
0.6453273296356201
0.397844135761261
0.2883397042751312
0.2752085030078888
0.2955562174320221
0.3450784385204315
0.5031684637069702
0.5152627825737
0.6616568565368652
0.4116525650024414
0.664854884147644
0.40130528807640076
0.5637162327766418
0.7127358913421631
0.659148097038269
0.5284364223480225
0.6141636967658997
0.3405471444129944
0.4544413089752197
0.5496163368225098
0.4438866972923279
0.4945659041404724
0.5840014815330505
0.6208097338676453
0.4461168348789215
0.49611082673072815
0.8645855188369751
0.4736289978027344
0.338650643825531
0.21574905514717102
0.3413061797618866
0.3692055344581604
0.3604356646537781
0.35359781980514526
0.4564444422721863
0.5371736288070679
0.17873790860176086
0.5859259366989136
0.3156753182411194
0.7720299959182739
0.8129364252090454
0.5650759935379028
0.6304601430892944
0.8244906663894653
0.623247504234314
0.5559993386268616
0.5987468361854553
0.25182121992111206
0.4960421621799469
0.28933003544807434
0.6148641705513
0.5704858899116516
1.0195890665054321
0.4126151204109192
0.6521323323249817
0.4224073886871338
0.7271100878715515
0.322822630405426
0.48456278443336487
0.4043439030647278
0.171579509973526
0.6655043959617615
0.778490424156189
0.6123042106628418
0.9407903552055359
0.813201904296875
0.1774100363254547
0.21736638247966766
0.7569409608840942
1.109393835067749
1.5221375226974487
1.0495423078536987
0.3257557451725006
0.5143271684646606
0.4345625042915344
0.541580319404602
0.21942481398582458
0.2491542100906372
0.3225039839744568
0.5165309906005859
0.7987510561943054
0.5576694011688232
0.8212684392929077
0.3159481883049011
0.7889367938041687
0.4163735806941986
0.3243454098701477
0.7191269993782043
0.3887839913368225
0.8680773973464966
1.0935337543487549
0.49509304761886597
0.5464242696762085
0.2803063690662384
0.619108259677887
0.6228612661361694
0.7904720902442932
0.9381683468818665
0.45985403656959534
0.5354302525520325
0.45164960622787476
0.9030004739761353
0.32103604078292847
0.7794986963272095
1.0151517391204834
0.8335668444633484
0.40607476234436035
0.9270303845405579
0.5243098735809326
0.5115324854850769
0.3977993130683899
0.28915542364120483
0.3213532865047455
0.30103930830955505
0.37780705094337463
0.697355329990387
0.28960639238357544
0.6565353274345398
0.9552267789840698
0.6284016370773315
0.5184513926506042
0.649034857749939
0.2788916230201721
0.34131699800491333
1.0031824111938477
0.40961942076683044
0.4255416989326477
0.541716992855072
0.5489396452903748
0.566810131072998
0.4984794557094574
0.41239890456199646
1.4848331212997437
0.5152570009231567
0.6494362950325012
0.5990616679191589
0.5084859132766724
0.43849438428878784
0.33306270837783813
0.540808379650116
0.2564736008644104
0.9579508900642395
0.5923627614974976
0.5110169649124146
0.47942978143692017
0.691543698310852
0.4811633229255676
1.0344222784042358
0.32517504692077637
0.47433194518089294
0.5375277400016785
0.6171693801879883
0.4661884307861328
0.17035482823848724
0.6009213328361511
0.7050315141677856
0.2865768373012543
0.7096946239471436
0.905357837677002
0.37484627962112427
0.16322553157806396
0.7258204817771912
0.32311511039733887
0.36069053411483765
0.44173192977905273
0.48823222517967224
0.37311726808547974
0.31931084394454956
1.30518639087677
0.4908221364021301
0.4905737340450287
0.8688552975654602
0.450533390045166
0.4614489674568176
0.3610299229621887
0.6528167724609375
0.5854068398475647
0.363473504781723
0.24716255068778992
0.3422299921512604
0.41232889890670776
0.2014489471912384
0.23837456107139587
0.6633375287055969
0.32724061608314514
0.614826500415802
0.8691438436508179
0.35151734948158264
0.3006332516670227
0.6612120866775513
0.702129065990448
0.32402530312538147
0.5216072797775269
0.27800947427749634
0.3197992444038391
0.40814048051834106
1.098691701889038
0.6425879001617432
0.5453818440437317
0.9254199862480164
0.47457942366600037
0.4384000897407532
0.2523997724056244
0.3183019757270813
0.507947564125061
0.5216118097305298
0.3638189435005188
0.5334440469741821
0.9137747883796692
0.3474821448326111
0.7526968121528625
0.20714998245239258
0.38250279426574707
0.4855346083641052
0.6848033666610718
1.0578781366348267
0.8216716051101685
1.2308804988861084
0.5446887016296387
0.5365742444992065
0.41543444991111755
0.6788505911827087
0.3797730803489685
0.2603894770145416
0.8395463228225708
0.5206968188285828
0.8637717366218567
0.5039148330688477
0.724842369556427
0.14378638565540314
0.7457524538040161
0.7148351073265076
0.3592299818992615
0.4172632098197937
0.6602355241775513
0.4433867335319519
0.2779049277305603
0.4176977276802063
0.212005615234375
1.1250724792480469
0.35340994596481323
0.7821752429008484
0.7512925267219543
0.46224719285964966
0.18079093098640442
0.40486931800842285
0.8705293536186218
0.4479456841945648
0.49072232842445374
0.5291495323181152
0.3659971356391907
0.24152378737926483
0.4906250834465027
0.5703481435775757
0.3462173342704773
0.7749025225639343
0.6548570394515991
0.6981537938117981
0.4638260304927826
0.36793404817581177
0.7009515762329102
0.5867162942886353
0.37162309885025024
0.4161647856235504
0.5003663897514343
0.38784411549568176
0.2682614028453827
0.5481833219528198
0.9469093084335327
0.5042480230331421
0.7560735940933228
0.6168577671051025
0.395871102809906
0.4382973611354828
0.7448002696037292
0.3377877175807953
0.36282879114151
0.440213143825531
0.5548561215400696
0.5301309823989868
0.8268333673477173
0.5422743558883667
1.4182931184768677
