0.39708012342453003
0.42839130759239197
0.3237437307834625
0.42800578474998474
0.20339909195899963
0.20651011168956757
0.28438836336135864
0.1978137344121933
0.278048574924469
0.5383572578430176
0.5752869248390198
0.32510918378829956
0.3957870602607727
0.9366298913955688
0.25098103284835815
0.7553351521492004
0.889430046081543
0.2994788885116577
0.6420825719833374
0.30201512575149536
0.2941286563873291
0.6364548206329346
1.2216298580169678
0.2377057522535324
0.25301194190979004
0.4712040424346924
0.46493425965309143
0.7043744325637817
0.3521032929420471
1.076061487197876
0.8766469955444336
0.7168483734130859
0.422985315322876
0.4422691762447357
0.47586947679519653
0.9260965585708618
0.7107218503952026
0.5832889080047607
0.58909010887146
0.47948265075683594
0.6387357711791992
0.27086973190307617
0.4272158741950989
0.38395610451698303
0.46320968866348267
0.3775078356266022
0.5929795503616333
0.49977976083755493
0.4316530227661133
0.4370092451572418
0.7035781145095825
0.6565153002738953
0.3051761984825134
1.0067771673202515
0.7621528506278992
0.2427535355091095
0.5672538876533508
0.6214535236358643
0.49443769454956055
0.40145787596702576
0.7713147401809692
0.9456623792648315
0.8132314682006836
1.3583195209503174
0.8211544752120972
0.18513646721839905
0.4852178692817688
0.18063916265964508
0.6783722639083862
0.6551641225814819
1.155066967010498
0.338390976190567
0.6701472997665405
0.65373295545578
0.4527410566806793
0.3308468461036682
0.3678196966648102
0.6729358434677124
0.4044169783592224
0.42662692070007324
0.5723733901977539
0.3124498724937439
0.3306989371776581
0.7917965650558472
0.4386722445487976
0.3985993266105652
1.0499889850616455
0.4989900588989258
0.526332676410675
0.6168413758277893
0.6680529713630676
0.8839432001113892
0.18879354000091553
0.5789471864700317
0.7127110362052917
0.29828381538391113
0.49344950914382935
0.4357067942619324
0.4988044202327728
0.4638879895210266
0.7463108897209167
0.4506552815437317
0.38619545102119446
0.7017993927001953
0.4379294514656067
0.5310572981834412
0.491171658039093
0.6823517084121704
0.7569243907928467
0.49326619505882263
0.3170800805091858
0.8339583277702332
0.36525270342826843
0.7111398577690125
0.5442248582839966
0.5176899433135986
0.25950756669044495
0.5457292795181274
0.6616259813308716
0.3256130814552307
0.6234241724014282
0.8919483423233032
0.5835645198822021
0.42841649055480957
0.3615517318248749
0.4662895202636719
0.4904765188694
0.45265993475914
0.5971170663833618
0.5337913632392883
0.6794553399085999
1.1278650760650635
0.564524233341217
0.5725753903388977
1.2760789394378662
0.44341474771499634
0.28011566400527954
0.8085809946060181
0.364037424325943
0.5171939730644226
0.6209448575973511
0.727801501750946
0.3431118428707123
0.5792945623397827
0.40677133202552795
0.4647914469242096
0.26933375000953674
0.3992385268211365
0.5790817141532898
0.9157068133354187
0.5756460428237915
0.5366222858428955
0.7184000015258789
0.4042712152004242
0.3873444199562073
0.5602012872695923
0.42025288939476013
0.545531153678894
0.5277349352836609
0.31922364234924316
1.08639657497406
0.41694411635398865
0.4811874330043793
0.6167870759963989
0.7492938041687012
0.23350432515144348
0.8000020980834961
0.48031336069107056
1.1280887126922607
0.3613761067390442
0.302118718624115
0.5191128849983215
0.3350316286087036
0.580329418182373
1.25932776927948
0.5970937013626099
0.4458652436733246
0.6411507725715637
0.3623233437538147
0.7001503109931946
0.43428683280944824
0.3878134787082672
0.3938472867012024
0.4986385405063629
0.7148287892341614
0.494112104177475
0.380229651927948
0.37072938680648804
0.46039003133773804
0.3684355616569519
0.768140435218811
0.5847027897834778
0.5321438908576965
0.49457892775535583
0.4051901698112488
0.6317826509475708
0.22063234448432922
1.0005375146865845
0.8173373937606812
0.30023112893104553
0.4922255575656891
0.46220484375953674
0.6162155866622925
1.1559797525405884
0.8959661722183228
0.8663385510444641
0.44600850343704224
0.2515760660171509
0.48299509286880493
0.3264997899532318
0.41342252492904663
0.6950897574424744
0.7140195965766907
0.3406845033168793
0.6422248482704163
0.5564329028129578
0.5651975870132446
0.6371169090270996
0.27678918838500977
0.5771272778511047
0.49194756150245667
0.4030468463897705
0.3542264997959137
0.6393552422523499
0.5612725019454956
0.4350467622280121
0.8225804567337036
0.6937028169631958
0.4742100238800049
0.7447872161865234
0.4004143178462982
0.6694356203079224
0.2803816497325897
0.4617408215999603
0.6427946090698242
0.2887650430202484
0.6679703593254089
0.44925370812416077
0.12021633237600327
0.41028279066085815
0.2912030816078186
0.7521644830703735
0.22460202872753143
0.7113209962844849
0.7723844051361084
0.4428974688053131
1.5370967388153076
0.4258314073085785
0.6413567066192627
0.6427428126335144
0.970355212688446
0.14658844470977783
0.8484667539596558
0.40472474694252014
0.32849830389022827
0.42497164011001587
0.5480146408081055
0.5210577249526978
0.636691689491272
0.9208452105522156
0.4006994366645813
0.4922892451286316
0.5486964583396912
0.26138192415237427
0.3966827690601349
0.45698609948158264
0.22478953003883362
0.5759643912315369
0.2693081796169281
0.3928263187408447
0.32967114448547363
0.5070582628250122
0.37353652715682983
0.4589783549308777
0.5801364183425903
0.8943007588386536
1.1565192937850952
0.46007728576660156
0.749837338924408
0.4265522062778473
0.5877723097801208
0.7975512742996216
0.5421143770217896
0.37855052947998047
0.6785982847213745
0.44202637672424316
0.2907823920249939
0.306670218706131
0.6160265207290649
0.8364721536636353
0.7242457270622253
0.45442914962768555
0.45503711700439453
0.2653856873512268
0.322927325963974
0.7200652360916138
0.5167003273963928
0.7205791473388672
0.43484026193618774
0.33963507413864136
0.9078571200370789
0.446013867855072
0.7915854454040527
0.6924468874931335
0.4173002243041992
0.3696589171886444
0.46365469694137573
0.45777660608291626
0.202870175242424
0.454336553812027
0.8684218525886536
0.34065040946006775
0.5515133738517761
0.6300745010375977
0.41746455430984497
0.47904664278030396
0.6068094372749329
0.5384091138839722
0.4982413351535797
0.7872425317764282
0.40157872438430786
0.5802263617515564
0.216287299990654
0.5516153573989868
0.6012080311775208
0.42824047803878784
0.5317196846008301
0.2976130545139313
0.5302284955978394
0.2714831829071045
0.7121947407722473
0.640008807182312
0.6975831985473633
0.4666597247123718
0.6052422523498535
0.6802207231521606
0.5687674283981323
0.4133426249027252
