0.5896845459938049
0.2890237271785736
0.5697448253631592
0.41631636023521423
0.41627493500709534
0.515636146068573
0.3904716968536377
0.8465359807014465
0.6244373321533203
0.5563855171203613
0.557465672492981
0.47827988862991333
0.8593134880065918
1.0101139545440674
0.6742750406265259
0.5006580948829651
0.5660691857337952
0.5020056962966919
0.875379741191864
0.19123022258281708
0.5027228593826294
0.4025074541568756
0.32211485505104065
0.4144226908683777
0.9300678372383118
0.47858041524887085
0.5651323795318604
0.6410298347473145
0.3549697995185852
0.37836021184921265
0.4959561824798584
0.8004146814346313
0.8656281232833862
0.5958094000816345
0.3995872735977173
0.2676646113395691
0.4152300953865051
0.6854991912841797
0.4296777844429016
0.5840743780136108
0.3914579749107361
0.7141491174697876
0.45061761140823364
0.6174923777580261
0.6890469789505005
0.3419402241706848
0.5395160913467407
0.3707324266433716
0.7623249888420105
0.3479350209236145
0.5640300512313843
0.19995173811912537
0.4617868959903717
0.3831716477870941
0.8789653778076172
0.4013754725456238
0.3162806034088135
0.3690756857395172
0.594969630241394
0.3796258866786957
0.46671420335769653
0.40715593099594116
0.5573238134384155
0.7419024109840393
0.811058521270752
0.4445205330848694
0.5468300580978394
0.4661621153354645
0.7876037359237671
1.4907466173171997
0.3844924867153168
0.6575448513031006
0.8667203187942505
0.7831138968467712
0.5490462779998779
0.3969247043132782
0.5169131755828857
0.38662582635879517
0.28694623708724976
0.4974324107170105
1.3113665580749512
0.45703205466270447
0.621097207069397
0.9399815797805786
0.43688932061195374
0.3752521276473999
0.3870213031768799
1.264655351638794
0.27644744515419006
0.7667943835258484
0.8020746111869812
0.22182393074035645
0.5292619466781616
1.1139910221099854
0.9007566571235657
0.46859437227249146
0.6050964593887329
0.37731990218162537
0.2957165837287903
0.5453519821166992
0.19558265805244446
0.21375878155231476
0.6312276721000671
0.3057974576950073
0.4348258376121521
0.5963490009307861
0.42789021134376526
0.9087619781494141
0.5828327536582947
0.5414214134216309
0.734967827796936
0.4387792646884918
0.3804173171520233
0.2528463900089264
0.7017379403114319
0.3466690182685852
0.5990815758705139
0.46617230772972107
0.7056916952133179
0.8992679715156555
0.6942404508590698
0.45554351806640625
0.32794228196144104
0.31604325771331787
0.30718404054641724
0.8742673993110657
0.37883272767066956
0.6362189054489136
0.5469964742660522
0.7353483438491821
0.38742128014564514
0.587166428565979
0.7092912793159485
0.47711625695228577
0.8927567601203918
0.4069346487522125
0.7385355830192566
0.2267870008945465
0.4558156430721283
0.603335976600647
0.4857010841369629
0.5418730974197388
0.4346972405910492
0.3763604760169983
0.6107506155967712
0.2212814837694168
0.5032962560653687
0.4761256277561188
0.35543200373649597
0.3139042258262634
0.29809245467185974
0.49584436416625977
0.2302713692188263
0.36304086446762085
0.41528216004371643
0.6390590071678162
0.966709315776825
0.56856769323349
1.0286080837249756
0.456825315952301
0.6160356402397156
0.30926355719566345
0.5108919143676758
0.33668771386146545
0.4715590476989746
0.5789557099342346
0.38481563329696655
0.46962541341781616
0.3190823197364807
0.39729025959968567
0.4355272352695465
0.3314736783504486
0.2885706126689911
0.5172809362411499
0.5175681114196777
0.5344699025154114
0.8566314578056335
0.5122476816177368
0.4649180471897125
0.3732195794582367
0.38802456855773926
1.2944201231002808
0.8642624020576477
0.42710036039352417
0.4558853209018707
0.5893951058387756
0.572577178478241
0.7260309457778931
0.33932381868362427
1.024475336074829
0.5653888583183289
0.4319345951080322
0.5175904035568237
0.3998364508152008
0.610980212688446
0.4852956235408783
0.469931036233902
0.4312616288661957
0.7325197458267212
0.5200757384300232
0.5927388072013855
0.6873281002044678
0.2725064754486084
0.7811838388442993
0.6118849515914917
0.793988049030304
0.35401132702827454
0.31242936849594116
0.32799917459487915
0.41928091645240784
0.4383225440979004
0.6931767463684082
0.19712531566619873
0.3680611848831177
0.43913331627845764
0.8470631837844849
0.6874768733978271
0.4705977439880371
0.48562517762184143
0.47905439138412476
0.23433992266654968
0.34163933992385864
0.7940637469291687
0.708580493927002
0.6341718435287476
0.3763139843940735
0.5317047834396362
0.563094973564148
0.28885048627853394
0.5203914642333984
0.29356104135513306
0.6830044984817505
0.7208470106124878
0.29105344414711
0.5966711044311523
0.6936243772506714
1.0285346508026123
0.4826987385749817
0.20263557136058807
0.33825358748435974
1.0560858249664307
0.6061353087425232
0.3052678406238556
0.7948805689811707
0.2418881207704544
0.5108052492141724
0.7642742395401001
0.4839003086090088
0.46396762132644653
0.20975950360298157
0.7280482053756714
0.27153947949409485
0.5187493562698364
0.8075903654098511
0.7650830745697021
0.5238795280456543
0.3816583752632141
0.47248536348342896
0.19250845909118652
0.7578328251838684
0.598385214805603
0.5343455672264099
0.40190497040748596
0.650566577911377
0.5171765089035034
0.5742248296737671
0.39696818590164185
0.31409111618995667
0.7639970183372498
0.337008535861969
0.5106536149978638
0.5687446594238281
0.38819620013237
0.33987563848495483
0.30776599049568176
1.231529951095581
0.7952058911323547
0.2684348523616791
0.6482663154602051
0.886213481426239
0.4458146095275879
0.6362496614456177
0.4888376295566559
0.4487079083919525
0.4239896833896637
0.92901211977005
0.7998042106628418
0.3775413930416107
0.6212883591651917
0.30389466881752014
0.7159270644187927
0.5418387651443481
0.7884028553962708
0.3731352388858795
0.5292801260948181
0.9475520849227905
0.2786116600036621
0.4662909507751465
0.7537135481834412
0.3042945861816406
0.6140708327293396
0.4209144711494446
0.29811254143714905
0.7623212337493896
0.41815194487571716
0.26214200258255005
0.27164846658706665
0.33675476908683777
0.2621534764766693
0.3649243414402008
0.6539549827575684
0.5253192186355591
0.5564926266670227
0.5360124707221985
0.8386701345443726
0.9623309969902039
0.3356935381889343
0.5736755132675171
0.40527552366256714
0.7931749224662781
0.33614546060562134
0.40198126435279846
0.428793728351593
0.4952148497104645
0.6446108818054199
0.48178228735923767
0.2635289430618286
0.8886687159538269
0.42186886072158813
0.49839386343955994
0.49105340242385864
0.6232825517654419
0.4127315580844879
0.33617740869522095
0.359768807888031
0.4842895567417145
0.4473663866519928
0.9028663039207458
