0.6686766147613525
0.3581473231315613
0.864151656627655
0.7559696435928345
0.8522453308105469
0.4408039152622223
0.8530041575431824
0.5854980945587158
0.7311638593673706
0.5409225225448608
0.7868625521659851
0.6854836344718933
0.8067657351493835
0.7944753766059875
0.9882003664970398
0.46971601247787476
0.38068291544914246
0.4373190999031067
0.4867176115512848
0.6435350179672241
0.6654580235481262
0.41957417130470276
0.6775574684143066
0.6631439328193665
0.9541957974433899
0.9822196960449219
0.5137656927108765
0.6320886611938477
0.5511829257011414
1.1974949836730957
0.6040508151054382
0.42435869574546814
0.31631025671958923
0.6666178703308105
0.4331282675266266
0.5156251192092896
1.3303121328353882
0.6137909889221191
0.7977092862129211
0.988429069519043
0.5914222002029419
0.43648919463157654
0.6937912106513977
1.0338431596755981
0.5558612942695618
0.5612196922302246
0.6080652475357056
0.554628312587738
0.3600720763206482
0.7073973417282104
0.6644212007522583
0.5043309926986694
0.8486328125
0.9235130548477173
0.6754646301269531
0.5989440679550171
0.5049038529396057
0.8411717414855957
0.5652188062667847
0.5608563423156738
0.6554967164993286
0.8151754140853882
0.46961912512779236
0.3732309937477112
0.8691402673721313
0.9200130701065063
0.7252567410469055
1.0797933340072632
1.0209782123565674
0.5486385822296143
0.4924980700016022
0.9613305926322937
0.994994044303894
0.6568633317947388
1.083337426185608
0.9025275111198425
1.2140430212020874
0.4409731924533844
0.8755849599838257
0.4242261052131653
0.6624482870101929
1.0078060626983643
0.6318968534469604
0.5957039594650269
0.820289134979248
1.2108771800994873
0.7481724619865417
0.672878623008728
0.5642992258071899
0.42372840642929077
0.8826408386230469
0.7637805938720703
1.0477676391601562
0.6133301854133606
0.5096724033355713
1.0374634265899658
0.9024602770805359
0.7044409513473511
0.6044506430625916
0.47927847504615784
0.3857041001319885
0.449110209941864
1.036536455154419
0.4293600022792816
0.5637125968933105
0.41918984055519104
1.0475759506225586
1.0233622789382935
0.6764804720878601
0.5202630758285522
0.6854561567306519
0.7212615013122559
0.7137461304664612
1.2066835165023804
0.674624502658844
0.8323823809623718
0.7465487718582153
0.6096407175064087
0.9176509976387024
0.9907557368278503
0.6343150734901428
0.9330276250839233
0.932847797870636
0.823460578918457
0.5076900720596313
0.5420186519622803
0.9606596827507019
0.7628953456878662
0.5685171484947205
0.721239447593689
0.9342930912971497
0.5938442945480347
0.9257515668869019
0.6612984538078308
0.44429558515548706
0.622442364692688
0.3424747884273529
0.9323210716247559
0.6456877589225769
0.347689688205719
0.655622124671936
0.9307817220687866
0.6959025859832764
1.0411779880523682
0.7378678321838379
0.526867687702179
0.6864321231842041
0.709414005279541
0.9871002435684204
0.5417827367782593
1.1215702295303345
0.6773332357406616
0.8829922676086426
0.8596885800361633
0.4551467299461365
0.8892098665237427
0.402869313955307
0.6369608640670776
0.5858670473098755
0.5631056427955627
0.6049771308898926
0.48411044478416443
0.3611294627189636
0.7930390238761902
0.7841135859489441
0.6285160183906555
0.32798075675964355
0.615060031414032
0.8406902551651001
0.733579158782959
0.6544077396392822
0.7937610745429993
0.4768071174621582
0.6457542777061462
0.5090025067329407
0.7702517509460449
0.6986948847770691
0.5614591836929321
0.7201082706451416
0.8163143396377563
0.8577498197555542
0.6052605509757996
0.7307165861129761
1.0297213792800903
1.347898244857788
0.8272646069526672
0.4189145565032959
0.6810606122016907
0.6703994870185852
1.1636362075805664
0.6249827742576599
0.7710399627685547
0.9287102818489075
0.8456265330314636
0.4841553568840027
0.6029530763626099
0.6027071475982666
0.6795711517333984
0.6735543012619019
0.8225588798522949
0.6596230864524841
0.5565569996833801
1.2776564359664917
0.5976006388664246
0.7218483090400696
0.7703248262405396
0.8803802728652954
0.515986442565918
0.647201657295227
1.2633426189422607
0.4999229907989502
0.7849337458610535
0.6277511119842529
1.0600111484527588
0.6089598536491394
0.5121666193008423
0.6316164135932922
0.6136201024055481
0.5701714754104614
0.5339012742042542
0.6257410049438477
0.4279452860355377
0.5977749228477478
1.0998561382293701
0.5385326743125916
1.1974385976791382
0.7885698080062866
0.419985830783844
0.7757395505905151
0.8197277188301086
0.7861138582229614
0.41955870389938354
0.4648851752281189
0.771823525428772
0.42925819754600525
0.7125940918922424
0.44898873567581177
0.8488022089004517
0.8298416137695312
0.815442681312561
0.428647518157959
0.7380942702293396
0.6493083238601685
0.44344013929367065
0.6999783515930176
0.5243098139762878
0.4776063561439514
0.7510318756103516
0.8179515600204468
1.2259180545806885
0.8296205401420593
1.0406277179718018
0.6463508009910583
0.6953942775726318
1.2342469692230225
0.6764843463897705
0.5555016398429871
1.450656771659851
0.7966197729110718
0.5547530055046082
0.6485538482666016
0.7597446441650391
1.289879322052002
0.5691971182823181
1.035400629043579
1.033984899520874
0.7313393354415894
0.4969431757926941
0.5394824743270874
0.5176713466644287
0.9711290597915649
0.6268682479858398
0.4546283781528473
0.9392188787460327
0.6553739309310913
0.43760204315185547
0.5525535345077515
0.701021134853363
0.6140268445014954
1.1891430616378784
0.7347878217697144
0.8983458280563354
0.5598275065422058
0.9993594288825989
1.102770209312439
0.4335927963256836
0.652484118938446
0.6303137540817261
0.5952635407447815
0.5306187868118286
1.293350100517273
0.7447052001953125
0.6085895299911499
0.9366861581802368
0.523656964302063
0.5639569759368896
0.45059338212013245
0.6856816411018372
0.5226790308952332
0.538310170173645
0.4611423909664154
0.42759475111961365
0.6418634653091431
0.5920979380607605
0.7916531562805176
0.6525455713272095
0.7853518724441528
0.5043916702270508
0.4860157072544098
0.4410891532897949
0.7417857050895691
0.3744959235191345
0.9792656898498535
0.6752554774284363
0.41790667176246643
0.58335280418396
0.6460782885551453
0.4636054039001465
0.9818089604377747
0.6716718077659607
0.7133272290229797
0.7281829118728638
0.5080598592758179
0.6248010396957397
1.0112340450286865
0.3663026988506317
0.7105629444122314
1.6917873620986938
0.8580946922302246
0.5083659887313843
0.5955866575241089
0.666933536529541
0.9882504343986511
0.44212961196899414
0.6985395550727844
0.6214144229888916
0.36304429173469543
0.7964816689491272
