0.5453651547431946
0.3324649930000305
0.4946797490119934
0.44729018211364746
0.3548872768878937
0.24075260758399963
0.794861376285553
0.5217310786247253
0.616949737071991
0.2239871770143509
0.5448790192604065
0.7595049142837524
0.6426163911819458
0.5236528515815735
1.1140828132629395
0.6643401980400085
0.43477994203567505
0.7211068272590637
0.35535645484924316
0.4707797169685364
0.45244747400283813
0.6163719296455383
0.4627905488014221
0.6578542590141296
0.4422684609889984
0.6903501749038696
1.227821946144104
0.4925922453403473
0.40094152092933655
0.522433876991272
0.4069729745388031
0.5002973675727844
0.6588555574417114
1.3134560585021973
0.4332818388938904
0.45642876625061035
0.5425916910171509
0.6874673962593079
0.3987002670764923
0.3378288447856903
0.4632906913757324
0.7802913784980774
0.6141632795333862
0.1815100461244583
0.5009039640426636
0.7708358764648438
0.41148504614830017
0.29585427045822144
0.5044189691543579
0.43487367033958435
0.5952764749526978
0.5659644603729248
0.5644134283065796
0.5148636102676392
0.9144466519355774
0.46930035948753357
0.7621346712112427
0.5811294317245483
0.41354289650917053
0.7466093301773071
0.5192664265632629
0.36689475178718567
0.46669483184814453
0.789627194404602
0.50518399477005
0.3720859885215759
0.686395525932312
0.5951784253120422
0.4839438796043396
0.7760607004165649
1.1865997314453125
0.4559307098388672
0.287757933139801
0.8284631967544556
0.431964635848999
0.30327415466308594
0.6443791389465332
0.3108488917350769
0.4406936764717102
0.35411083698272705
0.7327061891555786
0.5156995058059692
0.817272961139679
0.6209754943847656
0.6113094091415405
0.846676230430603
1.0600745677947998
0.32218414545059204
0.4932776391506195
0.4584713876247406
0.4055160880088806
0.3942590355873108
1.081141471862793
0.491227388381958
0.3407706618309021
0.577912449836731
0.5563441514968872
0.40914422273635864
0.3845413327217102
0.36777129769325256
0.5699589848518372
0.46321526169776917
0.3883427381515503
0.4313321113586426
0.3877686858177185
0.45820656418800354
0.7340184450149536
0.7832433581352234
0.5042432546615601
0.931100070476532
0.5953381061553955
0.3480604887008667
0.38273200392723083
0.39029666781425476
0.5435965061187744
0.3672695755958557
0.36640220880508423
0.2393801212310791
0.2875542640686035
1.5730326175689697
0.5011808276176453
0.4143044054508209
0.39979344606399536
0.514897882938385
1.1957553625106812
0.45942431688308716
0.3264367878437042
0.6765643358230591
0.6162995100021362
0.49193865060806274
0.5536953806877136
0.8334575891494751
0.7499381899833679
0.731992781162262
0.24776653945446014
0.7743184566497803
0.4833250939846039
0.3530641496181488
0.1969049870967865
0.6208287477493286
0.8401764035224915
0.21809165179729462
0.5009427666664124
0.4540002942085266
0.6494933366775513
0.4026111662387848
0.44000959396362305
0.3774457275867462
0.2998579144477844
1.2401573657989502
0.633182168006897
0.8509060144424438
0.5533207058906555
0.3663486838340759
0.5284661650657654
0.33937880396842957
0.8143062591552734
0.4999397397041321
1.095180630683899
0.8119480013847351
0.4452941417694092
0.4217279553413391
0.3694468140602112
0.8535658121109009
0.8627008199691772
0.9376475214958191
0.5517481565475464
0.7226544618606567
0.4672028422355652
0.5985068678855896
0.31688258051872253
0.5414127111434937
0.7058336138725281
0.4106198847293854
0.5483399629592896
0.3997085988521576
0.3811118006706238
0.32132330536842346
0.748594343662262
0.8723702430725098
0.4352114796638489
0.856488823890686
0.30513378977775574
0.48359259963035583
0.6496279239654541
0.6478749513626099
0.7238805890083313
0.5784599781036377
0.5460708737373352
0.3694741129875183
0.5817680358886719
0.7697946429252625
0.7123361825942993
0.39628419280052185
0.5119878053665161
0.5335649847984314
0.7221783995628357
0.3171358108520508
0.49379411339759827
0.6274378895759583
0.7943218946456909
0.6127153635025024
0.3494409918785095
0.8548762202262878
0.5205593109130859
0.3393299877643585
0.4260641038417816
0.4311489462852478
0.6842538118362427
0.7471647262573242
0.5313083529472351
0.23650045692920685
0.5253173112869263
0.32025834918022156
0.38067299127578735
0.7694510817527771
0.48998546600341797
0.3303235173225403
0.36446747183799744
0.2328251302242279
0.4732036590576172
0.4473593831062317
0.5979695320129395
0.3625138998031616
0.7126480937004089
1.4819581508636475
0.2642650902271271
0.6015673875808716
0.2987140715122223
0.5526106357574463
0.48842787742614746
0.4173303544521332
0.2950464189052582
0.961448073387146
0.3312082886695862
0.7389711141586304
0.3601713478565216
0.641878068447113
0.33311447501182556
0.9262197613716125
0.5218319296836853
0.5435250401496887
0.4958287179470062
0.5181460380554199
0.5033315420150757
0.5128313302993774
0.7634488344192505
0.7146155834197998
0.4494706690311432
0.5055084228515625
0.361545205116272
0.42419275641441345
0.3434029221534729
0.6031712293624878
0.6580008864402771
0.8137747645378113
0.6038028001785278
0.6396260857582092
0.4808928370475769
0.7193454504013062
0.3395404815673828
0.31528881192207336
0.5710784196853638
0.4753977656364441
0.3415544927120209
0.5800740122795105
0.6955605745315552
0.3982944190502167
0.5824680328369141
1.0060046911239624
0.17075490951538086
0.6156903505325317
0.4446600377559662
1.0838687419891357
0.5574057102203369
0.7476140260696411
0.36102890968322754
0.7517823576927185
0.558915913105011
0.35959962010383606
0.18412232398986816
0.3857504725456238
0.24487781524658203
0.3492559790611267
0.6201015710830688
0.3200196623802185
1.0188770294189453
0.39956507086753845
0.5182757377624512
0.4969840943813324
0.7305291891098022
0.36417609453201294
1.1270440816879272
0.3625362813472748
0.5329873561859131
0.21359500288963318
0.37021487951278687
0.49938878417015076
0.198392853140831
0.3860565423965454
0.5255333185195923
0.37704914808273315
0.7141506671905518
0.7403326630592346
0.36403781175613403
0.930121123790741
0.5490672588348389
0.42225950956344604
0.523999035358429
0.3037959039211273
0.30724242329597473
0.5976587533950806
0.3209608495235443
0.4230589270591736
0.3520042598247528
0.5844155550003052
0.5280690789222717
0.6893800497055054
0.31728047132492065
0.7853962182998657
0.7077080011367798
0.7490613460540771
0.8451454043388367
0.35779720544815063
0.2233717441558838
0.7937337160110474
0.7509176135063171
0.7187221050262451
0.28442978858947754
0.2367238998413086
0.5833058953285217
0.896314799785614
0.39720097184181213
0.4368148744106293
0.4087674021720886
0.6589893102645874
1.0166397094726562
0.4842897355556488
