0.5839357972145081
0.39180564880371094
0.49230632185935974
0.262619286775589
0.3147223889827728
0.6366270780563354
1.278411865234375
0.2615969777107239
0.3249967098236084
0.626625657081604
0.5496519804000854
0.5885423421859741
0.3428817093372345
0.23880203068256378
0.2575848698616028
0.3918570578098297
0.6530948281288147
0.9115683436393738
0.5225382447242737
0.9719514846801758
0.49238190054893494
0.4358693063259125
0.4400281012058258
0.5450278520584106
0.32664042711257935
0.4240580201148987
0.6905999183654785
0.42944106459617615
0.3624812960624695
0.5584932565689087
0.4810059666633606
0.3745545744895935
0.997684121131897
0.31329405307769775
0.6528601050376892
0.3830496370792389
0.4488021731376648
0.6650575399398804
0.4141611158847809
0.27839356660842896
0.3171212673187256
0.5137434005737305
0.6451776027679443
0.5550236701965332
0.6007291674613953
0.8522995710372925
1.0007580518722534
0.8326995968818665
0.595194399356842
0.5609346628189087
0.39019542932510376
0.2715713381767273
0.6714740991592407
0.8443814516067505
0.31685736775398254
0.3617507815361023
0.4265497326850891
1.1156405210494995
0.2957989573478699
0.3953537046909332
0.6488101482391357
0.169840008020401
0.1999402940273285
0.5965286493301392
0.3998364508152008
0.23632016777992249
0.6927623152732849
0.38941794633865356
1.3688510656356812
0.5620058178901672
0.9740063548088074
0.9380336999893188
0.21144095063209534
0.6941376328468323
0.7300269603729248
0.6464633941650391
0.2891523838043213
0.332980215549469
0.4156576097011566
0.6516600847244263
0.40869253873825073
0.5462912917137146
0.5015813112258911
0.5598167777061462
0.6110013127326965
0.2731964886188507
0.4421466886997223
1.060758113861084
0.3156658411026001
0.4909403920173645
1.2256700992584229
0.7319347262382507
0.5606180429458618
0.14843180775642395
0.12626075744628906
0.43002423644065857
0.7411028742790222
0.7877485752105713
0.5144962072372437
0.8980107307434082
0.5054105520248413
0.7776718139648438
0.7347255349159241
0.3804900050163269
0.642491340637207
0.541654646396637
0.7531970143318176
0.6917353272438049
0.267437607049942
0.5479856729507446
0.5999579429626465
0.26439768075942993
0.6754652857780457
0.5594960451126099
0.3152821660041809
0.38059115409851074
0.7558820247650146
0.3388534486293793
0.43214407563209534
0.3648037314414978
0.4633726179599762
0.4170481562614441
0.7251096367835999
0.7082072496414185
0.44605764746665955
0.5077285170555115
0.6928490400314331
0.68031245470047
0.40580400824546814
0.5986964106559753
0.37546172738075256
0.31592339277267456
0.293573260307312
0.7743180394172668
0.8726104497909546
0.10873979330062866
0.4731346666812897
0.3460189998149872
0.17759348452091217
0.4125954210758209
0.5744441151618958
0.4655243456363678
0.35329657793045044
0.6571884155273438
0.39617329835891724
0.6227730512619019
0.5644594430923462
0.5590383410453796
0.9772397875785828
0.47082653641700745
1.4510482549667358
0.8306142687797546
0.7062762975692749
0.25821930170059204
0.6579251289367676
0.5903728008270264
0.637924075126648
0.7127264738082886
0.2764778137207031
0.4620126783847809
0.5935409665107727
0.6175514459609985
1.026412010192871
0.13156473636627197
0.4254918098449707
0.2977977991104126
0.5074366331100464
0.39810997247695923
0.31853166222572327
0.9450110197067261
0.4661880135536194
0.5630978345870972
0.38351336121559143
0.9571008682250977
0.6817134022712708
0.36684754490852356
0.8367363810539246
0.6782923340797424
0.5831038355827332
0.29515618085861206
0.5197979211807251
0.5232149362564087
0.353860080242157
0.4520786702632904
0.39593905210494995
0.7524092793464661
0.5609947443008423
0.5519148111343384
0.3920344114303589
1.164239525794983
0.4556681513786316
0.3828253448009491
0.8116024136543274
0.6806539297103882
0.3226259648799896
0.44617921113967896
0.6502732038497925
0.3680953085422516
0.2298719882965088
0.3382680416107178
0.4136841893196106
0.5727990865707397
0.48475927114486694
1.2514965534210205
0.8219249844551086
0.5166776776313782
0.5543801188468933
0.5699416995048523
0.19859947264194489
0.3533440828323364
0.3298826813697815
0.46557673811912537
0.6710559725761414
0.5581072568893433
0.47018784284591675
0.7702886462211609
0.6699895262718201
0.8155428767204285
0.5208941102027893
0.5386558175086975
0.42550206184387207
0.5071290731430054
0.9666789770126343
0.3893698751926422
0.47796040773391724
0.6936050057411194
0.6089491844177246
0.411022424697876
0.41254910826683044
0.3798080086708069
0.4375923275947571
0.3093712329864502
0.28156718611717224
0.37778523564338684
0.39850056171417236
0.5044060945510864
0.18169160187244415
0.4582904279232025
0.8253854513168335
0.2466190755367279
0.48502540588378906
0.35676270723342896
0.4947451651096344
0.19635580480098724
0.5042383074760437
0.40460091829299927
0.9718106389045715
0.4764474928379059
0.5036348700523376
0.6546351909637451
0.7006516456604004
0.1871345490217209
0.7517036199569702
0.2750931978225708
0.7635189294815063
0.23912882804870605
0.7400602102279663
0.7088996767997742
0.4153653085231781
0.5226430296897888
0.3771975338459015
0.3004482090473175
0.5360127687454224
0.8182304501533508
0.5180087089538574
0.7951884269714355
0.3202130198478699
0.8221399188041687
0.323050856590271
0.46698373556137085
0.385015070438385
0.6627212166786194
0.3830060064792633
0.5335486531257629
0.283220112323761
0.5989502668380737
0.9397547841072083
0.5695880055427551
0.7317783236503601
0.3833475112915039
0.597791314125061
0.8470631837844849
0.6478654742240906
0.21192403137683868
1.3999712467193604
0.19083181023597717
0.45170164108276367
0.5921565890312195
0.3674060106277466
0.753137469291687
0.26103270053863525
0.3575083613395691
0.346772700548172
0.6062607169151306
0.45293498039245605
0.3475930392742157
0.4202216565608978
0.38712525367736816
0.6579686403274536
0.6189030408859253
0.9531461000442505
0.7739965915679932
0.5536623001098633
0.38144224882125854
0.5413803458213806
0.7776743769645691
0.5667551159858704
0.5016294717788696
0.3578903079032898
0.4865051805973053
0.25003838539123535
0.3232375681400299
0.533469021320343
0.6235836148262024
1.085052251815796
1.0036627054214478
0.33996567130088806
0.4891166687011719
0.36684393882751465
0.2960117757320404
0.30351942777633667
0.43679580092430115
0.5186978578567505
0.935509204864502
0.7675688862800598
0.22082483768463135
0.4352491497993469
0.26846998929977417
0.9665014147758484
0.2738715708255768
0.6674681901931763
0.3068329393863678
0.5588221549987793
0.8126289248466492
0.5586794018745422
0.9900368452072144
0.33068886399269104
0.4539072513580322
