0.5043419003486633
0.39626166224479675
0.3560202717781067
0.6848875284194946
0.47800374031066895
0.41500312089920044
0.46155819296836853
0.5219241380691528
0.2541589140892029
1.004105567932129
0.4937741756439209
0.6301290392875671
0.48865240812301636
0.4992455542087555
0.2901553511619568
0.614592969417572
0.39244014024734497
0.7506614923477173
0.8965052366256714
0.7994744181632996
0.3058488070964813
0.501985490322113
0.7126255035400391
0.25131091475486755
0.5241984128952026
0.3643645644187927
0.5011860728263855
1.1382176876068115
0.6400500535964966
0.34275636076927185
0.1666484773159027
1.0206629037857056
0.2142752707004547
0.4661189019680023
0.47351717948913574
0.9258939027786255
0.29983431100845337
0.6461161375045776
0.31528598070144653
0.45926395058631897
0.25767603516578674
0.3929714858531952
0.48086977005004883
0.3511137068271637
0.4810217022895813
0.4228464663028717
0.5247481465339661
0.23765340447425842
0.4449365735054016
0.292580246925354
0.7900014519691467
0.26798930764198303
0.6265267133712769
0.35936814546585083
0.6583889722824097
0.5338038206100464
0.6800902485847473
0.37079793214797974
0.4532093405723572
0.47623366117477417
0.36587369441986084
0.5435019731521606
0.35886940360069275
0.35462406277656555
0.6535564661026001
0.46798402070999146
0.4910162091255188
0.1314300149679184
0.29732006788253784
0.3878735303878784
0.5568086504936218
0.42637690901756287
0.3688419759273529
0.4520159661769867
0.15227212011814117
0.5583308935165405
0.6134248375892639
0.22008547186851501
0.22561752796173096
0.5243406295776367
0.8770226240158081
0.5619922280311584
0.3857642412185669
0.6002958416938782
0.5458844304084778
0.5518780946731567
0.7873940467834473
0.23172307014465332
0.4347776472568512
0.3986666798591614
0.42071884870529175
0.2941812574863434
0.7345054745674133
0.4041230082511902
0.6857523322105408
0.43544474244117737
0.47933483123779297
0.5513913035392761
0.6356750726699829
0.321104496717453
0.36606287956237793
0.6819040775299072
0.45407915115356445
0.14705732464790344
0.7182347178459167
0.8436525464057922
0.3615638017654419
0.5638201832771301
0.3133769631385803
0.5214340090751648
0.4365862309932709
0.23198732733726501
0.5511081218719482
0.5655461549758911
0.6967504620552063
0.5322661995887756
0.6974302530288696
0.2659560739994049
0.1891457736492157
0.5598243474960327
0.6504999399185181
0.4807707369327545
0.414317786693573
0.4306066930294037
0.5011880993843079
0.7078143954277039
0.44673556089401245
0.4285407066345215
0.6519860029220581
0.6823453903198242
0.4537906050682068
0.4163745045661926
0.5281561017036438
0.6712300181388855
0.8195297122001648
0.39411741495132446
0.7410770654678345
0.35041770339012146
0.388243168592453
0.5416404604911804
0.2931855320930481
0.2810906767845154
0.38817107677459717
0.7522356510162354
0.5446291565895081
0.23712129890918732
0.7976228594779968
0.4388187527656555
0.5031236410140991
0.37482014298439026
0.6761714220046997
0.5920947194099426
0.6009129285812378
0.6278921365737915
0.5599552989006042
0.502069354057312
0.5862706899642944
0.679206907749176
0.47164154052734375
0.6011223793029785
0.630218505859375
0.3577493727207184
0.6171070337295532
0.6804163455963135
0.3695732653141022
0.5770527124404907
0.589138388633728
0.24642780423164368
0.5611451268196106
0.6726516485214233
0.8167883157730103
0.3070022165775299
0.553686797618866
0.5051404237747192
0.8901569247245789
0.4611014425754547
0.47819989919662476
0.6776837110519409
0.2358737736940384
0.5616772174835205
0.5603537559509277
0.4197379946708679
0.6728103160858154
0.4412470757961273
0.6996133923530579
0.7176865935325623
0.3683604598045349
0.31292077898979187
0.8107627034187317
0.23614796996116638
0.6409804224967957
0.18356572091579437
0.7796076536178589
0.8268335461616516
1.0451349020004272
0.8916298747062683
0.3693160116672516
0.5435935258865356
0.24385865032672882
0.4906601011753082
0.6850935220718384
0.28760623931884766
0.596565842628479
0.5154399871826172
0.5566063523292542
0.8442059755325317
0.6783139109611511
0.4243260324001312
0.6798568964004517
0.49922043085098267
0.7386327385902405
0.6463654637336731
0.3277299106121063
0.43832120299339294
0.6302064061164856
0.3178592324256897
0.5134136080741882
0.4451209008693695
0.4298998713493347
0.46759241819381714
0.7905606031417847
0.17735181748867035
0.4388459622859955
1.1685312986373901
0.7469798922538757
0.7831839323043823
0.6795579195022583
0.5240755081176758
0.726417601108551
0.40740567445755005
0.3202093243598938
0.4339604377746582
1.2035802602767944
1.0844752788543701
0.5186073780059814
0.6164544820785522
0.4016049802303314
0.561019241809845
0.4318285882472992
0.4350794851779938
0.5460628271102905
0.5880788564682007
0.8537286520004272
0.6064214706420898
0.2185213267803192
0.6516273617744446
0.4631098806858063
0.788983941078186
1.1054524183273315
0.3502962589263916
0.2661190927028656
1.4809563159942627
0.2958243489265442
0.4353383481502533
0.659973680973053
0.4466387629508972
0.45960181951522827
0.34603172540664673
0.5721924304962158
0.349508136510849
0.40435224771499634
0.7485682368278503
0.5620543360710144
1.252142310142517
0.2259744107723236
0.6274093389511108
0.3506568670272827
0.36383700370788574
0.7365700006484985
0.5403273105621338
0.6080880165100098
0.37509530782699585
0.35129839181900024
0.45800334215164185
0.7840865254402161
0.9458762407302856
1.5199286937713623
0.5943338871002197
0.30425065755844116
0.4162287712097168
0.24358411133289337
0.39166849851608276
0.5809171199798584
0.4942527711391449
0.4491613507270813
0.42811664938926697
0.3193662464618683
0.4708075523376465
0.7512946724891663
0.3592403531074524
0.4318387508392334
0.4747998118400574
0.5458815097808838
0.40212559700012207
0.5627403259277344
0.5551848411560059
0.23808160424232483
0.8190702199935913
0.786406397819519
0.4700694978237152
0.31676799058914185
0.34314411878585815
0.4848511815071106
0.36936402320861816
0.5594359040260315
0.4479314386844635
0.5389189124107361
0.2133461982011795
0.538223385810852
0.47168368101119995
0.4494127333164215
0.5283374190330505
0.7247894406318665
0.3636777997016907
0.48253679275512695
0.4242497384548187
0.6041169166564941
0.8277935981750488
0.8700313568115234
0.21131722629070282
0.5354040861129761
0.3435951769351959
0.5660452842712402
0.34091559052467346
0.8429167866706848
0.2447826862335205
0.5599144101142883
0.27920031547546387
0.5720065832138062
0.43998202681541443
0.7672943472862244
0.2992698848247528
0.22446008026599884
0.3576911389827728
0.34705018997192383
0.7543772459030151
0.4692637324333191
0.38743677735328674
