0.37937599420547485
0.2425081729888916
0.4093698561191559
0.5532860159873962
0.26165565848350525
0.4752441942691803
0.9518014788627625
0.4157918095588684
0.4456094801425934
0.261358380317688
0.7832282781600952
0.6578015089035034
0.8800100088119507
1.0703210830688477
0.7504932284355164
0.6447484493255615
1.2242398262023926
0.09547866880893707
0.5478112101554871
0.5388678908348083
0.7590945959091187
0.33010396361351013
0.5016515851020813
0.5179765224456787
0.7338200211524963
0.5534079074859619
1.126536250114441
0.5221604108810425
0.4055165648460388
1.058494210243225
0.7970989942550659
0.7340998649597168
0.365005761384964
0.3096993565559387
0.37071070075035095
0.4892578125
0.5782729983329773
0.7628525495529175
0.7926875352859497
0.5424021482467651
0.43672674894332886
0.3027269244194031
0.9787963032722473
0.743164598941803
0.7525125741958618
0.39962154626846313
0.917406439781189
0.4254840910434723
0.30628639459609985
0.38820841908454895
0.8504506945610046
0.5400643348693848
0.7787798643112183
1.0357050895690918
0.31520453095436096
0.29873231053352356
0.6259440779685974
0.5217775106430054
0.9262626767158508
0.7153364419937134
0.6630952954292297
1.1552308797836304
0.5246826410293579
0.4046012759208679
0.4389241635799408
0.1913277804851532
0.4832092821598053
0.4686219096183777
0.8231331706047058
0.6197787523269653
0.9844017028808594
0.7036674618721008
0.33261069655418396
0.4855305552482605
0.4116983413696289
0.7986968159675598
0.6792640089988708
0.8865882158279419
0.7373631596565247
0.41804012656211853
0.714458167552948
0.41049012541770935
0.2889665961265564
0.42703375220298767
0.9123131036758423
0.6106355786323547
0.9330164194107056
0.6880133748054504
0.4965885579586029
0.470132976770401
0.3815554678440094
0.20209252834320068
0.8714677691459656
0.9829609990119934
0.4412759840488434
0.4159107208251953
0.49425190687179565
0.7251900434494019
0.4784190058708191
0.9039972424507141
0.2661277651786804
0.33626264333724976
0.5704664587974548
0.4122588634490967
0.6647880673408508
0.65418541431427
0.5653621554374695
0.5011597275733948
0.4587401747703552
0.5128482580184937
0.3834364116191864
0.8005132675170898
0.43655091524124146
0.5239341855049133
0.4301244616508484
0.6353148221969604
0.5934063792228699
0.5843510627746582
0.6004937887191772
0.9545793533325195
0.568972110748291
0.3002367317676544
0.6785489916801453
0.32341623306274414
0.6853364706039429
0.17617030441761017
0.5106163024902344
0.5903328657150269
0.2976284623146057
0.9180355072021484
0.7135133147239685
0.6760027408599854
0.45066651701927185
0.5783889889717102
0.7929438352584839
0.5238268375396729
0.2993770241737366
0.7962701916694641
0.5279998779296875
0.6856182813644409
0.39400815963745117
0.6962996125221252
1.168375015258789
0.4920331537723541
0.4357348382472992
0.32641178369522095
0.4428393840789795
0.4378674030303955
0.3630827069282532
0.6744173169136047
0.3904571831226349
0.8796192407608032
0.903337836265564
0.5342307090759277
0.616257905960083
0.5972338914871216
0.22308564186096191
0.650356650352478
0.24995014071464539
0.37145477533340454
0.5127357244491577
0.5029953122138977
0.2056082934141159
0.3321914076805115
0.6429478526115417
0.8326957821846008
0.9407268762588501
0.40955477952957153
0.711685061454773
0.6688608527183533
0.580721378326416
0.4230346083641052
0.5242198705673218
0.5618794560432434
0.36528024077415466
0.5439626574516296
0.5700936913490295
0.6399376392364502
0.6753202676773071
0.6193920373916626
0.26766523718833923
0.279005765914917
0.6610705852508545
0.7177929282188416
0.678821861743927
0.3944898545742035
0.6135624647140503
0.7661235332489014
0.44289475679397583
0.5034900903701782
0.27393001317977905
0.33389168977737427
0.9666975140571594
0.380417138338089
0.46702852845191956
0.4834878444671631
0.30244922637939453
0.27860119938850403
0.5758225917816162
0.4183911383152008
0.4433446526527405
0.44256657361984253
0.3529842793941498
0.8141443133354187
0.5518849492073059
0.397546648979187
0.48181217908859253
0.30788856744766235
0.4454575479030609
0.5164726972579956
0.49583688378334045
0.29119789600372314
0.44736653566360474
0.47562670707702637
0.3729471266269684
0.5338059663772583
0.34915879368782043
0.295728862285614
0.48996004462242126
0.49653807282447815
0.4963137209415436
0.5103462934494019
0.2747470736503601
0.4167405962944031
0.22214674949645996
0.1994190216064453
0.45289555191993713
0.49206653237342834
0.5398882627487183
0.37638550996780396
0.5736979246139526
0.28204983472824097
0.2348453551530838
0.6485487818717957
0.11932241916656494
0.27639898657798767
0.6348375082015991
0.40070685744285583
0.2965599596500397
0.6937925219535828
0.6058672070503235
0.7251894474029541
0.3201564848423004
0.2701503038406372
0.7576000094413757
0.4960695207118988
0.9496493339538574
0.5993037819862366
0.758504331111908
0.47370490431785583
0.28457242250442505
0.5985804796218872
0.3460964560508728
0.3828679919242859
0.6560047268867493
0.1914193332195282
0.939963698387146
0.5548108816146851
0.32110923528671265
0.34595808386802673
0.5279317498207092
0.3731282353401184
0.5061298608779907
0.45723646879196167
0.43957552313804626
0.4930351674556732
0.9586410522460938
0.3676658570766449
0.6311169862747192
0.30762431025505066
0.4454682767391205
0.39836186170578003
0.6855024099349976
0.4201427400112152
0.7095522284507751
0.6048156023025513
0.6058919429779053
0.9877684712409973
0.24142105877399445
0.21981163322925568
0.40245380997657776
0.5350229740142822
0.5441197156906128
0.5450128316879272
0.2051856964826584
0.2327849119901657
0.4235715866088867
0.49585428833961487
0.7909629344940186
0.29937249422073364
0.6370256543159485
0.46510767936706543
0.35771021246910095
0.9979650378227234
0.44317132234573364
0.4967964291572571
0.8023570775985718
0.5385286211967468
0.6590139269828796
0.3979606330394745
0.9550142288208008
0.6971601247787476
0.31276580691337585
0.4650745391845703
0.46243494749069214
0.3210925757884979
0.4996245503425598
0.5844925045967102
0.5570899248123169
0.30512967705726624
0.2653748393058777
0.7065640687942505
0.44979327917099
0.27105483412742615
0.2621685862541199
0.36080098152160645
0.32230886816978455
0.25335147976875305
0.377042293548584
0.5085593461990356
0.8752878904342651
0.46355342864990234
0.19133999943733215
0.4754224717617035
0.48380643129348755
0.3134063184261322
0.2955312132835388
0.4814285635948181
0.39224228262901306
0.7008873224258423
0.6611529588699341
0.4651262164115906
0.3847939670085907
0.6517331004142761
0.4154393672943115
0.30536994338035583
0.6606172323226929
0.725353479385376
