0.3384372293949127
0.3151138424873352
0.2365817129611969
0.37560606002807617
0.8075302243232727
0.6641430854797363
0.22619707882404327
0.7120159864425659
0.8324959874153137
1.1374835968017578
0.2803102135658264
0.49382728338241577
0.23777294158935547
0.6009833812713623
0.7941848039627075
0.6953639984130859
1.4439265727996826
0.5476728677749634
0.593365490436554
0.49402540922164917
0.4093300700187683
0.4131902754306793
0.5897070169448853
0.6858352422714233
0.33178621530532837
0.47485414147377014
0.28999584913253784
0.5153847932815552
0.6062002182006836
0.4867876172065735
0.5280629396438599
0.5292086601257324
0.7584412097930908
0.5265814661979675
0.7681015729904175
0.3782570958137512
0.8152734637260437
0.32194000482559204
0.5679756999015808
0.6667860746383667
0.1307419240474701
0.38131460547447205
0.2992498278617859
0.8832071423530579
0.5220118165016174
0.3217712342739105
0.19253699481487274
0.5399991869926453
0.27544519305229187
0.41800516843795776
0.4830813407897949
0.3346632122993469
0.6931220293045044
0.3081079423427582
0.5636528730392456
0.6283567547798157
0.3544453978538513
0.42433667182922363
0.23282437026500702
0.9144808053970337
0.5813058614730835
0.747118353843689
0.5318372249603271
0.6845595240592957
0.715173065662384
0.5601853132247925
0.6291042566299438
0.7060351371765137
0.5235927700996399
0.6194986701011658
0.834053635597229
0.5242331027984619
0.32599911093711853
1.0583841800689697
0.685891330242157
0.4490610957145691
0.5587973594665527
0.3201976716518402
0.7198092937469482
0.5219019055366516
0.2906683087348938
1.0699398517608643
0.21499896049499512
1.1168465614318848
0.3402104079723358
0.5152244567871094
0.7017256021499634
0.7844496369361877
0.804547131061554
0.8763219118118286
0.5420209169387817
0.4792466163635254
0.3046113848686218
0.49423518776893616
0.31476280093193054
0.715490996837616
0.5329197645187378
0.6493268609046936
1.0010356903076172
0.345569908618927
0.5634647607803345
0.42868560552597046
0.5879341959953308
0.2767561972141266
0.3005000054836273
0.4486386179924011
0.23326751589775085
0.537161648273468
0.6571349501609802
0.3415979743003845
0.46426233649253845
0.34840357303619385
0.3329157531261444
0.6975076198577881
0.7683752775192261
0.6657850742340088
0.3256186544895172
0.6532258987426758
0.7941731214523315
0.43599653244018555
0.42327365279197693
0.6081107258796692
0.434634268283844
0.5315276384353638
0.5040702819824219
0.4843582212924957
0.619073748588562
0.452342689037323
0.9931806325912476
0.584260106086731
1.3273845911026
0.5362123250961304
0.7153968811035156
0.4655541479587555
0.7928867340087891
0.5832996368408203
0.5097495317459106
0.5266303420066833
0.7712093591690063
0.6250463724136353
0.7858111262321472
0.36510127782821655
0.33555856347084045
0.2009194791316986
0.5217536091804504
0.37885189056396484
0.8887936472892761
0.28613534569740295
0.739702582359314
0.5688399076461792
0.5006607174873352
0.32680743932724
0.32838839292526245
0.48695945739746094
0.49763020873069763
0.27102965116500854
0.3736385405063629
0.5846298933029175
0.3944541811943054
0.3568819463253021
0.627972424030304
0.3740828335285187
0.4449104368686676
0.44362345337867737
0.7319405674934387
0.4624997675418854
0.6727539300918579
0.3569056987762451
0.5385240316390991
0.6861724257469177
0.40484461188316345
0.47960740327835083
0.6079855561256409
0.6438986659049988
0.505614161491394
0.3814515173435211
0.50531005859375
0.4209645688533783
0.31917911767959595
0.4977954030036926
0.3846096396446228
0.7815297842025757
0.4941658079624176
0.7664095759391785
0.5150883197784424
0.2242012768983841
0.5461421608924866
0.36979877948760986
0.29370632767677307
0.26019027829170227
0.4717956483364105
0.558498740196228
0.49730807542800903
0.45183324813842773
0.32851099967956543
0.5507149696350098
0.3756842315196991
0.3108667731285095
0.5032671689987183
0.6271572113037109
0.4797666668891907
0.3071002662181854
0.8248738050460815
0.9157359004020691
0.39542946219444275
0.7482304573059082
0.7877086997032166
0.482627809047699
0.31794095039367676
0.7136908173561096
0.5453436970710754
0.6971933245658875
0.3327108919620514
0.7088319659233093
0.4345868229866028
1.1946525573730469
0.3901350498199463
0.4261512756347656
0.7481755018234253
0.31048041582107544
0.5961350202560425
0.6396781206130981
0.6347672939300537
0.48113489151000977
0.18827256560325623
0.3442955017089844
0.454998642206192
0.9942628741264343
0.3953017294406891
0.24476845562458038
0.5153743028640747
0.33667901158332825
0.8520705103874207
0.4532089829444885
0.3186953663825989
0.5329638123512268
0.4405037462711334
1.1689238548278809
0.5983895063400269
0.45181432366371155
0.3504357635974884
0.5358626246452332
0.6918312311172485
0.5618048906326294
0.3648730218410492
0.7339560389518738
0.48373645544052124
0.356373131275177
0.5377349853515625
0.4125005602836609
0.5991799831390381
0.41277700662612915
0.7324042320251465
0.47063952684402466
0.29711782932281494
0.5460048913955688
0.4716205596923828
0.45202597975730896
0.3923899829387665
0.6472733020782471
0.5744060277938843
0.5546701550483704
0.5446926355361938
0.7446501851081848
0.4134129583835602
0.4637286067008972
0.4902215003967285
0.27571097016334534
0.37999972701072693
0.5394514799118042
0.5844534635543823
0.46705731749534607
0.3495517671108246
0.3542908728122711
0.3482341766357422
0.5961763858795166
0.7765540480613708
0.49470701813697815
0.8458322286605835
0.4923892915248871
0.6661568284034729
0.9944888353347778
0.42537999153137207
0.43400898575782776
0.3770422041416168
0.3275608420372009
0.28293776512145996
0.5452850461006165
0.9144396781921387
0.41942644119262695
0.6830673217773438
0.47048673033714294
0.43240052461624146
0.9699758291244507
0.4605937898159027
0.33154603838920593
1.0014491081237793
0.4008077085018158
0.44423502683639526
0.32800355553627014
0.4307878613471985
0.6914104223251343
1.1086885929107666
0.56038898229599
0.6635919809341431
0.4928673803806305
1.0382583141326904
0.626351535320282
0.4013221859931946
0.2984951138496399
0.6046024560928345
0.38902848958969116
0.5501866936683655
0.7863398790359497
0.43386363983154297
0.5392049551010132
0.795933723449707
1.0069715976715088
0.6236528158187866
0.5660741925239563
0.6460458636283875
0.49100008606910706
0.28265514969825745
0.48119840025901794
0.6892966032028198
0.3497513234615326
0.7377645373344421
0.5603976249694824
0.8137032389640808
0.4522861838340759
0.6582670211791992
0.9947794675827026
0.985521674156189
0.5945915579795837
0.6499832272529602
0.5712023973464966
0.3791816830635071
0.7686517834663391
