0.8497703671455383
0.5435661673545837
0.3774656653404236
0.8228161931037903
0.31972312927246094
0.41801539063453674
0.7631068229675293
0.6382025480270386
0.4049699902534485
0.2580583691596985
0.2949247360229492
0.8755464553833008
0.29326486587524414
0.5823362469673157
0.4128510355949402
0.2945935130119324
0.6278824806213379
0.21017375588417053
0.45014533400535583
0.6340214610099792
0.5919284224510193
0.3206366300582886
0.8392081260681152
0.5000324845314026
0.5044779181480408
0.4980979859828949
0.25314146280288696
0.42443832755088806
0.5363839268684387
0.4639342725276947
0.7967897653579712
0.40897518396377563
0.3964487612247467
1.259940266609192
0.6394394636154175
0.43210577964782715
0.649660587310791
0.7179511785507202
0.12887614965438843
0.4321170747280121
0.6191329956054688
1.170100450515747
0.2926129400730133
0.7354215383529663
0.45787057280540466
0.5893996357917786
0.2656789720058441
0.7380166053771973
0.43281012773513794
0.557625949382782
0.5499367117881775
0.5860017538070679
0.2602296769618988
1.0275156497955322
0.3088039755821228
0.2583346366882324
1.105739951133728
0.3420926034450531
0.579156219959259
0.49176502227783203
0.7341228723526001
0.3986818194389343
0.35396260023117065
0.8626219630241394
0.6032789349555969
1.0899471044540405
0.5721272826194763
0.4812535345554352
0.5691353678703308
0.27959662675857544
0.8694427609443665
0.3677980303764343
0.27247828245162964
0.7630330920219421
1.3385673761367798
0.8761411905288696
0.22065778076648712
0.34081926941871643
0.36713123321533203
0.51349276304245
0.703102171421051
0.5694202780723572
1.0546342134475708
0.5398024916648865
0.40695706009864807
0.48618945479393005
0.5767931938171387
0.3633435368537903
0.685140073299408
0.5806167721748352
0.718711256980896
0.4039131999015808
0.24758371710777283
0.2936915457248688
0.3534800410270691
0.23572507500648499
0.36880502104759216
0.39304810762405396
0.6485791802406311
0.3397831320762634
0.9315683245658875
0.4925280511379242
0.5431053042411804
0.5422264933586121
0.6791061162948608
0.57874596118927
1.1620075702667236
0.43649157881736755
0.5659831762313843
0.5130298733711243
0.6807161569595337
1.0567312240600586
0.546074390411377
0.9938384890556335
0.9222572445869446
0.19902914762496948
0.9505983591079712
0.4154732823371887
0.5293518304824829
0.4117671847343445
0.4912668764591217
0.36654627323150635
0.2941403388977051
0.6463135480880737
0.5133777260780334
0.43594056367874146
0.749012291431427
0.5561771392822266
0.40841031074523926
0.34261104464530945
0.301491379737854
0.5153875946998596
1.0211310386657715
0.5475464463233948
0.7980674505233765
0.5059113502502441
0.7917159795761108
0.3720209002494812
0.5073599815368652
1.01284921169281
0.2636639177799225
0.654923677444458
0.31435924768447876
0.48158779740333557
0.7298856973648071
0.3955294191837311
0.637569010257721
0.3337108790874481
0.41145047545433044
0.4404606819152832
0.3555542230606079
0.47110772132873535
0.4890744686126709
0.5535618662834167
0.6898082494735718
0.5238198041915894
0.8780596852302551
0.7324873208999634
0.3912370204925537
0.7211976647377014
0.8113391995429993
0.6062253713607788
0.41121381521224976
0.33536702394485474
0.4345780313014984
0.4050442576408386
0.4628238081932068
0.4116207957267761
0.4258003234863281
0.4325428903102875
0.2412583827972412
0.8876379728317261
0.7021805644035339
0.874736487865448
0.5186994671821594
0.3510156273841858
0.5737056732177734
0.3664824068546295
0.3725658059120178
0.23229241371154785
0.615750789642334
0.5236795544624329
0.9758211970329285
0.5061162710189819
0.6538934111595154
0.9849966168403625
1.1173962354660034
0.5263688564300537
0.5375999808311462
0.5233765244483948
0.4025561213493347
0.46191757917404175
0.777807354927063
0.27805811166763306
0.36703306436538696
0.38035863637924194
0.4489380717277527
0.2278996706008911
0.6130310893058777
0.26885271072387695
0.7935491800308228
0.5351477861404419
0.7211849093437195
0.3642600178718567
0.7137656211853027
0.2634337544441223
0.2533196806907654
0.3350405693054199
0.33895954489707947
0.8086823225021362
0.43318161368370056
0.6430696249008179
1.0046712160110474
0.530320942401886
0.48042982816696167
0.42433270812034607
0.4540925920009613
0.4898701310157776
0.40008530020713806
0.24772429466247559
0.4789196848869324
0.6030405163764954
0.235075905919075
0.8261514902114868
0.8590847849845886
0.6840471625328064
0.9649101495742798
0.3260887861251831
0.8113306164741516
1.0578253269195557
0.4502170979976654
0.4636215567588806
0.8005477786064148
0.592190146446228
0.4797969460487366
0.8046125173568726
0.46748843789100647
0.6581927537918091
0.27073603868484497
0.5382199287414551
0.19847658276557922
0.9141609072685242
0.3462093472480774
0.7226720452308655
0.34133264422416687
0.29096096754074097
0.5342193841934204
0.5505393147468567
0.6533029675483704
0.2947540879249573
0.7059957981109619
0.3883057236671448
0.40719062089920044
0.5366964340209961
0.5054172277450562
0.24217049777507782
0.5056431293487549
0.6177070736885071
0.6174312829971313
0.5043867826461792
0.20725588500499725
0.5775415301322937
0.6557098627090454
0.5128399133682251
0.6329285502433777
1.0554296970367432
0.6088483929634094
0.9997208714485168
0.762450098991394
0.20363955199718475
0.3838222920894623
0.44989824295043945
0.49563702940940857
0.2707139849662781
0.3152218163013458
0.5488515496253967
0.3054797649383545
0.1733284294605255
0.357395738363266
1.4484244585037231
0.34163880348205566
1.279990792274475
0.40508604049682617
0.5410670042037964
0.46904295682907104
0.9158874750137329
0.38189154863357544
0.28232303261756897
0.5275454521179199
0.6931170225143433
0.7533997297286987
0.500809371471405
0.20808663964271545
0.30791330337524414
0.43788376450538635
0.3088986873626709
0.7084326148033142
0.6896494626998901
0.19968269765377045
0.18344181776046753
0.5994436144828796
0.356320321559906
0.22037696838378906
0.6865334510803223
0.55613774061203
0.4169338345527649
0.29709392786026
0.5404399037361145
0.5887992978096008
0.43361520767211914
0.4580506682395935
0.6627150177955627
0.7396017909049988
0.38816139101982117
0.3788701593875885
0.6115565896034241
0.6122334599494934
0.5976544618606567
0.40603572130203247
0.7270614504814148
0.8079319000244141
0.4514073431491852
0.9965131878852844
0.3520422577857971
0.33921289443969727
0.6611849069595337
0.3605206608772278
0.6052339673042297
0.8641182780265808
0.33573660254478455
0.40636205673217773
0.3788264989852905
0.3746098577976227
0.36831414699554443
0.2925938069820404
0.9821100234985352
0.9055201411247253
1.4194098711013794
