0.3383515477180481
1.0199096202850342
0.22806155681610107
0.7775458693504333
0.6789912581443787
0.36863580346107483
0.47110825777053833
0.553442656993866
1.585205316543579
0.60307776927948
0.5073509812355042
0.5969523191452026
0.31788522005081177
1.0720809698104858
0.39996376633644104
0.686227023601532
0.581114649772644
0.5448659062385559
0.2680094540119171
0.4535900950431824
0.47627586126327515
1.0219619274139404
0.5164128541946411
0.5117212533950806
0.29813751578330994
0.4000381529331207
0.3424685299396515
0.3270419239997864
0.5575905442237854
0.41061753034591675
0.9940418004989624
0.8269901275634766
0.5808842182159424
0.5587828755378723
0.5264318585395813
0.3459179997444153
0.4833422601222992
0.42461973428726196
0.30420994758605957
0.48586711287498474
0.34493884444236755
0.35016128420829773
0.5254760384559631
0.3009983003139496
0.5332785844802856
0.5297030806541443
0.5624730587005615
0.5917918682098389
1.329785943031311
0.3714218735694885
0.7330835461616516
0.9549005627632141
0.3662515878677368
0.402761310338974
0.7764655947685242
0.39536258578300476
1.086549997329712
0.4499141573905945
0.5831903219223022
0.29177480936050415
0.9935964345932007
0.2814081311225891
1.048499345779419
0.14043337106704712
0.6990731954574585
0.4470694065093994
0.3971037268638611
0.5554362535476685
0.906254768371582
0.379856675863266
0.48387065529823303
0.7596799731254578
0.35166218876838684
0.2418985813856125
1.01262629032135
0.5147122144699097
0.5484662055969238
0.5909603238105774
0.6403023600578308
0.34986117482185364
0.5128747224807739
0.14809875190258026
0.8287159204483032
0.2990282475948334
0.3905869424343109
0.3518858850002289
0.39112743735313416
0.3399413228034973
0.8924695253372192
1.045804738998413
0.38202887773513794
0.8442424535751343
0.2579135596752167
0.5989934206008911
0.7670854330062866
0.7375370264053345
0.5336593389511108
0.3437390625476837
0.4742612838745117
0.48131489753723145
0.4584641456604004
0.5153985619544983
1.2138426303863525
0.41249632835388184
0.28533026576042175
0.9377774000167847
0.41199690103530884
0.7079595327377319
0.5454012155532837
0.4375140070915222
0.6184298396110535
0.9583338499069214
0.4596436023712158
0.763837993144989
1.0107409954071045
0.6881252527236938
0.5902306437492371
0.6030799150466919
0.471505343914032
0.5382397770881653
0.8692841529846191
0.21062219142913818
0.3802397549152374
0.5765812993049622
0.25833725929260254
0.25815701484680176
0.676003098487854
0.45593252778053284
0.6493164896965027
0.7348334193229675
1.3292478322982788
0.5124748945236206
0.668746292591095
0.9737516641616821
0.5695081949234009
0.9654943346977234
0.5351054072380066
0.28279179334640503
1.352530837059021
0.3353361487388611
0.5785132050514221
0.6145299673080444
0.4050206243991852
0.7641918063163757
0.532780110836029
0.38323697447776794
0.4792703092098236
0.4813104569911957
0.7681278586387634
0.8146123886108398
0.6926077008247375
0.2953914701938629
0.5136580467224121
0.7177072763442993
0.8023436665534973
1.3295356035232544
0.46108418703079224
0.6401543617248535
1.063043475151062
0.18046237528324127
0.2311267852783203
0.47128623723983765
0.9945615530014038
0.8326073884963989
0.20199036598205566
0.8478842973709106
0.736900806427002
0.517257571220398
1.1124911308288574
0.4614904522895813
0.2203892171382904
0.13030637800693512
0.7706742286682129
0.335505872964859
0.5970622897148132
0.16365070641040802
0.7274743318557739
0.4667312204837799
0.5095432996749878
0.4534544050693512
0.6799939870834351
0.34629026055336
0.6025487780570984
0.4710819125175476
0.24426770210266113
0.3715134263038635
0.48746806383132935
0.25013381242752075
0.39255350828170776
0.731777548789978
0.45381253957748413
0.3477456569671631
0.27447420358657837
0.22638940811157227
0.6286906003952026
0.7644088268280029
0.5328711271286011
0.8146958351135254
0.19653628766536713
0.8096388578414917
0.2995688319206238
0.9032815098762512
0.4273884892463684
0.6260873675346375
1.0024558305740356
0.3676464557647705
1.4630422592163086
0.39406853914260864
0.36229467391967773
0.2940562963485718
0.5370784401893616
0.3448810875415802
0.399578720331192
0.13181234896183014
0.4044092297554016
0.9890678524971008
0.6487582921981812
0.40347084403038025
0.5131961703300476
0.974733829498291
0.5685526728630066
0.1943555623292923
0.616650402545929
0.42628368735313416
0.3078310489654541
0.4619176387786865
0.3780699372291565
0.4529011845588684
0.4012938439846039
0.4373197555541992
0.6360968351364136
0.37233150005340576
0.46638527512550354
1.2585383653640747
0.24778683483600616
0.6482542157173157
0.5987344980239868
0.5893763899803162
0.20116391777992249
0.3522214889526367
0.6174408793449402
0.6787187457084656
0.7207503914833069
0.7016453742980957
0.2400425374507904
0.6193979382514954
0.5985093712806702
0.5835448503494263
0.41980546712875366
0.34264710545539856
0.6557168960571289
0.5086873769760132
0.5596974492073059
0.39507636427879333
0.4960433840751648
0.7970929145812988
0.3640432059764862
0.7274013757705688
1.085235357284546
0.3628762364387512
0.3676054775714874
0.6771447062492371
0.8927515745162964
0.7231520414352417
0.4513919949531555
0.32366183400154114
0.43200936913490295
1.0770100355148315
0.25278252363204956
0.7283964157104492
0.4511492848396301
0.2811676263809204
0.4373195767402649
0.8990947604179382
0.4072977602481842
0.752639889717102
0.8173738718032837
0.47506627440452576
0.5298136472702026
0.3795119524002075
0.5942586660385132
0.305093377828598
0.8026561737060547
0.8744390606880188
0.36382046341896057
0.506912112236023
0.4551786482334137
0.2928934693336487
0.5931875705718994
0.19452044367790222
0.8118267059326172
1.0688254833221436
0.7107316255569458
0.3741093873977661
0.493030846118927
0.30380120873451233
0.7279841303825378
0.3827410340309143
0.2709781527519226
0.7579600214958191
0.4394368529319763
0.41299813985824585
0.710787832736969
0.751971423625946
0.43667173385620117
0.30068302154541016
0.683864414691925
0.5853291749954224
0.7130967378616333
0.26095613837242126
1.214428186416626
1.3599568605422974
0.17883123457431793
0.23388728499412537
0.7541266679763794
0.3006751835346222
0.5813281536102295
0.7619099617004395
0.22278746962547302
0.13860902190208435
0.2695941925048828
0.5933431386947632
0.3876101076602936
0.5982946157455444
0.5634765625
0.5787822008132935
0.7779425382614136
0.3128874897956848
0.544888973236084
0.6502884030342102
0.31891363859176636
0.3539716899394989
0.601518452167511
0.4618290066719055
0.46377143263816833
0.39790284633636475
0.44390812516212463
0.8061859011650085
