0.3910842537879944
0.707443118095398
0.4697551727294922
0.46054014563560486
0.3677780330181122
0.4236826002597809
0.5680837631225586
0.427609920501709
0.6251146197319031
0.6597806215286255
0.4233884811401367
0.5338067412376404
0.6315021514892578
0.7587069272994995
0.9913938641548157
0.7258893847465515
0.5238901376724243
0.4375537037849426
0.6697753071784973
0.6195641756057739
0.5182065367698669
0.4414241909980774
0.30546635389328003
0.7653794288635254
0.37325188517570496
0.5153017640113831
0.7634809017181396
0.8097278475761414
0.3363725543022156
0.5091517567634583
0.2956985533237457
0.3524455428123474
0.25824496150016785
0.443665087223053
0.5932647585868835
0.7747827172279358
0.7391281723976135
0.8107420206069946
0.5790343880653381
1.2753249406814575
0.6225223541259766
0.41205447912216187
0.4041064381599426
0.6584955453872681
0.8543404340744019
0.43507450819015503
1.1288913488388062
0.537472128868103
0.8831985592842102
0.2544430196285248
0.3743744492530823
0.5873633623123169
0.5218432545661926
0.2806919515132904
0.30346712470054626
0.34106338024139404
0.4321562647819519
0.7266502976417542
0.20121698081493378
0.42695412039756775
0.6705822348594666
0.7111914753913879
0.5649152398109436
0.2730850279331207
0.22393283247947693
0.36699602007865906
0.31577068567276
0.23058338463306427
0.7676701545715332
0.32650238275527954
0.8600091934204102
0.5603469610214233
0.33586758375167847
0.4200757145881653
0.563156008720398
0.3748486042022705
0.6086043119430542
0.303302139043808
0.5334522128105164
0.47655922174453735
0.9648233652114868
0.7823135256767273
0.3334423899650574
0.32253527641296387
0.462580144405365
0.6423552632331848
0.3284749388694763
0.45420917868614197
0.5298959612846375
1.1639600992202759
0.3563171923160553
0.21577346324920654
0.19454695284366608
0.674430251121521
0.41774478554725647
0.47026076912879944
0.3192957043647766
0.24129720032215118
0.6102937459945679
0.7895564436912537
0.1633489578962326
0.6675407886505127
0.6464778780937195
0.8964067697525024
0.6513081789016724
0.4524707794189453
0.4159674644470215
0.773801326751709
0.40554505586624146
0.49538883566856384
0.6293249726295471
1.1482985019683838
0.486594021320343
0.38902613520622253
0.3692554831504822
0.6191853880882263
0.5153769850730896
0.3738848567008972
0.3552038073539734
0.473428875207901
0.44040554761886597
0.8386648297309875
1.1768571138381958
0.26230567693710327
0.3315226435661316
0.5569823980331421
0.6508098244667053
0.593553364276886
0.45548591017723083
0.5650181770324707
0.42181310057640076
0.40992313623428345
0.40036216378211975
1.2469971179962158
0.6928278207778931
0.6588647961616516
0.5953272581100464
0.5672677159309387
0.9840437769889832
0.4044685363769531
0.37473630905151367
0.29276201128959656
0.9063355326652527
0.5596235990524292
0.8373395800590515
0.6539981961250305
0.9014598727226257
0.47709402441978455
0.4499519467353821
0.8313072919845581
0.5284097194671631
0.5131303071975708
0.5855655074119568
0.6205917596817017
0.7955806851387024
0.43583744764328003
0.7707003951072693
0.47894859313964844
0.3202436864376068
0.22947844862937927
0.44276300072669983
0.6537030339241028
0.44947704672813416
0.4626215398311615
0.7864431142807007
0.46877965331077576
0.19702565670013428
1.0009105205535889
0.7261244058609009
0.7253314256668091
0.5571001768112183
0.8644396066665649
0.6661063432693481
0.8261860013008118
0.47646674513816833
0.879213809967041
0.361992210149765
0.27507662773132324
0.24558374285697937
0.6859334707260132
0.4548501968383789
0.3038516044616699
0.8452422022819519
0.3897351622581482
0.9801872968673706
0.9379663467407227
0.36985015869140625
0.7942236065864563
0.5024642944335938
0.3532889485359192
0.6253117322921753
0.5534841418266296
0.6122114062309265
0.321693480014801
0.46722468733787537
0.4857911467552185
0.6324551701545715
0.49323663115501404
0.5700542330741882
0.6493655443191528
0.5808332562446594
0.4087347090244293
0.6617292761802673
0.4832843840122223
0.41290992498397827
0.5439964532852173
0.5961549878120422
0.5087403655052185
0.6532009840011597
0.3822261691093445
0.6047483682632446
0.5154046416282654
0.3289116322994232
0.5751357078552246
0.4947892725467682
0.6868118047714233
0.5157872438430786
0.4986942410469055
0.5120941400527954
0.21893194317817688
0.7718061208724976
0.4697314202785492
0.13664138317108154
0.24888649582862854
0.4544079899787903
0.4644928574562073
0.6891770362854004
0.2731134593486786
0.30217403173446655
0.4482402205467224
0.3632197082042694
0.38960525393486023
0.3727538585662842
0.23044629395008087
0.24594736099243164
0.5473992824554443
0.45847153663635254
0.46268996596336365
0.956478476524353
0.4288617968559265
0.8557306528091431
0.4677198529243469
0.4955012798309326
0.9273517727851868
0.6267989873886108
0.8999615907669067
0.338670551776886
0.40881460905075073
0.8363857269287109
0.5258590579032898
0.3700489401817322
0.44567185640335083
0.49797219038009644
0.555327296257019
0.2349509298801422
0.26610031723976135
1.0416741371154785
0.9422637820243835
0.45746535062789917
0.3072872459888458
0.35491621494293213
0.3339007496833801
0.2298080176115036
0.6071445345878601
0.8400264978408813
0.5738903880119324
0.4623371958732605
0.3444468677043915
0.4283149242401123
0.4370564818382263
0.6262428164482117
0.5457541346549988
0.5238536596298218
0.8479393124580383
0.5553931593894958
0.5050526857376099
0.4210805296897888
0.732425332069397
0.6555659770965576
1.2267495393753052
0.3976529836654663
0.2739514708518982
0.3585599958896637
0.6303806304931641
0.34845635294914246
0.430309921503067
0.7364792823791504
0.49340638518333435
0.5944949984550476
0.6597734689712524
0.8997421264648438
0.35723260045051575
0.7138569951057434
0.29019609093666077
0.5103711485862732
0.3606569766998291
0.9872233271598816
0.36429300904273987
0.9146925210952759
1.0021765232086182
0.2877458930015564
0.46206045150756836
0.6594573855400085
0.5098974108695984
0.45523613691329956
0.1453663408756256
0.5220157504081726
0.3592393398284912
0.3201466500759125
0.520595908164978
0.8081853985786438
0.5543720126152039
0.5871959924697876
0.48063793778419495
0.33786219358444214
0.6652471423149109
0.8521314859390259
0.35835686326026917
0.35492101311683655
0.2972637116909027
0.1967765986919403
0.32003116607666016
0.5279775857925415
0.9089388847351074
0.4460701048374176
0.4750484824180603
0.7944687604904175
0.5116446614265442
0.6434398889541626
0.3419542908668518
0.5110846757888794
0.5531686544418335
0.5519763827323914
0.6559702754020691
0.4766833782196045
0.23848581314086914
0.3016703128814697
0.9571122527122498
