0.6385319232940674
0.678723931312561
0.7858635187149048
0.5414437055587769
0.1363697499036789
0.6993520855903625
0.2645772099494934
0.640353262424469
0.44502392411231995
0.38220077753067017
0.41998276114463806
0.788881778717041
0.32250356674194336
0.7677154541015625
0.49242979288101196
0.4019261300563812
0.8884851336479187
0.19823616743087769
0.6093894243240356
0.5360686182975769
0.2615746259689331
0.7170960903167725
0.698198139667511
0.9955270886421204
0.4244356155395508
0.5961664915084839
0.8759697675704956
0.5144703984260559
0.5715031623840332
0.7617720365524292
1.1745330095291138
0.552433967590332
0.7150992155075073
0.6456343531608582
0.35126152634620667
0.45250481367111206
0.7781447172164917
0.21162192523479462
0.2699090540409088
0.364297479391098
0.3832954466342926
0.4397844672203064
0.3460182547569275
0.7797930240631104
0.6218389868736267
0.3946838974952698
0.44176703691482544
0.3522833585739136
0.5295100212097168
1.1426713466644287
0.15932974219322205
0.29477542638778687
0.41915297508239746
0.5548954606056213
0.42900338768959045
0.5196179151535034
0.4555290639400482
0.5323836207389832
0.434835821390152
0.23599553108215332
0.5091860890388489
0.3377528488636017
0.41323012113571167
0.652100145816803
0.15358053147792816
0.5632883906364441
0.5719545483589172
0.7343476414680481
0.4932955801486969
0.935258686542511
0.2784659266471863
0.6336798667907715
0.6196426153182983
0.8007506132125854
0.6374037861824036
0.5656114816665649
0.3880329430103302
0.32566124200820923
0.5753754377365112
0.5802808403968811
0.3421366214752197
0.3884231150150299
0.6663810014724731
0.33016011118888855
0.5217812657356262
0.8301674127578735
0.41544538736343384
0.88373202085495
0.49952441453933716
0.7129458785057068
0.6009561419487
0.4720676839351654
0.23487499356269836
0.6726306676864624
0.6039541363716125
0.602995753288269
0.920427680015564
0.7234876751899719
0.3235032260417938
0.3438439965248108
0.5237067341804504
0.33684736490249634
0.7076662182807922
0.8969056010246277
0.44811001420021057
0.6841152310371399
0.9301309585571289
0.9737300872802734
0.4274488091468811
1.0129526853561401
0.9152016639709473
0.2825014889240265
0.31814056634902954
0.4320847988128662
0.49312037229537964
0.47213298082351685
0.40152662992477417
0.23745131492614746
0.3211398124694824
0.513317346572876
0.30897969007492065
0.5466039776802063
0.3233238160610199
0.3892529606819153
0.34979480504989624
0.3478606045246124
1.0994818210601807
0.6988176703453064
0.41786980628967285
0.4651336669921875
0.6322491765022278
0.24292132258415222
0.42897921800613403
0.21343013644218445
0.3986906409263611
0.4529372751712799
0.6067109107971191
0.4092148244380951
0.6461862325668335
0.29711267352104187
0.40652164816856384
0.8737066388130188
0.7679389715194702
0.2243911325931549
0.4260126054286957
0.3421178460121155
0.35550689697265625
0.7268578410148621
0.45796164870262146
0.8097389340400696
0.47888851165771484
0.5760546922683716
0.4247892498970032
0.6147615313529968
0.5457912683486938
1.1659777164459229
0.5623325109481812
0.7486858367919922
0.2637406289577484
0.48431286215782166
0.44481801986694336
0.5151629447937012
0.4789280295372009
0.4885452389717102
0.2646673321723938
0.2911158502101898
0.2800443768501282
0.5116505026817322
0.5925742387771606
0.3230607509613037
0.5722676515579224
0.6808053851127625
0.24360784888267517
0.34232673048973083
0.2582320272922516
0.5000909566879272
0.2257162630558014
0.8659290075302124
0.8708528280258179
0.4537487030029297
0.5040333867073059
0.6787930727005005
0.5937535166740417
0.4769241213798523
0.9130748510360718
0.3957746624946594
0.3966151475906372
0.7503540515899658
0.8007907867431641
0.7472583055496216
0.9122875928878784
0.6014765501022339
0.9393861889839172
0.43296414613723755
0.3856789469718933
0.8620973825454712
1.0281031131744385
0.4639294743537903
0.7601214647293091
0.6313353776931763
0.8741122484207153
0.6703106164932251
0.27252596616744995
0.5049191117286682
0.37045818567276
0.19473902881145477
0.517652690410614
0.2854892909526825
0.5227512121200562
0.18754276633262634
0.6137899160385132
0.40071621537208557
0.999843955039978
0.41794419288635254
0.21380190551280975
0.5753558874130249
0.4683704376220703
0.5288729667663574
0.41723114252090454
0.46434450149536133
0.6376121640205383
0.30453455448150635
0.33748042583465576
0.6903668642044067
0.7418886423110962
0.26155000925064087
0.6495568752288818
0.4654673635959625
0.5665367841720581
0.746990978717804
0.5201929807662964
0.44853171706199646
0.5681592226028442
0.7471623420715332
1.1624594926834106
0.4480440020561218
0.49292993545532227
0.7737767696380615
0.44078749418258667
0.5020502209663391
0.8631240129470825
0.30465608835220337
0.6226361989974976
0.40779533982276917
0.45562314987182617
0.6760684251785278
0.479682058095932
0.3658997416496277
0.5255802869796753
0.38450202345848083
0.7998524904251099
0.9671664237976074
0.7183849215507507
0.47180065512657166
0.6790964603424072
0.5725802183151245
0.32204508781433105
0.8409852981567383
0.46779561042785645
0.44565749168395996
0.7024964094161987
0.7109297513961792
0.40484723448753357
0.6543199419975281
0.12621159851551056
0.3800615966320038
0.6846438646316528
0.6799676418304443
0.6994510889053345
0.5263659358024597
0.21126201748847961
0.3453451991081238
0.3366627097129822
1.027086615562439
0.808658242225647
0.38792094588279724
0.3108512759208679
0.24393324553966522
0.2772454619407654
0.4088190197944641
0.5478855967521667
0.9994950294494629
0.4837459623813629
0.7791773080825806
0.6931334733963013
0.649079442024231
0.6759007573127747
0.5435789823532104
0.3680192232131958
1.1148922443389893
0.8396875262260437
0.6175052523612976
0.15877188742160797
0.4311774671077728
0.9122326970100403
0.6628959774971008
0.5211049914360046
0.23135113716125488
0.8628794550895691
0.7898916602134705
0.31789031624794006
0.5937646627426147
0.1749710887670517
0.5027207136154175
0.7576614618301392
0.24795226752758026
0.6161320805549622
0.4395812451839447
1.0620068311691284
0.24837669730186462
0.34561434388160706
0.3450039029121399
0.5743638277053833
0.3056836724281311
1.2016403675079346
0.6863253712654114
0.7514103651046753
0.6956621408462524
0.34659525752067566
0.4567384123802185
0.45192423462867737
0.564552903175354
0.3273365795612335
0.3145800232887268
0.5228444337844849
0.2575698494911194
0.5137127637863159
0.6259952187538147
0.2891426682472229
0.2711646854877472
0.4606873393058777
1.1379510164260864
0.6490309834480286
0.9303310513496399
0.9175708889961243
0.3439789414405823
0.5001288652420044
0.5052261352539062
