1.046352505683899
0.9206865429878235
0.41585978865623474
0.4749561846256256
0.9132912755012512
0.49998077750205994
0.645125687122345
0.4433426260948181
0.5774462819099426
0.8927145004272461
0.8585230112075806
0.645383358001709
0.39926663041114807
0.749116063117981
0.9545972943305969
0.6128123998641968
0.9242812991142273
0.6019983887672424
0.683247447013855
0.9895942807197571
1.0192025899887085
0.5411326289176941
0.7729705572128296
0.6505204439163208
0.5607343912124634
0.9276126027107239
0.7539751529693604
0.5151132345199585
0.7484697103500366
0.40170687437057495
0.5091017484664917
0.7010844349861145
0.5286606550216675
0.8212414979934692
0.7555009126663208
0.6749933958053589
1.557820200920105
1.0178172588348389
0.6386570930480957
0.5199023485183716
0.7392513155937195
0.4350733160972595
0.526741087436676
0.6436998844146729
0.5390273928642273
1.0590342283248901
0.7726573348045349
0.8102162480354309
0.7085172533988953
1.1336742639541626
1.2167470455169678
0.7571167945861816
0.5282543897628784
0.6867785453796387
0.5256112813949585
0.44799742102622986
0.5577962398529053
0.9304553866386414
0.6498512029647827
0.5160354971885681
0.6124539971351624
0.6425525546073914
0.8679001927375793
0.7683771848678589
1.2129921913146973
0.9599374532699585
0.43458208441734314
0.5586131811141968
0.7662540078163147
0.5629686713218689
0.830629825592041
0.4780845046043396
0.5958157777786255
1.3263804912567139
0.6497958898544312
1.080242395401001
0.9822998046875
0.9096121788024902
1.0783228874206543
0.5254161953926086
0.6076818704605103
0.6592260599136353
0.9450278282165527
0.5568522810935974
0.4427768290042877
0.5802878737449646
0.7125469446182251
0.9708717465400696
0.9658280611038208
0.4432063102722168
0.6834235191345215
0.491372674703598
0.8156927227973938
0.3650701940059662
0.9365074038505554
0.6275614500045776
0.6180598139762878
0.5288394093513489
0.6024984121322632
0.4782816767692566
0.36863014101982117
1.0777422189712524
0.690830647945404
0.9206539988517761
0.8107904195785522
0.8692200779914856
0.5016921758651733
0.6784029603004456
0.741047739982605
0.792546272277832
0.8202050924301147
0.7943655252456665
0.9992269277572632
0.9740026593208313
0.5381320714950562
0.706375002861023
1.241071343421936
0.59966641664505
0.6035392880439758
1.036324381828308
0.5626253485679626
0.536849856376648
0.7187358736991882
0.5894526243209839
0.6938201189041138
0.7357450723648071
0.5048596262931824
0.7455922365188599
0.48860281705856323
0.6424078345298767
0.646115779876709
0.5754338502883911
0.763788104057312
0.6363109946250916
0.6007123589515686
0.49835824966430664
0.7084813117980957
0.8734544515609741
0.6729819178581238
0.6183332800865173
0.764738917350769
0.7645025849342346
0.363933801651001
0.7748321890830994
0.6692758798599243
1.037510633468628
1.1073789596557617
0.9631400108337402
0.5589666366577148
0.5259866118431091
0.9972494840621948
1.1368093490600586
0.6424487829208374
0.6067716479301453
0.5325939655303955
0.79624342918396
0.4205567240715027
0.9906429052352905
0.46196311712265015
0.4317902624607086
0.44034022092819214
0.9524509310722351
0.6344745755195618
0.4669709801673889
0.9109086990356445
0.7938457131385803
0.7473553419113159
0.7576051354408264
1.120038390159607
0.8647661209106445
0.7707536816596985
0.42208170890808105
0.7126720547676086
0.8483333587646484
0.5158267021179199
0.6130979657173157
0.48854365944862366
1.2047169208526611
1.0642391443252563
0.6760361790657043
0.6302928924560547
0.5503815412521362
1.6326488256454468
0.40381771326065063
0.7906844615936279
1.0721650123596191
0.6228927969932556
0.46109896898269653
0.7767413258552551
0.3799087107181549
1.002374529838562
0.6126915216445923
0.654527485370636
0.6909548044204712
0.8519235849380493
0.9297844767570496
0.5817239880561829
1.0054937601089478
0.7573732137680054
0.6757451295852661
0.8730961680412292
1.0708097219467163
0.6454105377197266
0.38870298862457275
0.8198989629745483
0.6955416798591614
0.7333730459213257
0.48590773344039917
0.8554035425186157
0.9719774127006531
0.7671560049057007
0.7026680111885071
0.509928822517395
0.8461996912956238
0.6017650365829468
0.2376520335674286
0.9304596185684204
0.6748789548873901
0.7539685964584351
0.7295769453048706
0.9149444699287415
0.8537431955337524
1.0585650205612183
1.0190160274505615
0.46068233251571655
0.4170674681663513
0.3911938965320587
0.7889896631240845
1.1997706890106201
0.5715885758399963
0.6958205103874207
0.6059444546699524
0.42483049631118774
0.47893938422203064
0.6456584930419922
0.5578596591949463
0.7989554405212402
0.7114340662956238
0.5948737859725952
0.765214204788208
0.631574809551239
1.167421579360962
0.5323705673217773
1.1120425462722778
0.5953354835510254
0.9935926198959351
1.2005609273910522
0.5798100233078003
0.6979182362556458
0.7811970710754395
0.8055068850517273
0.49128514528274536
0.968171238899231
1.0742744207382202
0.5149807929992676
0.524448573589325
0.6947015523910522
0.845969021320343
0.6569033861160278
0.6205947995185852
0.7467626929283142
0.4092758297920227
0.8813201785087585
0.6088399887084961
0.5713759660720825
0.5257956981658936
0.9758450388908386
0.48594504594802856
0.40264660120010376
0.4560416340827942
0.5032482147216797
0.6961231231689453
0.9821294546127319
0.344510018825531
0.4231557846069336
0.5715783834457397
0.587666392326355
0.7231863737106323
0.5630072951316833
0.4191898703575134
0.5184227228164673
0.7222167253494263
0.5536277890205383
0.607479989528656
0.46308088302612305
0.3960544168949127
0.7249994874000549
0.8481298685073853
0.5534533262252808
0.6938661336898804
0.8198461532592773
0.6399005651473999
0.9141160249710083
0.6807311177253723
0.5035938024520874
0.7235465049743652
0.34310632944107056
0.648628830909729
0.6943619847297668
0.5757889747619629
0.6334232687950134
0.6396551132202148
1.2427152395248413
1.2140840291976929
0.32382479310035706
0.4883832037448883
0.7978325486183167
0.9039710760116577
0.4830978512763977
0.6041885614395142
0.42040205001831055
0.514724850654602
0.8309904336929321
0.4900645613670349
0.4844723641872406
0.8999563455581665
1.494895577430725
1.040084958076477
0.997198760509491
1.1384177207946777
1.390779733657837
0.7194214463233948
0.874151349067688
0.32758069038391113
0.9528106451034546
1.3415601253509521
0.502458930015564
0.7240959405899048
0.4663223624229431
0.7411310076713562
1.3445087671279907
0.6232921481132507
0.42103856801986694
0.4213225245475769
0.7320030331611633
1.195846676826477
0.9709376096725464
0.5585800409317017
