0.652697741985321
0.6411613821983337
0.4754447937011719
0.2578638195991516
0.5423671007156372
0.47248131036758423
0.699475884437561
0.4371016025543213
0.4186869263648987
0.6068267226219177
0.6693418622016907
0.6428364515304565
0.25219064950942993
0.6310030221939087
0.7541016340255737
0.7116055488586426
0.6885021924972534
0.5940226316452026
0.5319596529006958
0.535542905330658
0.5532838106155396
0.33041805028915405
0.8486114740371704
0.27103549242019653
0.39800697565078735
0.7863274812698364
0.26495519280433655
0.8524443507194519
0.5339378118515015
0.5153250694274902
0.4083886742591858
0.29150867462158203
0.7632921934127808
0.35550469160079956
0.9474956393241882
0.4225669503211975
0.49427667260169983
0.34593576192855835
0.5495439767837524
0.8969147801399231
0.5854463577270508
0.6991345286369324
0.49478426575660706
0.5279547572135925
0.4941769242286682
0.42755216360092163
0.27002987265586853
1.0039103031158447
0.7032839059829712
0.6233029365539551
0.5566061735153198
0.405247300863266
0.3580778241157532
0.6719430685043335
0.4405127465724945
0.30145925283432007
0.4181085228919983
0.3085686266422272
0.6230612993240356
0.44012922048568726
0.4192807674407959
0.2690787613391876
0.5317831039428711
0.688506543636322
0.39182907342910767
1.5559498071670532
0.34880441427230835
0.5139635801315308
0.6069144606590271
0.4995045065879822
0.46646827459335327
0.3527721166610718
0.5871862769126892
0.48681455850601196
0.28517061471939087
0.7435751557350159
0.36403873562812805
0.29824429750442505
0.2941378951072693
0.31113022565841675
0.7815994024276733
0.6622084379196167
0.5251036882400513
0.845138430595398
0.35351261496543884
0.5373781323432922
0.2576873302459717
0.4718925952911377
0.7096227407455444
0.2812347114086151
0.3335825204849243
0.7745139002799988
0.7389050126075745
0.5068689584732056
0.5529797673225403
0.534752607345581
0.3333463966846466
0.2777462601661682
0.3230910897254944
0.5807145237922668
0.44976434111595154
0.6338093876838684
0.27686917781829834
0.7110413312911987
0.5500634908676147
0.3858608305454254
0.5647473335266113
0.8849616050720215
0.21117722988128662
0.6495975852012634
0.6155864000320435
0.45473939180374146
0.951913058757782
0.6219541430473328
0.37290334701538086
0.5293942093849182
0.5867935419082642
0.7104005813598633
0.6364989876747131
0.6200214624404907
0.6455267667770386
0.41345828771591187
0.5222554206848145
0.3714396357536316
0.3783290982246399
1.0807921886444092
0.7275916934013367
0.4230878949165344
0.5363509654998779
0.6255983710289001
0.6811366677284241
0.989127516746521
0.4589143693447113
0.12591752409934998
0.24614563584327698
1.4252207279205322
0.3517760634422302
0.7822171449661255
0.7206040620803833
0.5927079916000366
0.45884913206100464
0.4692562222480774
0.7221912145614624
0.3622238039970398
0.23604066669940948
0.5734097957611084
0.10119663178920746
0.5731450319290161
0.3286796510219574
0.5200117826461792
0.6615756750106812
0.5131215453147888
0.266364723443985
0.6504277586936951
0.5193132162094116
0.8748580813407898
0.6894589066505432
0.606490969657898
0.28479716181755066
0.4532482624053955
0.9897104501724243
0.4127425253391266
0.6394985318183899
0.49328041076660156
0.5015124082565308
0.29311713576316833
0.3566993772983551
0.22193321585655212
0.47617655992507935
0.2021549642086029
0.42917299270629883
0.8009029626846313
0.3764445185661316
0.7625571489334106
0.4315411448478699
0.564437210559845
0.2899917960166931
0.8922749757766724
0.5560739040374756
0.24316351115703583
0.37405359745025635
0.48036378622055054
1.0253198146820068
1.1635323762893677
0.21575435996055603
1.1572226285934448
0.769818902015686
0.28997448086738586
0.7485974431037903
0.20988807082176208
0.4191066324710846
0.7619982957839966
0.4307801127433777
0.4645537734031677
0.5096293687820435
0.6875624656677246
0.5370334386825562
0.5107537508010864
0.37412017583847046
0.37515586614608765
0.3002327084541321
0.5981149673461914
0.17314055562019348
0.3320724666118622
0.493898868560791
0.18677940964698792
0.27738872170448303
0.7993289232254028
0.4129106402397156
1.2497997283935547
0.7730693817138672
0.4895552694797516
0.6916748285293579
0.38732707500457764
0.7735239267349243
0.45231667160987854
0.31422513723373413
0.4245989918708801
0.8666531443595886
0.44434046745300293
0.5224419832229614
0.6029220819473267
0.5232230424880981
0.44133123755455017
0.30124178528785706
0.27674850821495056
0.4076644480228424
0.2814493775367737
0.7252727746963501
0.49390316009521484
0.6116058826446533
0.2780289053916931
0.7465646266937256
0.6527136564254761
0.39025604724884033
0.6145423650741577
0.6734282374382019
0.6722827553749084
0.7283681631088257
0.638591468334198
0.651689887046814
0.620261549949646
0.4304347038269043
0.3960418403148651
0.4319494664669037
0.6699073910713196
0.7891789674758911
0.38804394006729126
0.4602232873439789
0.8660399317741394
0.4504198133945465
0.18152019381523132
0.6401504278182983
0.4178972840309143
0.5458530187606812
0.33000248670578003
0.5685583353042603
0.3830645680427551
0.48208457231521606
0.5802512168884277
0.3654595911502838
0.25626641511917114
0.49269747734069824
1.4743633270263672
0.39740100502967834
0.6914659738540649
0.7240396738052368
0.9555670022964478
0.8486927151679993
0.6048344373703003
0.5488553643226624
0.43815118074417114
0.8429835438728333
0.6285483241081238
0.524966835975647
0.6012169718742371
0.47849100828170776
0.34118905663490295
0.7154635787010193
0.3057398200035095
0.9226740002632141
0.24307496845722198
0.36455532908439636
0.5421139001846313
0.2356492280960083
1.0289628505706787
0.9099062085151672
0.4506855010986328
0.528831958770752
0.2361057549715042
0.5460869669914246
0.4036220610141754
0.25701799988746643
0.5985203981399536
0.6693580746650696
0.5546883344650269
0.3917747437953949
0.2777367830276489
0.6306829452514648
0.4160774350166321
0.6269388198852539
0.40869197249412537
0.809994101524353
0.6244831085205078
0.2644830644130707
0.914820671081543
0.2653140723705292
0.7166095972061157
0.31744757294654846
0.5974976420402527
0.36132898926734924
0.49388933181762695
0.6765116453170776
0.3591693937778473
0.3796684145927429
0.39996662735939026
0.8824528455734253
0.6458269953727722
0.8021724820137024
0.6886812448501587
0.3172250986099243
0.47002142667770386
0.559148371219635
0.5609354376792908
0.5349401235580444
0.8678842782974243
0.7094839811325073
0.8524639010429382
0.21699592471122742
0.4358181953430176
0.7463315725326538
0.4097135663032532
0.6489893198013306
1.2749115228652954
0.5211084485054016
1.126307487487793
0.7146385312080383
0.8556795120239258
