0.3834144175052643
0.39633908867836
0.7137128710746765
0.3207467496395111
1.2332178354263306
0.34019437432289124
0.30543404817581177
0.8420470356941223
0.5022695660591125
0.23350420594215393
0.7258151769638062
0.20546765625476837
0.4403269290924072
1.0323220491409302
0.5077539086341858
0.34686511754989624
0.9019067883491516
0.6059584617614746
0.5889459848403931
0.4946674406528473
0.4308285117149353
0.6084914207458496
0.8843307495117188
0.6019774079322815
0.2630380094051361
0.18749772012233734
0.7040302157402039
0.692827582359314
0.41142043471336365
0.815019965171814
0.329784095287323
0.6054591536521912
0.7408348321914673
0.47728949785232544
0.900035560131073
0.7004590034484863
0.7578422427177429
0.26170045137405396
0.43649253249168396
0.5031408071517944
0.8995976448059082
0.5136739611625671
0.3956943452358246
0.5044916272163391
0.3563082218170166
0.30026426911354065
0.4557364583015442
0.4772290289402008
0.3919725716114044
0.82866370677948
0.49060940742492676
0.552337110042572
0.4993709623813629
0.5713880062103271
0.856983482837677
0.3247663974761963
0.8497766256332397
0.24512967467308044
0.27931493520736694
0.39537566900253296
0.27879658341407776
0.4401886463165283
0.4505196213722229
0.7274827361106873
0.2966914176940918
0.634273886680603
0.3536655306816101
0.5657936334609985
0.7678874135017395
0.7260839343070984
0.5519376993179321
0.5118148922920227
0.1930631697177887
0.3409610390663147
0.6580559611320496
0.5381230115890503
0.3828670382499695
0.3678221106529236
0.24741947650909424
0.4940251410007477
0.6036829948425293
0.7157713174819946
0.5822837352752686
0.8346959948539734
0.5305212736129761
0.5271288156509399
0.43022266030311584
0.21596112847328186
0.3721408247947693
0.48581814765930176
0.29702383279800415
0.8362272381782532
0.6374434232711792
0.313493937253952
0.3886650800704956
0.3537101149559021
0.438295841217041
0.5674246549606323
0.49057626724243164
0.5345988869667053
0.4326818585395813
0.38646194338798523
0.3072279095649719
0.9073016047477722
0.4726411700248718
0.4511641561985016
0.8430556058883667
0.7108930349349976
0.7228382229804993
0.30555659532546997
0.3705454468727112
0.5186700820922852
0.594905436038971
0.4283469319343567
0.5345545411109924
0.46834802627563477
0.7995376586914062
0.43483179807662964
0.7660333514213562
0.5200906991958618
0.5517233610153198
0.574310839176178
0.9203559756278992
0.6381128430366516
0.2581665515899658
0.6952550411224365
0.6972847580909729
0.7495104074478149
0.49739521741867065
0.35874027013778687
0.3595522940158844
0.20382514595985413
0.5735651850700378
0.41695356369018555
0.36386045813560486
0.21042022109031677
0.3971380591392517
0.41558837890625
0.4854864180088043
0.47558411955833435
0.5133358240127563
0.43214353919029236
0.4967094361782074
0.4438089430332184
0.7243024110794067
1.2326172590255737
0.5652135610580444
0.27036839723587036
0.36046141386032104
0.6150171756744385
0.6693570613861084
0.21023330092430115
0.4613146185874939
0.4039522707462311
0.9636604189872742
0.7710899114608765
0.8159849047660828
0.6872373223304749
0.8274973034858704
0.45676589012145996
0.779074490070343
0.5690231919288635
0.3850246071815491
0.4888162612915039
0.3819599747657776
0.37599095702171326
0.29811418056488037
0.17266663908958435
0.4448157846927643
0.5299356579780579
0.7759853601455688
0.33468741178512573
1.0443909168243408
0.19995716214179993
0.8339343070983887
0.5212803483009338
0.5360556840896606
0.23936013877391815
0.6353347897529602
0.36674803495407104
0.2157309502363205
0.42806416749954224
0.9759302139282227
0.5175933241844177
0.37503188848495483
0.5530044436454773
0.7133631706237793
0.5803022384643555
0.31492701172828674
0.6864570379257202
0.5391110181808472
0.39822113513946533
0.24349239468574524
0.6796931624412537
0.4683639109134674
0.8822682499885559
0.4695125222206116
0.48112067580223083
0.5789464116096497
1.2036662101745605
0.3476391136646271
0.38637420535087585
0.597903847694397
0.737140417098999
0.792495846748352
0.5773571729660034
0.36856576800346375
0.6764129996299744
0.561099112033844
0.6949293613433838
0.5600517988204956
0.8569394946098328
0.3317776322364807
0.3781963884830475
1.585277795791626
0.9737979173660278
0.8340609669685364
0.2874932587146759
0.6496713161468506
1.112187147140503
0.5453459620475769
0.6731964945793152
0.5277878046035767
0.5156103372573853
0.6197935938835144
0.250133216381073
0.5711860060691833
0.3976382613182068
0.3983273506164551
0.23760060966014862
0.6618304252624512
0.46536749601364136
0.9671289324760437
0.9925209283828735
0.36014261841773987
0.9285565614700317
0.4477333128452301
0.4715086817741394
0.4090133607387543
0.8436273336410522
0.47121280431747437
0.17038029432296753
0.6686768531799316
0.37406086921691895
0.9446513056755066
0.430683434009552
0.6169504523277283
0.5706034898757935
0.4905456602573395
0.9342590570449829
0.4453898072242737
0.7532118558883667
0.6346694231033325
0.4777933657169342
0.53037029504776
0.6167501211166382
0.5259109139442444
0.4730197787284851
0.38306835293769836
0.49325138330459595
0.3281996548175812
0.40541067719459534
0.3178776502609253
0.20206359028816223
0.309340238571167
0.4748914837837219
0.5636558532714844
0.5332701802253723
0.4082505702972412
0.7707592248916626
0.3578568398952484
0.9063402414321899
0.5971548557281494
0.8521167635917664
0.4484195113182068
0.6942740678787231
0.7742776870727539
0.37171876430511475
0.8686524629592896
0.28065499663352966
0.5549313426017761
0.2667568325996399
1.1345574855804443
1.2950865030288696
0.5030437111854553
0.8389602899551392
0.7041406631469727
0.632170557975769
0.17858806252479553
0.6782158017158508
0.25983744859695435
0.8160468339920044
0.7405509948730469
0.25961756706237793
0.7893844246864319
0.844231128692627
0.33414730429649353
0.7500969171524048
0.5401819944381714
0.31550365686416626
0.5711561441421509
0.3827211558818817
0.3391334116458893
0.5702646374702454
0.482555627822876
0.8036031723022461
1.1467301845550537
0.8101183176040649
0.6568366885185242
0.6727232336997986
0.3145853579044342
0.22516819834709167
0.48406219482421875
1.180199384689331
0.7602710723876953
0.2664797902107239
0.6866267323493958
0.7323516011238098
0.6683809757232666
0.3511658310890198
0.3695792853832245
0.3047895133495331
0.7492756843566895
0.3338560163974762
0.2831597924232483
0.595685601234436
0.648848295211792
0.40644940733909607
0.433910071849823
0.4645267426967621
0.4918135702610016
0.462188720703125
0.5043397545814514
0.6305297017097473
0.16706255078315735
0.15810216963291168
0.5894399881362915
1.4518522024154663
