0.32608065009117126
0.42561158537864685
0.5560235381126404
0.45543497800827026
0.6340863108634949
0.32490354776382446
0.12432105839252472
0.4530310034751892
0.2730650305747986
0.6722928881645203
0.9837234616279602
1.1725528240203857
0.6327999830245972
0.5735653638839722
0.28451958298683167
0.3369070887565613
0.4033272862434387
0.4969066083431244
0.4655509889125824
0.4005945324897766
0.8434950113296509
0.2944755256175995
0.576615571975708
0.5800080895423889
0.7547507286071777
0.5697352290153503
0.2816484570503235
0.4488622546195984
0.8514706492424011
0.5003576278686523
0.2724326550960541
0.42909878492355347
0.7942129373550415
0.49439340829849243
0.37778931856155396
0.5312727093696594
0.4356101155281067
0.5899099111557007
0.7011978030204773
0.5271220803260803
0.5479361414909363
0.2222808599472046
0.569421112537384
0.18598516285419464
0.9150606393814087
0.8348329663276672
0.3816855549812317
0.6904523968696594
0.613410472869873
0.3706296682357788
0.610145092010498
0.5071980357170105
0.9468884468078613
0.6528850793838501
0.6533459424972534
0.36552855372428894
0.2676655054092407
0.5917895436286926
0.36670228838920593
0.53435218334198
0.3194400370121002
1.047395944595337
0.4832935929298401
0.35272374749183655
0.8138114809989929
0.4010953903198242
0.4345480501651764
0.43327873945236206
0.6305049657821655
0.7426956295967102
0.31753402948379517
0.4016262888908386
0.5465657114982605
0.22574672102928162
0.912208080291748
0.7466819882392883
0.3575035631656647
0.3636382520198822
0.7596524357795715
0.6881881356239319
1.1102378368377686
1.2207095623016357
0.5343902707099915
0.7816721200942993
0.3831161856651306
0.27936846017837524
0.6373899579048157
0.4872820973396301
0.8321021795272827
0.8332646489143372
0.60155189037323
0.5499310493469238
0.7330431342124939
0.8636146783828735
0.5543891191482544
0.2636505365371704
1.0333638191223145
0.5923514366149902
0.8331345319747925
0.569381058216095
0.35084694623947144
0.7283133268356323
0.3256295323371887
0.8859423398971558
0.7287402153015137
0.48240041732788086
1.138607144355774
0.6699389219284058
0.3134249150753021
0.690549910068512
0.47527432441711426
0.7571442127227783
0.3854297995567322
0.7448484301567078
0.7911847829818726
0.5669933557510376
0.1779254972934723
0.6666969060897827
0.6301698684692383
0.4122162461280823
0.6731807589530945
0.555550754070282
0.5572002530097961
0.4909989833831787
0.15394118428230286
0.440060555934906
0.27832043170928955
0.3633391857147217
0.5183439254760742
0.39313414692878723
0.20040373504161835
1.0163872241973877
0.8892135620117188
0.6219174265861511
0.7111556529998779
0.4533596932888031
0.30777525901794434
0.5629535913467407
0.707848310470581
0.7150664925575256
0.5920299291610718
0.26783549785614014
0.6302739381790161
0.3782508969306946
0.5194028615951538
0.5309644937515259
0.3108006417751312
0.7170387506484985
0.49629226326942444
0.8645907640457153
0.5398575067520142
0.9683378338813782
0.4355854094028473
1.0102713108062744
0.46953248977661133
0.8012313842773438
0.512115478515625
0.9622815847396851
0.5430014729499817
0.3876807987689972
0.6509237289428711
0.5838085412979126
0.3489452600479126
0.454655259847641
0.6777523756027222
0.4619568884372711
0.3858901858329773
0.5240654945373535
0.5717130303382874
0.30206790566444397
0.40849289298057556
0.38838639855384827
0.5512100458145142
0.4990376830101013
0.3584846556186676
0.5015175938606262
0.8731239438056946
0.9128467440605164
0.5901467204093933
0.38396549224853516
0.32136502861976624
0.7533363699913025
0.7073250412940979
0.43879836797714233
0.6621525883674622
0.5063778162002563
0.49302762746810913
0.6398892998695374
0.5387861132621765
0.5613285899162292
0.7769067883491516
0.5531930327415466
0.2432475984096527
0.4110843539237976
0.41741102933883667
0.6209920644760132
0.5388541221618652
0.4425168037414551
0.22162559628486633
0.5752755999565125
0.9028781652450562
0.8341349363327026
0.7234798669815063
0.3999069631099701
0.5040527582168579
0.31838035583496094
0.12986037135124207
0.8704521059989929
0.4964391589164734
0.6837300062179565
0.2542068064212799
0.588434100151062
0.29934442043304443
0.3586593270301819
0.39864274859428406
0.3958279490470886
0.47506341338157654
0.5335581302642822
0.4280025362968445
0.7060593366622925
0.25149044394493103
0.8043742179870605
0.756474494934082
0.3235471844673157
0.7896791696548462
0.32965749502182007
0.2781628668308258
0.3333434760570526
0.3802652060985565
0.39751583337783813
0.36905089020729065
0.4328264594078064
0.4022188186645508
0.4722779393196106
0.6364613175392151
0.5159246921539307
0.21714429557323456
1.0368525981903076
0.3051067590713501
0.6739112138748169
0.3695957064628601
0.4367562234401703
0.3520767390727997
0.3975980877876282
0.3229677081108093
0.38604432344436646
0.9038993120193481
0.3198164403438568
0.41311711072921753
0.2791801691055298
0.43244338035583496
0.5344864130020142
0.6148236989974976
0.7614689469337463
0.44724225997924805
0.3362336754798889
0.7045144438743591
0.5629693269729614
0.4340081214904785
0.37559476494789124
0.42036208510398865
1.3021339178085327
0.6160764098167419
1.0998003482818604
0.522923469543457
0.5482020974159241
0.8404301404953003
0.47347909212112427
0.8303647041320801
0.4917387068271637
0.8426410555839539
0.32259315252304077
0.5683495402336121
0.2683461606502533
0.873931884765625
1.0420148372650146
0.26117727160453796
0.4842851758003235
0.4676881432533264
0.8391277194023132
0.4025253355503082
0.4643567204475403
0.533162534236908
0.5305505394935608
0.6974374651908875
0.4355505108833313
0.8242441415786743
0.9275269508361816
0.5364053845405579
0.6201308965682983
0.37033647298812866
0.4485369622707367
0.2894495725631714
0.7991369962692261
0.3835926651954651
0.48789721727371216
0.7168133854866028
1.0347211360931396
0.3740430772304535
0.746408998966217
0.5297520160675049
0.43716344237327576
0.6575455665588379
0.7862986922264099
1.2698001861572266
0.9263532757759094
0.8264455795288086
0.36994099617004395
0.3593044877052307
0.8233127593994141
0.8529075384140015
0.7619614601135254
0.4089363217353821
0.7499111294746399
0.667797327041626
0.6695410013198853
0.4885469377040863
0.6874119639396667
0.39338821172714233
0.39456841349601746
0.6419271230697632
0.4726199209690094
0.6915639042854309
0.24671459197998047
0.3223913311958313
0.5472517013549805
0.6373663544654846
0.6610733270645142
0.5085870027542114
0.5286930799484253
0.7046592831611633
0.2419731616973877
0.4864535331726074
0.5315686464309692
0.6194650530815125
0.6020480990409851
0.42514342069625854
0.40716758370399475
