0.4807136654853821
0.27193188667297363
0.8664239048957825
1.3658878803253174
0.7155259251594543
0.3265450894832611
0.6563836336135864
0.7194782495498657
0.9800505638122559
0.5821300148963928
0.5224290490150452
0.3132285475730896
0.7548181414604187
0.4432141184806824
0.3633483052253723
0.6488231420516968
0.6701618432998657
0.34310561418533325
0.38270315527915955
0.5357936024665833
0.39986222982406616
0.388799250125885
0.4051508903503418
0.3455856144428253
0.19261759519577026
0.28592079877853394
0.4242881238460541
0.939494252204895
0.7762834429740906
0.3836617171764374
0.5013449192047119
0.5110673308372498
0.5365214347839355
0.5132242441177368
0.31894388794898987
0.85779869556427
0.7150764465332031
0.31988102197647095
0.6511565446853638
0.430874764919281
0.15270735323429108
0.5429878234863281
0.8255077600479126
0.47698473930358887
0.6909144520759583
0.47868865728378296
0.3910655379295349
0.3870612680912018
0.541250467300415
0.554625391960144
0.8000092506408691
0.9411352872848511
0.7025132179260254
0.3837229311466217
0.5301477909088135
0.5261257886886597
0.46577921509742737
1.1654244661331177
0.4523990750312805
0.7930086255073547
0.4171188473701477
0.26774412393569946
0.5187771916389465
0.33158332109451294
0.13772936165332794
0.5625198483467102
0.28488612174987793
0.7567694187164307
0.7277337908744812
0.5554636120796204
0.256349116563797
0.370549738407135
0.655250608921051
0.587902307510376
0.7458704113960266
0.8332184553146362
0.32139381766319275
0.5515202283859253
0.5999754667282104
0.6385526061058044
0.4758124351501465
0.5097885131835938
0.7911883592605591
0.32077497243881226
0.7371214628219604
0.6494226455688477
0.4988187849521637
0.6510485410690308
0.5505221486091614
1.092360258102417
0.5710196495056152
0.3633545935153961
0.5785986185073853
0.5668781995773315
0.39081960916519165
0.5289060473442078
0.5215553641319275
0.31912335753440857
0.6582282185554504
0.5334426760673523
0.4689643383026123
0.9330776929855347
0.5978779792785645
0.42365288734436035
0.44844764471054077
0.7108172178268433
0.42211851477622986
0.6323421597480774
0.4096171259880066
0.5109511613845825
0.5048984885215759
0.45109814405441284
0.36080512404441833
0.8354365229606628
0.6870335340499878
0.6271460652351379
0.7420399785041809
0.3212151527404785
0.46703267097473145
0.36456966400146484
0.8736810684204102
0.4574102759361267
0.6480984687805176
0.4773709177970886
0.8464878797531128
0.6052901148796082
0.3125641644001007
0.4989480972290039
0.5499489903450012
0.4910263419151306
0.16849853098392487
0.8941699862480164
1.0474965572357178
0.23308956623077393
0.7848365902900696
0.5363598465919495
0.793583869934082
0.49504828453063965
0.4994610846042633
0.6740533709526062
0.3714008331298828
0.5148029327392578
0.5346660017967224
0.40038013458251953
0.4993841052055359
0.2592714726924896
0.5764421224594116
0.657046377658844
0.4571142792701721
0.3503388464450836
0.8116497993469238
0.45493602752685547
1.124767541885376
0.4398239552974701
0.8541241884231567
0.5423194766044617
0.6052877306938171
0.5309427976608276
0.8167952299118042
0.6432917714118958
0.3156881332397461
0.848308265209198
0.46115073561668396
0.5193588733673096
0.5163298845291138
0.4292945861816406
0.3574528694152832
0.41243594884872437
0.42099809646606445
1.0895931720733643
0.4126826226711273
1.0774105787277222
0.42719894647598267
0.6640065908432007
0.5240438580513
0.5526589155197144
0.2047148048877716
0.6132358312606812
0.6410269737243652
0.3939148187637329
0.32392817735671997
0.34025561809539795
0.6193466186523438
0.9909781217575073
0.7114962935447693
0.5365979671478271
0.29718348383903503
0.502174973487854
0.8167741894721985
0.659466564655304
0.8660823702812195
0.6943868398666382
0.44000616669654846
0.27049720287323
0.3408481776714325
1.156153678894043
0.2838178277015686
1.0796533823013306
0.3839181661605835
0.8643558621406555
0.4144814610481262
0.5125340819358826
0.4506198465824127
0.5157555937767029
0.28168126940727234
0.5416325330734253
0.27874520421028137
0.3054230213165283
0.8529545068740845
0.192180797457695
0.3675418198108673
0.8152713775634766
0.7103787064552307
1.0491725206375122
0.2831774950027466
0.4516468644142151
0.7912068367004395
0.4454207420349121
1.1898682117462158
0.873482882976532
0.28790467977523804
0.3700471520423889
1.1707699298858643
0.6430757641792297
0.7235226035118103
0.47528067231178284
0.5010167956352234
0.5371971130371094
1.010446310043335
0.4756816029548645
0.6003689169883728
0.534397304058075
0.2862171530723572
0.3423317074775696
0.6485369801521301
0.4306456446647644
0.7633916139602661
0.6533617973327637
0.9914544224739075
0.25646141171455383
0.6135990619659424
0.579285740852356
0.27125856280326843
0.7201023697853088
0.30111002922058105
1.0307952165603638
0.7683138251304626
0.7936238646507263
0.6680769920349121
0.5577222108840942
0.5667283535003662
0.2753993272781372
0.6612311005592346
0.869970977306366
0.7463420629501343
0.619785726070404
0.6551576852798462
0.4591296315193176
0.7769699096679688
0.426614373922348
0.3742549419403076
0.7538452744483948
0.48372650146484375
0.38775622844696045
0.5803900361061096
0.4498709738254547
0.4756554961204529
0.3958219289779663
0.6038873195648193
0.26822271943092346
0.5991679430007935
0.3719794750213623
0.50752192735672
0.5255657434463501
0.4281238615512848
0.4732760787010193
0.6502439379692078
0.47560515999794006
0.4609563946723938
0.7750849723815918
0.5248451232910156
0.28540095686912537
0.6342252492904663
0.4542637765407562
0.7721447944641113
0.713141679763794
0.9160025715827942
0.9426997303962708
0.44058164954185486
0.4590304493904114
1.4609028100967407
0.338000625371933
0.3486425578594208
0.7860455513000488
0.45940908789634705
0.7572346329689026
0.5832814574241638
0.5802448391914368
0.5113304853439331
0.49780768156051636
0.7103825807571411
0.35896626114845276
0.46151429414749146
0.3523862063884735
0.2888471186161041
0.2249055653810501
0.5899847149848938
0.5260956287384033
0.37732329964637756
0.3997814953327179
0.4923863410949707
0.4329831004142761
0.3285399079322815
0.48775148391723633
0.6149550676345825
0.9887899160385132
0.4966190457344055
0.4380475878715515
0.5980104207992554
0.5825695395469666
0.36857765913009644
0.6412454843521118
0.48882603645324707
0.66535484790802
0.7778733968734741
0.43690958619117737
0.473917156457901
0.3943557143211365
0.6984997391700745
0.36522936820983887
0.7117736339569092
0.6289027333259583
0.4420349597930908
0.2864164412021637
0.574154257774353
0.4132843017578125
0.5116810202598572
0.5774362683296204
