1.1157855987548828
0.3714175224304199
0.2816295623779297
0.4423370361328125
1.2690471410751343
0.8477048873901367
0.5285691022872925
0.598759651184082
0.49250632524490356
0.23252661526203156
0.6722685098648071
0.6312673091888428
0.19918197393417358
0.46303558349609375
0.761809229850769
0.4457782208919525
0.34273767471313477
0.3728930354118347
0.6452306509017944
0.9447870254516602
0.6235302686691284
0.3361925482749939
1.139312505722046
0.2607654929161072
0.5579236745834351
1.1491016149520874
0.4187801778316498
0.39158517122268677
0.40289440751075745
0.31183546781539917
0.7975683212280273
0.16387130320072174
0.7840366363525391
0.35328108072280884
0.6079879403114319
1.0749387741088867
0.6116441488265991
0.5112736225128174
0.3150884211063385
0.7284064292907715
0.5795869827270508
0.8937859535217285
0.2823938727378845
0.3548877239227295
0.46047019958496094
0.21977011859416962
0.7658074498176575
0.9446442723274231
0.4261670708656311
0.7543696761131287
0.8597456216812134
0.21885612607002258
1.1568689346313477
0.35244986414909363
0.7262532114982605
0.5946444272994995
0.39685139060020447
0.39198946952819824
0.7042722702026367
0.21392731368541718
0.5251646041870117
0.5835463404655457
0.7104946374893188
0.8500296473503113
0.6040691137313843
0.3040868937969208
0.5274319648742676
0.42328327894210815
0.6472840309143066
0.36055120825767517
0.42162880301475525
0.3797897398471832
0.5684602856636047
0.8552404642105103
0.43967652320861816
0.5198134183883667
0.6268674731254578
0.5107986927032471
0.3338202238082886
0.7122105360031128
0.3244298994541168
0.32753339409828186
0.3541039228439331
0.5963871479034424
0.8157307505607605
0.28513988852500916
0.36790138483047485
0.5163096189498901
0.8730290532112122
0.23639316856861115
0.574741542339325
0.36109787225723267
0.6441512703895569
0.5856813788414001
0.1954830139875412
0.5287386775016785
0.4818957448005676
0.35523656010627747
0.3025914430618286
1.0712811946868896
0.3387288451194763
0.8283251523971558
0.5621974468231201
0.25881171226501465
0.37926363945007324
0.6495774984359741
0.37899765372276306
0.9053279757499695
0.6367470026016235
0.4153161644935608
0.22093763947486877
0.2851148545742035
1.0491483211517334
0.7553242444992065
0.5830901265144348
0.5363642573356628
0.4203700125217438
0.4687294065952301
0.3800106644630432
0.15619415044784546
0.32808399200439453
0.28775733709335327
0.41881686449050903
0.6760461926460266
0.40437546372413635
0.8835317492485046
0.4963544011116028
0.3522751033306122
0.24121920764446259
0.3815024793148041
0.51043701171875
0.6244909167289734
0.6635194420814514
0.7043482065200806
0.30775144696235657
1.8758361339569092
0.7506087422370911
0.33653536438941956
0.675228476524353
0.6055023074150085
0.3745418190956116
0.41316652297973633
0.31929102540016174
0.5223795175552368
0.4257267117500305
0.7080651521682739
0.5931670069694519
0.2603357434272766
0.7192286252975464
0.4300045073032379
0.5906904935836792
0.4265543818473816
0.8382905125617981
0.6084516644477844
0.2830503582954407
1.0096155405044556
0.4314015507698059
0.37143996357917786
0.7179030179977417
0.49633899331092834
0.3326411247253418
0.6975929737091064
0.6843059659004211
0.3794171214103699
0.4128345549106598
0.4169817864894867
0.4563566744327545
0.8511459231376648
0.686080813407898
0.3277878165245056
0.7942177057266235
0.7528464794158936
0.5774612426757812
0.2168656289577484
0.3076370656490326
0.2798544466495514
0.4672738015651703
0.4825707972049713
0.5877237319946289
0.6527668237686157
0.8638788461685181
0.6140228509902954
0.44035568833351135
0.4538276791572571
0.7922393679618835
0.3733440637588501
0.5028607249259949
0.3545691967010498
0.4741460382938385
0.9003345370292664
0.7663421034812927
0.6749087572097778
0.4052465558052063
0.40991297364234924
0.609078586101532
0.5110403299331665
0.2952118515968323
0.6126435399055481
0.29355067014694214
0.5146180391311646
0.2895539700984955
0.5570685267448425
0.5170150399208069
0.42678356170654297
0.6047269701957703
0.6346136331558228
0.3612752854824066
0.7654203176498413
0.4774866998195648
0.6799435019493103
0.17186833918094635
0.5408298373222351
0.8011786341667175
0.6511982679367065
0.7111839056015015
0.40105295181274414
0.49058523774147034
0.3207088112831116
0.3519832491874695
0.5339787602424622
0.30691826343536377
0.735833466053009
0.7886315584182739
0.2693960666656494
0.4845743179321289
0.38898593187332153
0.325523316860199
0.7684101462364197
0.33662980794906616
0.6882436871528625
0.548233687877655
0.21611328423023224
0.8859753608703613
0.5993857383728027
0.5161733627319336
0.44975215196609497
0.807299017906189
0.47248172760009766
0.6407371759414673
0.5095393657684326
0.31850895285606384
0.3031154274940491
1.2165342569351196
0.7256723642349243
1.0168167352676392
0.38006097078323364
0.29785066843032837
0.30603304505348206
0.49593859910964966
0.7651417851448059
0.38406506180763245
0.5794990658760071
0.41712069511413574
0.46002835035324097
0.7767136693000793
0.5003973841667175
0.4042939245700836
0.3869301676750183
0.29944440722465515
0.5290741920471191
0.7726494073867798
1.548923134803772
0.3674049377441406
0.7889174222946167
0.6210584044456482
0.9504823684692383
0.5036123394966125
0.1669197976589203
0.32462796568870544
0.37084120512008667
0.4297342300415039
0.4096382260322571
0.5296261310577393
0.49572524428367615
0.42520207166671753
0.9408926963806152
0.3150126039981842
0.5579746961593628
0.8974188566207886
0.5588322877883911
0.4798796772956848
0.20427608489990234
0.43398523330688477
0.26476091146469116
0.5840774774551392
0.42925769090652466
0.5332109332084656
0.42762643098831177
0.464804083108902
0.4623049199581146
0.5005303621292114
0.5926443338394165
0.4456302225589752
0.6706844568252563
0.7403015494346619
0.6845964193344116
0.34247854351997375
0.4698552191257477
0.7176530957221985
0.5818482637405396
0.49507492780685425
0.7135326862335205
0.6512147188186646
0.22177095711231232
0.1984092891216278
0.6076802611351013
0.35606783628463745
0.6630460023880005
0.30371320247650146
0.985076904296875
0.6486121416091919
0.6204661726951599
0.30688005685806274
0.5930019021034241
0.9803479909896851
0.31405624747276306
0.2202736884355545
0.8286911845207214
0.7729913592338562
0.7974125742912292
0.6938536763191223
0.7439720034599304
0.9756066203117371
0.3867410123348236
0.9779464602470398
0.287537544965744
0.5802844762802124
0.818263053894043
0.6291813850402832
0.5452284812927246
0.3530823290348053
0.8632169961929321
0.3704821467399597
0.2882622480392456
0.8184605836868286
0.4369897246360779
0.9837505221366882
0.9090385437011719
