0.5033729076385498
0.5849894881248474
0.3485204577445984
0.4062434732913971
0.38820821046829224
1.146296739578247
0.4966924786567688
0.9273636937141418
0.9843095541000366
0.8142673373222351
0.608803927898407
0.3876357972621918
0.28648316860198975
0.36104723811149597
0.3703140318393707
0.7735556364059448
0.48907583951950073
0.5833061337471008
0.24031516909599304
0.9877622723579407
0.5599315166473389
0.5270425081253052
0.42908722162246704
0.3777521252632141
0.5623985528945923
0.5082522034645081
0.39661750197410583
0.29881852865219116
0.33264508843421936
0.9485265016555786
0.828996479511261
0.27352970838546753
0.5929638147354126
0.28633299469947815
0.20134861767292023
0.31899359822273254
0.43323826789855957
0.578468918800354
0.8391779661178589
0.5085792541503906
0.5975594520568848
1.052191138267517
0.6952914595603943
1.0781997442245483
0.39377912878990173
0.3268660604953766
1.3109642267227173
0.3639759421348572
0.6806119680404663
0.714970052242279
0.20600895583629608
0.5831921100616455
0.7108530402183533
0.45567744970321655
0.6659236550331116
0.20672111213207245
0.47416526079177856
0.22593586146831512
0.2688116431236267
0.47447115182876587
0.40885457396507263
0.43536263704299927
0.5203997492790222
0.5055621266365051
0.3890236020088196
0.5111506581306458
0.3162842392921448
0.8399758338928223
0.5953014492988586
0.3018377423286438
0.304654985666275
0.20648689568042755
0.41137346625328064
0.2748488485813141
0.5879429578781128
0.8140214681625366
0.7367624044418335
0.8461651802062988
0.8684662580490112
0.3613194227218628
0.5704705119132996
0.6425504684448242
0.5725108981132507
0.7251531481742859
0.3258073329925537
0.5065705180168152
0.5081013441085815
0.49251359701156616
0.2764126658439636
0.9576849937438965
0.5727367401123047
0.7442374229431152
0.3060523569583893
0.46273165941238403
0.3823093771934509
0.6365979909896851
0.47442954778671265
0.8858488202095032
0.7618451118469238
0.9483270645141602
0.5678288340568542
0.9209675788879395
0.27709710597991943
0.47689175605773926
0.46438151597976685
0.4217155873775482
0.4766140878200531
0.34224826097488403
0.3912714123725891
0.49182718992233276
0.7996291518211365
0.34786325693130493
0.1917276382446289
0.6976506114006042
0.5587494969367981
0.5725814700126648
0.760077178478241
0.5958985686302185
0.5434950590133667
0.6583366394042969
0.4311741888523102
0.3476755619049072
0.7947242856025696
0.5808752775192261
0.3937235474586487
0.6017988920211792
0.574073851108551
0.4922771453857422
0.5225637555122375
0.4073328971862793
0.4168005883693695
0.5926482081413269
0.7007498741149902
0.5176132321357727
0.705047607421875
0.5113652348518372
0.5369004011154175
0.3356265425682068
0.39358824491500854
0.2135191410779953
0.41044387221336365
0.5874100923538208
0.2603399157524109
0.2900140881538391
0.22454261779785156
0.9654823541641235
0.4579710066318512
0.25344935059547424
0.5871546864509583
0.4298648238182068
0.140694722533226
0.8204126358032227
0.4341851770877838
0.5062271356582642
0.631309986114502
0.41965779662132263
0.6666072010993958
0.30168113112449646
0.2609173655509949
0.43085822463035583
0.5763739347457886
1.2358407974243164
0.8199918866157532
0.5765684247016907
0.31634536385536194
0.5691567659378052
0.5252825021743774
0.780936062335968
0.4529746174812317
0.558005690574646
0.38186323642730713
0.5618939399719238
0.541333019733429
0.359232097864151
0.19695261120796204
0.3242652714252472
1.0834076404571533
0.6371420621871948
0.4355434477329254
0.3204421103000641
0.5334146022796631
1.0414674282073975
0.697989821434021
1.236210584640503
0.6838663220405579
0.7087066769599915
0.49053826928138733
0.21304884552955627
0.5116180181503296
0.47460341453552246
0.5315709114074707
0.2663288116455078
0.5537083745002747
0.7146888375282288
0.808674156665802
0.6155376434326172
1.032047986984253
0.34301894903182983
0.4813966155052185
0.6257809400558472
0.38866928219795227
0.6396915316581726
0.22822344303131104
0.6943367719650269
0.5485550165176392
0.8587837219238281
0.23520536720752716
0.6439297795295715
0.30351346731185913
0.4144691526889801
0.9320023655891418
0.6978014707565308
0.8844541311264038
0.714647650718689
0.6897292137145996
0.467894971370697
0.32472318410873413
0.9891708493232727
0.2942812442779541
0.22598958015441895
0.3837161064147949
1.0343111753463745
0.4428866505622864
0.3062686324119568
0.6015104055404663
0.3990902006626129
0.6420639753341675
0.4730333387851715
0.4943819046020508
0.6521658897399902
0.4001387059688568
0.5259692668914795
0.3945566713809967
0.35590583086013794
0.7274435758590698
0.8172008395195007
0.3665715157985687
0.5878862142562866
0.7405759692192078
0.6989949941635132
0.4383165240287781
1.1175928115844727
0.5229552984237671
1.4257123470306396
0.9196538925170898
1.1493127346038818
0.9512493014335632
0.4728446900844574
0.2832287847995758
0.4999159276485443
0.5054038166999817
0.559054970741272
1.1754659414291382
0.40986284613609314
0.593126654624939
0.9837048649787903
0.6230818629264832
0.7482621669769287
0.4904080927371979
0.4163621962070465
0.3923371434211731
0.1335916370153427
0.5314860939979553
0.3966386318206787
0.8228896856307983
0.3126657009124756
0.13130778074264526
0.5183742642402649
0.4567822515964508
1.0359677076339722
0.8864593505859375
0.49004632234573364
0.5893645286560059
0.4641083776950836
0.9048851132392883
0.39336514472961426
0.8468204736709595
0.3804909288883209
0.6474482417106628
0.20973661541938782
0.4222971796989441
0.348674476146698
0.6039093136787415
1.1068394184112549
0.39261871576309204
0.2823001742362976
0.43723028898239136
0.6021212339401245
0.36244556307792664
0.7439175844192505
0.3715580105781555
0.4592481255531311
0.4607320725917816
0.4433523118495941
0.9453533291816711
0.2758057117462158
0.9358749389648438
0.6065899133682251
0.47790995240211487
0.3800312578678131
0.5020692348480225
0.6754096746444702
0.571431577205658
0.7771519422531128
0.4375185966491699
0.45440611243247986
0.5213378071784973
0.38310322165489197
0.5078127980232239
0.41545072197914124
0.412111759185791
0.16787180304527283
0.390974760055542
0.37930828332901
0.3350284695625305
0.3461635708808899
0.43581056594848633
0.5814962387084961
0.6402764320373535
0.462001234292984
0.2874736189842224
0.819757342338562
0.5508249998092651
0.36363792419433594
0.5257138609886169
0.5911526083946228
0.34382686018943787
0.4328702986240387
0.27736255526542664
0.22122995555400848
0.34868812561035156
0.8627285957336426
0.3579985797405243
0.4628012180328369
0.4820635914802551
0.41534918546676636
0.312289297580719
0.7492020726203918
