0.47640061378479004
0.710243821144104
1.0623525381088257
0.6854068040847778
0.9332674145698547
0.5840368270874023
0.802783191204071
0.5495249629020691
1.0779675245285034
0.9079689979553223
0.6080901026725769
0.47735708951950073
0.7586942315101624
0.7955291867256165
0.7839217185974121
0.9972683191299438
0.6892844438552856
0.8333856463432312
0.6568164825439453
0.6818946003913879
0.9727403521537781
0.6280247569084167
0.43540510535240173
0.5142576098442078
1.186194896697998
0.9169769287109375
0.763213574886322
0.6696134805679321
1.1202538013458252
0.9043775796890259
0.4354730546474457
0.7502096891403198
0.7050091028213501
0.8256839513778687
0.606002151966095
0.5164084434509277
0.9078934788703918
1.072582721710205
0.8913734555244446
0.9179617166519165
0.9668828248977661
0.5530202984809875
0.5368692278862
0.5649772882461548
0.6939088106155396
0.7943159937858582
0.43145108222961426
0.682004451751709
0.7869460582733154
0.4992063641548157
0.9875282049179077
0.49755626916885376
0.9506893157958984
0.513684093952179
0.5884356498718262
0.8212140798568726
0.5530350208282471
0.41824501752853394
0.740967869758606
1.1737115383148193
0.9032262563705444
0.4415958523750305
0.5203783512115479
1.1896018981933594
0.5993229150772095
0.5517727136611938
1.037353277206421
0.45786911249160767
0.5494939684867859
0.4427001476287842
0.6059122085571289
0.38286471366882324
0.7116214036941528
0.45444193482398987
0.6447783708572388
0.6621264219284058
0.7182005643844604
0.6162298917770386
0.9670909643173218
0.3830702304840088
1.0543010234832764
0.6782665848731995
0.46297797560691833
0.7040644884109497
0.47022390365600586
0.6273455619812012
0.7452744245529175
0.4241914749145508
1.0787744522094727
0.7697955369949341
0.9424822926521301
0.88829505443573
0.49225980043411255
0.7294987440109253
0.941370964050293
0.5135518312454224
0.7606772780418396
0.7501301169395447
1.0347628593444824
0.44165459275245667
0.7426180839538574
1.024549961090088
0.5210266709327698
0.4242222309112549
0.6591091752052307
0.5986825823783875
0.9101465344429016
1.1613342761993408
0.6851915121078491
0.7439724206924438
0.7264224886894226
1.2353219985961914
0.7920776605606079
1.069902777671814
0.6295489072799683
0.7586548924446106
0.5992674827575684
0.9802417755126953
1.2099292278289795
0.962689995765686
0.9970310926437378
0.7605894207954407
0.6636985540390015
0.5485503077507019
0.6939032673835754
1.0224387645721436
0.4213620126247406
0.9992774724960327
0.7041012644767761
0.4866768419742584
0.7103039622306824
0.4476688504219055
0.8420330286026001
0.5809771418571472
0.6137407422065735
0.6953509449958801
1.3191417455673218
0.5083073377609253
0.6512225270271301
0.6605480909347534
0.9112251400947571
0.8899601101875305
0.7826088666915894
0.7174414396286011
0.6488018035888672
0.6361187100410461
0.6856459379196167
0.3611529469490051
0.703574538230896
0.7122839689254761
0.5641428232192993
0.44695836305618286
0.67870032787323
0.863974928855896
0.7709909677505493
0.6212419271469116
0.4584124684333801
0.6891016960144043
0.7764932513237
1.0876140594482422
0.5454009175300598
0.5696104168891907
0.7722948789596558
0.9053290486335754
1.9009596109390259
0.8532692790031433
1.3425872325897217
0.47369423508644104
0.5598450899124146
0.8435240983963013
0.4993995726108551
0.6901312470436096
0.6245695948600769
0.6929346919059753
0.6689890623092651
1.3367434740066528
0.8253651857376099
0.7795499563217163
0.6393573880195618
0.5140582323074341
0.7055785655975342
0.5040978193283081
0.9430581331253052
0.9982997179031372
0.702853798866272
0.9626079797744751
0.9909846186637878
0.857410728931427
0.8112965822219849
0.6980177164077759
0.46565428376197815
0.4165883958339691
0.5420898199081421
0.7615157961845398
0.49135875701904297
0.6980029940605164
0.7551692724227905
0.8070524334907532
0.9662063717842102
0.6101464033126831
0.8011314272880554
0.8787245750427246
0.48661303520202637
0.754339873790741
0.5131404399871826
0.832351565361023
0.7117021679878235
0.40032902359962463
0.5574122667312622
0.9533001184463501
0.6379992961883545
0.39879149198532104
0.9561535120010376
1.0559055805206299
0.5395609736442566
0.5519878268241882
0.5100962519645691
1.0037646293640137
1.1008269786834717
0.6487005949020386
0.8129669427871704
0.7645090818405151
0.7970765233039856
0.5066545605659485
1.016401767730713
0.7425929307937622
0.846147894859314
0.637184739112854
1.245526909828186
0.7244528532028198
0.8865684270858765
1.0298359394073486
0.554104745388031
1.048551321029663
0.5069493651390076
0.6467152237892151
0.7280609011650085
0.9345442056655884
0.5603839159011841
0.8609685897827148
0.6037031412124634
0.743943989276886
0.9783643484115601
0.5820276737213135
0.8189114332199097
0.5112502574920654
0.32271239161491394
1.271636724472046
1.0124138593673706
0.7375984191894531
0.8218828439712524
1.2022335529327393
0.7419553995132446
0.4381221830844879
0.46013984084129333
0.44090765714645386
1.0956971645355225
1.9656856060028076
0.5995053052902222
0.8244394063949585
0.8339754939079285
0.6022683382034302
0.9375255703926086
0.6473698019981384
0.8764721751213074
1.2273696660995483
0.4053674340248108
0.598781168460846
0.7816278338432312
0.7930294275283813
0.508711040019989
0.44484743475914
0.6431005597114563
0.6207703948020935
0.46305909752845764
0.4377073347568512
0.5235615372657776
0.528674304485321
0.9088345766067505
0.861218273639679
0.37514224648475647
0.9066060781478882
0.957394003868103
0.7678293585777283
0.7178545594215393
0.41981545090675354
0.6392253041267395
1.0699353218078613
0.7377461194992065
0.6319244503974915
0.8774361610412598
0.6858571767807007
0.6123056411743164
0.4092860817909241
0.9673425555229187
0.5465047359466553
0.5376052856445312
0.5886253118515015
0.5576351284980774
0.39609766006469727
0.7232047915458679
0.693658173084259
0.846166729927063
0.6795400977134705
0.5552471280097961
0.6352872252464294
0.6537829041481018
0.531387448310852
0.6333791017532349
1.017695426940918
0.666912853717804
0.6279614567756653
0.5526059865951538
0.49648699164390564
0.7227813005447388
0.4335036873817444
0.7000325322151184
1.2032129764556885
0.6264675855636597
0.49758490920066833
0.7741584181785583
0.5592358708381653
0.4581916928291321
0.5536359548568726
0.6918904185295105
0.38668933510780334
0.7829786539077759
0.8736028671264648
1.0539371967315674
0.6779199838638306
0.5166311264038086
0.6225951313972473
0.7166820764541626
0.5323847532272339
0.5635704398155212
1.33107328414917
0.6281118988990784
1.0390769243240356
