0.45631951093673706
0.306794136762619
0.7639610171318054
0.5961849093437195
0.6042868494987488
0.48561087250709534
0.49293965101242065
0.4215821623802185
0.4883267283439636
0.3091568350791931
0.6301835179328918
0.9143179059028625
0.8299190402030945
0.5712370872497559
0.3273112177848816
0.521600067615509
0.32160428166389465
0.9713252782821655
0.5684977173805237
0.2533711791038513
0.4282931387424469
0.306621253490448
0.45977291464805603
1.0403521060943604
1.1141029596328735
0.24320006370544434
0.4229259490966797
1.2334657907485962
0.4972078800201416
0.3875674307346344
0.9075829386711121
0.7987142205238342
0.7354308366775513
0.7575241327285767
0.2818424701690674
0.7030504941940308
0.7218047976493835
0.5888205766677856
0.23101504147052765
0.6217095255851746
0.5862747430801392
0.18030764162540436
0.43670225143432617
0.41221728920936584
0.35570815205574036
0.7478736639022827
0.66651451587677
0.5895066261291504
0.6235137581825256
0.5981132388114929
0.4017767906188965
0.7045655250549316
0.49617066979408264
0.5329424738883972
0.867626965045929
0.6625262498855591
0.8736051321029663
0.6604326963424683
0.5284258723258972
0.51231849193573
0.3539430499076843
0.20587988197803497
0.362000972032547
0.7976439595222473
0.6443108320236206
0.319627046585083
0.9167084693908691
0.2719268202781677
0.31601670384407043
0.4055580198764801
0.2332574427127838
0.4619385600090027
0.42042651772499084
0.5090370178222656
0.3190467059612274
0.3055901527404785
0.786308765411377
0.40696239471435547
0.5144754648208618
0.4632132947444916
0.8346537351608276
0.4754146635532379
0.6577362418174744
0.6542943716049194
0.23214764893054962
0.8086240887641907
0.5473300814628601
0.9896982312202454
0.3565285801887512
0.9677370190620422
0.2584303319454193
0.4710405766963959
0.31465214490890503
0.3525187373161316
0.7080163955688477
0.9707351922988892
0.2473287284374237
0.5603554844856262
0.3300950527191162
0.5410479307174683
0.7795373201370239
0.22829723358154297
0.3715692162513733
0.3580394685268402
0.6162198781967163
0.6807449460029602
0.4309062063694
0.7061938047409058
1.023209571838379
0.3074231743812561
0.43186062574386597
0.4408131539821625
1.0230939388275146
0.3657759130001068
0.4938945770263672
0.6454786062240601
0.6193706393241882
0.46719688177108765
0.5229040384292603
0.2813611924648285
0.3136439323425293
0.7156693935394287
0.44288548827171326
0.3316754400730133
0.48269087076187134
0.6751981973648071
0.8156970739364624
0.4679105877876282
0.36309948563575745
0.46103304624557495
0.6786590814590454
0.33001381158828735
0.5920669436454773
0.9833122491836548
0.7292984127998352
0.8165776133537292
0.9578868746757507
0.4293871521949768
0.20407214760780334
0.5235394835472107
0.6175983548164368
0.7690800428390503
0.7700150609016418
0.3546866476535797
0.60759437084198
1.0597511529922485
0.8563897013664246
0.5539909601211548
0.498393714427948
0.5582048296928406
0.24831071496009827
1.1396832466125488
0.7640846371650696
0.8616978526115417
0.323540061712265
0.6023911237716675
0.3214420676231384
1.2307794094085693
0.4608473777770996
0.30809321999549866
0.6182802319526672
0.22436532378196716
0.3741660416126251
0.35867539048194885
0.9918274879455566
0.4185635447502136
0.4714221954345703
0.442971408367157
0.6404685378074646
0.30975836515426636
0.645518958568573
0.7637238502502441
0.45513224601745605
0.8147602081298828
1.1284840106964111
0.7692083716392517
0.3796471953392029
0.320426881313324
0.5804814696311951
0.6439293622970581
0.9986151456832886
0.5089845061302185
0.9574340581893921
0.41664963960647583
0.9337445497512817
0.6763566136360168
1.030211329460144
0.5380464792251587
0.38609766960144043
0.305706262588501
0.7319717407226562
0.8629857897758484
0.5445926189422607
0.6686199903488159
0.13560858368873596
0.3417506217956543
0.2749280333518982
0.9550110101699829
0.6739296913146973
0.8326354026794434
0.376680463552475
0.5043794512748718
0.632788360118866
0.4215851426124573
1.0135061740875244
0.7969873547554016
0.9912725687026978
0.22082261741161346
0.37408727407455444
0.4433789849281311
0.40916576981544495
0.4048840403556824
0.4517836570739746
0.49017205834388733
0.2755957245826721
0.2861863672733307
0.2647162079811096
0.8374248743057251
0.513780951499939
0.5061837434768677
0.4425642490386963
0.41645509004592896
0.42112287878990173
0.43285006284713745
0.3231213092803955
0.729542076587677
0.5031566619873047
0.5371307134628296
0.40512457489967346
0.6648463010787964
0.7773173451423645
0.7474961876869202
0.4184509217739105
0.5477835536003113
0.48690885305404663
0.6192806959152222
0.25827711820602417
0.5978484153747559
0.7475720643997192
0.34573134779930115
1.0207101106643677
0.6093893647193909
0.6091846227645874
0.5630502104759216
0.5851712822914124
0.5408851504325867
0.5011638402938843
0.6414192914962769
0.541761040687561
0.25296953320503235
0.47754430770874023
0.296406626701355
0.5641942620277405
0.707680881023407
0.5735828876495361
0.322348415851593
0.5029827952384949
0.42024677991867065
0.4038872718811035
0.7590556144714355
0.35499486327171326
0.38199812173843384
0.2341637909412384
0.39048251509666443
0.5162587761878967
0.4464116096496582
0.20324695110321045
0.3580593466758728
0.6769489049911499
0.6029782295227051
0.28334012627601624
0.2535560429096222
0.3548853099346161
0.7336388826370239
0.45407038927078247
0.2581040859222412
0.7124150991439819
0.5240423083305359
0.4409199357032776
0.384365439414978
0.6062172055244446
0.5531672239303589
0.480363130569458
0.5697887539863586
0.5403313636779785
0.5975913405418396
0.23764760792255402
0.30155521631240845
0.3513600826263428
0.3996298909187317
0.767221212387085
0.6757228970527649
1.0212531089782715
1.2444614171981812
0.18669721484184265
0.9674345254898071
0.6305750012397766
0.4961110055446625
0.708974301815033
0.7303526997566223
0.7849828004837036
0.46146339178085327
0.9854095578193665
0.6532478332519531
0.7789316177368164
0.9547656774520874
0.6802557110786438
0.3823224902153015
0.5001252293586731
0.5704153180122375
0.419654905796051
0.3805801272392273
0.5562459826469421
0.49447566270828247
0.5584783554077148
0.7312033176422119
0.22372932732105255
0.9371824264526367
0.23642976582050323
0.5080140233039856
0.2695058286190033
0.3854285180568695
0.38101738691329956
0.43116527795791626
0.3063926100730896
0.7291446924209595
0.7119036912918091
0.6883373260498047
0.6160408854484558
0.26465028524398804
0.8512225151062012
0.37776869535446167
0.8300898671150208
0.47843360900878906
0.6697427034378052
0.7180018424987793
0.5131030678749084
0.3612923324108124
