0.26583901047706604
0.559370756149292
0.6876423954963684
0.43212205171585083
0.32095152139663696
0.5633962750434875
0.5315622687339783
1.886096715927124
0.6602299809455872
0.7509013414382935
0.5052603483200073
0.4789305329322815
0.3792113959789276
0.448732852935791
0.4346346855163574
0.36861711740493774
0.7451578378677368
0.7804659008979797
0.9715445637702942
0.4546899199485779
0.5405932068824768
0.3589710295200348
0.5655673742294312
0.5313503742218018
0.6604421138763428
0.7439939379692078
0.4309846758842468
0.4327746331691742
0.31606370210647583
0.45820245146751404
0.5776071548461914
0.27006128430366516
0.3517543077468872
0.3753308653831482
0.29090869426727295
0.39106154441833496
0.5659653544425964
0.30611494183540344
0.2807176113128662
0.6763333082199097
0.2936362624168396
0.43059176206588745
0.5666341781616211
0.46006354689598083
0.7244666814804077
0.2633616030216217
0.7134257555007935
0.5019746422767639
0.512619137763977
0.3908423185348511
0.562823474407196
0.6067903637886047
0.489726722240448
0.3865792155265808
0.40722665190696716
0.3212604522705078
0.7342987060546875
0.5290218591690063
0.7993806600570679
0.42095646262168884
0.5039089918136597
0.4244057536125183
0.44412773847579956
0.4403972625732422
0.3021615147590637
0.47370705008506775
0.2887662351131439
0.683182418346405
0.5483040809631348
0.3317396342754364
0.20898576080799103
0.6888119578361511
0.5362175703048706
0.4277888834476471
0.30590373277664185
0.65687096118927
0.5305134654045105
0.6786172986030579
0.6402741074562073
0.6595655679702759
0.265911340713501
0.6798301935195923
0.2026563584804535
1.0415475368499756
0.37716689705848694
0.44099941849708557
0.4427416920661926
0.6945779919624329
0.6420448422431946
0.8694348335266113
0.584489643573761
0.7861316800117493
0.3721049427986145
0.5882269740104675
0.5513619780540466
0.5003681182861328
0.8446252942085266
0.2431485652923584
0.46384111046791077
0.33361464738845825
0.4296436309814453
0.6639243364334106
0.46722736954689026
0.5787392854690552
0.5301783084869385
0.19630560278892517
0.5494049787521362
0.6376155018806458
0.4936051368713379
0.6092612147331238
0.6358098387718201
0.49151521921157837
0.5734385251998901
1.106633186340332
0.46855825185775757
0.684585690498352
0.703018844127655
0.5067578554153442
0.4633025527000427
1.1827521324157715
0.8266369104385376
0.8970535397529602
0.7025600671768188
0.24416708946228027
0.5810497999191284
0.37118059396743774
1.3397166728973389
0.8806285858154297
0.31224188208580017
0.3901824355125427
0.6663390398025513
0.6531532406806946
0.5793513059616089
0.8570582270622253
0.2070302665233612
0.6371306777000427
0.9420965909957886
0.5586609244346619
0.7153011560440063
0.6265016794204712
0.7066019773483276
0.4878007471561432
0.5389024615287781
0.5543588995933533
0.4133174419403076
0.6153104901313782
0.3361039161682129
0.2783948481082916
0.5803239941596985
0.24444842338562012
0.9225538372993469
0.4353365898132324
0.7215149998664856
0.38692352175712585
0.4102143347263336
0.6577508449554443
0.36231204867362976
0.9044317007064819
0.9094934463500977
0.6002721190452576
0.5322953462600708
0.5528148412704468
0.49934786558151245
0.5966212749481201
0.49693408608436584
0.2848554253578186
0.49099308252334595
0.5743749737739563
0.3683127462863922
0.2635639011859894
0.4015386700630188
0.8458849787712097
0.7107940912246704
0.23974700272083282
0.7392722368240356
0.7503896951675415
0.44117727875709534
0.5638103485107422
0.9721452593803406
0.35662713646888733
0.7543162107467651
0.7047645449638367
0.6022998690605164
0.567097544670105
0.7533162236213684
0.5089444518089294
0.3488144278526306
0.5551098585128784
0.8303300142288208
0.7534403800964355
0.3935990333557129
0.5822381973266602
0.4905593991279602
0.2492101490497589
0.606857419013977
0.8249874114990234
0.34999197721481323
1.2587254047393799
0.6761364340782166
0.5356495976448059
0.6292840242385864
0.39465662837028503
0.39755406975746155
0.3007686734199524
0.788023829460144
0.745221734046936
0.5882183909416199
0.46754807233810425
0.2930833101272583
0.5092543959617615
0.5883496999740601
0.5350674390792847
0.5268869400024414
0.9141331911087036
0.35616111755371094
1.0644505023956299
0.6488663554191589
0.41528254747390747
0.3331473767757416
0.3611789643764496
0.2544596791267395
0.6102005839347839
0.519835352897644
0.5955008864402771
0.7077507376670837
0.4058607220649719
0.3190229535102844
0.7349628210067749
0.3132641911506653
0.5394948124885559
0.1985899806022644
0.4691983163356781
0.24752159416675568
0.3304353654384613
0.42453113198280334
0.5106098055839539
0.6604185104370117
1.671033263206482
0.6010535955429077
0.43757733702659607
0.7120044827461243
0.3475690484046936
0.33791691064834595
0.40327882766723633
0.5121513605117798
0.685095489025116
0.3542318046092987
0.9623830914497375
0.40105295181274414
0.6122421026229858
0.3198753595352173
1.025473713874817
0.252215713262558
0.37684667110443115
1.184216856956482
0.6466878652572632
1.05014169216156
0.7251516580581665
0.44939741492271423
0.3269980847835541
0.46779051423072815
0.3072623610496521
0.9255580902099609
0.7576760053634644
0.4988178312778473
0.6075705289840698
0.9781831502914429
0.7033590078353882
0.5944096446037292
0.2880317270755768
0.4164804518222809
0.5380401611328125
0.4820871353149414
0.5236160159111023
0.7098931074142456
0.5731490850448608
0.6851077079772949
0.7557204365730286
0.5724760890007019
0.7341197729110718
0.6406661868095398
0.565413773059845
0.4083288311958313
0.16230492293834686
0.87750643491745
0.5448266863822937
0.3061745762825012
0.3960416913032532
0.3354179859161377
0.8368560671806335
0.5726042985916138
0.6526186466217041
0.5722196102142334
0.502630352973938
0.5722063183784485
0.32308101654052734
0.1762215495109558
0.37076109647750854
0.49949684739112854
0.27593785524368286
0.524751603603363
0.5632874369621277
0.21883520483970642
0.8749048113822937
0.7095228433609009
0.49423226714134216
0.3464369773864746
0.691631555557251
0.9928581118583679
0.3175317347049713
0.7093768119812012
0.6497610807418823
0.34239432215690613
0.5339707136154175
0.6394098997116089
0.4940478205680847
0.5080274343490601
0.46857157349586487
0.44470182061195374
0.4699702858924866
0.5857254862785339
0.45810118317604065
0.16898466646671295
0.3478974401950836
0.44912949204444885
0.5967559814453125
0.3029129207134247
0.5553506016731262
0.5961281061172485
0.8888915777206421
0.24342632293701172
0.5378777384757996
0.7691763639450073
0.7238301038742065
0.19737648963928223
0.5762966275215149
0.4076254963874817
0.46213874220848083
