0.6347057223320007
0.3244877755641937
0.40366512537002563
0.4946180284023285
0.9490901827812195
0.47481769323349
0.44523105025291443
0.40792256593704224
0.4868699908256531
0.15641456842422485
0.3466976583003998
0.4773622453212738
0.6142047047615051
0.4096304774284363
0.6969765424728394
0.6005268096923828
0.7437164187431335
0.7017786502838135
0.6295763850212097
0.6786343455314636
0.8003768920898438
0.5361539721488953
0.4698425829410553
0.6279729604721069
0.3790891170501709
1.0086195468902588
0.4671099781990051
0.357715368270874
0.6024258732795715
0.5478596091270447
0.3617831766605377
0.2855669856071472
0.7609286308288574
0.38555485010147095
0.7651499509811401
0.5539989471435547
0.44516879320144653
0.7233762741088867
0.3893526494503021
0.4302014410495758
0.45571866631507874
0.8474408984184265
0.35078635811805725
0.6442914009094238
0.4936531186103821
0.766289472579956
0.42355090379714966
0.4392136037349701
0.8296345472335815
1.3187415599822998
0.5686928033828735
0.3605760633945465
0.7440749406814575
0.5752676129341125
0.7618521451950073
0.6583407521247864
0.2201753854751587
0.34035491943359375
0.3888978362083435
0.3140585422515869
0.8429781794548035
0.28285884857177734
0.5360058546066284
0.5859411358833313
0.4991483688354492
0.5822245478630066
0.331257700920105
0.34991899132728577
0.6531813144683838
0.5501221418380737
0.2568865418434143
0.690035343170166
0.3647865653038025
0.4307705760002136
0.4648854732513428
0.3691178262233734
0.3194434344768524
1.004352331161499
0.31621497869491577
0.9147598147392273
0.7891014814376831
0.622041642665863
0.26207566261291504
0.586197555065155
0.7895632982254028
0.6274306774139404
0.7378350496292114
0.6698325872421265
0.9376174807548523
0.39039379358291626
0.36658188700675964
0.4914763569831848
0.5629211664199829
0.16182079911231995
0.584749698638916
0.7901117205619812
0.8609187006950378
0.5704604387283325
0.23556451499462128
0.37577956914901733
0.4962748885154724
0.3163481652736664
0.4525299072265625
0.713470995426178
0.24906706809997559
0.5428151488304138
1.0940899848937988
0.6089725494384766
0.3652115762233734
0.5819312334060669
0.47239094972610474
0.7354949712753296
0.5402778387069702
0.30346158146858215
0.5748893618583679
0.6526438593864441
0.676365852355957
0.5284950137138367
0.38425537943840027
0.5690804719924927
0.6001895070075989
0.7158375978469849
0.5329104661941528
0.6036984920501709
0.4522094130516052
0.38947173953056335
0.5921825170516968
0.34911954402923584
0.7631754875183105
0.7533839344978333
0.6429913640022278
0.30329185724258423
0.3982195258140564
0.5318993926048279
0.6038738489151001
0.6620155572891235
0.5073829889297485
0.46877607703208923
0.26638975739479065
0.5580035448074341
0.7317303419113159
0.26600024104118347
0.7078927159309387
0.7369128465652466
0.5715813040733337
0.3851783275604248
0.31026625633239746
0.3828612267971039
0.6695325374603271
0.4381008744239807
0.5338519811630249
0.23781831562519073
0.6050214171409607
0.47547227144241333
0.2950280010700226
0.5719680786132812
0.29448622465133667
0.6099351644515991
0.4844951629638672
0.3629050850868225
0.9406930804252625
0.4756551682949066
0.7429898381233215
0.5571122765541077
0.31172847747802734
0.5412177443504333
0.638487696647644
0.7523008584976196
0.6499308347702026
0.6009896993637085
0.7423229813575745
0.4243268072605133
0.7252715229988098
0.669535756111145
0.36263900995254517
0.6791152954101562
0.825727105140686
0.301838219165802
0.4604802131652832
0.4858555793762207
0.2966324985027313
0.23427259922027588
0.2611845135688782
0.354801744222641
0.2456965446472168
0.4668389856815338
0.5604643225669861
0.3773423731327057
0.3487309217453003
0.4200995862483978
0.37336280941963196
0.8822862505912781
0.2706383764743805
0.2635771930217743
0.4551466107368469
0.4257393777370453
0.37951821088790894
1.2546466588974
0.7159128189086914
0.3237079381942749
0.48768243193626404
0.26763424277305603
0.4045012593269348
0.5290250778198242
0.48418110609054565
0.6998521089553833
0.6373197436332703
0.6654881834983826
0.6411222219467163
0.9887639284133911
0.7857462763786316
0.849999725818634
0.29436880350112915
0.34340012073516846
0.8181624412536621
0.3018866181373596
0.3477744460105896
0.31441664695739746
0.6136894226074219
0.870240330696106
0.5832490921020508
0.47480303049087524
0.2086176574230194
0.441659152507782
0.4502039849758148
0.37139207124710083
0.6756540536880493
0.6703242063522339
0.40268200635910034
0.7512708902359009
0.5073345899581909
0.6066677570343018
0.9023067355155945
0.5338648557662964
0.8017032742500305
0.31051111221313477
0.5841500163078308
0.765433669090271
0.4783075451850891
0.27646130323410034
0.35673460364341736
0.4112461507320404
0.4684072434902191
0.6256986260414124
0.482768714427948
0.44375792145729065
0.5287179946899414
0.5229828953742981
0.2834307849407196
0.4615437388420105
1.110707402229309
0.4084945619106293
0.38647493720054626
0.17042402923107147
0.6922720074653625
0.3935999870300293
0.2927616536617279
0.8224055171012878
0.43953952193260193
0.3622298836708069
0.27068546414375305
0.4623374044895172
0.6891292929649353
0.43420618772506714
0.47391337156295776
0.4182538092136383
0.4789876341819763
0.24929995834827423
1.0178927183151245
0.6695954203605652
0.45221662521362305
0.24056820571422577
0.5694206357002258
0.6836192011833191
0.8314985036849976
0.770053505897522
0.5628560781478882
0.526716411113739
0.8082671165466309
0.44128990173339844
0.8889203071594238
0.4140855669975281
0.4335813522338867
0.9142314195632935
0.5841990113258362
0.2276415079832077
0.5608347654342651
0.5418358445167542
0.558306097984314
0.3238058388233185
0.6683889627456665
1.1787090301513672
0.6055318117141724
0.49518561363220215
0.2053176462650299
0.4079424738883972
0.6517663598060608
0.4722660183906555
0.30892059206962585
0.6324659585952759
0.6312606930732727
0.4253603518009186
0.8614816665649414
0.2888510227203369
0.47993674874305725
0.8879711031913757
0.3469958007335663
0.34413081407546997
0.36517226696014404
0.8702060580253601
0.6006424427032471
1.0472447872161865
0.4462783932685852
0.5516583919525146
0.21007199585437775
0.4835783839225769
0.7356901168823242
0.711686909198761
0.9401870965957642
1.334326982498169
0.5524700880050659
0.3199911117553711
0.3165200650691986
0.4489692747592926
0.375102698802948
0.772614061832428
0.620097815990448
0.4084262251853943
0.3395802974700928
0.49119099974632263
0.4703699052333832
0.6956799626350403
0.41458454728126526
0.3200991749763489
0.737086296081543
0.5829182267189026
0.4457097053527832
2.000758647918701
