0.8942028284072876
0.7894584536552429
0.5293911695480347
0.3331115245819092
0.2476389855146408
0.5253723859786987
0.7180914878845215
0.6887234449386597
0.5840142965316772
0.5532153844833374
0.44690704345703125
0.35227927565574646
0.7050508260726929
0.4558778703212738
0.6926599740982056
0.45669063925743103
0.29175806045532227
1.095329999923706
0.25350314378738403
0.4304034113883972
0.36209648847579956
0.6514325141906738
0.6660407781600952
0.5610372424125671
0.3867587745189667
0.600340723991394
0.3537769913673401
0.670397937297821
0.6994078159332275
0.808868408203125
0.3307126462459564
1.2131856679916382
0.5049880743026733
0.22987446188926697
0.2205922156572342
0.6044439673423767
0.658446729183197
0.5149918794631958
0.5768398642539978
0.3551291525363922
0.1798267811536789
0.29055067896842957
0.32596355676651
0.44621580839157104
0.5519516468048096
0.5220202207565308
0.34064769744873047
0.577703595161438
0.5366934537887573
0.9112231135368347
0.8531964421272278
0.6169724464416504
0.46491751074790955
0.6774090528488159
0.4461568295955658
0.49782928824424744
0.8416593670845032
0.45866522192955017
0.6757052540779114
0.7324537634849548
0.30884671211242676
0.46036916971206665
0.29684945940971375
1.1465924978256226
0.53521728515625
0.4619012475013733
0.7862982153892517
0.711820662021637
0.21817317605018616
0.48217907547950745
0.4582645297050476
0.26929911971092224
0.4149090647697449
0.408665269613266
0.39424142241477966
0.8492778539657593
0.4984522759914398
0.594577968120575
0.4346829950809479
0.9538110494613647
0.6023074388504028
0.5634337663650513
0.5883174538612366
0.691371738910675
0.46652349829673767
0.832680881023407
0.500033974647522
0.4260028898715973
0.5660475492477417
0.5253289937973022
0.844288170337677
0.3215157389640808
0.41121578216552734
1.0437986850738525
0.3854020833969116
0.6968579888343811
0.9984501600265503
0.23567838966846466
0.1575801819562912
0.3818943202495575
0.5863579511642456
0.3253238797187805
0.4871752858161926
0.5076135993003845
0.5001181960105896
0.4681170582771301
0.7878736853599548
0.24497823417186737
0.29953545331954956
0.18326787650585175
0.3430826961994171
0.249873548746109
0.3885014057159424
0.3091426491737366
0.6167689561843872
0.3750012516975403
0.5342037677764893
0.5148312449455261
0.6597157716751099
0.19747599959373474
0.5640541315078735
0.5273362398147583
0.8670414686203003
0.4533921182155609
0.5618346333503723
0.42119914293289185
0.8340908885002136
0.7945330739021301
0.2859373986721039
0.8726568222045898
0.6097990274429321
0.4352594316005707
0.5261616110801697
0.3974930942058563
0.6361638307571411
0.30199187994003296
0.7669947147369385
0.42213839292526245
0.4441651701927185
0.852711021900177
0.46719592809677124
0.4228649139404297
1.0670783519744873
0.7307776808738708
0.5191925168037415
0.64909827709198
0.18995434045791626
0.6564450263977051
0.3507649302482605
0.6016222834587097
0.9338911771774292
0.5449458360671997
0.2607436180114746
0.5290066599845886
0.48227015137672424
0.964043140411377
0.2851219177246094
0.4136664867401123
0.73524010181427
0.41603532433509827
0.23047545552253723
0.38266104459762573
0.5913738012313843
0.42460697889328003
0.5794533491134644
0.5748505592346191
0.6563504934310913
0.6119520664215088
0.44980430603027344
0.5440758466720581
0.8792182207107544
0.18950887024402618
0.36453309655189514
0.47700396180152893
0.20725515484809875
0.3178853392601013
0.9818357229232788
0.29577434062957764
0.721777081489563
0.7341744303703308
0.4208296835422516
0.8294731378555298
0.9341591000556946
0.9691303968429565
0.24237878620624542
0.47691506147384644
0.32189488410949707
0.3824191093444824
0.5970216989517212
0.4953436851501465
0.7432319521903992
0.6195646524429321
0.9550407528877258
0.7679342031478882
0.6305921077728271
0.3740553855895996
0.2729717791080475
0.5436146259307861
0.651581346988678
1.128656268119812
0.6282389760017395
0.5473021268844604
0.491525262594223
0.6735445857048035
0.715744137763977
0.26825037598609924
0.9659349322319031
0.6614173054695129
0.8507674932479858
0.5288461446762085
0.57154381275177
0.4944027364253998
0.9398665428161621
0.7005364298820496
0.9001721143722534
0.553531289100647
0.2618876099586487
0.3393413722515106
0.7022542953491211
0.7635378241539001
0.5933164358139038
0.5112205743789673
0.2094646692276001
0.30703914165496826
0.3074265718460083
1.3477946519851685
0.292497456073761
0.3116011619567871
0.47807806730270386
0.6892554759979248
0.39279788732528687
0.5289271473884583
1.049618124961853
0.3932569921016693
0.27810949087142944
0.4111505448818207
0.43146246671676636
0.4044438898563385
0.5607767105102539
0.42129507660865784
0.41344118118286133
0.4993707239627838
0.71730637550354
0.3873489499092102
0.4251158833503723
0.7764032483100891
0.3078221082687378
0.4466349482536316
0.41807326674461365
0.36587756872177124
0.24849073588848114
0.7862573862075806
0.32113248109817505
1.2589924335479736
0.5106224417686462
0.5512679219245911
0.4239742159843445
0.6769628524780273
0.4846838414669037
0.4998055398464203
0.8529253005981445
0.5097850561141968
0.4540896415710449
0.2547617554664612
0.3478836119174957
0.81538325548172
0.5500508546829224
0.5046016573905945
0.9272472262382507
1.0203473567962646
0.8336712121963501
0.5831192135810852
0.27635449171066284
0.6106853485107422
0.5552565455436707
0.547337532043457
0.746991753578186
0.563197135925293
0.4068601131439209
0.6765352487564087
0.6248900890350342
0.5196631550788879
0.38968008756637573
0.3196624219417572
0.29927414655685425
0.7917794585227966
0.8950148820877075
0.8267514109611511
0.25441911816596985
0.9773443937301636
0.44049328565597534
0.4123288094997406
0.39499226212501526
0.9253823161125183
0.3433026671409607
0.3578501343727112
0.45164021849632263
0.42815065383911133
0.32352694869041443
0.42722266912460327
0.828467845916748
0.48813360929489136
0.22774390876293182
0.9646817445755005
0.6492596864700317
0.838909924030304
0.4347399175167084
0.6980434656143188
0.8284298181533813
0.6256490349769592
0.41846904158592224
0.6984652876853943
0.37445199489593506
0.7339627146720886
1.122615098953247
0.6218405961990356
0.6784518957138062
0.2370661497116089
0.443981796503067
0.38974353671073914
0.4128398299217224
0.13478055596351624
0.7632941007614136
0.3831213116645813
0.5117679834365845
0.2654433846473694
0.6151214241981506
0.531368613243103
0.3907117247581482
0.27210432291030884
0.504203736782074
0.27912041544914246
1.1981544494628906
0.4962882995605469
0.45363712310791016
0.43889936804771423
0.3111572861671448
1.3941740989685059
