0.7824442982673645
0.5264742970466614
0.7920746803283691
0.6148728132247925
0.5376315116882324
0.6392719745635986
0.8836766481399536
0.23724766075611115
0.5101445913314819
1.0623639822006226
0.28440746665000916
0.6284120678901672
0.9659460783004761
0.3210219740867615
0.5657176971435547
1.1465048789978027
0.5304749011993408
0.22105805575847626
0.6569141745567322
0.4259780943393707
0.8224660754203796
0.5882360935211182
0.4914073944091797
0.35309162735939026
0.2719441056251526
0.43517041206359863
0.3706245422363281
0.26600679755210876
0.46681469678878784
0.513744056224823
0.22856438159942627
0.629317581653595
0.23778526484966278
0.4208652377128601
0.8825340270996094
0.55839604139328
0.5622162222862244
0.5884190201759338
0.5174297094345093
0.34754955768585205
0.2584574818611145
0.7634032368659973
0.6327317953109741
0.6307638883590698
0.2902587056159973
0.3814365267753601
0.8587726354598999
0.6809327006340027
0.699314296245575
0.5788625478744507
0.5957525372505188
0.6198359131813049
0.42618051171302795
0.3673880100250244
0.4505280554294586
0.6726282835006714
1.4996753931045532
0.432096391916275
0.8355447053909302
0.6055070161819458
0.8464333415031433
0.43530845642089844
0.3983888626098633
0.7011101841926575
0.7571361660957336
0.33475786447525024
0.5701724290847778
0.23577077686786652
0.4844789505004883
0.596815288066864
0.666415810585022
0.43386515974998474
0.3149966597557068
0.34658846259117126
0.5453013777732849
0.4349513053894043
0.37529224157333374
0.4659137725830078
0.8074755668640137
0.577975869178772
0.7808071374893188
0.21545767784118652
0.9201784133911133
0.7208076119422913
1.0458528995513916
0.5989209413528442
0.7544506788253784
0.36773836612701416
0.32546165585517883
0.9276838302612305
0.3062002658843994
0.6376650929450989
0.5342084169387817
0.7551518678665161
0.547551691532135
0.5788587927818298
0.47770532965660095
0.7311569452285767
0.605907142162323
0.9093748927116394
0.5225523710250854
0.9571857452392578
1.0280693769454956
0.8616701364517212
0.27212420105934143
0.3743657171726227
0.39402732253074646
0.327705442905426
0.513251006603241
0.42427387833595276
0.5721997022628784
0.39849409461021423
0.6087082624435425
0.6683310270309448
0.3629741370677948
0.39990323781967163
0.6155582666397095
0.37975984811782837
0.6091684699058533
0.8329019546508789
0.5212903022766113
0.7514727711677551
0.4241928160190582
0.46693354845046997
0.43060892820358276
0.5723162889480591
0.2113683670759201
0.7171474695205688
0.716157078742981
0.7326153516769409
0.9456453323364258
0.9070338010787964
0.5118585824966431
0.4847131669521332
0.8652346730232239
0.397536039352417
0.33623528480529785
0.4892543852329254
0.43416157364845276
0.5567227602005005
0.4906577169895172
0.4195388853549957
0.26767486333847046
0.784074604511261
0.42645949125289917
0.9912503957748413
0.5227764844894409
0.4561671316623688
0.468850314617157
0.5787672996520996
0.5015624165534973
0.5360814929008484
0.7236746549606323
0.5766332745552063
0.15571638941764832
0.7157582640647888
0.6302764415740967
0.36626583337783813
0.5750618577003479
0.4908638000488281
0.5259979963302612
0.7084881067276001
0.30768659710884094
0.9813486337661743
0.7855101823806763
0.689762532711029
0.4897354245185852
0.46075552701950073
0.4538603723049164
0.24820268154144287
0.5573531985282898
0.6848665475845337
0.3977855443954468
0.18965862691402435
0.3666688799858093
0.5864754915237427
0.16692019999027252
0.27455228567123413
0.5819668769836426
0.684341549873352
0.8695870637893677
0.3689407408237457
0.5421621203422546
0.38310471177101135
0.3331739902496338
0.8067892789840698
0.5892189741134644
0.2281855344772339
0.9227384328842163
0.5860158205032349
0.3686577379703522
0.6394599676132202
0.632502555847168
0.42555904388427734
0.5467203259468079
0.30248233675956726
0.2657562792301178
1.084265112876892
0.5849143266677856
0.36734431982040405
0.38034510612487793
0.3323611319065094
1.0801526308059692
0.45471930503845215
0.533995509147644
0.8031466603279114
0.3097255229949951
0.4712701737880707
0.27273234724998474
0.5547268986701965
0.5948481559753418
0.3907112181186676
0.3209013044834137
0.5849167704582214
1.2493202686309814
0.6139954328536987
0.7546351552009583
0.3392534554004669
0.5392664670944214
0.675702691078186
0.6730561852455139
0.38520148396492004
0.17563067376613617
0.40810737013816833
0.5441438555717468
0.6315783262252808
0.6374949216842651
0.3406217396259308
0.2664559483528137
0.34925422072410583
0.5025172233581543
0.4644813537597656
0.6345019340515137
0.7863074541091919
0.5773434638977051
0.23227925598621368
0.8561414480209351
0.686177134513855
0.6338911056518555
1.4581091403961182
0.24257490038871765
0.6543952226638794
0.23554770648479462
0.7322731018066406
0.7999905347824097
0.5265247225761414
0.39963987469673157
0.5973353385925293
0.7985140085220337
0.47609418630599976
0.7254539728164673
0.7112666368484497
0.4282844662666321
0.24711823463439941
0.9638821482658386
0.2552817463874817
0.2517916262149811
0.5819812417030334
0.41725119948387146
0.3595415949821472
0.4729631543159485
0.17923447489738464
0.6243031620979309
0.45900553464889526
0.2892046272754669
0.6592475771903992
0.31840550899505615
0.37722474336624146
0.5998148918151855
0.3960907459259033
0.46524953842163086
0.41088056564331055
0.4162992537021637
0.554665207862854
0.7146672010421753
1.2397955656051636
0.9408594965934753
0.5968788862228394
0.4427104592323303
0.40260639786720276
0.5448442697525024
0.336448609828949
0.7325779795646667
0.46535563468933105
0.976610541343689
0.3693455755710602
0.4833586812019348
0.5777093768119812
0.3398321866989136
0.5238078832626343
1.1079181432724
0.31537026166915894
0.5400577783584595
0.8932605981826782
0.30468112230300903
0.4715637266635895
0.38844457268714905
0.4428587853908539
0.3677109479904175
0.3104301393032074
0.669268786907196
0.3090278208255768
0.6968246698379517
0.5276395082473755
0.6705220937728882
0.7109609842300415
1.1709156036376953
0.9290596842765808
0.6142688393592834
0.7109931111335754
0.2400093823671341
0.8655511140823364
0.4479793608188629
0.43173837661743164
1.3512625694274902
0.25868290662765503
0.30482718348503113
0.4578292965888977
1.0173637866973877
0.5998449325561523
0.2794979214668274
0.5557217597961426
0.47762250900268555
0.3830175995826721
0.6379660367965698
0.5622115731239319
0.5213197469711304
0.3592091500759125
0.13506969809532166
0.3407239019870758
1.0213040113449097
1.026406168937683
0.6429346203804016
0.5735753178596497
0.37210410833358765
0.4921809136867523
0.8313268423080444
0.5326517224311829
