0.9679032564163208
0.3472674787044525
0.6213253140449524
0.902736485004425
0.44146862626075745
0.3328283727169037
0.43131670355796814
0.5027388334274292
0.810815691947937
0.5759279131889343
0.5658337473869324
0.5889157056808472
0.6440703272819519
0.23021149635314941
0.3985930383205414
0.5918777585029602
1.2555307149887085
0.5746942758560181
0.36405763030052185
0.42380350828170776
0.5928021669387817
0.3178883194923401
0.4926806390285492
0.6810479164123535
0.49893856048583984
0.4612346589565277
0.5841966271400452
0.36480093002319336
0.4427757263183594
0.8491121530532837
0.3184840977191925
0.8533846735954285
0.869371771812439
0.7103042602539062
0.5429824590682983
0.6366778016090393
0.4613892138004303
0.5244436860084534
0.8795172572135925
0.45349931716918945
0.3071500062942505
0.770022451877594
0.330798476934433
0.48165997862815857
0.25918662548065186
0.5568627119064331
0.5369766354560852
0.6596654653549194
0.6083327531814575
0.3668801188468933
0.3114120066165924
0.3722919523715973
0.3787091076374054
0.4744848608970642
0.4261236786842346
0.32202306389808655
0.2611303925514221
0.9782286882400513
0.7669402360916138
0.7879722118377686
0.26124441623687744
0.5502796769142151
0.8870120048522949
0.6453368067741394
0.5695680379867554
0.627373218536377
0.39412155747413635
0.3565954566001892
0.4838186800479889
0.6030139923095703
0.42112812399864197
0.306477427482605
0.7663236260414124
0.44964614510536194
0.581619381904602
0.3364174962043762
0.6284962892532349
1.102240800857544
0.24058222770690918
0.5662937164306641
0.4936555027961731
0.8513550758361816
0.6164644956588745
0.6096355319023132
0.4428888261318207
0.2570602297782898
0.5328830480575562
0.4844684600830078
0.29473182559013367
0.40441617369651794
1.2645924091339111
0.5794533491134644
0.38337618112564087
0.6080644130706787
0.40082281827926636
0.8763803243637085
0.65247642993927
0.4866166114807129
0.2757038474082947
0.37449297308921814
0.46815627813339233
0.5482025146484375
0.3936527371406555
0.5693950057029724
0.43148690462112427
0.5565124750137329
0.5455299615859985
0.3333086371421814
0.43572133779525757
0.17776109278202057
0.4507095217704773
0.23789989948272705
0.7979549169540405
0.7157400846481323
0.7811053395271301
0.30263811349868774
0.39360350370407104
0.42241087555885315
1.1666462421417236
0.37098363041877747
0.5305217504501343
0.4084153175354004
0.34276333451271057
0.8115168809890747
0.27905330061912537
0.46451979875564575
0.7510625720024109
0.9670695066452026
0.6550725698471069
0.8380258679389954
0.696732759475708
0.1977454572916031
0.7517553567886353
0.7780791521072388
0.3582490384578705
0.2175261527299881
0.4578838348388672
1.5024522542953491
0.4901568293571472
0.3751811385154724
0.6135453581809998
0.5019039511680603
0.8820219039916992
0.8621512651443481
0.3242872953414917
0.5627456307411194
0.5381497144699097
0.5049723386764526
0.3043439984321594
0.36427220702171326
0.7857124209403992
1.002213716506958
0.5216308832168579
0.5194762945175171
0.3024967312812805
0.4909660816192627
0.5781599879264832
0.6688084006309509
0.5324872732162476
0.8242672681808472
0.6119210124015808
1.033353567123413
0.44562679529190063
0.4379722476005554
0.23381420969963074
1.1815026998519897
0.41699638962745667
0.5129562616348267
0.35091471672058105
0.39285367727279663
0.6071066856384277
0.8451051712036133
0.610023021697998
0.2626189589500427
0.5142509341239929
0.47053033113479614
0.5478055477142334
0.5135936737060547
0.7374370098114014
0.2659720778465271
0.8318679928779602
0.7318860292434692
0.6600264310836792
0.4437462389469147
0.6418686509132385
0.8638668060302734
0.5053513050079346
0.4920181334018707
0.8679662942886353
0.462536484003067
0.34712809324264526
0.8626388311386108
0.6563280820846558
0.8471699953079224
0.27704352140426636
0.37967005372047424
0.6365112662315369
0.29595428705215454
0.5667591094970703
0.4680970311164856
0.8006979823112488
0.5890452265739441
0.2876144051551819
0.31868281960487366
0.5493379831314087
0.6886037588119507
0.16700169444084167
0.35865458846092224
0.5476431846618652
0.3359496593475342
0.4831446707248688
0.9665191769599915
0.6145190000534058
0.3782370090484619
0.32945841550827026
0.2416779100894928
0.5055413842201233
0.3869331479072571
0.4574728012084961
0.5788667798042297
0.919899582862854
0.3785943388938904
0.2812683880329132
0.8727000951766968
0.7914879322052002
0.33039918541908264
0.4457969069480896
0.32323306798934937
0.5771612524986267
0.8555446863174438
0.7382222414016724
0.7470965385437012
0.3880314230918884
0.7705913782119751
0.6018975973129272
0.6291919350624084
0.8648695945739746
0.6643224358558655
0.5960692763328552
0.27712345123291016
0.45052480697631836
1.193256139755249
0.6538599729537964
0.31407421827316284
0.4854872226715088
0.38426581025123596
0.5979005098342896
0.6781615018844604
0.5781474113464355
0.3385733962059021
0.9970322847366333
0.47140899300575256
0.2789314091205597
0.5190994143486023
0.6953830718994141
0.978676974773407
0.9402614831924438
0.47022008895874023
0.5517625212669373
0.2956741452217102
0.4772912859916687
0.9778413772583008
0.4550691545009613
0.8344928622245789
0.6927406191825867
0.33593788743019104
0.27287396788597107
0.3524966239929199
0.24334187805652618
0.4924375116825104
0.7432900667190552
0.5013397932052612
0.36829835176467896
0.4658679962158203
0.45614129304885864
0.24139471352100372
1.0925098657608032
1.0400208234786987
0.5178855061531067
0.5690211057662964
0.32412129640579224
1.068142294883728
0.5431629419326782
0.3199779987335205
0.610779345035553
0.7789822816848755
0.3267922103404999
0.38057491183280945
0.31237608194351196
0.3823930621147156
0.3916228115558624
0.7326210141181946
0.9479504823684692
0.3890624940395355
0.36726826429367065
0.5370036959648132
0.3265884816646576
0.3618793785572052
0.7880395650863647
0.3777969777584076
0.38220566511154175
0.3535665273666382
0.5651724934577942
0.4438393712043762
0.758751392364502
0.2962871491909027
0.4397055208683014
0.3845882713794708
0.48567724227905273
0.598683774471283
0.6201940774917603
0.5660310983657837
0.46832209825515747
0.3851730525493622
0.2629481852054596
0.8299306631088257
0.6888824701309204
0.6681531071662903
0.29730141162872314
0.47769880294799805
0.5077845454216003
0.7592476606369019
0.8747976422309875
0.3420490622520447
0.11095406115055084
0.32178813219070435
0.9438193440437317
0.8934487104415894
0.2703644633293152
0.25856348872184753
0.5644326210021973
0.5375374555587769
0.6639231443405151
1.1251024007797241
0.49411076307296753
0.35439449548721313
0.6124305725097656
0.7576863765716553
