0.630919337272644
0.577561616897583
0.49430885910987854
0.6277516484260559
0.8636101484298706
0.5945656299591064
0.518263041973114
0.5840023756027222
0.49472421407699585
0.38693371415138245
0.46954745054244995
0.46561136841773987
0.654676079750061
0.37006035447120667
0.523382306098938
0.4679986536502838
0.5470478534698486
0.3630564212799072
0.6907042860984802
0.2508675456047058
0.8256464004516602
0.28477221727371216
0.5431733727455139
0.15629929304122925
0.45390191674232483
0.37209272384643555
0.6927667856216431
0.6533344984054565
0.255487859249115
0.3383995294570923
0.2401573210954666
0.4359159469604492
0.28332778811454773
0.3308573365211487
0.5072569847106934
0.38964375853538513
0.6251879930496216
0.3876579999923706
0.5651895999908447
0.21665890514850616
0.3821021020412445
0.5972031354904175
0.6842788457870483
0.932781994342804
0.43289822340011597
0.48210152983665466
0.4098362922668457
0.2618747353553772
0.5361307859420776
0.6249237060546875
0.5980175733566284
0.31059426069259644
1.0335767269134521
0.2149639129638672
0.5819252729415894
0.45078468322753906
0.4045058786869049
0.2365824282169342
0.3972586393356323
1.0612361431121826
0.25578224658966064
0.37816351652145386
0.1828627586364746
0.7114484906196594
0.5485183000564575
0.2521556615829468
0.5940858125686646
0.45406731963157654
0.32894158363342285
0.8335598707199097
0.7416138052940369
0.18442869186401367
0.39350050687789917
0.4964217245578766
0.7796497344970703
0.6644173860549927
0.7200106382369995
0.42589473724365234
0.564529299736023
0.3231136202812195
0.4569576680660248
1.2422246932983398
0.8128033876419067
0.4127362370491028
0.537873387336731
0.4186991751194
0.3708804249763489
0.7908433675765991
0.5686065554618835
0.3239991068840027
1.0019137859344482
0.8849555253982544
0.4444403648376465
0.5933451652526855
0.7069228291511536
0.31548982858657837
0.768531322479248
0.4673742353916168
0.5736868977546692
0.23867249488830566
0.7325395345687866
0.7082120180130005
0.5075767636299133
0.31808438897132874
0.3752211928367615
0.8371836543083191
0.6925813555717468
0.48897331953048706
0.7267284393310547
0.6262627243995667
0.6274339556694031
0.49286407232284546
1.3673912286758423
1.1596322059631348
0.39921730756759644
0.2952626645565033
1.0862525701522827
0.44829368591308594
0.2987057864665985
0.4314137399196625
0.29092687368392944
0.4764874577522278
0.3092084527015686
0.8917067646980286
0.8009359240531921
0.2522873878479004
0.4862976670265198
0.7656049728393555
0.6518486738204956
0.8322383761405945
0.5029645562171936
0.2726549804210663
0.2971702218055725
0.9310832023620605
0.5442150235176086
0.6248831152915955
0.3714818060398102
0.23067979514598846
0.7818179130554199
0.34961071610450745
0.6960248351097107
0.24165210127830505
0.30707472562789917
0.4653831422328949
0.2540093958377838
0.7623800039291382
0.22733202576637268
0.8056419491767883
0.6653316617012024
0.7221797704696655
0.7136574983596802
0.46730169653892517
0.37463775277137756
0.43070173263549805
0.6056895852088928
0.5879395008087158
0.3308984637260437
0.29159048199653625
0.37928199768066406
0.5180084705352783
0.8118450045585632
0.4315130114555359
0.439181387424469
0.3902255892753601
0.43734708428382874
0.5613752007484436
0.47582054138183594
0.6862861514091492
0.7515184879302979
0.2923000752925873
0.4965878129005432
0.5182504653930664
0.23408293724060059
0.6934048533439636
1.2899317741394043
0.40532809495925903
0.4393940567970276
0.5298858880996704
0.37520408630371094
0.3954264521598816
1.6428276300430298
0.5927514433860779
0.176703542470932
0.6237895488739014
0.9984045028686523
0.6062214970588684
0.5454627871513367
0.514952540397644
0.6890656352043152
0.3656066060066223
0.42050376534461975
0.8702357411384583
0.39639812707901
1.0661653280258179
0.3137642443180084
0.3704977333545685
0.38838353753089905
0.5438641905784607
0.8270332217216492
0.43648824095726013
0.7360788583755493
0.37571319937705994
0.38340312242507935
0.3067043721675873
0.7345671653747559
0.6293326616287231
0.4743492007255554
0.6700742840766907
0.4156072735786438
0.2841547727584839
0.5166903138160706
0.696730375289917
0.5448189973831177
0.6111860275268555
0.5760531425476074
0.7954384088516235
0.5200732946395874
0.45312899351119995
0.6343199610710144
0.6412875652313232
0.6971729397773743
0.4140341281890869
0.500931441783905
0.9960539937019348
0.6006914377212524
0.7366049885749817
0.6289893984794617
0.4950685501098633
0.5750082731246948
0.35130757093429565
0.5778070688247681
0.3459320068359375
0.36120015382766724
0.7143775224685669
0.46976956725120544
0.5324816703796387
0.5658046007156372
0.33151867985725403
0.6406575441360474
0.38464218378067017
0.48093676567077637
0.5067054629325867
0.8167592287063599
0.5419436693191528
0.3370444178581238
0.47332248091697693
0.8802074193954468
0.2682967185974121
0.36399903893470764
0.259597510099411
0.23108908534049988
0.5514917969703674
0.25655925273895264
0.6031743288040161
0.41710925102233887
0.6222188472747803
0.38480642437934875
0.47801724076271057
0.33608725666999817
0.2641936242580414
0.37150707840919495
0.3202451765537262
1.0784517526626587
0.32270875573158264
0.9264653921127319
0.366470068693161
0.44635018706321716
0.12858662009239197
0.5618678331375122
0.33337992429733276
0.3239680826663971
0.43910741806030273
0.2850720286369324
0.6748616695404053
0.34265437722206116
0.27564141154289246
0.6822503209114075
0.3720185160636902
0.7100728750228882
0.6064696311950684
0.7669923305511475
0.8300554156303406
0.5053318738937378
0.42829951643943787
0.8069014549255371
0.7780389785766602
0.7904894351959229
0.4099307060241699
0.4760150909423828
0.7434876561164856
0.5370687246322632
0.35242098569869995
0.4067644476890564
0.47783809900283813
0.4116418957710266
0.4398120045661926
0.5990050435066223
0.43109482526779175
0.7857323884963989
0.6778624653816223
0.5836423635482788
0.6720402836799622
0.35162872076034546
0.20372100174427032
0.30621859431266785
0.26000556349754333
0.7875469923019409
1.0210129022598267
0.5845895409584045
0.44124603271484375
0.8183741569519043
0.32707303762435913
0.489094078540802
0.5980658531188965
0.4785812497138977
0.3924742341041565
0.7676980495452881
0.3434498906135559
0.2984069287776947
0.38093286752700806
0.5941447019577026
0.36977261304855347
0.7033332586288452
0.37967079877853394
0.290075421333313
0.5000943541526794
0.7069970369338989
0.44877710938453674
0.7351744771003723
0.426077663898468
0.39579373598098755
0.7867711782455444
0.6257287263870239
0.3817710280418396
0.8047683835029602
0.3274845480918884
0.6645667552947998
0.24721038341522217
