0.7856720685958862
0.9522778391838074
0.4505118727684021
0.3630773723125458
0.5643686056137085
0.30228734016418457
0.175532728433609
0.684194028377533
0.6458647847175598
1.012644648551941
0.3785185217857361
0.6400159001350403
0.37361031770706177
0.6260092854499817
0.650860071182251
0.7959645986557007
0.6094678640365601
0.2330315113067627
0.726467490196228
0.6204524040222168
0.8309669494628906
0.4280528128147125
0.6726472973823547
0.6502600908279419
1.0454003810882568
0.5685557126998901
0.47968125343322754
0.7850619554519653
0.7304749488830566
1.303623914718628
0.7668374180793762
0.5713373422622681
0.4919988512992859
0.45059967041015625
0.48794451355934143
0.5894311666488647
0.4644017219543457
0.6316835880279541
0.3414860665798187
0.6095952391624451
0.4306410849094391
0.371021568775177
0.30468204617500305
0.6329812407493591
0.24055853486061096
1.2071990966796875
0.5504261255264282
0.34669890999794006
0.43939608335494995
0.24873164296150208
0.544171154499054
0.2845887541770935
0.41392821073532104
0.6812731027603149
0.8781036138534546
0.5594567656517029
0.5745810270309448
0.2843864858150482
0.6420683264732361
0.2833890914916992
0.4992620348930359
0.6065980195999146
0.45947736501693726
0.23596234619617462
0.15194298326969147
0.32318249344825745
0.36080753803253174
0.6221299767494202
0.48300257325172424
1.3653004169464111
0.6344654560089111
0.6083923578262329
1.2334892749786377
0.8995820879936218
0.6125767827033997
0.3704310953617096
0.3034857213497162
0.19388309121131897
0.5055404901504517
0.5035929083824158
0.5678491592407227
0.4390332102775574
0.4705580770969391
0.4425225853919983
0.5507049560546875
0.8864035606384277
0.5150308609008789
0.7272957563400269
0.7965198159217834
0.37413033843040466
0.3075922727584839
0.7931172251701355
0.31790176033973694
0.3780117332935333
1.1230417490005493
0.8131027221679688
0.3523622155189514
0.9253152012825012
0.5535474419593811
0.8824437260627747
0.25860992074012756
0.7096749544143677
0.6260885000228882
0.20695511996746063
0.8068164587020874
0.7221996784210205
0.29543671011924744
0.6501819491386414
0.3609398305416107
0.338120698928833
0.32706061005592346
0.47141343355178833
0.6161755323410034
0.5130996704101562
0.3151609003543854
0.5109423398971558
0.20958614349365234
0.3370746374130249
0.2432292401790619
0.572444498538971
0.3128349184989929
0.29745855927467346
0.8670654296875
0.6472689509391785
0.36306509375572205
0.43617987632751465
0.6137072443962097
0.6679526567459106
0.7348402738571167
0.7758716344833374
0.8096182942390442
0.2632601261138916
0.4611537456512451
0.45687827467918396
0.4288841784000397
0.25144821405410767
0.6737993955612183
0.5102543830871582
0.4946081042289734
0.3244912028312683
0.19639870524406433
0.5972539186477661
0.5513222813606262
0.713355541229248
0.2600700259208679
0.38634639978408813
0.48208552598953247
0.5169140100479126
0.7594760656356812
0.6388264894485474
0.6652622222900391
0.4314119219779968
0.4163028597831726
0.4539261758327484
0.33775416016578674
0.5888177156448364
0.6676828265190125
0.6991494297981262
0.7703505754470825
0.4567635655403137
0.6049965620040894
0.33561915159225464
0.7278559803962708
0.3167693018913269
0.2471129149198532
0.7538115978240967
1.117369294166565
0.6842618584632874
0.8622754812240601
0.49105674028396606
0.9213293790817261
0.24470651149749756
0.4675010144710541
0.3364664912223816
0.3515145182609558
0.3879519999027252
0.8899477124214172
0.5189226865768433
0.6354572772979736
0.4547494947910309
0.29504379630088806
0.4182523787021637
0.4330241084098816
0.5974148511886597
0.6666194796562195
0.6318462491035461
0.6190284490585327
0.32493624091148376
0.3913523554801941
0.7721956372261047
0.5887042284011841
0.6490908265113831
0.5947714447975159
0.3829561173915863
0.626833975315094
0.7786410450935364
0.39769843220710754
0.6431952714920044
0.7004879713058472
0.3024950623512268
0.4072975516319275
1.0830947160720825
0.4317406713962555
0.39411962032318115
0.8697222471237183
0.6167541742324829
0.456418514251709
0.9469596743583679
0.9137269854545593
0.3658587634563446
0.35084739327430725
0.6254841685295105
0.7059299349784851
0.5516918301582336
0.34418779611587524
0.7278743982315063
0.7784435153007507
0.781038224697113
0.4062380790710449
0.31352800130844116
0.23238691687583923
0.35106131434440613
0.4000919461250305
0.9442093968391418
0.49213942885398865
0.40308886766433716
0.47756871581077576
0.4659413695335388
0.4580770432949066
0.4791313111782074
0.526955246925354
0.7384566068649292
0.5406588315963745
0.5693520903587341
0.532971978187561
0.7080889344215393
0.383512407541275
0.44645270705223083
0.696319580078125
0.7882847785949707
0.5962544679641724
0.596493124961853
0.45795267820358276
0.2844180166721344
0.7320011854171753
0.1745477169752121
0.24642285704612732
0.7452327013015747
0.4329221844673157
0.45342978835105896
0.4725895822048187
0.40805864334106445
0.3501015603542328
0.18792225420475006
1.0182796716690063
0.38149747252464294
0.5597624182701111
0.3948107063770294
0.3887717127799988
1.105513572692871
0.5367449522018433
0.4233136773109436
0.6738083958625793
0.8872982859611511
0.5607346296310425
0.3582373559474945
0.39847007393836975
0.7405142784118652
1.0409796237945557
0.5282689332962036
0.6658730506896973
0.25284892320632935
0.998918890953064
0.21039919555187225
0.835701584815979
0.388467401266098
0.7149511575698853
0.4817364811897278
0.8197134137153625
0.5350655317306519
0.44969844818115234
0.1912386119365692
0.42726564407348633
0.708767294883728
0.7322933077812195
0.31695619225502014
0.31090301275253296
0.9494608640670776
0.6609786748886108
0.4569166600704193
0.46665674448013306
0.8718512654304504
0.8935527801513672
1.4123471975326538
0.41162195801734924
0.3137110471725464
0.6581152081489563
0.4157111644744873
0.3752244710922241
1.400439977645874
0.3221901059150696
0.40303850173950195
0.5688456296920776
0.413290798664093
0.18033725023269653
0.6509419679641724
0.5434116125106812
0.6527055501937866
1.0458911657333374
0.6276069283485413
0.5311379432678223
0.4739881455898285
0.37820303440093994
0.7455832362174988
0.4786110818386078
0.5741892457008362
0.25247037410736084
0.4885597229003906
0.555500864982605
0.3140786588191986
0.35212424397468567
0.7300299406051636
0.35166341066360474
1.067613959312439
0.5934850573539734
0.603400707244873
0.6672929525375366
0.5989001989364624
0.6850141286849976
0.3820052742958069
0.4982264041900635
0.6614246964454651
0.7444168329238892
0.23539745807647705
0.3567691743373871
0.5211705565452576
0.2942942678928375
2.114654302597046
