0.4378107488155365
0.24295565485954285
0.4329414367675781
0.796244740486145
0.8089184761047363
0.40063148736953735
0.6777697205543518
0.2814658284187317
1.1600149869918823
0.4645478129386902
0.4422963261604309
0.30233511328697205
0.3235880434513092
0.2654189467430115
0.6572754979133606
0.6608291864395142
0.491560697555542
0.5171152353286743
0.5003826022148132
0.4177539348602295
0.6983588337898254
0.8201410174369812
0.40182438492774963
0.9621866345405579
0.7073663473129272
0.5656436681747437
0.24532905220985413
0.36762022972106934
0.8339518308639526
0.8229793310165405
0.4069233536720276
0.39788034558296204
0.42893147468566895
0.40965205430984497
0.32206007838249207
0.4198175370693207
0.5315353274345398
0.6138962507247925
0.24838700890541077
0.3642198145389557
0.29498881101608276
0.4293230175971985
1.1894867420196533
0.3120059370994568
0.2876957952976227
0.3860418200492859
0.4526543617248535
0.3754897713661194
0.8204799890518188
0.41536808013916016
0.43841448426246643
0.4964372217655182
0.645227313041687
0.4675722122192383
0.5825982093811035
0.22191372513771057
0.47656917572021484
0.5459929704666138
0.6712453961372375
0.49013662338256836
0.5254496335983276
0.5906044244766235
1.0176095962524414
0.26727309823036194
0.5654136538505554
1.292384386062622
0.3394772410392761
0.45247119665145874
0.4943617284297943
0.7758173942565918
0.4533628523349762
0.5778913497924805
0.8916475176811218
0.849086582660675
0.3795281946659088
0.6010333299636841
0.3910287022590637
0.4031427502632141
1.5104610919952393
0.30473870038986206
0.6981908679008484
0.3660912811756134
0.7307442426681519
0.4803954064846039
0.603983998298645
0.3691234886646271
0.36844146251678467
0.6382924914360046
0.7094510197639465
0.3519596457481384
0.742592990398407
0.3151974678039551
0.39855340123176575
0.8760382533073425
0.6218180656433105
0.7748357653617859
0.5222498774528503
0.7458657622337341
0.29845523834228516
0.3074134290218353
0.5166086554527283
0.44227656722068787
0.4114221930503845
0.8127871751785278
0.39432796835899353
0.9143996238708496
0.6174442172050476
0.9962097406387329
0.2336711883544922
0.44850045442581177
0.6081513166427612
0.41181516647338867
0.8528423309326172
1.2033605575561523
0.5474739670753479
0.30647507309913635
1.1014848947525024
0.31927698850631714
0.7367021441459656
0.6882139444351196
0.6299875974655151
0.6787939071655273
0.40422582626342773
0.33389025926589966
1.2590382099151611
0.5379545092582703
0.5544270873069763
0.30524617433547974
0.522874653339386
0.3130354583263397
0.6219769716262817
1.3622770309448242
0.628147304058075
0.7390875220298767
0.706835150718689
1.0084121227264404
0.3441528379917145
0.7202896475791931
0.361426442861557
0.7025343179702759
0.2709478735923767
0.3571194112300873
0.6083959341049194
0.502447247505188
0.32230982184410095
0.4167753756046295
0.41518718004226685
0.27099210023880005
0.16042795777320862
0.9585776329040527
0.6629096269607544
0.3609715402126312
0.2630563974380493
0.5624735951423645
0.5358893275260925
0.2355927973985672
0.390485554933548
0.16982963681221008
0.7496122121810913
0.3887467682361603
0.617822527885437
0.3909229338169098
0.271688848733902
0.543899416923523
0.37900471687316895
0.58524489402771
0.5381229519844055
0.4288795590400696
0.5870594382286072
0.43858879804611206
0.546282947063446
0.4190951883792877
0.7465828657150269
0.4655558466911316
0.2885669469833374
0.6146762371063232
0.3022743761539459
0.3875330686569214
0.28979235887527466
0.5671508312225342
0.5984668731689453
0.613514244556427
0.686200737953186
0.6591168642044067
0.6880965232849121
0.8633098602294922
0.48536258935928345
0.5306189656257629
0.46892184019088745
0.8229548335075378
0.39357784390449524
0.7504247426986694
0.5172967910766602
0.3262883722782135
0.45359867811203003
0.7034032344818115
0.4671064019203186
0.4129839837551117
0.5103937387466431
0.6442487239837646
0.9307941198348999
0.4012044072151184
1.067692756652832
0.5318201780319214
0.9453538656234741
0.1377439945936203
0.7385317087173462
0.362346887588501
0.7941533327102661
0.38624662160873413
0.31118839979171753
0.29309380054473877
0.4800347685813904
0.19146843254566193
0.6784325838088989
0.46257978677749634
0.4536648690700531
0.4812851846218109
0.45848360657691956
0.5049579739570618
0.7192960381507874
0.48811644315719604
0.15338461101055145
0.45487698912620544
0.5348138809204102
0.37800657749176025
0.6158087849617004
0.32966238260269165
0.7162264585494995
0.4487599730491638
0.5709357261657715
0.9046236872673035
0.5464059710502625
0.38017719984054565
0.5350983738899231
0.40708237886428833
0.31528961658477783
0.4976891577243805
0.4136468470096588
1.0730379819869995
0.5979866981506348
0.4057699143886566
0.6472748517990112
0.2164011299610138
0.6229600310325623
0.43289709091186523
0.7348043322563171
0.6328080892562866
0.5157653093338013
0.5557510256767273
0.8124896883964539
1.072945237159729
0.7713016271591187
0.524192214012146
0.35625946521759033
0.4353906214237213
0.6970173716545105
0.33118897676467896
0.13731065392494202
0.35426825284957886
0.41485539078712463
0.8638659715652466
0.3458626866340637
0.5248376727104187
0.5466538667678833
0.6005924940109253
0.8471980094909668
0.6299707293510437
0.7486863136291504
0.44929271936416626
0.677790641784668
0.6552249193191528
0.7848180532455444
0.44841742515563965
0.8365627527236938
0.33567699790000916
0.23511549830436707
0.6667063236236572
0.6705368757247925
0.23952512443065643
0.2914550006389618
0.39230838418006897
0.6980487108230591
0.7850793600082397
0.7254799604415894
0.1991821527481079
0.2826154828071594
0.4397948682308197
0.4073679447174072
0.47768139839172363
1.1862374544143677
0.6271718740463257
0.7666217088699341
0.7464600205421448
0.8455217480659485
0.6006135940551758
0.44104042649269104
0.7055026292800903
0.7328400611877441
0.877921462059021
0.23203131556510925
0.4038974344730377
0.2727743685245514
0.4281482696533203
0.2875770628452301
0.5256708860397339
0.5334108471870422
0.8813580274581909
0.3647082448005676
0.37054866552352905
0.5552638173103333
0.7792720794677734
0.4751238226890564
0.3371428847312927
0.673534095287323
0.3976442813873291
0.4336095452308655
0.46843427419662476
0.18109770119190216
0.499662309885025
0.5286802649497986
0.4433085024356842
0.2269093096256256
0.7163101434707642
0.8119403719902039
0.24019575119018555
0.49130162596702576
0.4245983958244324
0.32199686765670776
0.8760445713996887
0.6228172779083252
0.2548580765724182
0.3815067708492279
0.5078981518745422
0.31453806161880493
0.6232919692993164
1.0445140600204468
0.8099610209465027
