1.1737487316131592
1.0218217372894287
0.34999650716781616
0.47046899795532227
0.6142812967300415
0.3806574046611786
0.7155123949050903
0.7948316335678101
0.43984904885292053
0.35227781534194946
0.4362548887729645
1.4975837469100952
0.6154152154922485
0.44813308119773865
0.30760616064071655
0.24302661418914795
0.47082123160362244
0.4755437970161438
0.5775014162063599
0.8265167474746704
0.245281383395195
0.41077327728271484
0.38771337270736694
0.45727792382240295
0.7700825333595276
0.3324821889400482
0.49513792991638184
0.6577238440513611
0.6455279588699341
0.5501166582107544
0.36231517791748047
0.2933191657066345
0.6814326047897339
0.2471708059310913
0.3852159082889557
0.6072921752929688
0.5086096525192261
1.0155737400054932
0.7235423922538757
0.5062212347984314
0.3657388985157013
0.5649524927139282
0.348989874124527
0.6050927042961121
0.6701020002365112
0.6187017560005188
0.6587446928024292
0.7818605303764343
0.4718216061592102
0.260856568813324
0.5585638284683228
0.5759258270263672
0.22709214687347412
0.3979758620262146
0.27961620688438416
0.8831599354743958
0.995620608329773
0.3817048966884613
0.3243110775947571
0.3634829521179199
0.38570436835289
0.42997416853904724
0.3390306234359741
0.4368618130683899
0.9382001161575317
0.36567622423171997
0.42321595549583435
0.3171471655368805
0.4490799903869629
0.6007657051086426
0.854617714881897
0.28825587034225464
0.5026428699493408
0.2285774201154709
0.2332812249660492
0.13994252681732178
0.578498899936676
0.756199836730957
0.6727880835533142
0.3530161380767822
0.3807089924812317
0.476438045501709
0.4331185817718506
0.3033890724182129
0.29571089148521423
0.6654309034347534
0.33236613869667053
0.2846178114414215
0.5085833668708801
0.3803803324699402
0.5703709125518799
0.41438645124435425
0.30431705713272095
0.3985505700111389
0.7548538446426392
0.3739032745361328
0.6142722368240356
0.5007050037384033
0.47722476720809937
0.319640576839447
0.28759878873825073
0.31374073028564453
0.4112432599067688
0.3905285596847534
0.1780255138874054
0.6159919500350952
1.0522540807724
0.3917308747768402
0.43039149045944214
0.6176561117172241
0.7484282851219177
0.34447580575942993
0.5589783191680908
0.6523218154907227
0.47317013144493103
0.5802720189094543
0.9975116848945618
0.1766517460346222
0.704401433467865
0.15680931508541107
0.5543371438980103
0.3293609917163849
0.4805421829223633
0.39617425203323364
0.33784863352775574
0.6132156252861023
0.43120336532592773
0.6840622425079346
0.9032056927680969
0.532475471496582
0.33584749698638916
0.40571078658103943
0.6022325158119202
0.56949383020401
0.7283793091773987
0.875130832195282
0.5143598318099976
0.5764881372451782
0.5064210295677185
0.43089452385902405
0.37657633423805237
0.497475802898407
0.4955848753452301
0.34156620502471924
0.5004972219467163
0.47258132696151733
0.43457478284835815
0.7054945826530457
0.46037015318870544
0.5008926391601562
1.031557321548462
0.6549988389015198
0.7603869438171387
0.4236362874507904
0.5887531042098999
0.20431792736053467
0.38008803129196167
0.7768729329109192
0.5680831670761108
0.33202067017555237
0.7411997318267822
0.6568897366523743
0.1700611561536789
0.6228771209716797
0.5428946614265442
0.48595333099365234
0.8443806767463684
0.47319531440734863
0.9426185488700867
0.6460314989089966
0.6468762159347534
0.7005257606506348
0.7448012232780457
0.7680241465568542
0.4339688718318939
0.43500813841819763
0.611121416091919
0.5010339021682739
0.290280282497406
0.48037582635879517
0.26710429787635803
0.32999223470687866
0.5594928860664368
0.7839739918708801
0.6767401695251465
0.608100175857544
0.4298620820045471
0.7092279195785522
1.0877612829208374
0.36051708459854126
0.3332080841064453
0.5156575441360474
0.4210655093193054
0.6915555000305176
0.5973883867263794
0.6665831804275513
0.6543475389480591
0.4110546112060547
0.48294147849082947
0.4825640618801117
0.8404184579849243
0.390129953622818
0.37435218691825867
0.4216945767402649
0.6395601034164429
1.255385398864746
0.3814966082572937
0.3792503774166107
0.46381521224975586
0.29436326026916504
0.6407673954963684
0.5124821662902832
0.17407774925231934
0.3457866311073303
0.2987368106842041
0.6695675253868103
0.6574759483337402
0.6192975044250488
0.48481911420822144
0.3799821138381958
0.9425716400146484
0.2551211416721344
0.286440908908844
0.5278191566467285
0.21342067420482635
0.7431529760360718
0.680418848991394
0.6790066957473755
0.6864341497421265
0.7887003421783447
0.4564477801322937
0.6420224905014038
0.3164564371109009
0.4091273844242096
0.2450755387544632
0.6271861791610718
0.5129967927932739
0.5195446610450745
0.9352819323539734
0.3031883239746094
0.4739963412284851
0.5129725337028503
0.31723567843437195
0.5996237993240356
0.7816888093948364
0.39238327741622925
0.4451034665107727
0.617107629776001
0.389606773853302
0.4662574827671051
0.74593585729599
0.5365277528762817
1.091520071029663
0.6447975635528564
0.47017964720726013
0.5726562738418579
0.3812902867794037
0.276934415102005
0.3887479901313782
0.41417378187179565
0.5710679292678833
0.49881061911582947
0.30708152055740356
0.8811834454536438
0.5211619138717651
0.48602357506752014
0.2949168086051941
0.2727425992488861
0.33310285210609436
0.8364013433456421
0.5713422894477844
0.7850608825683594
0.7460023164749146
0.4559149742126465
0.45849138498306274
0.47720497846603394
0.23155541718006134
0.45259803533554077
0.37110671401023865
0.48875483870506287
0.2572549879550934
0.37617728114128113
0.16031098365783691
0.5131654739379883
0.2493939846754074
0.7890111207962036
0.44081148505210876
0.4843667447566986
0.5496162176132202
0.42239195108413696
0.318136990070343
0.35435277223587036
0.20504848659038544
0.5542244911193848
0.4026969373226166
0.7635264992713928
0.31446507573127747
0.45643550157546997
0.636570155620575
0.8491067886352539
0.9030071496963501
0.5018294453620911
0.45804089307785034
0.6877553462982178
0.4855023920536041
0.3580685555934906
0.5977340936660767
0.3898802399635315
0.3769364356994629
0.786789059638977
0.43399912118911743
0.2172842025756836
0.7441969513893127
0.27087607979774475
0.3309996724128723
0.3101764917373657
0.651734471321106
0.358085960149765
0.6666408777236938
0.5357385873794556
0.5251013040542603
0.412792831659317
0.6661502122879028
0.7175735235214233
1.083282232284546
0.2266179770231247
0.30177631974220276
0.37126412987709045
0.7298467755317688
1.1070116758346558
0.19505560398101807
0.6547804474830627
0.6492635607719421
0.5192947387695312
0.509743332862854
0.4360271394252777
1.0430635213851929
0.9120338559150696
