0.621283233165741
0.6551958918571472
1.2031830549240112
0.592662513256073
0.6125980019569397
0.5676623582839966
0.4234921336174011
0.8251146078109741
1.0114188194274902
0.9277739524841309
0.7551064491271973
0.6725969314575195
0.5639458298683167
1.6384477615356445
0.41711553931236267
0.6036170125007629
0.30985376238822937
0.5247443914413452
1.0213879346847534
0.7990579605102539
0.9717119932174683
0.5495612025260925
0.5460904240608215
0.7034891247749329
0.40995150804519653
0.6955369710922241
0.6290445923805237
0.9955240488052368
0.9695741534233093
0.6484271287918091
0.587882936000824
1.0744611024856567
0.7466431856155396
0.5801055431365967
0.9664918184280396
0.8842028379440308
1.019078254699707
0.692820131778717
0.6263862252235413
0.8148946762084961
0.5741235613822937
0.5575094819068909
0.48450079560279846
0.9677306413650513
0.9209779500961304
1.0884977579116821
0.7838946580886841
0.5687612295150757
0.7439536452293396
0.9446687698364258
0.7472618818283081
0.7215551137924194
0.6911125779151917
0.6323038339614868
0.6414655447006226
0.6386287808418274
0.7570263743400574
0.5126294493675232
0.48801320791244507
0.6911731958389282
0.45226550102233887
0.43064481019973755
0.5390056371688843
0.5357650518417358
0.8364200592041016
0.7478423118591309
0.6090373396873474
0.8407421112060547
0.637367844581604
0.41783055663108826
0.40541714429855347
0.3808133006095886
0.7272247672080994
0.7625378370285034
0.6872369050979614
1.1768851280212402
0.43722715973854065
0.947593092918396
0.8205242156982422
0.638312816619873
0.5286749005317688
0.4082685112953186
0.5034698247909546
0.7738224267959595
0.47543054819107056
0.8705111742019653
0.5700897574424744
0.5110764503479004
0.4533291459083557
0.43399184942245483
0.7575744390487671
0.7985432744026184
0.6425493955612183
0.5747178196907043
0.8978117108345032
0.5117976069450378
0.47676610946655273
0.5390737652778625
0.5408404469490051
0.9816126823425293
0.35040760040283203
0.42477625608444214
0.5441907644271851
0.30666545033454895
0.5904707908630371
0.712480366230011
0.4020412862300873
0.9311933517456055
1.1065011024475098
0.4615626931190491
0.5548943281173706
0.724683403968811
0.8271419405937195
0.7687302827835083
0.7926350831985474
0.7912885546684265
0.7136762738227844
1.101871132850647
0.3750065863132477
1.1359933614730835
0.5763929486274719
1.0049608945846558
0.3246593773365021
0.7634668350219727
0.6500830054283142
0.4036175608634949
0.8184019327163696
0.8051315546035767
1.4365980625152588
0.8110917806625366
0.39846688508987427
0.6851824522018433
0.712443470954895
0.5777759552001953
0.3661689758300781
0.46272459626197815
0.838000476360321
0.509558379650116
0.8972147107124329
0.9384316205978394
0.5006605982780457
0.6405871510505676
0.9146299362182617
0.36307400465011597
0.6371252536773682
0.4022356867790222
1.0622714757919312
0.5994674563407898
0.9580361247062683
0.8064059019088745
1.006138801574707
0.9156408309936523
0.5892946124076843
0.8310707807540894
0.8437439203262329
0.6945277452468872
0.5832229852676392
0.4630047678947449
0.6453402638435364
0.5389857292175293
0.7147144079208374
0.5204586982727051
0.7312108278274536
1.1237218379974365
0.5652939677238464
0.7584341168403625
0.8016727566719055
0.5776155591011047
1.0140502452850342
0.7370367646217346
0.7307542562484741
0.7980178594589233
0.36456307768821716
0.805522084236145
0.9181751012802124
1.2013665437698364
0.5065584182739258
0.5824005007743835
0.7212179899215698
0.7476285099983215
0.8440836668014526
0.9749643206596375
0.5902272462844849
0.8413616418838501
0.3970460295677185
0.8894697427749634
0.6381589770317078
1.3185293674468994
0.6663349866867065
0.5262619853019714
0.6251444816589355
0.4340798854827881
0.79425448179245
1.1351184844970703
1.1019235849380493
1.3403971195220947
0.8781892657279968
0.6915286183357239
0.5676976442337036
0.9070073962211609
0.38298600912094116
0.6212129592895508
0.6759175062179565
1.0879848003387451
0.46721816062927246
0.987103283405304
0.5066677927970886
0.7734051942825317
0.5815741419792175
0.6012941002845764
0.4915761351585388
0.6426750421524048
0.5751692652702332
0.437816321849823
0.7238692045211792
0.688849151134491
0.9601830244064331
1.3131145238876343
0.6473678350448608
0.6125339269638062
0.4871280789375305
0.7925503253936768
0.7964016199111938
0.6085836291313171
0.9765561819076538
0.6848894357681274
1.0820618867874146
0.44590044021606445
0.6181855797767639
0.6821260452270508
0.544644832611084
0.6191113591194153
0.3683399558067322
0.5797743201255798
0.46446409821510315
0.6729593276977539
0.9534280896186829
1.1172246932983398
0.5348501205444336
0.5802688002586365
0.5615860819816589
0.9662982821464539
1.1287291049957275
0.7847605347633362
0.7278410196304321
0.40586432814598083
0.6002815365791321
0.9696632623672485
0.8453779220581055
0.5886034965515137
1.1016266345977783
0.42697668075561523
0.8214035034179688
0.7741031646728516
0.4878840446472168
0.3812538683414459
0.5810567736625671
0.5522391200065613
0.5652627944946289
0.7896395921707153
0.693947434425354
1.0356847047805786
0.4701416492462158
1.348655343055725
0.6140199303627014
0.7335478067398071
0.6850975751876831
0.9286687970161438
0.8198928833007812
0.5522729754447937
0.8386828303337097
0.6095651388168335
0.4223189353942871
0.7044731974601746
0.8392491340637207
0.6361826062202454
1.1371691226959229
0.7803276181221008
0.4647858738899231
0.3242299556732178
0.6693025827407837
0.5529491305351257
0.5513561367988586
0.534999668598175
0.5324045419692993
0.7213082313537598
1.0668649673461914
0.7974141240119934
0.6106284856796265
0.9549058675765991
0.8864343762397766
0.42335957288742065
1.1612533330917358
0.26700571179389954
1.2658357620239258
0.3251519799232483
0.9389272928237915
1.0296804904937744
0.46312493085861206
0.25624656677246094
0.9499303102493286
0.751711368560791
0.939639687538147
0.7049514055252075
0.7473996877670288
0.6374731659889221
0.5475851893424988
0.4232098460197449
1.2851462364196777
0.8382512331008911
0.6461683511734009
0.6026577949523926
0.6122688055038452
0.5154370069503784
0.8112367391586304
0.7463536262512207
0.9178417325019836
0.7417159080505371
0.9506551027297974
1.7315905094146729
0.5116645097732544
0.6615370512008667
0.6167256832122803
0.5711187124252319
0.39748743176460266
0.7847669720649719
0.525128185749054
1.5553953647613525
0.34857630729675293
0.7842506170272827
0.7162085771560669
0.6278943419456482
0.8203374147415161
0.8916687965393066
0.5998232960700989
0.7521084547042847
0.7493627667427063
1.3867555856704712
