0.7342433333396912
0.4102746844291687
0.269689679145813
0.5105065107345581
0.35606154799461365
0.43484941124916077
0.4510767459869385
0.3720704913139343
0.3229713439941406
0.6972078084945679
0.7290062308311462
0.32632070779800415
0.5352081656455994
0.7926552891731262
0.6112185120582581
0.6235793828964233
0.518523097038269
0.4563218951225281
0.5054396390914917
0.6421760320663452
0.8369873762130737
0.6103054881095886
0.9129424095153809
0.7080448865890503
0.7377626299858093
0.3642563223838806
0.4898771345615387
0.36471250653266907
0.7666147351264954
0.2822222411632538
1.1371641159057617
0.2494545429944992
0.41893959045410156
0.5682070851325989
0.26400840282440186
0.23274639248847961
0.6109029650688171
0.7866861820220947
0.4091128706932068
0.6311601400375366
0.43196621537208557
0.9916426539421082
0.5022233128547668
1.0035375356674194
0.27276289463043213
0.5598272085189819
0.37131527066230774
0.4480198919773102
0.4888305068016052
0.34131237864494324
0.4907206892967224
0.46760696172714233
0.8019773364067078
0.32879704236984253
0.5814179182052612
0.266954243183136
0.5076104998588562
0.5854650735855103
0.39028555154800415
0.48036447167396545
1.0101292133331299
0.5789235830307007
0.6117549538612366
0.9225819706916809
0.7187660932540894
0.21862277388572693
0.44865870475769043
0.22289280593395233
0.7249347567558289
0.6966201663017273
0.4248051643371582
0.255716472864151
0.4583013653755188
0.5788086652755737
0.579696774482727
0.5941101908683777
0.39143162965774536
0.7472739815711975
0.7400463819503784
0.6365919709205627
0.5553897619247437
0.4343340992927551
0.39327722787857056
0.47052329778671265
0.447411447763443
0.2901040315628052
0.5414804816246033
0.4872691035270691
0.516385555267334
0.6319657564163208
0.24792185425758362
1.015040397644043
0.3433011770248413
0.4775790274143219
0.5327573418617249
0.5320442914962769
0.5172191858291626
0.343309223651886
0.819119930267334
0.38545501232147217
0.8230876922607422
0.3946044445037842
0.8076065182685852
1.0986385345458984
0.8432117700576782
1.0144582986831665
0.7140390276908875
1.1462998390197754
0.5285832285881042
0.3460242748260498
0.9719530940055847
0.2915951609611511
0.6423493027687073
0.0832303985953331
0.6708551049232483
0.5567963719367981
0.4443441331386566
0.680195689201355
0.8455055356025696
0.5290220975875854
0.4487531781196594
0.6571634411811829
0.63066565990448
0.4877174496650696
0.30941611528396606
0.44574135541915894
0.5090212225914001
0.4747770428657532
0.3714825510978699
0.7823361158370972
0.3680051863193512
0.645879328250885
0.5485877990722656
0.3990957736968994
0.4022008776664734
0.6659187078475952
0.7411577105522156
0.2940406799316406
0.40903082489967346
0.45130354166030884
0.6319058537483215
0.757893443107605
0.1982114315032959
0.9073070287704468
0.7440119981765747
0.6835907101631165
0.7484771609306335
1.3186396360397339
0.6670086979866028
1.123823881149292
0.512726902961731
1.0755457878112793
0.7274155616760254
0.35859429836273193
0.5680603981018066
0.7777122259140015
0.6361734867095947
0.2949802875518799
0.31919556856155396
0.3840581774711609
0.6575828790664673
0.30618348717689514
0.5077840089797974
0.37673574686050415
0.3372739553451538
0.6751092076301575
1.2089709043502808
0.6337935328483582
0.23634009063243866
0.42613738775253296
0.8392437100410461
0.361640602350235
0.7240509986877441
0.428232342004776
0.5513149499893188
0.738313615322113
0.60606449842453
0.8182539939880371
0.3733554482460022
0.5877821445465088
1.0804322957992554
0.6728255152702332
0.4443388879299164
0.6195311546325684
0.40457162261009216
0.5922032594680786
0.46116647124290466
0.9475391507148743
0.683159351348877
0.4563543200492859
0.26469624042510986
0.35080766677856445
0.4398493766784668
0.452667772769928
0.2135143280029297
0.43466225266456604
0.3485047519207001
0.43680042028427124
0.503960907459259
0.4057636260986328
0.37234002351760864
0.568276047706604
0.2833717167377472
0.6279042959213257
0.5983245968818665
0.4513762891292572
0.8984204530715942
1.1240730285644531
0.2126583606004715
0.2028661072254181
0.7051440477371216
0.33469510078430176
0.30464261770248413
0.20099548995494843
0.5256299376487732
0.4022730886936188
0.7241063117980957
0.5152169466018677
0.6257219910621643
0.7166839838027954
0.8403875231742859
1.1714075803756714
0.3763609528541565
0.5595147609710693
0.44713106751441956
0.39867833256721497
0.3477209806442261
0.5823914408683777
0.5963847041130066
0.47220563888549805
0.9769784808158875
0.3619321882724762
0.3329777419567108
0.41239577531814575
0.701465368270874
0.6068543791770935
1.054345965385437
0.5514377355575562
0.6469987034797668
0.7293279767036438
0.8036724328994751
0.41597849130630493
0.3902669847011566
0.503820538520813
0.6010928153991699
0.2860140800476074
0.34625717997550964
0.3343181312084198
0.5704920887947083
0.37384405732154846
0.37930822372436523
0.31655803322792053
0.3094791769981384
0.5243719220161438
0.3324054181575775
0.9927299618721008
0.1791224479675293
0.31979700922966003
0.2191072702407837
0.5051309466362
0.27247530221939087
0.3442719578742981
0.24737033247947693
0.52773517370224
0.4779280126094818
0.3668055236339569
0.5913630127906799
0.49381008744239807
0.3256608843803406
1.2413517236709595
0.42085638642311096
0.4899072051048279
0.8574172854423523
0.5411900281906128
0.7623223066329956
0.3428193926811218
0.6641362905502319
0.586936891078949
1.0309221744537354
0.5504260063171387
0.294971764087677
0.3374885022640228
0.1971786916255951
0.6521281003952026
0.7019751667976379
1.2413222789764404
0.33774545788764954
0.3902233839035034
0.6895122528076172
0.6689556241035461
0.6537466645240784
0.33186426758766174
0.8470438718795776
0.6187871694564819
0.4346862733364105
0.6713945269584656
0.6115711331367493
0.7169828414916992
0.2337525188922882
0.17525771260261536
0.7470201849937439
0.14223948121070862
0.5032535791397095
0.43379372358322144
0.7332123517990112
0.19731801748275757
0.7416343092918396
0.5473035573959351
0.4181135296821594
0.5644290447235107
0.6354102492332458
0.49333494901657104
0.45341721177101135
0.46317344903945923
0.49100881814956665
0.6960448622703552
0.39252394437789917
0.5323629379272461
0.39457088708877563
1.234591007232666
0.3620828688144684
0.6030343174934387
1.0631403923034668
0.41426363587379456
0.16429106891155243
0.7396146655082703
0.49092429876327515
0.3914046883583069
0.5473579168319702
0.3956442177295685
0.22318382561206818
0.4375216066837311
1.1215364933013916
1.1378977298736572
1.1645281314849854
0.4102921485900879
0.3533078134059906
0.4970250427722931
