0.4086962640285492
1.4110438823699951
0.3245748281478882
0.3394339382648468
0.9182877540588379
0.277351438999176
0.7643096446990967
0.7877916097640991
0.4324885904788971
1.0290954113006592
0.6170960068702698
0.6719834208488464
0.365587055683136
0.40433159470558167
0.19580313563346863
0.563432514667511
0.38320618867874146
0.7014580965042114
0.5398176908493042
0.43622732162475586
0.6515675783157349
0.31562644243240356
0.3867174983024597
0.5970813632011414
0.9113143682479858
0.36399564146995544
0.49246150255203247
0.7159043550491333
0.43558281660079956
0.6704217791557312
0.6522098779678345
0.41625547409057617
0.5269245505332947
1.0338057279586792
0.1909165233373642
0.9260749816894531
0.3104071021080017
0.49086204171180725
0.8018280267715454
0.3354716897010803
0.4870591163635254
0.6308227777481079
0.7100484371185303
0.6394634246826172
0.638829231262207
0.9852157831192017
0.49479928612709045
0.8388931155204773
0.39053288102149963
0.5372065305709839
0.3073846697807312
0.45253658294677734
0.5461825728416443
0.39141249656677246
0.9089753031730652
0.48398908972740173
0.31726276874542236
0.46188879013061523
0.34454283118247986
0.2604643702507019
0.8949480056762695
0.47977790236473083
0.3426656723022461
0.4176885485649109
0.7803953886032104
0.5665060877799988
0.8217302560806274
0.5762485265731812
0.4076792597770691
0.525521457195282
0.26070719957351685
0.6726776957511902
0.8959518671035767
0.6217409372329712
0.7429184913635254
0.6810334920883179
0.6281738877296448
0.5592764616012573
0.49592989683151245
0.7042248845100403
0.7088893055915833
0.16636648774147034
0.3532662093639374
0.3245713710784912
0.7859698534011841
0.3342353403568268
0.3437322974205017
0.37357956171035767
0.5155455470085144
0.5305590033531189
0.30502980947494507
0.9571318626403809
0.45115357637405396
0.5170150995254517
0.45912617444992065
0.7725275158882141
0.6996169686317444
0.6195462942123413
0.5257249474525452
0.6559289693832397
0.48306918144226074
0.3027094006538391
0.5838140845298767
0.4475136697292328
0.3415204882621765
0.3623010516166687
0.3512774109840393
0.5562626719474792
0.36844056844711304
0.639095664024353
0.7436190843582153
1.0442568063735962
0.7385503053665161
0.48096948862075806
0.42634111642837524
0.37982645630836487
0.5673242807388306
0.24691025912761688
0.5523951649665833
0.36340123414993286
0.35506922006607056
1.0539366006851196
0.5283820033073425
0.8488819003105164
0.7453491687774658
0.4434990882873535
0.5868653059005737
0.48659855127334595
0.4256536364555359
0.4701197147369385
0.3645342290401459
0.8103609085083008
0.3384796679019928
0.4108784794807434
0.9228631258010864
0.6597461700439453
0.9680061340332031
0.48576658964157104
0.3050737977027893
0.6973967552185059
0.496364027261734
0.3977356553077698
0.8710601925849915
0.23845434188842773
0.4198092520236969
0.9576045274734497
0.320593923330307
0.6821430921554565
0.5396588444709778
0.2600795328617096
0.4264909625053406
0.5809441804885864
0.8548059463500977
0.7689698934555054
0.7631888389587402
0.695480227470398
0.8382636904716492
0.5836114883422852
0.421999454498291
0.46365004777908325
0.9702043533325195
0.618060290813446
0.4856696128845215
0.7297404408454895
0.31575778126716614
0.7421507239341736
0.5656150579452515
0.49150943756103516
0.6579024791717529
0.4132625460624695
0.5766382217407227
0.34377971291542053
0.2813134789466858
0.4823071360588074
0.6077786684036255
0.8134639859199524
1.0675299167633057
0.41968709230422974
0.44010114669799805
0.29202646017074585
0.49173077940940857
0.7560721635818481
0.28492337465286255
0.3871120810508728
0.9962676167488098
0.7686607241630554
0.39938992261886597
0.17492644488811493
0.4003334641456604
0.693693995475769
1.189532995223999
0.9501868486404419
0.5819844007492065
0.2674992084503174
0.8068981170654297
0.4554784297943115
0.21544793248176575
0.7406123280525208
0.19589820504188538
0.4565499424934387
0.8184700012207031
0.5792826414108276
0.5813083052635193
0.6119425296783447
0.381235808134079
0.23555143177509308
0.7459007501602173
0.3920562267303467
0.9377663731575012
0.5965155363082886
0.8576921224594116
0.7854397296905518
0.6560513377189636
0.5654767751693726
0.6012418866157532
0.374690443277359
0.495840847492218
0.5597437620162964
0.6999172568321228
0.1748580038547516
0.3261217772960663
0.6664503812789917
0.2831772565841675
0.3024684488773346
0.4248202443122864
0.3817799687385559
0.855918288230896
0.4666658341884613
0.3844126760959625
0.23653507232666016
0.5479597449302673
0.32758650183677673
0.9204320907592773
0.9126083254814148
0.508934736251831
0.47044554352760315
0.33026665449142456
0.732236921787262
0.31806471943855286
0.42090320587158203
0.44747573137283325
0.5216844081878662
0.21625299751758575
0.48959845304489136
0.8644591569900513
0.37835821509361267
0.6975420117378235
0.3346520662307739
0.3414852023124695
0.6205496788024902
0.6874710917472839
0.2522630989551544
0.520479142665863
0.2625475823879242
0.6915793418884277
0.47858095169067383
0.646504282951355
1.1343469619750977
0.34014731645584106
0.6557027101516724
0.23973684012889862
0.5175589919090271
0.7242507338523865
0.45831698179244995
0.23721809685230255
0.2878711223602295
0.5659961700439453
0.460360050201416
0.5750764608383179
0.6562126278877258
0.4807763993740082
0.5001814365386963
0.45436978340148926
0.8158705830574036
0.24542847275733948
0.4501522481441498
0.2705811560153961
0.27519336342811584
0.6377850770950317
0.3859860301017761
0.42939144372940063
0.8179402351379395
0.5614594221115112
0.44556277990341187
0.5767485499382019
0.7116104364395142
0.7265779376029968
0.7536494135856628
0.40583285689353943
0.2467806339263916
0.4206956923007965
0.4168417453765869
0.3422146439552307
0.4224770963191986
0.9072235226631165
0.34270796179771423
0.8609649538993835
0.24136924743652344
0.3589703440666199
0.7216281890869141
0.4944184422492981
0.5778301954269409
1.348552942276001
0.8299034833908081
0.4979449212551117
0.6632919907569885
0.5377774238586426
0.857502281665802
0.5594776272773743
0.6401671171188354
0.3723750710487366
0.6328765153884888
1.6629889011383057
0.5397202372550964
0.46022477746009827
0.45475730299949646
0.43939512968063354
0.5879861116409302
0.5460044145584106
0.66490638256073
0.2865835428237915
0.611318826675415
0.5108917951583862
0.4193344712257385
0.6540924906730652
0.8489601016044617
0.22653412818908691
0.41135939955711365
0.6763033866882324
0.317327082157135
0.44807901978492737
0.774757981300354
0.31484705209732056
0.6395562887191772
0.3847068250179291
0.7738932371139526
0.8062289953231812
1.4242764711380005
