0.5489903688430786
0.5069546103477478
1.2482728958129883
0.306733638048172
0.36725762486457825
0.37051182985305786
0.3154889643192291
0.6002782583236694
0.5945078134536743
0.212433859705925
0.7256978750228882
0.5530162453651428
0.5240753889083862
0.5618463754653931
0.5469950437545776
1.2192059755325317
0.48426079750061035
0.4164718985557556
0.6327466368675232
0.6639981865882874
0.5674288272857666
0.8178823590278625
1.2827723026275635
0.4343256950378418
0.23598313331604004
0.5788790583610535
0.3538655638694763
0.4619036316871643
0.4343142509460449
0.808161735534668
0.37203025817871094
0.3048191964626312
0.6288968324661255
0.4534192979335785
0.30651748180389404
0.31416240334510803
0.49717003107070923
0.8012096285820007
0.739280104637146
0.5149805545806885
0.35484376549720764
0.7985950708389282
0.33645638823509216
0.3781629502773285
0.7384011149406433
1.1336238384246826
0.6199014782905579
0.3655106723308563
0.3706664443016052
0.5825023651123047
0.37268927693367004
0.46201658248901367
0.47931432723999023
0.6863452196121216
0.3950100541114807
0.4746524393558502
0.6607495546340942
0.5013912320137024
0.3934500515460968
0.3667183518409729
0.3896419107913971
0.8509590029716492
0.2635624408721924
0.37300482392311096
0.48007073998451233
0.6474912762641907
0.17476549744606018
0.831804096698761
0.2868513762950897
0.6615397930145264
0.7889610528945923
0.8528940081596375
0.3993557393550873
0.45236077904701233
1.1092534065246582
0.2526308000087738
0.7198382616043091
0.5011760592460632
0.6796636581420898
0.4874778687953949
0.7727766036987305
0.5442320108413696
1.1329727172851562
0.5666084289550781
0.19612130522727966
0.6099146008491516
0.7654157876968384
0.5318828821182251
0.5225982666015625
0.33459681272506714
0.6220628619194031
0.624634861946106
0.5275022387504578
0.2923615574836731
0.3648686110973358
0.21370191872119904
0.3246731162071228
0.5483542680740356
0.48375314474105835
0.3927837014198303
0.5231496095657349
0.5847638845443726
0.38763418793678284
0.3725651800632477
0.5773757696151733
0.6421167850494385
0.3955787420272827
0.5551789999008179
0.5245143175125122
0.2708459496498108
0.2914251685142517
1.0799363851547241
0.28764253854751587
0.46446147561073303
0.4068147540092468
0.4445534646511078
0.41695696115493774
0.2759716510772705
0.7620670199394226
0.3577369451522827
0.5309885144233704
0.36648207902908325
0.27872520685195923
0.8617718815803528
0.5309877395629883
0.34174054861068726
0.18526193499565125
0.49664101004600525
0.1643839329481125
0.8920029401779175
0.6673644781112671
0.3946194052696228
0.499162495136261
0.13520406186580658
0.31512451171875
0.7191495299339294
0.44293585419654846
0.8827642202377319
0.32200074195861816
0.5291164517402649
0.6392058730125427
0.5909969806671143
0.7316485643386841
0.3566640019416809
0.5284930467605591
0.580346405506134
0.563736617565155
0.38332119584083557
0.5418037176132202
0.49725350737571716
0.6033604741096497
0.49621716141700745
0.5202596783638
0.4290749430656433
1.531646490097046
0.6958285570144653
0.5336523056030273
0.6006026268005371
0.5717265009880066
0.5102568864822388
0.826586127281189
0.32307836413383484
0.5827276706695557
0.6375551223754883
0.8388742208480835
0.6350387334823608
0.42992085218429565
0.5815569162368774
0.42499059438705444
0.37892815470695496
0.42002391815185547
0.6857837438583374
1.175636887550354
0.46197229623794556
0.6273683905601501
0.3753449022769928
1.0975764989852905
0.4353317618370056
0.7357211112976074
0.5188215374946594
0.7240333557128906
0.6746267676353455
0.8865248560905457
0.6498478651046753
0.2863638997077942
0.5066364407539368
0.5580954551696777
0.6166921854019165
0.39387401938438416
0.386448472738266
0.3616366982460022
0.47881603240966797
0.6259482502937317
0.9005266427993774
0.27819615602493286
0.7337859869003296
0.3444804251194
0.24759845435619354
1.0465680360794067
1.0735857486724854
0.46090811491012573
0.7782403230667114
0.3711508810520172
0.5088082551956177
0.3109765648841858
0.3931056559085846
0.664374828338623
0.5258466005325317
0.5619985461235046
0.38328537344932556
1.096369981765747
0.24167141318321228
0.6941434741020203
0.5096628665924072
0.4475904405117035
0.6423103213310242
0.639175534248352
0.4407735764980316
0.5579586029052734
0.3298746943473816
0.5453158617019653
0.4760751724243164
0.5816484689712524
0.6603869199752808
0.41180795431137085
0.3746720850467682
0.9216151237487793
0.5345451831817627
0.17671704292297363
0.4860421121120453
0.21753963828086853
1.422416090965271
0.4065279960632324
0.17353659868240356
0.40772080421447754
0.2841495871543884
0.38538533449172974
0.5767229199409485
0.34359103441238403
0.5374225974082947
0.38215264678001404
0.579983115196228
0.5584609508514404
0.7764657735824585
0.46499666571617126
0.4211479723453522
0.47118353843688965
0.5037512183189392
0.8272746205329895
1.0704361200332642
0.2269972860813141
0.7162027359008789
1.408752202987671
0.26261118054389954
0.4198372960090637
0.6129271388053894
0.6680505275726318
0.5438450574874878
0.775394082069397
1.3605008125305176
0.7379010915756226
0.31144046783447266
0.4676303267478943
0.3854448199272156
0.29861554503440857
0.5808706879615784
0.8603488802909851
0.3472665548324585
1.1183888912200928
1.0295870304107666
0.4800778031349182
0.6642118692398071
0.65141761302948
0.6302094459533691
0.4730913043022156
0.3135012090206146
0.2935619652271271
0.09569442272186279
0.8561750650405884
0.2755938470363617
0.6798394918441772
0.37120169401168823
0.36685770750045776
1.176943302154541
0.19650542736053467
0.39612963795661926
0.7126004099845886
0.30495160818099976
0.3488745093345642
0.846840500831604
0.40047064423561096
0.6924158930778503
0.4854280352592468
0.7450586557388306
0.7408028841018677
0.6489407420158386
0.3357383906841278
0.4896603524684906
0.5466915369033813
0.2909370958805084
0.4132327437400818
0.5194993615150452
0.4024975299835205
0.46156948804855347
0.5775400996208191
0.5481827855110168
0.5673255920410156
0.631610095500946
0.36391180753707886
0.1879355013370514
0.4742392599582672
0.515667736530304
0.3202858567237854
0.8959275484085083
0.6120460629463196
0.3707030117511749
0.6366277933120728
0.39869433641433716
0.5472877621650696
1.0528504848480225
0.8835904002189636
0.4498136639595032
0.5376673340797424
0.830353856086731
0.3378898501396179
0.6771581172943115
0.29118451476097107
0.35601088404655457
0.849418044090271
0.963823676109314
0.275598406791687
0.7691579461097717
0.7193590402603149
0.2022331953048706
0.46468955278396606
0.5147714018821716
0.5491647124290466
0.303667813539505
