0.4270808696746826
0.8955787420272827
0.8538797497749329
0.8976327776908875
0.5828661322593689
0.80646812915802
0.4555055499076843
0.3964579999446869
0.5506565570831299
0.5109991431236267
1.1205393075942993
0.4926115572452545
0.8626165390014648
0.5187565088272095
0.9717384576797485
0.38710179924964905
0.4035792350769043
0.9392802119255066
0.22347807884216309
0.20614106953144073
0.950592041015625
0.45028725266456604
0.24004855751991272
0.40671271085739136
0.24746842682361603
0.5057495832443237
0.5050188899040222
1.4066468477249146
0.4158446192741394
0.7308463454246521
0.3835425078868866
0.6869937181472778
0.6684116721153259
0.46755895018577576
0.5150952339172363
0.6186739206314087
0.44646158814430237
0.5505605936050415
0.3744475245475769
0.9956690073013306
0.4719465374946594
0.9124101400375366
0.7460663914680481
0.3971726894378662
0.5815069079399109
0.4297301769256592
0.321403831243515
0.35410961508750916
0.322374165058136
0.31347018480300903
0.4025801718235016
0.4209854006767273
0.7570680379867554
0.36593252420425415
0.4561785161495209
0.7738960385322571
0.7189990878105164
0.7624909281730652
0.41215094923973083
0.6300312280654907
0.46808719635009766
0.475816011428833
0.7092545628547668
0.716567873954773
0.501049816608429
0.39357322454452515
0.3432859182357788
0.4569447934627533
0.44701963663101196
0.24057519435882568
0.36577335000038147
1.3986437320709229
0.3948104977607727
0.5680392384529114
0.15573398768901825
0.4897913932800293
0.3330390155315399
0.4592408239841461
0.36733710765838623
0.36006149649620056
0.2750400900840759
0.6995667219161987
0.8038729429244995
0.3557232618331909
0.6776574850082397
0.4243983328342438
0.5270664095878601
0.4368166923522949
0.18745961785316467
0.5250698328018188
0.47638916969299316
0.3011533319950104
0.3747125566005707
0.539608895778656
0.5010491609573364
0.3511459231376648
0.24589259922504425
0.5784664154052734
0.4840545654296875
0.41591113805770874
0.5263543725013733
0.8887311816215515
0.3264800012111664
0.4993388056755066
1.0201021432876587
0.3578069806098938
0.22306077182292938
0.31265348196029663
0.4673164486885071
0.4330514371395111
0.3120023310184479
0.49921178817749023
0.5146507024765015
0.4407617151737213
0.7792692184448242
0.24864888191223145
0.7298235893249512
0.6787649989128113
0.7001886367797852
0.4902924597263336
0.8289721608161926
0.633368968963623
0.47883033752441406
0.2706614136695862
0.5304730534553528
1.0949110984802246
0.41028302907943726
0.5366454720497131
0.5828341245651245
0.953140377998352
0.5339204668998718
0.813086211681366
0.6391208171844482
0.647128701210022
0.341932088136673
0.460122674703598
0.39675772190093994
0.5648398995399475
0.5158528685569763
0.27828988432884216
0.6697974801063538
1.0108044147491455
0.7326529622077942
0.8424116969108582
0.6805126667022705
0.48820066452026367
0.4764276444911957
0.4820272922515869
0.7025386095046997
0.43351268768310547
0.4510044455528259
0.7165616750717163
0.5583604574203491
0.2432996779680252
0.27856507897377014
0.36177653074264526
0.3519876301288605
0.35383957624435425
0.41284680366516113
0.4765261113643646
0.6338082551956177
0.3314083516597748
0.6914170384407043
0.6245800256729126
0.31165051460266113
0.5937726497650146
0.3163259029388428
0.9980182647705078
0.599051296710968
0.5790680050849915
0.7366381287574768
0.17436280846595764
0.4601568281650543
0.43730488419532776
0.463678777217865
0.32393401861190796
0.4612996578216553
0.6943319439888
0.5862337350845337
0.603410542011261
0.3366236984729767
0.3478344976902008
0.5123600959777832
0.5388646721839905
0.3066011071205139
0.36345237493515015
0.7221497297286987
0.4628458023071289
0.6470931172370911
0.6116920709609985
0.32409563660621643
0.575776994228363
0.6332035064697266
0.39879119396209717
0.5345687866210938
0.2600551247596741
0.7418983578681946
0.36018338799476624
0.6391452550888062
0.6083690524101257
0.6760362386703491
0.7254395484924316
0.6100459098815918
0.5015878677368164
0.8022206425666809
0.24340291321277618
0.6568629741668701
0.18221591413021088
0.5124750137329102
0.29054147005081177
0.5478368997573853
0.19779399037361145
0.7813535928726196
0.38757264614105225
0.5953943133354187
0.741864800453186
0.3297562599182129
0.6203247308731079
0.4898200035095215
0.3466169536113739
0.6095917820930481
0.4348769783973694
0.9371658563613892
0.5651984810829163
1.293582558631897
0.3950784206390381
0.5407130718231201
0.7638123035430908
0.8381544947624207
0.6251013278961182
0.6706878542900085
0.7767447829246521
0.8640245199203491
0.5404773354530334
0.18984003365039825
0.5468834638595581
0.742353081703186
0.734249472618103
0.2900972068309784
0.435023695230484
0.2669331431388855
0.23173204064369202
0.44203004240989685
0.6777807474136353
0.34181660413742065
0.45133763551712036
0.8761528730392456
0.580663800239563
0.4342000484466553
0.6518893837928772
0.48495960235595703
0.3619249165058136
0.5419058203697205
0.45879966020584106
0.32773923873901367
0.3915739357471466
0.38613614439964294
0.5366474390029907
0.4793536067008972
0.507601261138916
0.459602028131485
0.32607874274253845
0.8567684292793274
0.6543723940849304
0.44505566358566284
0.5940245389938354
0.3166346251964569
0.4793716073036194
0.38854101300239563
0.5543268322944641
0.23048081994056702
0.9734439849853516
0.8393865823745728
0.582621693611145
0.6548370122909546
0.33716434240341187
0.5383280515670776
0.4003989100456238
0.38387787342071533
0.718111515045166
0.8344058990478516
0.5101690292358398
0.6385012269020081
0.44403067231178284
0.6593610644340515
0.7277705073356628
0.4785517752170563
0.1977924406528473
1.0865023136138916
0.3777244985103607
0.3765513002872467
0.5356496572494507
0.32642465829849243
0.7273479104042053
0.39944079518318176
0.6675547361373901
0.4734291434288025
0.2050229012966156
0.7785944938659668
0.5527790784835815
0.4869484305381775
0.5006805658340454
0.33005183935165405
0.5287097096443176
0.5555716753005981
0.36955517530441284
0.26529061794281006
0.8529682159423828
0.8222512006759644
0.5259575843811035
0.6850908398628235
0.46208062767982483
0.7215136289596558
0.7972347736358643
0.3951144218444824
0.4064028859138489
0.49802708625793457
0.32754698395729065
0.7049521207809448
0.5334799885749817
0.31324097514152527
0.8773366808891296
0.3166903853416443
0.5043462514877319
0.5966033935546875
0.20112237334251404
0.5838817358016968
0.27828219532966614
0.44137588143348694
0.471947580575943
0.5830105543136597
0.6466476917266846
0.3395279049873352
0.20742392539978027
0.3630659580230713
0.41923484206199646
0.25282368063926697
0.9130127429962158
