0.5165582895278931
0.4134560525417328
0.492403507232666
0.7346675395965576
0.4192894399166107
0.5597804188728333
0.2139825075864792
0.4110415577888489
0.7871806621551514
0.4981895983219147
0.726704478263855
0.44103914499282837
0.32562944293022156
0.3689529001712799
0.7580901384353638
0.47361859679222107
0.5721378326416016
0.4866322875022888
0.1908130943775177
0.4498605728149414
0.4639001786708832
0.6390068531036377
0.5068484544754028
0.41308507323265076
0.7738087177276611
0.4666362702846527
0.2987520694732666
0.5277566909790039
0.5482567548751831
0.4905048906803131
0.3523143231868744
0.5972752571105957
0.44930773973464966
0.4769309163093567
0.5517818927764893
0.2778668999671936
0.810189425945282
0.9380294680595398
0.34517937898635864
0.7693809270858765
0.4431993365287781
0.3948741555213928
0.4703969359397888
0.5187458395957947
0.4591306149959564
0.5629920959472656
0.35096269845962524
0.2920789122581482
0.1843639612197876
0.2436451017856598
0.4515438973903656
0.19357392191886902
0.40052229166030884
0.6083885431289673
1.1132380962371826
0.7363864183425903
0.5115012526512146
0.7465184926986694
0.44109463691711426
0.6730576157569885
0.37661996483802795
0.8055343627929688
0.3281838297843933
0.15871895849704742
0.8648629188537598
0.6542897820472717
0.517572283744812
0.5669912099838257
0.7368441820144653
0.48542317748069763
0.38632509112358093
0.7384365200996399
0.5956588983535767
0.9656696319580078
0.6831049919128418
0.5208123326301575
0.8029786944389343
0.3239540457725525
0.4000573754310608
0.6827048063278198
0.6180230379104614
0.9051800966262817
0.451801598072052
0.5603336691856384
0.7118255496025085
0.3640645146369934
0.4358769357204437
0.8537132143974304
0.598969578742981
0.4456254839897156
0.6554601192474365
0.891260027885437
0.5445515513420105
0.3289470076560974
1.145018219947815
0.48697105050086975
0.7816662788391113
0.5166414976119995
1.379433035850525
0.7270828485488892
0.9686645269393921
0.31578749418258667
1.013359785079956
0.3716508746147156
0.7019488215446472
1.4009841680526733
0.4525071978569031
0.5933800935745239
0.6605883836746216
0.4159855246543884
0.5498928427696228
0.6112366914749146
0.5441096425056458
0.6144337058067322
0.35630548000335693
0.9659554362297058
0.5594623684883118
0.7740710973739624
0.47080597281455994
0.5951648354530334
1.4041169881820679
0.27889755368232727
0.46725377440452576
0.2731319069862366
0.7710571885108948
0.5197878479957581
0.38011083006858826
0.4622957706451416
0.25823765993118286
0.2500568628311157
0.6638699769973755
0.38442662358283997
0.7181802988052368
0.27624326944351196
0.12903693318367004
1.1007840633392334
0.6576045155525208
0.5217670202255249
0.45958638191223145
0.262228786945343
0.7373085021972656
0.7545384168624878
0.4286363124847412
0.5775375366210938
0.7811619639396667
0.5328315496444702
0.506038248538971
0.6845019459724426
0.7167590260505676
0.5479336977005005
0.2485344111919403
0.6329024434089661
0.43419814109802246
0.3212984502315521
0.5150277018547058
0.5223106145858765
0.25428494811058044
0.44669342041015625
0.5340229272842407
0.3298218846321106
0.593063235282898
0.6492232084274292
0.35453495383262634
0.23277106881141663
0.3392915725708008
1.0753462314605713
0.649357259273529
0.37800779938697815
0.7291305661201477
0.5913552641868591
0.3070780038833618
0.2260618656873703
0.9912622570991516
0.7646408081054688
0.6694164872169495
0.6671532392501831
0.5364848375320435
0.6953744292259216
0.6553990840911865
0.5096683502197266
0.5186547040939331
0.3866908550262451
0.5293354988098145
0.32136109471321106
0.15664371848106384
0.6575724482536316
0.88847815990448
0.5552873015403748
0.5923991799354553
0.362239271402359
0.5170377492904663
0.5586251020431519
0.40919727087020874
0.7632772326469421
0.3808232545852661
0.6278718709945679
0.5912858247756958
0.4588727056980133
0.29024285078048706
0.9119070172309875
0.862951397895813
0.2433081418275833
0.3376801311969757
0.6677706837654114
0.6183933019638062
0.7398027181625366
0.7142284512519836
0.32649075984954834
0.4793887734413147
0.5558859705924988
0.6488097906112671
0.6945375204086304
0.3802686631679535
0.28320828080177307
0.21284516155719757
0.8701930046081543
0.3475886881351471
0.21887965500354767
0.3041357398033142
1.1639907360076904
0.28723278641700745
0.43371543288230896
0.48336344957351685
0.3584180474281311
0.21704964339733124
0.22493569552898407
0.2504933476448059
0.6341007351875305
0.37036460638046265
0.2698509097099304
0.24320277571678162
0.7839284539222717
0.6739403605461121
0.33492428064346313
0.45630425214767456
0.8412159085273743
0.5197622776031494
0.4777723252773285
0.328433096408844
0.7928400039672852
0.5500277876853943
0.35736995935440063
0.4111970365047455
0.1870669275522232
0.30904147028923035
0.5535390973091125
0.3336997330188751
0.31694483757019043
0.818503737449646
0.4014458656311035
0.5753333568572998
1.4137641191482544
0.32888683676719666
0.3453948497772217
0.6221688389778137
0.48861122131347656
0.6502655148506165
1.0920661687850952
0.4313867688179016
0.43139559030532837
0.5944055914878845
0.3575388789176941
0.4878702759742737
0.4624953866004944
0.693897545337677
0.5440123677253723
0.27243751287460327
0.5272523760795593
1.1469604969024658
0.6775341033935547
0.6239059567451477
0.41027384996414185
0.37087854743003845
0.46362513303756714
0.3442104160785675
0.5848778486251831
0.6554107666015625
0.7120043635368347
0.9552654027938843
0.1808021068572998
0.41734814643859863
0.6325094103813171
0.46051979064941406
0.4611489176750183
1.2426636219024658
0.541496217250824
0.42978447675704956
1.0662145614624023
0.41276806592941284
0.7658189535140991
0.4355079233646393
0.6943021416664124
0.3646424114704132
0.545183539390564
0.8187214732170105
0.5589778423309326
0.16590294241905212
0.5438374876976013
0.3133366107940674
0.3880101442337036
0.5510059595108032
0.41721200942993164
0.44829368591308594
0.6048524975776672
0.24148273468017578
0.2594582438468933
0.9350396394729614
0.3526909351348877
0.27635258436203003
0.3846564292907715
0.6997817158699036
0.635509192943573
0.5675037503242493
0.4681851267814636
0.37327098846435547
0.4683297276496887
0.3306908905506134
0.654482901096344
0.7824885249137878
0.2723037898540497
0.39963477849960327
0.5301827192306519
0.5397903323173523
0.5009543299674988
0.40701088309288025
0.6185658574104309
0.4201347827911377
0.5673319697380066
0.8136086463928223
0.6424148678779602
0.4965059161186218
0.46255502104759216
0.6154487133026123
0.38239434361457825
0.4461073875427246
0.5711255073547363
0.5799708366394043
0.13089466094970703
