0.8530107736587524
0.35066279768943787
0.3492685556411743
1.0390117168426514
0.41331467032432556
0.3542174696922302
0.5550486445426941
0.43541035056114197
0.5444148778915405
0.2903560400009155
0.5333621501922607
0.9133113622665405
0.38504233956336975
0.44509071111679077
0.5328916311264038
0.7537006139755249
0.46043306589126587
0.5796650648117065
0.5923169851303101
0.5345813035964966
0.39390993118286133
1.3021847009658813
0.7570930123329163
0.5424128770828247
0.3253570795059204
0.5236908197402954
0.3664434552192688
0.29035311937332153
0.563235878944397
0.45348817110061646
0.6577392816543579
0.5210169553756714
0.6331817507743835
0.7899464964866638
0.6855932474136353
0.29346418380737305
0.3589748740196228
0.5974166989326477
0.5094159841537476
0.36415791511535645
0.31654325127601624
0.16247382760047913
0.6521590352058411
0.684417724609375
0.4615926146507263
0.664239227771759
0.42138805985450745
0.7142812609672546
0.3126406967639923
0.21876780688762665
0.4736879765987396
0.595382034778595
0.3446008563041687
1.1296030282974243
0.46023988723754883
0.21711334586143494
0.36460375785827637
0.35790443420410156
0.939862072467804
0.9453791379928589
0.697157084941864
0.5649573802947998
0.21721923351287842
0.42669034004211426
0.6825879216194153
0.7569548487663269
0.7950016260147095
0.6604275703430176
0.8866675496101379
0.5483235120773315
0.6912946105003357
0.6530758142471313
0.4622114300727844
0.9144623875617981
0.36672505736351013
0.7085357904434204
0.9002484083175659
0.33233755826950073
0.3220856487751007
0.543582558631897
0.47004586458206177
0.5502501130104065
0.7198182344436646
1.0883344411849976
0.921777606010437
0.4881752133369446
0.5930727124214172
0.4470847249031067
0.43592214584350586
0.47898155450820923
0.9696996808052063
0.7456720471382141
0.36064332723617554
0.46628451347351074
0.4540883004665375
0.742809534072876
0.4238153398036957
0.31939178705215454
0.4577506184577942
0.4308379292488098
0.5209275484085083
0.7187841534614563
0.35685405135154724
0.42423462867736816
0.30202072858810425
0.6160447001457214
0.8647946119308472
0.9296949505805969
0.3312111794948578
0.4046529233455658
0.6002647280693054
0.3523426949977875
0.36197686195373535
0.3327171206474304
0.7952492237091064
0.802130401134491
0.3840641975402832
0.26553669571876526
0.702479362487793
0.773638129234314
0.5412929058074951
0.49119654297828674
0.5615203380584717
0.9932172894477844
0.6557143926620483
0.2698878347873688
0.5840587019920349
0.7303560376167297
0.25971436500549316
0.45797157287597656
0.6288506984710693
0.754028856754303
0.4929436147212982
0.9611784815788269
0.31548744440078735
0.3266964256763458
0.33119145035743713
0.33726203441619873
0.5101114511489868
0.4406376779079437
0.36154934763908386
0.5923249125480652
0.7268170714378357
0.2791207432746887
0.5184204578399658
0.3623877763748169
0.8745805621147156
0.1802760660648346
0.598649799823761
0.4219017028808594
0.8428153991699219
0.308796226978302
0.29221445322036743
0.2782246172428131
0.25540751218795776
0.5314145088195801
0.3557560443878174
0.5234907865524292
0.8821064829826355
0.7406010031700134
0.6281912922859192
0.6831263303756714
0.4653952121734619
0.45690661668777466
1.1705573797225952
1.0845874547958374
0.578443169593811
0.3240532875061035
0.31552964448928833
0.3975556790828705
0.3239879012107849
0.38732433319091797
0.41926488280296326
0.3133338391780853
0.5600197911262512
0.38495174050331116
0.25506868958473206
0.550275444984436
0.28679031133651733
0.49084362387657166
0.3480083644390106
0.6773134469985962
0.5218999981880188
0.452703058719635
0.7110392451286316
0.5475645065307617
0.538451075553894
0.5397119522094727
0.5641864538192749
0.45481786131858826
0.8134084939956665
0.7198626399040222
0.9506746530532837
0.3110741674900055
0.5843502879142761
0.6765437126159668
0.707926332950592
0.17639993131160736
0.6517407894134521
0.368684858083725
0.6728801131248474
0.3906674385070801
0.4207999110221863
0.6726526021957397
0.29589876532554626
0.85728520154953
0.4709128737449646
0.3807230293750763
0.5666624903678894
0.3263148069381714
0.8254877328872681
0.643848717212677
0.649826169013977
0.47564467787742615
0.5006742477416992
0.5575305223464966
0.4244559705257416
0.7237812280654907
0.30538102984428406
0.47900208830833435
0.38393110036849976
0.8533498048782349
0.48501548171043396
0.6533211469650269
0.37698790431022644
0.26998502016067505
0.5535510182380676
0.2801181375980377
0.6229332089424133
0.35422152280807495
0.9532842636108398
0.626740574836731
0.28855758905410767
0.6732338666915894
0.5695250034332275
0.3841901421546936
0.41912198066711426
0.2604754567146301
0.5332142114639282
0.6082444190979004
0.16999979317188263
0.8339529037475586
0.42445603013038635
0.35201001167297363
0.8531988859176636
0.7840545773506165
0.4960242211818695
0.4522790014743805
0.5994805097579956
0.6611264944076538
0.6142765283584595
0.5576545000076294
0.7746783494949341
0.8941735029220581
0.5283231139183044
0.4212377667427063
0.4101858139038086
0.2869580388069153
0.36997705698013306
0.7000085711479187
0.5228236317634583
0.5862628221511841
0.3514626622200012
0.24450621008872986
0.5779539346694946
0.5219300985336304
0.7724617719650269
0.4558120667934418
0.28483134508132935
0.28792113065719604
0.7340790033340454
0.7673901915550232
0.6992373466491699
0.831202507019043
0.9576074481010437
0.7521454691886902
0.5033807754516602
0.6647337675094604
0.5284085273742676
0.38785508275032043
0.8122096061706543
0.3521450161933899
0.6990927457809448
0.5936771631240845
0.2276659458875656
0.5347879528999329
0.40463942289352417
0.3648811876773834
0.5757207870483398
0.6793155074119568
0.4408797323703766
1.9084440469741821
0.37808626890182495
0.5016828775405884
0.9179512858390808
0.9261986017227173
0.5883439183235168
0.6526421904563904
0.15811248123645782
0.21054193377494812
0.3157608211040497
0.43720895051956177
0.6403692960739136
0.6703635454177856
0.5324670672416687
0.3621816039085388
0.42766761779785156
0.67884361743927
0.2812918424606323
0.47991591691970825
0.7441228628158569
0.8197410702705383
0.3900934159755707
0.4281955659389496
0.466042697429657
0.4256470799446106
0.2543906569480896
0.41679278016090393
0.3632034361362457
0.20305044949054718
1.016817569732666
0.4801139831542969
0.3927898406982422
0.8579009175300598
0.7865780591964722
0.731894314289093
0.4103039801120758
0.6660358309745789
0.3797529339790344
0.30442696809768677
1.6547539234161377
0.8005807995796204
0.561813473701477
0.49682870507240295
0.3943527042865753
0.4621956944465637
1.054176926612854
0.8969993591308594
