0.49257978796958923
0.5860381126403809
0.5077003836631775
0.6988118290901184
1.1179240942001343
0.29784971475601196
0.4568385183811188
0.5275846719741821
0.348632276058197
0.15174511075019836
0.5653632879257202
0.606850266456604
0.5127150416374207
0.22151891887187958
0.33285850286483765
0.6375124454498291
0.3143234848976135
1.0727299451828003
0.6350641846656799
1.222257375717163
0.5446410179138184
0.3826534152030945
0.5272759199142456
0.9016915559768677
0.4598226547241211
0.20861704647541046
0.29808205366134644
0.6528400778770447
0.5059207677841187
0.37135180830955505
0.5764347314834595
0.4447444975376129
0.7852767705917358
0.286016047000885
0.3184869885444641
0.6780912280082703
0.5108229517936707
0.4637557864189148
0.8364523649215698
0.541333019733429
0.577674388885498
1.0930278301239014
0.33656758069992065
0.8652002215385437
0.6926406025886536
0.6445961594581604
0.3092600703239441
0.8710018396377563
0.5630280375480652
0.5438777804374695
0.4389247000217438
0.6037083864212036
0.8819481134414673
0.8974533081054688
0.7867916822433472
0.22206787765026093
0.7261759042739868
0.8939750790596008
0.22968971729278564
0.4853549897670746
0.4969402253627777
0.33365797996520996
0.313276082277298
0.4525797367095947
0.7764860391616821
0.615218997001648
0.10158469527959824
0.5507620573043823
0.37887492775917053
0.5931058526039124
0.5212650895118713
0.6254037022590637
0.23350873589515686
0.44785648584365845
0.7257099151611328
0.6811111569404602
0.46190038323402405
0.2431521713733673
0.41930335760116577
0.5423756837844849
0.5757773518562317
0.23934607207775116
0.5742098093032837
0.635845959186554
0.21962562203407288
0.3163009285926819
0.4970274567604065
1.307064175605774
0.3517998158931732
0.7801018357276917
0.5543341636657715
0.27024370431900024
0.650016188621521
0.6894936561584473
0.43750518560409546
0.4179651737213135
0.4481789171695709
0.42428120970726013
1.234067440032959
0.23700571060180664
0.6174817085266113
0.5807355642318726
0.30762118101119995
0.4346444606781006
0.3649083971977234
0.4656137526035309
0.24429142475128174
0.8307077288627625
0.39734628796577454
0.5310737490653992
0.4985886514186859
0.5225202441215515
0.3721345365047455
0.6014223098754883
0.4628582000732422
0.4559210240840912
0.4296890199184418
0.3443821370601654
0.7739704251289368
0.544563889503479
0.20169112086296082
0.6617713570594788
0.5977300405502319
0.6337811350822449
0.9780449867248535
0.31642860174179077
0.579193115234375
0.6433312296867371
0.7737923860549927
0.42764711380004883
0.21389135718345642
0.21947383880615234
0.5057536363601685
0.4520854353904724
0.28670790791511536
0.4877258241176605
0.6281307339668274
0.7535457611083984
0.6019949913024902
0.1794341802597046
0.45743170380592346
0.37015146017074585
0.4703814387321472
0.34856846928596497
0.6165524125099182
0.7870022058486938
0.5451673865318298
0.3148842453956604
0.5827174782752991
0.44661301374435425
0.49719923734664917
0.25680702924728394
0.5401984453201294
1.5390548706054688
0.478421151638031
0.46509575843811035
0.5887932181358337
0.49573850631713867
0.26140332221984863
0.2907920777797699
0.5026257634162903
0.43254488706588745
0.2620108723640442
0.38308459520339966
0.5071200132369995
0.8443045616149902
0.4582292437553406
1.1664032936096191
0.5667256116867065
0.7824729084968567
0.37946444749832153
0.558051347732544
0.21074268221855164
0.703514814376831
0.5907607078552246
0.44002634286880493
0.43254953622817993
0.4948870539665222
0.2826613485813141
0.555438220500946
0.6004090309143066
0.3162679374217987
0.35154008865356445
0.30567628145217896
0.39861854910850525
0.5184386372566223
0.5722116231918335
0.5873304605484009
0.2366400510072708
0.5553849339485168
0.40374240279197693
0.6197561025619507
0.4654556214809418
0.4400189518928528
0.7606390714645386
0.4393714964389801
0.41735076904296875
0.49551472067832947
0.3106941282749176
0.45502862334251404
0.28320232033729553
0.6566807627677917
0.5034772753715515
0.2970464825630188
0.6417131423950195
0.7964099049568176
0.4833482801914215
0.3398413062095642
0.9484178423881531
0.5631154179573059
0.3742719292640686
0.4130508005619049
1.0248653888702393
0.8949616551399231
0.3512258529663086
0.19587388634681702
0.6005924940109253
0.5943081974983215
0.2346656322479248
0.3500930666923523
1.368944525718689
0.6037949323654175
0.4574427604675293
0.42837873101234436
0.7932292819023132
0.21492882072925568
0.422670841217041
0.3259526193141937
0.7874396443367004
0.5822923183441162
0.2356683313846588
0.23959580063819885
1.2035740613937378
0.6542679667472839
0.38143736124038696
0.6654589772224426
0.47041958570480347
0.5888708829879761
0.33387452363967896
1.0461137294769287
0.5135272145271301
0.5699402689933777
0.7239877581596375
0.5552440881729126
0.5791084170341492
0.4060448706150055
0.170573428273201
0.5408180356025696
0.35710710287094116
0.5615870356559753
0.18046621978282928
0.39576587080955505
0.43785232305526733
0.4088872969150543
0.6385419964790344
0.3917746841907501
0.4657253623008728
0.33275195956230164
0.6993650197982788
0.22388038039207458
0.3307873010635376
0.6062467694282532
0.6390447616577148
0.2509211003780365
0.5016629099845886
0.869432806968689
0.4013611376285553
0.5440043210983276
0.3139270842075348
0.33001476526260376
1.0889595746994019
0.778070867061615
0.38102269172668457
0.35006824135780334
0.17100736498832703
0.8345184326171875
0.7734816670417786
0.5828498601913452
0.805068850517273
1.155280351638794
0.7374892830848694
0.648037850856781
0.44726234674453735
0.8847368955612183
0.11315341293811798
0.49945545196533203
0.6467546224594116
0.3986889719963074
0.46092861890792847
0.4056577682495117
0.4883941113948822
0.37811434268951416
0.40727099776268005
0.7988958358764648
0.4262616038322449
0.36128371953964233
0.5903860330581665
0.4492619037628174
0.535009503364563
0.32997065782546997
0.5658745765686035
0.8239671587944031
0.3718794286251068
0.42654895782470703
0.5592440366744995
0.489488422870636
0.8392311334609985
0.40602684020996094
0.6175112128257751
0.684482216835022
0.6444013118743896
0.2952079176902771
0.48219841718673706
0.3604395091533661
0.5298725962638855
0.5535748600959778
0.5066744685173035
0.8228432536125183
0.39727720618247986
0.4092903137207031
0.3543406128883362
0.6332414746284485
0.5619466304779053
0.4379591941833496
0.42674484848976135
1.1394306421279907
0.489168643951416
0.6923267841339111
0.535943329334259
0.5553215146064758
0.5074084997177124
0.2538851499557495
0.32149043679237366
0.45475977659225464
0.7334628105163574
0.9911848306655884
0.6246566772460938
1.274173378944397
