0.5944051146507263
0.877796471118927
0.6865593194961548
0.3172934055328369
1.069950819015503
0.806898295879364
0.40817445516586304
0.5272724628448486
0.2880379259586334
0.5684245824813843
0.3352961540222168
0.5709559917449951
0.4476238191127777
0.393724262714386
0.5062776803970337
0.30626097321510315
0.49606600403785706
0.5921972990036011
0.4722500741481781
0.5650286674499512
0.7400621175765991
0.6814907789230347
0.5523935556411743
0.40338677167892456
0.4131503999233246
0.46609005331993103
0.6295936703681946
0.6941666603088379
0.9746605753898621
0.6754633188247681
0.6349689960479736
0.4073207378387451
1.1119722127914429
0.28954756259918213
0.608609676361084
0.8228620290756226
0.45158177614212036
0.42250585556030273
0.3427351117134094
0.27949798107147217
0.5942317247390747
0.5428593754768372
0.4680784344673157
0.6070284843444824
0.3857354521751404
0.5046942830085754
0.42683833837509155
0.8991683721542358
0.6700823903083801
0.48512735962867737
0.8016413450241089
0.3259010314941406
0.3127822279930115
0.7421757578849792
0.6159836649894714
0.5137869715690613
0.43423184752464294
0.3794102966785431
0.7577825784683228
1.3844835758209229
0.6854921579360962
0.8236675262451172
0.3060886263847351
0.24495258927345276
0.9025605916976929
0.3199799954891205
0.5662318468093872
0.4708251953125
0.4289516806602478
0.6382497549057007
0.8947203755378723
0.9609203338623047
0.866956889629364
0.8217403292655945
0.21143457293510437
0.5237886309623718
0.41069459915161133
0.631736695766449
0.9541106224060059
0.328285813331604
0.473198801279068
0.49572744965553284
0.38916662335395813
0.5469993352890015
0.5917698740959167
0.44333991408348083
0.49845224618911743
0.4142007827758789
0.5567048788070679
0.4890958368778229
0.38529878854751587
0.44055652618408203
0.42159318923950195
0.45148009061813354
0.43075722455978394
0.4731772541999817
0.49537134170532227
0.49054986238479614
0.347373902797699
0.7142005562782288
0.31779947876930237
0.44849318265914917
0.5622218251228333
0.4049203395843506
1.0129594802856445
0.544641375541687
0.6040377020835876
0.32590389251708984
0.5450515151023865
0.5342128872871399
0.7068384885787964
0.3431975245475769
0.48369017243385315
0.3475552201271057
0.4135804772377014
0.2577565312385559
1.2204471826553345
0.3016037046909332
0.3838195204734802
0.9351130723953247
0.5472152233123779
0.731145441532135
0.2764969766139984
0.6747013926506042
0.4353716969490051
0.7922531962394714
0.5045166611671448
0.43868952989578247
0.5901551842689514
0.4025932252407074
0.4175742268562317
1.3272159099578857
0.49998053908348083
0.4994390904903412
0.2872883677482605
0.9366917610168457
0.5881534814834595
0.5718725323677063
0.8784123659133911
0.8775792121887207
0.35241836309432983
0.583570122718811
0.6240844130516052
0.46656233072280884
0.42700308561325073
0.605178952217102
0.25635454058647156
0.7880091667175293
0.5210999250411987
0.8798294067382812
0.3187847137451172
0.3414081037044525
0.972236156463623
0.7531713247299194
0.5711184144020081
0.3624911308288574
0.5317305326461792
0.6415528059005737
1.0255504846572876
0.22814135253429413
0.49416860938072205
0.4521086812019348
0.3422141969203949
0.5158432722091675
0.37382444739341736
0.625208854675293
0.24435126781463623
0.5669931769371033
0.5430970191955566
0.2687119245529175
0.8365723490715027
0.5657510757446289
0.501406192779541
0.380958616733551
0.311629980802536
0.5059689283370972
0.5110346674919128
0.4503558278083801
1.2294337749481201
0.46515440940856934
0.6863547563552856
0.9995155334472656
0.6565738916397095
0.3119997978210449
0.48532646894454956
0.8066509366035461
0.31277894973754883
0.3370247483253479
0.36986732482910156
0.5472556948661804
0.36641621589660645
0.3829941153526306
0.9946016073226929
0.49296578764915466
0.6004725694656372
0.8796710968017578
0.7820678949356079
0.4593222737312317
0.655052900314331
0.6207946538925171
0.5297145843505859
0.43131065368652344
0.6477466821670532
0.6915523409843445
0.7138981223106384
0.21723847091197968
0.5258134603500366
0.48711585998535156
0.627342164516449
0.5932052135467529
0.5498712658882141
0.3783889412879944
0.7283047437667847
0.5618947744369507
0.8529826402664185
0.45100635290145874
0.6872349381446838
0.20657877624034882
0.4238782823085785
0.3062463700771332
0.49476584792137146
0.24235086143016815
0.3063866198062897
0.9565243721008301
0.34502527117729187
0.3819963037967682
0.7121590375900269
0.8528596758842468
0.4461072087287903
1.0736219882965088
0.5681377053260803
0.33161497116088867
0.5038290023803711
0.46908625960350037
0.6596231460571289
1.0545235872268677
0.2822543680667877
0.39277276396751404
0.3433302342891693
0.6622344851493835
0.5752130746841431
0.509078323841095
0.5311334729194641
0.256606787443161
0.7574054002761841
0.5257251858711243
0.5900750756263733
0.4747287333011627
0.5438370704650879
0.4626244604587555
1.0274807214736938
0.33619871735572815
0.8057185411453247
0.3780990242958069
0.7733420729637146
0.8080037832260132
0.26329222321510315
0.4429249167442322
0.5940346717834473
0.34002092480659485
0.6454523205757141
0.22637613117694855
0.68114173412323
0.995339572429657
0.309673935174942
0.26448553800582886
0.5959798097610474
0.6244238018989563
0.9214903712272644
0.3764879107475281
0.6028963327407837
0.6781787276268005
0.5245658159255981
0.2063218057155609
0.44405120611190796
0.2831602096557617
0.6994550824165344
0.3374039828777313
0.40318530797958374
0.9877567291259766
0.3246602416038513
0.2659052014350891
0.3430546522140503
1.2923527956008911
0.5565043091773987
0.36215880513191223
0.5364578366279602
0.15543760359287262
0.4735480844974518
0.803705096244812
0.24853309988975525
0.7777840495109558
0.8560850024223328
0.5983609557151794
0.8922386169433594
0.3672106862068176
0.8362696766853333
0.7952166795730591
0.6306526064872742
0.6514731645584106
0.17968586087226868
0.2770935595035553
0.7205291390419006
0.45218101143836975
0.28520476818084717
0.4656285345554352
0.46005934476852417
0.4316989779472351
0.47148051857948303
0.8781515955924988
0.29415425658226013
0.8722988963127136
0.7041397094726562
0.5750519037246704
0.2934117317199707
0.3432806432247162
0.8191628456115723
0.6259967088699341
0.1974852830171585
0.9215551614761353
1.086056113243103
0.5774393081665039
0.5804614424705505
0.991125226020813
0.3469982147216797
0.5375200510025024
0.4211116433143616
0.4823095202445984
0.28629717230796814
0.44592589139938354
0.65117347240448
0.6193624138832092
0.12686273455619812
0.391268253326416
1.0127602815628052
0.9313777685165405
0.5593776106834412
0.8104683756828308
