0.3884706199169159
0.4664153456687927
0.4359315037727356
0.6188596487045288
0.4893755316734314
0.5298293828964233
0.9586410522460938
0.3857455849647522
1.2115283012390137
0.4805232882499695
0.27717557549476624
0.3932708203792572
0.5699012875556946
0.476121187210083
0.3501126170158386
0.5735483169555664
1.0123381614685059
0.5166974067687988
0.3611268401145935
0.35852840542793274
0.3846701681613922
1.0868746042251587
0.3991846442222595
0.5548778772354126
0.5276292562484741
0.683571994304657
0.49432677030563354
0.6941041350364685
0.7008063793182373
0.2924841046333313
1.2481887340545654
0.3659546971321106
0.4002501964569092
0.5709111094474792
0.8886979818344116
0.3612937927246094
0.45045679807662964
0.3661460280418396
0.35753554105758667
0.2521290183067322
0.45263776183128357
0.5549739599227905
0.5067940950393677
0.7202025651931763
0.20358464121818542
0.3263545036315918
0.8916846513748169
0.7949060201644897
0.8742664456367493
0.5218768119812012
0.6459717154502869
0.5207210183143616
0.4015573561191559
0.908663272857666
0.6320024728775024
0.5059361457824707
0.4928376078605652
0.48118287324905396
0.47931623458862305
0.4330731928348541
0.5166274309158325
0.43769678473472595
0.30339759588241577
0.42234736680984497
0.9414957165718079
0.9395037889480591
0.2986539304256439
0.6314818859100342
0.3964731693267822
0.30820274353027344
0.5836286544799805
0.34803152084350586
0.45231327414512634
0.6077672243118286
0.5166683197021484
0.8738894462585449
0.6015283465385437
0.35367465019226074
0.765001654624939
0.5305068492889404
0.7008228898048401
0.33441653847694397
0.5826078653335571
0.9794551134109497
0.567438006401062
0.2770499587059021
0.7765727639198303
0.4130134582519531
0.6434284448623657
0.4027707576751709
0.34187155961990356
0.7112236022949219
0.3243715167045593
0.4931117594242096
0.5726245641708374
0.4890800416469574
0.36046767234802246
0.2040657103061676
0.25842225551605225
1.0028612613677979
0.2673978805541992
0.4661498963832855
0.4385291039943695
0.21500055491924286
0.2840331494808197
0.6694292426109314
0.33668243885040283
0.650084376335144
0.4770405888557434
0.4611090123653412
0.7441751956939697
0.5369835495948792
0.8542646169662476
0.4835784435272217
0.7068155407905579
0.386007696390152
0.6352947354316711
0.4124383330345154
0.2363327294588089
0.6348468065261841
0.3027283549308777
0.7235091328620911
0.2369827777147293
0.35222291946411133
0.33158963918685913
0.7636877298355103
0.1841753125190735
0.24628600478172302
0.6705155372619629
0.34191668033599854
0.691507875919342
0.6596306562423706
0.4558945298194885
0.9844826459884644
0.7487777471542358
0.38314640522003174
0.3522129952907562
0.3608444333076477
0.42733272910118103
0.6300718188285828
0.9714124798774719
0.5462157130241394
0.6345999836921692
0.524236798286438
0.3185017704963684
0.645037055015564
0.44954219460487366
0.4178377091884613
0.3533811867237091
0.35156112909317017
0.41955962777137756
0.79460209608078
0.471035897731781
0.629024863243103
0.31716543436050415
0.30688413977622986
0.4483116567134857
0.7710677981376648
0.4112141728401184
0.4090586304664612
0.6217066645622253
0.4916355013847351
0.302581250667572
0.43663352727890015
0.6843703389167786
0.3493829369544983
0.4062577188014984
0.5494807958602905
0.8586512804031372
0.3456776738166809
1.017062783241272
0.44387713074684143
0.35923129320144653
0.6304147839546204
0.21549232304096222
0.37194567918777466
0.5738197565078735
0.9758764505386353
0.0658697783946991
0.6569778323173523
0.5681768655776978
0.6701140403747559
0.8128458261489868
0.3069712519645691
0.48798662424087524
0.5692507028579712
1.1346158981323242
0.337189257144928
0.27402910590171814
0.8200370073318481
0.4420563280582428
0.6853833198547363
0.6122615933418274
0.5344082713127136
0.5060900449752808
0.4081263542175293
1.1507608890533447
0.4461611211299896
0.7207277417182922
0.45072588324546814
0.9208132028579712
0.4838772714138031
0.7832071185112
0.4574945569038391
0.631780207157135
0.344239741563797
0.6498578190803528
0.5044251680374146
0.5597771406173706
0.35370320081710815
0.9183424115180969
0.7279755473136902
0.7468287348747253
0.596346378326416
0.45749449729919434
0.35372233390808105
0.603549599647522
0.5064052939414978
0.36205917596817017
0.7904550433158875
0.4304700791835785
0.2981235384941101
0.4159947335720062
0.7378629446029663
0.6516474485397339
0.26133817434310913
0.3915748596191406
0.42498987913131714
0.513534665107727
0.38085371255874634
0.49539971351623535
0.5334318280220032
0.652675986289978
0.6315896511077881
0.5904561281204224
0.6900537610054016
0.4974023699760437
0.2685837745666504
0.26043885946273804
0.7281072735786438
0.2909315228462219
0.6703241467475891
0.8374843597412109
0.38453221321105957
0.5576905012130737
0.5422323346138
0.5100189447402954
0.33371734619140625
0.2213253527879715
0.5233127474784851
0.935700535774231
0.364018976688385
0.565482497215271
0.5911523103713989
1.5166170597076416
0.448559433221817
0.39491724967956543
0.3006800413131714
0.5891703963279724
0.5674077868461609
0.8305028676986694
0.8652454614639282
0.8419729471206665
0.17657972872257233
0.5828124284744263
0.29161056876182556
0.2674495279788971
1.1249030828475952
0.42855730652809143
1.2883954048156738
0.6725667119026184
0.581868052482605
0.7271469831466675
0.5445599555969238
0.6737740635871887
0.46169453859329224
0.45871227979660034
0.6160511374473572
0.6161618232727051
0.6698545217514038
0.8599381446838379
0.5586130023002625
0.6443159580230713
0.4367676377296448
0.3849462866783142
0.28887757658958435
0.6079596877098083
1.1449589729309082
0.2484629899263382
0.4368273615837097
0.7376424074172974
0.4239540696144104
0.3867975175380707
0.45313841104507446
0.4672313332557678
0.24149759113788605
0.6891936659812927
0.5182489156723022
0.8151117563247681
0.2890816330909729
0.8782391548156738
0.5233286023139954
0.42905694246292114
0.26212239265441895
0.8781450986862183
0.7075750231742859
0.8254967927932739
0.35165128111839294
0.7679738998413086
0.6233855485916138
0.23091168701648712
0.4595649838447571
0.5271961092948914
0.4408726096153259
0.41962870955467224
0.3105412423610687
0.6849303841590881
0.3022986054420471
0.7029789686203003
0.5297179818153381
0.3532937169075012
0.9619362950325012
1.036608099937439
0.482164204120636
0.8437826037406921
0.7617904543876648
0.3469166159629822
0.48101338744163513
0.29384177923202515
0.6890374422073364
0.2390088140964508
0.3819536566734314
0.3024684488773346
0.30690547823905945
0.5022479891777039
0.3041459918022156
0.22190162539482117
0.4471104145050049
