0.5591323971748352
0.5808696746826172
0.5235788226127625
0.5599907636642456
0.8709036707878113
0.468346506357193
0.5764080286026001
0.4581718444824219
0.9771111607551575
0.5079430341720581
1.0152556896209717
0.5761958956718445
1.0680077075958252
0.9693740606307983
0.49581098556518555
0.42748337984085083
0.8526344299316406
0.549341082572937
0.35474810004234314
0.7453199625015259
0.7611913084983826
0.7343084812164307
0.9639809727668762
0.8715486526489258
1.0918571949005127
0.35839807987213135
0.5562536716461182
0.9786430597305298
0.6402029395103455
0.6061373353004456
0.5985381603240967
0.7233151197433472
0.7057706117630005
0.7843794822692871
0.7549392580986023
0.38132086396217346
1.156835675239563
1.1626255512237549
1.1591535806655884
0.566888153553009
0.48547878861427307
0.8313716650009155
0.8544047474861145
0.808758556842804
0.5447534322738647
0.5398131608963013
0.7877272367477417
0.5024505853652954
1.033555507659912
0.6712668538093567
0.36416202783584595
0.7143773436546326
0.31609243154525757
0.5072449445724487
0.6907203793525696
0.46022623777389526
0.6189335584640503
0.9468164443969727
0.8117016553878784
1.0640203952789307
0.7249630689620972
0.9649442434310913
0.4054125249385834
0.7216655611991882
0.5956504940986633
0.4709712564945221
0.8284420967102051
0.9815908670425415
0.8066363334655762
0.5838818550109863
0.7956382036209106
0.4120314121246338
0.33506736159324646
0.6163007616996765
0.388796329498291
0.8687386512756348
0.7445055246353149
0.5689522624015808
0.9469919204711914
0.8241804838180542
0.6624911427497864
0.7742614150047302
1.0725467205047607
0.5550587773323059
0.8787888288497925
0.43934622406959534
0.9578403234481812
0.475198358297348
0.6751986145973206
0.5052350759506226
0.5357896089553833
0.7271848917007446
0.7008938193321228
0.46466031670570374
0.6468528509140015
0.6991416215896606
0.9644250869750977
0.5852677226066589
1.3580896854400635
0.4657811224460602
0.5367404818534851
0.627825915813446
0.6269665956497192
1.144186019897461
0.4478943347930908
0.6318000555038452
0.5559285283088684
0.8169853091239929
0.7729283571243286
0.7086359858512878
0.7419450879096985
1.0543243885040283
0.8230476379394531
0.424532026052475
0.6501784920692444
1.29985773563385
0.9109406471252441
0.4761178493499756
0.82110595703125
0.9557377696037292
0.763266921043396
0.5285058617591858
0.9137386083602905
0.656242311000824
0.7187267541885376
0.4636887013912201
0.4772244095802307
0.9329651594161987
0.7072152495384216
0.8593913912773132
0.8141613006591797
0.9241138696670532
0.6496083736419678
0.8485065698623657
0.677725613117218
0.8262151479721069
0.6031232476234436
0.8359019160270691
1.0248675346374512
0.5893964767456055
0.8994582891464233
0.5996092557907104
0.7389485239982605
0.813498854637146
0.7493451833724976
0.4404645562171936
0.7699003219604492
0.9000204205513
0.7249547243118286
0.5684886574745178
0.6685439944267273
0.6592256426811218
0.5715650320053101
0.5737262964248657
0.6518049240112305
0.599138617515564
0.551425576210022
0.9628974199295044
0.6831592917442322
0.9059880375862122
0.67735356092453
0.4045565724372864
0.6618309617042542
0.37425267696380615
0.7814652323722839
1.0228793621063232
0.8197273015975952
0.5806361436843872
0.8824549913406372
0.8990486264228821
0.7139644622802734
0.47323083877563477
1.404043197631836
0.696246325969696
0.5737206935882568
1.084204912185669
0.6868724822998047
0.5516694784164429
0.4793756604194641
0.490714967250824
0.38294315338134766
0.5519207119941711
1.3235867023468018
0.4786141514778137
0.4756401479244232
0.5522783994674683
0.5213296413421631
0.5376094579696655
1.1632033586502075
0.5831969976425171
0.5442503094673157
0.371094286441803
1.1748250722885132
0.7523802518844604
0.5159521102905273
0.735214352607727
0.7095238566398621
0.5316557884216309
0.45903855562210083
0.7050803899765015
1.0439777374267578
0.6816587448120117
0.7326135635375977
0.8158800005912781
0.7181686758995056
0.8757642507553101
1.1287254095077515
0.599287211894989
0.6172470450401306
0.6843359470367432
0.6025203466415405
0.7568191885948181
0.45323944091796875
0.5413678884506226
0.8813808560371399
0.5148842930793762
0.6934952735900879
0.6755651235580444
0.9442917704582214
0.9301236867904663
0.6153491139411926
0.39184364676475525
0.5410791039466858
0.6703602075576782
0.6821322441101074
1.3525009155273438
1.0057770013809204
0.507759690284729
0.9281560778617859
0.6419652104377747
0.5675150156021118
0.3749871850013733
0.8174507021903992
0.9261078834533691
0.827116847038269
0.7336347699165344
0.8191019296646118
0.8217527270317078
0.7130185961723328
0.7795510292053223
0.3913080096244812
0.5973118543624878
0.7896706461906433
0.7408987879753113
1.398874282836914
0.7490308880805969
0.4984956681728363
0.8094714879989624
0.7528654932975769
0.7632424235343933
0.7812581062316895
0.6250055432319641
0.8214119672775269
0.6925954818725586
0.5453665256500244
0.3808402121067047
0.7002808451652527
0.596335768699646
0.6485279202461243
0.7000433802604675
0.4627998471260071
0.7522555589675903
0.4450345039367676
0.6826586723327637
0.6001912355422974
0.2865285277366638
0.5694721937179565
0.550560712814331
1.0023528337478638
0.5986040830612183
1.1544040441513062
0.7204054594039917
0.7015359997749329
0.7464524507522583
0.49043336510658264
0.6293889284133911
0.943083643913269
0.8547095060348511
0.46143898367881775
0.49017778038978577
0.7059906125068665
0.6151916980743408
0.6372070908546448
1.0367767810821533
0.49005597829818726
0.7262852191925049
0.7878522872924805
0.6118160486221313
1.3748449087142944
0.606845498085022
0.7449423670768738
1.0809358358383179
0.7080798745155334
0.7019110321998596
0.9185827374458313
0.756683349609375
0.4276198744773865
0.31867027282714844
0.4112321734428406
0.9494748115539551
0.569705069065094
0.9932547807693481
0.8559427261352539
0.7065956592559814
0.5551271438598633
0.5948454141616821
1.0710726976394653
0.896201491355896
0.5849633812904358
0.6161292791366577
0.4897211194038391
0.3693370521068573
0.5651928782463074
0.9335748553276062
0.8078436851501465
0.45133718848228455
0.615250825881958
0.3510741889476776
0.6402188539505005
0.5326223969459534
0.541642427444458
0.4474364221096039
0.6765345931053162
0.4952152669429779
0.6604268550872803
0.8208751678466797
0.4537978172302246
0.5885699391365051
0.6632195711135864
0.4786348342895508
0.9182227849960327
0.46019667387008667
0.47651347517967224
0.9984034299850464
0.8689194917678833
0.45480841398239136
0.6259955167770386
1.019304633140564
