0.6486093997955322
0.21394336223602295
0.8693381547927856
1.1176517009735107
0.5382794141769409
0.27123963832855225
0.5913657546043396
0.35739240050315857
1.0061752796173096
0.2608935832977295
0.4048508107662201
0.7165822982788086
0.2734336256980896
0.2768186926841736
0.7223290801048279
1.0896990299224854
0.5254863500595093
0.9265497326850891
0.45991429686546326
0.8527320623397827
0.3372933268547058
0.7537406086921692
0.3846489489078522
0.45955467224121094
0.6646174192428589
0.4839547276496887
0.40052157640457153
0.20585577189922333
0.7123379707336426
0.407042920589447
0.2584831416606903
0.5515860319137573
0.6036671996116638
0.886716365814209
1.0437803268432617
0.635593593120575
0.44684648513793945
0.6912304759025574
0.4705941081047058
1.0188134908676147
1.108689308166504
0.7330787181854248
0.597118079662323
0.6652251482009888
0.5203355550765991
0.20269779860973358
0.9151989817619324
0.5888231992721558
0.718612551689148
0.48867368698120117
0.5955978631973267
0.632943868637085
0.5825678110122681
0.5363239049911499
0.6899456977844238
0.2746937572956085
0.7245609164237976
0.5437440872192383
0.5685991048812866
0.5502434968948364
0.2375110685825348
0.6196959018707275
0.27379852533340454
0.6277620196342468
0.24665546417236328
1.0501805543899536
0.23932771384716034
0.18645049631595612
0.704951822757721
0.6887520551681519
0.738475501537323
0.25524571537971497
0.22246988117694855
0.6923910975456238
0.4379209578037262
0.5986491441726685
0.45280805230140686
0.44159945845603943
0.6272039413452148
0.37350112199783325
1.0871385335922241
0.6487967371940613
0.6839832663536072
0.7213813066482544
0.8974238634109497
0.38048800826072693
0.5327490568161011
0.8855514526367188
0.3200085163116455
0.866197407245636
0.4523691236972809
0.460458368062973
0.2297242134809494
0.4797244966030121
0.30261772871017456
0.501866340637207
0.1942712366580963
0.708909273147583
1.24746572971344
0.6640771627426147
0.16572988033294678
0.34743672609329224
0.44729098677635193
0.40451279282569885
0.9332246780395508
1.2230136394500732
0.4101112484931946
0.4490918219089508
0.31474727392196655
0.5018693208694458
0.4034065306186676
0.36506643891334534
0.5076544880867004
0.367145836353302
0.5448564291000366
1.271130919456482
0.7374085187911987
0.4534021019935608
0.33056944608688354
0.22070057690143585
0.5467830896377563
0.5397595167160034
0.4255390167236328
0.41610345244407654
0.6723586320877075
0.4877629280090332
0.6445052027702332
0.6533505916595459
0.9888390302658081
0.7359063029289246
1.0888617038726807
0.5393303036689758
1.1222221851348877
0.8954536318778992
0.36454495787620544
0.41986721754074097
0.49476560950279236
0.4483684003353119
0.6112465262413025
0.4671476483345032
0.47317758202552795
0.4793420433998108
0.5531644225120544
0.531941294670105
0.32038265466690063
0.3925316333770752
0.32235077023506165
0.5952566862106323
0.5297463536262512
0.3207606375217438
0.18803606927394867
0.5260547995567322
0.8320299386978149
0.669931173324585
0.5485649108886719
0.334259033203125
0.7024279236793518
0.6198219060897827
0.8701139688491821
0.4372235834598541
0.6818739175796509
0.5461515188217163
0.4593375623226166
0.9114177823066711
0.5774657726287842
0.46859264373779297
0.26673051714897156
0.6986494660377502
0.3102549910545349
0.38196614384651184
0.700182318687439
0.4623555541038513
0.6617878079414368
0.49001893401145935
0.7570500373840332
0.2764248251914978
0.36169466376304626
0.6152188181877136
0.45285433530807495
0.4767809808254242
0.37106895446777344
0.374514639377594
0.4901730418205261
0.31344956159591675
0.6863402128219604
0.7673377990722656
0.46970874071121216
1.1292846202850342
0.3695835769176483
0.6500912308692932
0.8173678517341614
0.815129280090332
0.5563604235649109
0.32592591643333435
0.40245071053504944
0.31830963492393494
0.5557793974876404
0.4794551730155945
0.49683085083961487
0.3839074373245239
0.4813051223754883
0.5801482200622559
0.5168688297271729
0.5648711323738098
0.24482670426368713
0.42083629965782166
0.5671475529670715
0.2996373772621155
0.5118685960769653
0.5673240423202515
0.5849140882492065
0.38134098052978516
0.57401043176651
0.9784030914306641
0.31841951608657837
0.2318716049194336
0.6830633282661438
0.7140892744064331
0.6939001083374023
0.46819478273391724
1.3036597967147827
0.34030815958976746
1.037900686264038
0.6912468075752258
0.7773610353469849
0.33043596148490906
0.7223813533782959
0.22249755263328552
0.3530268669128418
0.9628968238830566
1.0767147541046143
0.34311413764953613
0.8198310732841492
0.5027934312820435
0.35188373923301697
0.3346196115016937
0.516930103302002
0.8855272531509399
0.843269944190979
0.955877959728241
0.412971168756485
0.4012986719608307
0.5615411996841431
0.5453417897224426
0.4420224726200104
0.30221909284591675
0.41459760069847107
0.9484500885009766
0.9795399904251099
0.42346224188804626
0.23700866103172302
0.3198864459991455
0.3429286479949951
0.6942092776298523
0.8666272163391113
0.31244078278541565
0.7213574647903442
0.4939863085746765
0.33841508626937866
0.14798596501350403
0.3483717441558838
0.19443964958190918
0.6414540410041809
0.5882819890975952
0.5200797915458679
0.7156763076782227
0.7030132412910461
0.3602190911769867
0.7734230160713196
0.37053537368774414
0.3709609806537628
0.6143638491630554
0.6278762817382812
0.8374600410461426
0.5674373507499695
0.4302228093147278
0.6938827633857727
0.448444664478302
0.5738950967788696
0.8806310892105103
0.5843769311904907
0.6736453771591187
0.5005763173103333
0.17842844128608704
0.42132431268692017
0.4964017868041992
0.4880891740322113
0.5425914525985718
0.8756987452507019
0.2813366651535034
0.4251255393028259
0.37539687752723694
0.650093674659729
0.4342650771141052
0.4399661421775818
0.7257128953933716
0.30805787444114685
0.43515992164611816
0.39379996061325073
0.30754292011260986
0.4848005175590515
0.46853113174438477
0.6196799278259277
0.7891411781311035
1.086683988571167
0.5693742036819458
0.30395135283470154
0.8022667765617371
0.3830764889717102
0.33753374218940735
0.6553568840026855
0.2505750060081482
0.4837396740913391
0.42686718702316284
0.7974904775619507
0.4626477360725403
0.5724502205848694
0.5283262133598328
0.42006197571754456
0.45091333985328674
0.5365164875984192
1.1174781322479248
0.6014000177383423
0.3822537958621979
0.4913617968559265
0.6190584897994995
1.5336791276931763
0.49023517966270447
0.2359248399734497
0.5152075886726379
0.32577773928642273
1.234193205833435
0.25489458441734314
0.7127326130867004
0.5799530148506165
0.5625354051589966
0.6215105056762695
0.6656083464622498
