0.2535633444786072
0.40807032585144043
0.43164294958114624
0.5792711973190308
0.4663851857185364
0.7782446146011353
0.37702667713165283
0.5883378386497498
0.25473204255104065
0.4080652594566345
0.2556808888912201
0.20623984932899475
0.38986721634864807
0.23829877376556396
0.5168315768241882
0.5781576633453369
0.38390806317329407
0.911056637763977
0.6343652606010437
0.20667743682861328
0.6551316976547241
0.4862879812717438
0.505945086479187
0.8867877721786499
0.6256465911865234
0.4307779371738434
0.4907606244087219
0.5970767140388489
0.1551157534122467
0.25766223669052124
0.21146345138549805
0.3802109658718109
0.7955139875411987
0.2980799674987793
0.612920343875885
0.5285254716873169
0.311515748500824
0.4254900813102722
0.18917372822761536
0.7648079991340637
0.4919799864292145
0.396611750125885
0.2905384302139282
0.6374682188034058
0.4530499577522278
0.32601454854011536
0.2045586109161377
0.9256060719490051
0.5976758599281311
0.44888100028038025
0.672164797782898
0.5185220837593079
0.3357785940170288
0.5634061098098755
0.6752666234970093
0.8162105679512024
0.1774473488330841
0.4905165731906891
0.12610003352165222
0.3033720850944519
0.6231458783149719
0.5504339933395386
0.44941988587379456
0.6068600416183472
0.6188198328018188
0.3229086697101593
0.4358575940132141
1.3504774570465088
0.37843814492225647
0.5048389434814453
0.4976155757904053
0.5719249248504639
0.8751392364501953
0.5471868515014648
0.8483681678771973
0.21404068171977997
0.5852735638618469
0.38025933504104614
0.626851499080658
0.7172597050666809
0.2497396022081375
0.37775886058807373
0.3595283627510071
0.4993419051170349
0.45150500535964966
0.8682296872138977
0.28505662083625793
0.6876035928726196
0.23845477402210236
0.8268989324569702
0.7848358154296875
0.44430962204933167
0.4044860899448395
0.4833351671695709
0.6665924787521362
0.7226549386978149
0.5516334176063538
0.3941624164581299
0.4426518380641937
0.9186198115348816
0.33039915561676025
0.24422414600849152
0.41396284103393555
0.3226701617240906
0.6808761358261108
0.7538306713104248
0.7534431219100952
0.7004956007003784
0.7690601348876953
1.0868760347366333
0.8994415402412415
0.38530129194259644
0.48145541548728943
0.4131212830543518
0.607702910900116
0.19240303337574005
0.6455903053283691
0.2670416235923767
0.43391600251197815
0.27784234285354614
0.9201265573501587
0.6926143169403076
0.4453452229499817
0.8562722206115723
0.4606029987335205
0.4362115263938904
0.9443411827087402
0.3963946998119354
0.38397350907325745
0.6774904131889343
1.1719422340393066
0.33567553758621216
0.4804230332374573
0.28426629304885864
0.6535995602607727
0.5143528580665588
1.3501590490341187
0.6610199809074402
0.5691285729408264
0.31937772035598755
0.5178479552268982
0.7098323702812195
0.4545906186103821
0.5155813097953796
0.9238855242729187
0.7136386632919312
0.40446195006370544
0.6332426071166992
0.5511074066162109
0.3581220209598541
0.4360480308532715
0.93690425157547
0.9230619668960571
0.5437895655632019
0.19640788435935974
0.4524040222167969
0.4965740144252777
0.33788758516311646
0.23757073283195496
0.4265217185020447
0.7555281519889832
0.6304426789283752
0.6678767204284668
0.5301870107650757
0.48597845435142517
0.9028568267822266
0.35081011056900024
0.9190157055854797
0.43880075216293335
0.8732849359512329
0.5533870458602905
0.552754282951355
0.23014135658740997
0.5495305061340332
0.6614953875541687
0.8583360910415649
0.36245426535606384
0.37268027663230896
0.6269820928573608
0.7165626287460327
0.8935848474502563
0.5186910629272461
0.3789840340614319
0.631566047668457
0.3858334720134735
0.859825611114502
0.47894763946533203
0.6019549369812012
0.4920977056026459
0.296602338552475
0.40103679895401
0.3856234848499298
0.5603898763656616
0.25968828797340393
0.6998838186264038
0.7442030310630798
0.4378461241722107
0.7915439605712891
1.1474469900131226
0.31482401490211487
0.36517900228500366
1.7474771738052368
0.7768557667732239
0.8730050325393677
0.5151925086975098
0.25940757989883423
0.2279312163591385
0.4101342558860779
0.3882741332054138
0.5962392687797546
0.5062481164932251
0.5247330665588379
0.43619227409362793
0.571648895740509
0.8912668228149414
0.3357202112674713
0.49301642179489136
0.28960296511650085
0.38744398951530457
0.928429901599884
0.35158976912498474
0.5243893265724182
0.6881248950958252
0.5710435509681702
0.6647721529006958
0.1808447539806366
0.35972800850868225
0.3296143412590027
0.704256534576416
0.35583341121673584
0.5330754518508911
0.6480404734611511
0.39096754789352417
0.3907513916492462
0.8296138644218445
0.8479731678962708
0.4519914984703064
0.643299400806427
0.5072357058525085
0.6729022860527039
0.3478929102420807
0.6136550307273865
1.047055959701538
0.8339715003967285
0.38543030619621277
0.3735750615596771
0.34197497367858887
0.6430474519729614
0.7100754976272583
0.3669005334377289
1.0143793821334839
0.830419659614563
0.7436754107475281
0.4176297187805176
0.3725034296512604
0.9360453486442566
0.42929378151893616
0.6461398005485535
0.655249297618866
0.24070052802562714
0.3997839093208313
0.7838770151138306
0.518738865852356
0.48417097330093384
0.4510515332221985
0.7208796739578247
0.2870333790779114
0.41402751207351685
0.5365038514137268
0.21811804175376892
0.6504842638969421
0.34561899304389954
0.42707544565200806
0.43812990188598633
0.7655583620071411
0.5411558747291565
0.7452676892280579
0.6270619630813599
0.7582014203071594
0.5069347620010376
0.3796943724155426
0.4902353286743164
0.4452761709690094
0.4875333309173584
0.46380147337913513
0.41091495752334595
0.45583924651145935
0.29117900133132935
0.3898026943206787
0.45590704679489136
0.6079849600791931
0.9383479356765747
0.720241904258728
0.46667441725730896
0.421551376581192
0.5180095434188843
0.6455004811286926
0.924641489982605
0.45094242691993713
0.6826729774475098
0.7935839891433716
0.5678668022155762
0.5208551287651062
0.5074560046195984
0.3456873595714569
0.38366812467575073
0.37970393896102905
0.2788796126842499
0.46238771080970764
0.487217515707016
0.8604995608329773
0.16416698694229126
0.20177502930164337
0.9415255784988403
0.35449880361557007
0.3808978796005249
0.5765879154205322
0.659740686416626
0.2350161075592041
0.3261495530605316
0.7826151847839355
0.34934139251708984
0.6051654815673828
0.791765570640564
0.46249181032180786
0.5743085741996765
0.4321691393852234
0.41352415084838867
0.3013536334037781
0.3754258155822754
0.46414023637771606
0.5963577628135681
0.2592201828956604
0.37914949655532837
0.3020152747631073
1.0506101846694946
0.6058365702629089
0.5673413872718811
