0.5003227591514587
0.6467685699462891
0.813140869140625
0.40851813554763794
0.8433710336685181
0.4391826093196869
0.5110334157943726
0.38579708337783813
0.2766886353492737
0.612195611000061
0.4335865080356598
0.9465943574905396
0.6015188097953796
0.3964172303676605
0.41395431756973267
0.4031526446342468
0.1403203010559082
0.540092945098877
0.5040638446807861
0.6231318712234497
0.19620062410831451
0.4210200309753418
0.5004764795303345
0.4879949986934662
0.26681485772132874
0.4819819927215576
0.7748841643333435
0.2260180413722992
0.2944163680076599
0.8096030354499817
0.6703859567642212
0.2434997260570526
0.9470419883728027
0.38994166254997253
0.5186604261398315
1.5157701969146729
0.3116450905799866
0.2630265951156616
0.4656136631965637
0.39040830731391907
0.7964354753494263
0.1976700723171234
0.39162784814834595
0.3044174313545227
0.6633926630020142
0.27314749360084534
0.50099116563797
0.7078531980514526
0.3466777503490448
0.7068793177604675
0.5487884283065796
0.5570064783096313
0.4236373007297516
1.1280573606491089
0.610450804233551
0.6382546424865723
0.3180977702140808
0.2007787674665451
0.6003923416137695
0.19787149131298065
0.4882616400718689
0.7200556993484497
0.32391297817230225
0.36049556732177734
0.4375308156013489
0.3352293372154236
0.5409356355667114
0.6878653764724731
0.4313589930534363
0.7199795842170715
0.7007907629013062
0.311437726020813
0.36313483119010925
0.6548858284950256
0.5657931566238403
0.5883859395980835
0.3234998285770416
0.5140674710273743
0.3271023631095886
0.8465585708618164
0.9565026164054871
0.6261281371116638
0.7839466333389282
0.14531628787517548
0.2775235176086426
0.31697115302085876
0.4268597960472107
0.3186047673225403
0.5846728086471558
1.3146460056304932
0.4726451337337494
0.48633140325546265
0.4032526910305023
0.5664528608322144
0.4298415780067444
0.5557253360748291
0.4106970727443695
0.3874383568763733
0.533286452293396
0.6048514246940613
0.5204494595527649
0.8695093393325806
0.6651120781898499
0.5399265885353088
0.44839659333229065
0.38981038331985474
0.18506808578968048
0.9007658958435059
0.7680391073226929
0.30138498544692993
0.601626455783844
0.9460222125053406
0.7876603007316589
0.4010615348815918
0.6738116145133972
0.49787741899490356
0.6576868891716003
0.8285382390022278
0.45932427048683167
1.2095682621002197
0.6907938122749329
0.4314239025115967
0.8455656170845032
0.3859807848930359
0.5406047701835632
0.6800697445869446
0.2192927896976471
0.2096126526594162
0.9082187414169312
0.5332233309745789
0.5951725840568542
0.5407994985580444
0.6746646165847778
0.37600359320640564
0.19302399456501007
0.29548758268356323
0.35385003685951233
0.35351306200027466
0.5233821272850037
0.8147823214530945
0.4887564778327942
0.6891401410102844
0.5975455641746521
0.4115878939628601
0.6410186886787415
0.5427762269973755
0.7668889760971069
0.7572215795516968
0.5283306837081909
0.47146540880203247
0.4902375638484955
0.5260459184646606
0.7660467624664307
0.3722772002220154
0.2098734825849533
0.44731074571609497
0.9009872674942017
0.8074981570243835
0.916103720664978
0.5631445646286011
0.9626519083976746
0.8227102160453796
0.3281506597995758
0.47188514471054077
0.7482569813728333
0.5222150683403015
0.30102962255477905
0.7829402685165405
0.47285765409469604
0.8042993545532227
0.3615321218967438
0.6782506108283997
0.6198819279670715
0.5030063390731812
0.3589635193347931
0.834349513053894
0.32210564613342285
0.7975171804428101
0.9461764097213745
0.5459386110305786
0.5831823348999023
0.8051427602767944
0.4138478636741638
0.5980076789855957
0.6128774881362915
1.1053087711334229
0.2611965537071228
0.19849008321762085
0.6525406837463379
1.269876480102539
0.3113371431827545
0.37185877561569214
0.5062479972839355
0.47416096925735474
0.2839798331260681
0.29611602425575256
0.3942824900150299
0.5110850930213928
0.612409234046936
0.8719097971916199
0.5105164647102356
0.3869081437587738
0.509399950504303
0.7429804801940918
0.26204878091812134
0.2354733943939209
0.2631208300590515
0.5836721658706665
0.38037461042404175
0.32401198148727417
0.5060501098632812
0.2643224596977234
0.3545214831829071
0.4751175045967102
0.2554704248905182
0.807303786277771
0.607674241065979
0.44822120666503906
0.6996866464614868
0.508461594581604
0.3744824528694153
0.3773110508918762
0.28458529710769653
0.5349950790405273
0.8127535581588745
0.7645243406295776
0.5878918170928955
0.5425037741661072
0.39419418573379517
0.5335334539413452
1.1069469451904297
0.674153745174408
0.5774382948875427
0.6387039422988892
0.42196446657180786
0.21746282279491425
0.4573773443698883
0.5195010900497437
0.5943341255187988
0.6645160913467407
0.3066718578338623
0.4817450940608978
0.5037398338317871
0.7347879409790039
0.6558296084403992
0.7387413382530212
0.4346081614494324
0.46268802881240845
0.42506203055381775
0.7408934831619263
0.4242823123931885
0.7706344723701477
0.30340975522994995
0.38908305764198303
0.6605163812637329
0.6254978775978088
0.7216607332229614
0.5252098441123962
0.5454716682434082
0.3299129605293274
0.5501667857170105
1.1343934535980225
0.5468807220458984
0.43162965774536133
0.45142000913619995
0.3365594148635864
0.34774139523506165
0.5681868195533752
0.6465826034545898
0.9553149938583374
0.29086726903915405
0.344133198261261
1.251705288887024
0.22886617481708527
0.3467201590538025
0.7451540231704712
0.731656551361084
0.3567512631416321
0.2590537965297699
0.7545351982116699
0.5440186262130737
0.2651076912879944
0.6716291904449463
0.3192543089389801
0.4315343499183655
0.6361002326011658
0.8754113912582397
0.18056973814964294
0.49969425797462463
1.1309038400650024
0.5029503107070923
0.38304978609085083
0.7808842658996582
0.8712053298950195
0.533842921257019
0.47224146127700806
0.7254356145858765
0.9408181309700012
0.7312517762184143
0.9748743176460266
0.4949938654899597
0.3945472836494446
0.38724538683891296
0.3602270483970642
0.4683956205844879
0.4802287220954895
0.4466238021850586
0.4249836504459381
0.4030147194862366
0.408072292804718
0.379034161567688
0.4318016469478607
0.25576096773147583
0.8043538928031921
0.47675418853759766
0.46467286348342896
0.8435800671577454
0.6935946345329285
0.5256333947181702
0.954729437828064
0.57532799243927
0.8360495567321777
0.32143813371658325
0.5065534710884094
0.2317345142364502
0.4871733784675598
0.28925228118896484
0.7121838331222534
0.9417940378189087
0.5215553045272827
0.435433954000473
0.6786918640136719
0.5901816487312317
0.4070572853088379
0.2996262013912201
0.5980333089828491
0.4795425832271576
0.8531244397163391
