0.6021329760551453
0.6781066656112671
0.3479642868041992
0.4243054986000061
0.5046934485435486
0.4945859909057617
0.2970522344112396
0.2552241384983063
0.47239217162132263
0.25079748034477234
0.5189639329910278
0.3102943003177643
0.7250335216522217
0.43482130765914917
0.47499188780784607
0.5324996113777161
0.6018091440200806
0.34523969888687134
0.9826984405517578
0.5101910829544067
0.19451022148132324
0.4871223568916321
0.5757067799568176
0.4910542368888855
0.2486814260482788
0.3613320589065552
0.347294420003891
0.5446715354919434
0.8258315324783325
0.45357275009155273
0.2773806154727936
0.41923341155052185
0.6258401274681091
0.6431872248649597
0.4153677821159363
0.5379487872123718
0.30283403396606445
0.5716027617454529
1.2578036785125732
0.5376511216163635
0.4596486985683441
0.7856802940368652
0.5311247706413269
0.6798041462898254
0.7186038494110107
0.26269784569740295
0.553787112236023
0.44586920738220215
0.3562544286251068
0.3409724831581116
0.62651526927948
0.5593963861465454
0.28374212980270386
0.23746974766254425
0.5142132043838501
0.7683879137039185
0.4916890561580658
0.8748887181282043
0.6748703122138977
0.4364364743232727
0.577267587184906
0.21285557746887207
0.4187161326408386
0.8629505038261414
0.27727651596069336
0.30567818880081177
0.5323281288146973
0.6537516713142395
0.7033776044845581
0.6044991612434387
0.4770941734313965
0.4866011142730713
0.8519481420516968
0.4651340842247009
0.39150482416152954
0.3663991093635559
0.3622470498085022
0.4242174029350281
0.40393438935279846
0.49841171503067017
0.4645887017250061
0.4931500554084778
0.41802167892456055
0.873917281627655
0.46301785111427307
0.4423275887966156
0.33516553044319153
0.29056569933891296
0.8590937852859497
0.2934891879558563
0.5651916265487671
1.0648839473724365
0.8248367309570312
0.38388755917549133
0.5463322997093201
0.4770907461643219
0.7633969187736511
0.4988570809364319
0.48317503929138184
0.7400504350662231
0.31025901436805725
0.4972434639930725
0.5632908940315247
0.6987162828445435
0.26924917101860046
0.5909936428070068
0.853057861328125
0.3347308039665222
0.47243157029151917
0.6489483118057251
0.5802580118179321
0.559475302696228
0.6652979850769043
0.3566214442253113
0.7769677042961121
0.5101519823074341
0.8962316513061523
0.6416794061660767
0.38401007652282715
0.6367498636245728
0.39639967679977417
0.30587372183799744
0.567924976348877
0.6561816334724426
0.5484638214111328
0.7417017817497253
0.4325810372829437
0.32684987783432007
0.7339392900466919
0.28978341817855835
0.7417141199111938
0.5306484699249268
0.47688084840774536
0.3806014955043793
0.4911164343357086
0.44237881898880005
0.6804718971252441
0.9081567525863647
0.38455650210380554
0.38374704122543335
0.6178957223892212
0.4181523323059082
0.31858187913894653
0.4764000475406647
0.8201465606689453
0.7862366437911987
0.41196614503860474
0.6504615545272827
0.678674042224884
0.3556256592273712
0.6096335649490356
0.6875725984573364
0.6585378050804138
0.38912731409072876
0.4481186866760254
0.7020219564437866
0.8087642788887024
0.4730306565761566
0.6560826301574707
0.3659604489803314
0.32560065388679504
0.4950075149536133
1.0300253629684448
0.3574236035346985
0.43511098623275757
0.7648836374282837
0.4391769468784332
0.4544748365879059
0.36067044734954834
0.5651988983154297
0.26657313108444214
0.5476113557815552
1.7085750102996826
1.184333086013794
0.42583218216896057
0.27953577041625977
0.40809351205825806
0.5953060388565063
0.5276859402656555
0.3833329677581787
0.6325379610061646
0.6474002599716187
0.23714330792427063
0.6194440126419067
0.4909607768058777
0.49994802474975586
0.8049331903457642
0.5462697148323059
0.33456090092658997
0.5151078701019287
0.8120685815811157
0.6160560846328735
0.6436364650726318
0.5068682432174683
0.6944520473480225
0.4034443497657776
0.5352790951728821
0.8551281690597534
0.5542579889297485
0.5310322046279907
0.46229058504104614
0.4248230457305908
1.1909596920013428
0.36041510105133057
0.26036372780799866
0.7248603701591492
0.7835056781768799
1.1776082515716553
0.8213826417922974
0.48929300904273987
0.23305027186870575
0.7532058954238892
0.471743643283844
0.8660410046577454
0.6420161128044128
0.30856674909591675
0.5255557298660278
0.46942511200904846
0.28199949860572815
0.607164204120636
0.33754417300224304
0.21351821720600128
0.4607488214969635
0.44945430755615234
0.5604148507118225
0.572135329246521
0.8985368609428406
0.44135504961013794
0.7498404383659363
0.5813288688659668
0.46831315755844116
0.35754919052124023
0.709780216217041
0.5380347371101379
0.5598021149635315
0.30109554529190063
1.1965091228485107
0.998979926109314
0.2123144119977951
0.5317014455795288
0.956170380115509
0.6010971069335938
0.6007000207901001
0.3947395980358124
0.35725829005241394
0.5449389219284058
0.6042221784591675
0.7548986077308655
0.9774996638298035
0.2571285665035248
0.39411264657974243
0.46759891510009766
0.5720244646072388
0.5915185809135437
1.0460692644119263
0.33002132177352905
0.39481988549232483
0.4897262454032898
0.9699292182922363
0.487773597240448
0.3755066692829132
0.5114870071411133
0.3263089954853058
0.2781382203102112
0.5502423048019409
0.46679115295410156
0.8906124234199524
0.681575357913971
0.3974151611328125
0.8299484252929688
0.3057136535644531
0.5742966532707214
0.5365930795669556
0.699682354927063
0.36986419558525085
0.8231074213981628
0.4404166638851166
0.4572523236274719
0.6447756886482239
0.380376398563385
0.361508309841156
0.3502141833305359
0.28008022904396057
0.2850201427936554
0.5185011625289917
0.5284017324447632
0.7251087427139282
0.4357193112373352
0.609115719795227
0.8411802053451538
0.40802040696144104
0.34556108713150024
0.6656000018119812
0.43814677000045776
0.4581691324710846
0.6118428111076355
0.48862403631210327
0.3200884759426117
0.19527387619018555
0.5048102140426636
0.2621065378189087
0.3060775697231293
0.6389321088790894
0.6378432512283325
0.3431090712547302
0.6180160641670227
0.5034446716308594
1.164986252784729
0.7865431308746338
1.4435571432113647
0.5380874872207642
0.7677731513977051
0.5708456039428711
0.4346003532409668
0.6005899310112
0.3089509606361389
0.6351763606071472
1.0234251022338867
0.6712068915367126
0.6039684414863586
0.2804949879646301
0.6559737324714661
0.6868919134140015
0.6479432582855225
0.7397605180740356
0.8875774145126343
0.4700002074241638
0.6916218996047974
0.4671977162361145
0.36680737137794495
0.9027097821235657
0.8081440925598145
0.6575473546981812
0.6504839658737183
1.000952959060669
0.35467830300331116
0.4090983271598816
0.20436303317546844
