0.3572607636451721
0.8298656344413757
0.37414294481277466
0.8899627923965454
0.5833896398544312
0.37988606095314026
0.4529748857021332
0.5293912887573242
0.30942264199256897
0.21977047622203827
0.44696465134620667
0.4413844048976898
0.5251374244689941
0.5525892972946167
0.6136288642883301
0.5259896516799927
0.6728784441947937
0.39251887798309326
0.41270795464515686
0.5825183987617493
0.36137813329696655
0.3284892439842224
0.6182488203048706
0.6863557696342468
0.4963524341583252
0.291734516620636
0.5989916920661926
0.471945196390152
0.7232354879379272
0.351812481880188
0.611983597278595
0.9690743684768677
0.2253890484571457
0.9879074096679688
0.3482652008533478
0.8789405822753906
0.4785803258419037
0.5488105416297913
0.4485407769680023
0.7829397916793823
0.5324206352233887
0.662407636642456
1.1863272190093994
0.5720261335372925
0.2253052294254303
0.5368584394454956
0.5950140953063965
0.3257749378681183
0.7650675773620605
0.6044176816940308
0.8771575093269348
0.5135508179664612
0.42777219414711
0.7254003882408142
0.806108832359314
0.9829322099685669
0.5099419355392456
0.4042474627494812
1.022818922996521
0.7438710927963257
0.36218562722206116
0.37561193108558655
0.43064990639686584
0.5254025459289551
0.4676005244255066
0.5939476490020752
0.33016324043273926
0.4787747263908386
0.5374197959899902
0.42446285486221313
0.19865825772285461
0.39715343713760376
0.28438273072242737
0.4272684156894684
1.2376415729522705
0.4349619448184967
0.3149477541446686
0.5893040299415588
0.1880527287721634
0.8007076382637024
0.549468994140625
0.7946842908859253
0.46481823921203613
0.47723475098609924
0.30770641565322876
0.34310513734817505
0.3520629405975342
0.4827114939689636
0.542657732963562
0.4256085455417633
0.3733568489551544
0.3858954608440399
0.6109911203384399
0.3455403447151184
0.5074472427368164
0.37129464745521545
0.7331265807151794
0.41377872228622437
0.586319088935852
0.3953053057193756
0.8136935234069824
0.5489150285720825
0.4184424877166748
0.3763951361179352
0.6992689371109009
0.710767388343811
0.785620927810669
0.41653022170066833
0.630599319934845
0.5616249442100525
0.39928561449050903
0.4446007311344147
0.34051865339279175
0.45933446288108826
0.341461718082428
0.546531081199646
0.6649612784385681
0.4345270097255707
0.5220013856887817
0.32429438829421997
0.7757753729820251
0.6671789884567261
0.5213579535484314
0.10558943450450897
0.4349031448364258
0.5180870294570923
0.4584582448005676
0.6056522130966187
0.31640616059303284
0.3743000626564026
0.4177512526512146
0.6119548082351685
0.8786103129386902
0.5927886366844177
0.9982565641403198
0.6394302845001221
0.69029301404953
0.48423415422439575
0.5798324346542358
0.5018210411071777
0.42599382996559143
0.5911483764648438
0.3753637671470642
0.9484990239143372
0.20944003760814667
0.7396944761276245
0.728927493095398
0.431440532207489
0.7476511597633362
0.43045148253440857
0.7042487263679504
0.5561031103134155
0.7015460729598999
0.4193893373012543
0.4583725333213806
0.5545020699501038
0.7411050796508789
0.5386595726013184
0.34598642587661743
0.39710599184036255
0.2869323492050171
0.5729140043258667
0.4327901303768158
0.7332371473312378
0.4119802415370941
0.66148442029953
0.5094519853591919
0.75027996301651
0.31072428822517395
0.34269171953201294
0.44273680448532104
0.5465514063835144
0.4787421226501465
0.6698409914970398
0.4109611511230469
0.513820469379425
0.8144162893295288
0.21430151164531708
0.5371436476707458
0.5043509602546692
0.5343850255012512
0.5870957374572754
0.37382200360298157
0.5214093327522278
0.7996112704277039
0.5507070422172546
0.5254160761833191
0.3276791572570801
0.4957408010959625
0.955988883972168
0.6323829293251038
0.4242420792579651
0.4672253131866455
0.2927406430244446
0.3203219175338745
0.5724247694015503
0.20988330245018005
0.4654057025909424
0.5498725771903992
0.3651139736175537
0.5763729214668274
0.785402774810791
0.8000322580337524
0.5974307656288147
0.2990952432155609
0.585741400718689
0.2879822850227356
0.3125850558280945
0.7216061353683472
0.2604040205478668
0.29089590907096863
0.5913997888565063
0.512772262096405
1.0499931573867798
0.3784525394439697
0.916751503944397
0.4039091169834137
0.614840030670166
0.5338115096092224
0.30844616889953613
0.7061119675636292
0.39481717348098755
0.7826399803161621
0.3460111618041992
0.520179808139801
0.696925938129425
0.6432176232337952
0.5040686726570129
0.2113076150417328
1.1108533143997192
0.4875153601169586
0.871597170829773
0.26315149664878845
0.2185288965702057
0.8899019360542297
0.4160551428794861
0.2754923701286316
0.7904056906700134
0.4339788556098938
0.7680530548095703
0.6331218481063843
0.8780078887939453
0.28579428791999817
0.3431873917579651
0.45670780539512634
0.33140888810157776
0.3456893861293793
0.8204337954521179
0.3932897746562958
0.33503732085227966
0.7193156480789185
0.8891433477401733
0.25810661911964417
0.8888528943061829
0.43319129943847656
0.5637733340263367
0.42676401138305664
0.3083208203315735
0.5949617028236389
0.7982318997383118
0.596274733543396
0.6873482465744019
0.45956677198410034
0.8371542096138
0.7660152912139893
0.30963295698165894
0.388891339302063
0.22830665111541748
1.043542504310608
0.24039678275585175
0.7383307218551636
0.5611717700958252
1.0243356227874756
0.36965736746788025
0.48482269048690796
0.6136380434036255
0.5527901649475098
0.28165414929389954
0.4511808454990387
0.44896697998046875
0.3592066168785095
0.5729573369026184
0.25332069396972656
0.45571690797805786
0.3326186537742615
0.5971488952636719
0.9051410555839539
0.4210980534553528
0.4952182173728943
0.8124906420707703
0.860827624797821
0.7249660491943359
0.35838738083839417
0.48747196793556213
1.2150001525878906
0.5762408375740051
0.443793386220932
0.39771199226379395
0.6176335215568542
0.27969294786453247
0.7659503221511841
0.4145427644252777
0.46202999353408813
0.3718375563621521
0.5032045841217041
0.21584713459014893
0.7151095271110535
0.46239346265792847
0.47638922929763794
0.5139322280883789
1.0130150318145752
0.30066579580307007
0.9740009307861328
0.27189961075782776
0.39011189341545105
0.6719986200332642
0.991430401802063
0.3942899703979492
0.3205699920654297
0.35996246337890625
0.38815680146217346
0.6413987278938293
0.4906542897224426
0.46461448073387146
0.560028076171875
0.8134102821350098
0.6903473138809204
0.2906893789768219
0.4927702844142914
0.36235159635543823
0.44463586807250977
0.38072383403778076
0.4503961503505707
0.49904996156692505
0.19318321347236633
0.8202816843986511
0.5694675445556641
0.5991774201393127
