0.3452392518520355
0.6775021553039551
0.7365366816520691
0.681267261505127
0.4343617558479309
0.6442326307296753
0.5528402328491211
0.49016815423965454
0.6614018678665161
0.5917311906814575
0.6365999579429626
0.43123143911361694
0.5130749344825745
0.37961846590042114
1.146039366722107
0.7195793986320496
0.5764055848121643
0.41995692253112793
0.29927197098731995
0.65790855884552
0.5554506778717041
0.4140651822090149
0.46049419045448303
0.16603609919548035
0.5034013986587524
0.742367148399353
0.9582647085189819
0.5992621183395386
0.6647273302078247
0.5552781820297241
0.6461190581321716
0.42964524030685425
0.7144108414649963
0.3079602122306824
0.7782905697822571
0.426236629486084
0.7039752006530762
0.6440450549125671
0.1364898383617401
0.16543175280094147
0.7014116644859314
0.47445088624954224
0.42937222123146057
0.6493752002716064
0.49272045493125916
0.9558990597724915
0.6710165739059448
0.34902679920196533
0.3373507261276245
0.3996295928955078
0.6777597665786743
0.8260537981987
0.4552017152309418
0.5660394430160522
0.3790377378463745
0.40287795662879944
0.775846004486084
0.3666546940803528
0.5094789266586304
0.7115700840950012
0.7196239233016968
0.5898784399032593
0.5598515272140503
0.7981113195419312
0.6401581764221191
0.558180034160614
0.5067387819290161
0.7050591707229614
0.6864673495292664
0.6502891778945923
0.36599916219711304
0.723419189453125
0.49778681993484497
0.3580297827720642
0.38613659143447876
0.643195390701294
0.9218938946723938
0.4235911965370178
0.5095547437667847
0.5193987488746643
0.27381420135498047
0.65704745054245
0.40905895829200745
0.35460013151168823
0.5757144689559937
0.7164329290390015
0.6413357257843018
0.20707659423351288
0.36419251561164856
0.2738940715789795
0.39052122831344604
0.15979616343975067
0.30668357014656067
0.3815124034881592
0.4915897250175476
0.6951967477798462
0.42330536246299744
0.28444698452949524
0.9145985841751099
0.4156026840209961
0.4497039318084717
0.9959999322891235
0.7468992471694946
0.3150281310081482
0.30519384145736694
1.4236828088760376
0.5864807367324829
0.3873804211616516
1.5062308311462402
0.37810373306274414
0.6223939657211304
0.49633923172950745
0.678543746471405
0.23035264015197754
0.30938905477523804
0.8167220950126648
0.46087703108787537
0.5104085206985474
0.2627769112586975
0.8057712316513062
0.6432250738143921
0.30258122086524963
0.510120153427124
0.34120604395866394
0.8864386677742004
0.7316577434539795
0.6865752935409546
0.42174720764160156
0.45000267028808594
1.1253743171691895
0.35683098435401917
0.5377553105354309
0.3625815212726593
0.3911122977733612
0.4286404252052307
0.3331003189086914
0.5103766918182373
0.261591374874115
0.5948945879936218
0.4467528760433197
0.43857988715171814
0.7752946019172668
0.7115256786346436
0.4031516909599304
0.3619895875453949
0.5191102623939514
0.4356306493282318
0.7094416618347168
0.7582001090049744
1.077885627746582
0.5211519598960876
0.6161547899246216
0.37714067101478577
0.38464832305908203
0.708020806312561
0.5052302479743958
0.47025400400161743
0.4414835572242737
0.6031574010848999
0.24960669875144958
0.4773302972316742
0.17175140976905823
0.47158747911453247
0.541500985622406
0.6664632558822632
0.4643309712409973
0.4847842752933502
0.5266937613487244
0.49590879678726196
0.45948782563209534
0.5384200215339661
0.3363357186317444
0.6513031721115112
0.45966750383377075
0.9688525199890137
0.5143448114395142
0.3048853278160095
0.7265111804008484
0.2589738965034485
0.25706812739372253
0.741302490234375
0.2622976303100586
0.4251200258731842
0.22764179110527039
0.3644896447658539
0.48497503995895386
1.0437731742858887
0.45539942383766174
0.42326897382736206
0.5302221775054932
0.4052427411079407
0.4760825037956238
0.419670969247818
1.143505573272705
0.7625429034233093
0.39418143033981323
0.4491608738899231
0.33510732650756836
0.3530161678791046
0.5062675476074219
0.46502408385276794
0.6112625002861023
0.5123671293258667
0.7262563705444336
0.5381238460540771
0.5590956807136536
0.44060057401657104
0.24908819794654846
0.3572840690612793
0.39700403809547424
0.3338629901409149
0.6606127023696899
0.5256119966506958
0.41213488578796387
0.7689105272293091
0.24110808968544006
0.5759192705154419
0.5431168675422668
0.5106028318405151
0.5759722590446472
0.6155147552490234
0.33211854100227356
0.5295103788375854
0.6668562293052673
0.37687617540359497
0.4446229040622711
0.43962106108665466
0.743781566619873
0.8440570831298828
0.597000241279602
0.4716280996799469
0.7968406677246094
0.9929519891738892
0.4705080986022949
1.1844111680984497
0.5255299210548401
0.5128814578056335
0.2909134030342102
0.5968374013900757
0.5011354684829712
0.5639748573303223
0.49457240104675293
0.5569139719009399
0.4341375231742859
0.3111078143119812
0.806246280670166
0.5196604132652283
0.34172821044921875
0.38252201676368713
0.3842526078224182
0.8739844560623169
0.798416018486023
0.394994854927063
0.6806119680404663
0.21504709124565125
0.2858459949493408
0.28398972749710083
0.7694500684738159
1.0693776607513428
0.5923484563827515
0.7470206618309021
0.7998033165931702
0.46033602952957153
1.620592713356018
0.5693391561508179
0.7158167958259583
0.3995380997657776
0.4862488806247711
0.5046702027320862
0.4075995087623596
0.3559359312057495
0.6727832555770874
0.9035338163375854
0.36821120977401733
0.4954681396484375
0.6334096193313599
0.7402905225753784
1.1468743085861206
0.40646424889564514
0.976327121257782
0.29996246099472046
0.5522738099098206
0.41294756531715393
0.6107708811759949
0.6502381563186646
0.1847856342792511
0.375247061252594
0.44879016280174255
0.23773615062236786
0.39342373609542847
0.6114810705184937
0.5649704933166504
0.8278840780258179
0.3580285310745239
0.3862273693084717
0.41114434599876404
0.6886683702468872
0.5381612777709961
0.364370197057724
0.3423348069190979
0.31283700466156006
0.380418598651886
0.9092491865158081
0.2652153968811035
0.3705518841743469
0.3064292073249817
0.38901305198669434
0.42878931760787964
1.1660535335540771
0.3646013140678406
0.3678331673145294
0.7134460210800171
0.9753201603889465
0.4323621690273285
0.4956740736961365
0.8102820515632629
0.903175950050354
0.3609859347343445
0.43687495589256287
0.72577965259552
0.2878658175468445
0.3736514449119568
0.5835236310958862
0.4303322732448578
1.0203888416290283
0.6694413423538208
0.5895783305168152
0.4069612920284271
0.3812577724456787
0.37227892875671387
0.4432755410671234
0.910539448261261
0.4984630048274994
0.5302859544754028
0.8759468197822571
0.9987193942070007
0.4396733343601227
0.6349232792854309
