0.47315335273742676
0.22139036655426025
0.3690558075904846
0.5142908692359924
0.31739458441734314
0.7062979936599731
0.5986725687980652
0.22007544338703156
0.7005420923233032
0.6208392977714539
0.30850309133529663
0.4622143805027008
0.7232989072799683
0.4353605806827545
0.718599796295166
0.3620545268058777
0.6919001936912537
0.39956846833229065
0.19910681247711182
0.8084705471992493
0.5695935487747192
0.7102545499801636
0.7336363792419434
0.6321014165878296
0.29959815740585327
0.3840147852897644
0.33785155415534973
0.7254616618156433
1.1992881298065186
0.4428960382938385
0.35687321424484253
0.654936671257019
0.43832796812057495
0.3341645896434784
0.3682200610637665
0.5663225054740906
0.42531538009643555
0.731183648109436
0.4260808825492859
0.4343188405036926
0.40834665298461914
0.6208420991897583
0.5368070602416992
0.7434121966362
0.36717960238456726
0.7513763308525085
0.5195070505142212
0.2796005308628082
0.38705122470855713
0.8445631265640259
0.6941035985946655
0.5373585820198059
0.23536868393421173
0.6103982329368591
0.3188996911048889
0.41978734731674194
0.3638250231742859
0.7990602254867554
0.3645254373550415
0.9165436029434204
0.5877529382705688
0.6088106036186218
0.7426555752754211
0.6233513951301575
0.6385540962219238
0.14180056750774384
0.4282013773918152
0.8671895265579224
0.5407302975654602
0.30810731649398804
0.6543242335319519
0.6043444275856018
0.5863021016120911
0.5625928044319153
0.6013631224632263
0.5011924505233765
0.7310969233512878
0.4357324242591858
0.38685908913612366
0.5939173102378845
1.2646009922027588
0.5535012483596802
0.8854019045829773
0.22089269757270813
0.5671420693397522
0.8833743333816528
0.20204754173755646
0.4228748381137848
0.4599841237068176
0.4028739035129547
0.18952174484729767
0.2715749144554138
0.5676962733268738
0.5841413736343384
0.5975130796432495
0.20224013924598694
0.5258358120918274
0.6705389022827148
0.6022292375564575
0.47385555505752563
0.3916185796260834
0.4078632891178131
1.1094013452529907
0.6021206974983215
0.4101915955543518
0.6767836809158325
0.43456822633743286
0.3107776641845703
0.5312536954879761
0.31630101799964905
0.32641714811325073
0.3437970280647278
0.4382738173007965
0.5413746237754822
1.9438985586166382
0.8201438784599304
1.0802924633026123
0.5736144781112671
0.6348670125007629
0.5549972057342529
0.42596435546875
0.48087406158447266
0.439583957195282
0.5197614431381226
1.069388508796692
0.5051538348197937
0.3625956177711487
0.5327743291854858
0.37482741475105286
0.3547109067440033
0.28862690925598145
0.5498021841049194
0.7905500531196594
0.31094348430633545
0.7999364733695984
0.7922121286392212
0.796261191368103
0.20372720062732697
0.6196259260177612
0.34489694237709045
0.5606313347816467
0.7990267276763916
0.5619423389434814
0.5494044423103333
0.3896421790122986
0.5640309453010559
1.0196073055267334
0.9655387997627258
0.4366064965724945
0.6281732320785522
0.44878268241882324
0.3451824486255646
0.6614233255386353
0.19139082729816437
0.4073249399662018
0.45283228158950806
0.5775592923164368
0.3764289319515228
0.6885907649993896
0.5924856066703796
0.350303590297699
0.6311202049255371
0.2528597414493561
0.2742834985256195
0.26086342334747314
0.20456388592720032
0.6437326669692993
0.3728213608264923
0.7904744148254395
0.5144688487052917
0.335030198097229
0.2618924081325531
0.42833662033081055
0.4970199465751648
0.7939934730529785
1.1595216989517212
0.664402425289154
0.35841652750968933
0.6189591884613037
0.34734615683555603
0.38076770305633545
0.24532361328601837
0.6374993920326233
0.4364601671695709
0.33114832639694214
0.6117653250694275
0.5891729593276978
0.7871934771537781
0.31800010800361633
0.7214788198471069
0.4326069951057434
0.6655967235565186
0.8478093147277832
0.612514853477478
0.5339368581771851
0.6017950177192688
0.49436530470848083
0.2998805046081543
1.2380597591400146
0.6129039525985718
0.33746105432510376
0.4802156388759613
0.33878427743911743
0.49648410081863403
0.6623581051826477
0.5888952016830444
0.412322998046875
1.1495492458343506
0.3973577320575714
0.583899974822998
0.32421573996543884
0.4557965397834778
0.525544285774231
0.7894465327262878
0.325414776802063
0.545048177242279
0.46883612871170044
0.27230697870254517
0.35225945711135864
0.44051867723464966
0.805208683013916
0.3254276216030121
0.4386739730834961
0.530046284198761
0.3861737847328186
0.5053907632827759
0.6387683749198914
0.8187177777290344
0.35399237275123596
0.7774770259857178
0.2247919738292694
0.4404629170894623
0.6589439511299133
0.7857210636138916
0.4323343336582184
0.5516077280044556
0.32319700717926025
0.8108586072921753
0.35012000799179077
0.4683743417263031
0.7557857632637024
0.6811116337776184
0.7250427007675171
0.5677215456962585
0.7700788378715515
0.5967162251472473
0.398821622133255
0.6162228584289551
0.928031325340271
0.7189338207244873
0.7485211491584778
0.714406430721283
0.3475009500980377
0.4913581311702728
0.14582034945487976
0.4553068280220032
0.8321077227592468
0.32350271940231323
0.6863584518432617
0.9360292553901672
0.277410626411438
0.461876779794693
0.605667233467102
0.6101797223091125
0.41811609268188477
0.33792856335639954
0.3002234399318695
0.7360650300979614
0.9081648588180542
0.3810752332210541
0.3520873785018921
0.5051795244216919
0.26138609647750854
0.348410427570343
0.29193827509880066
0.20464274287223816
0.4332703649997711
0.8546061515808105
0.4374452531337738
0.2677587568759918
0.6134154200553894
0.7015234231948853
0.25600606203079224
0.4879299998283386
0.36882078647613525
0.39166775345802307
0.70207679271698
0.48110708594322205
0.5071758031845093
0.358853280544281
0.5969682931900024
1.0380645990371704
0.6815397143363953
0.4993464946746826
0.6054484248161316
0.5409520864486694
0.46293264627456665
0.40490978956222534
0.3890630900859833
0.5525819659233093
0.5546711683273315
0.3963600993156433
0.5803225636482239
0.5616466999053955
0.5080498456954956
0.6818933486938477
0.8217817544937134
0.34959229826927185
0.4239415228366852
1.1635535955429077
0.26877695322036743
0.4172495901584625
0.3057294487953186
0.41491347551345825
0.41661033034324646
0.4882173538208008
0.5620473623275757
0.6847304105758667
0.5157142877578735
0.6097680330276489
0.5726428031921387
0.6142183542251587
0.5439920425415039
0.44377440214157104
0.4925845265388489
0.5381215214729309
0.5478180646896362
0.3142395615577698
1.095395565032959
0.5135843753814697
0.6333670616149902
0.4015367031097412
0.6604205369949341
0.5369775891304016
0.14349472522735596
0.4031762182712555
0.9637923240661621
0.8249273896217346
