0.39165717363357544
0.32352590560913086
0.7277279496192932
0.3750024139881134
0.27538591623306274
0.4847414493560791
0.4869752824306488
0.34854820370674133
0.5716916918754578
0.5629609227180481
0.9419550895690918
0.42234888672828674
0.3989323675632477
0.49001139402389526
0.27694422006607056
0.33448320627212524
0.5729316473007202
0.5162304639816284
0.8242647051811218
0.28222113847732544
0.5683667063713074
0.30979427695274353
0.6320956349372864
0.4634834825992584
0.24580299854278564
0.44241848587989807
0.25798553228378296
0.5285433530807495
0.5815969705581665
0.44405585527420044
0.7705666422843933
0.4165319800376892
0.4478018879890442
0.3453344702720642
0.32122668623924255
0.4567464292049408
0.5071463584899902
0.3490403890609741
0.41761311888694763
0.6958209872245789
0.2749042510986328
0.3861888349056244
0.44222989678382874
0.5356518626213074
0.5692270994186401
0.26450133323669434
0.4654551148414612
0.5558866858482361
0.40807056427001953
0.7521737813949585
0.4638618528842926
0.31725257635116577
0.2785739302635193
0.8816173672676086
0.4887893795967102
0.2835175395011902
0.9557439088821411
0.4308300018310547
0.2535102963447571
0.9988695979118347
0.5684253573417664
0.49022454023361206
0.7338672280311584
0.48365288972854614
0.4787840247154236
0.4214412569999695
0.6206442713737488
0.19970761239528656
0.887307345867157
0.6914105415344238
0.5929481387138367
0.7251931428909302
0.6406421661376953
0.43492427468299866
0.4405592978000641
0.633971631526947
0.3433593809604645
0.9846142530441284
0.4305085241794586
0.5689484477043152
0.5268343091011047
0.40588635206222534
0.399019718170166
0.6372411251068115
0.8615337610244751
0.28222590684890747
0.8027551770210266
0.22991900146007538
0.7550253868103027
0.33170661330223083
0.4366092085838318
0.4181641638278961
0.44949549436569214
0.7950124740600586
0.29799947142601013
0.34210070967674255
0.7290929555892944
0.32432201504707336
0.5040494799613953
0.7898135781288147
0.7533411979675293
0.35333967208862305
0.5366977453231812
0.43305081129074097
0.2878785729408264
0.40654468536376953
0.4320109486579895
0.3735981583595276
0.23842811584472656
0.5279899835586548
0.23258180916309357
0.6200141310691833
0.39542800188064575
0.5079783797264099
0.5429868698120117
0.23501074314117432
0.12216570228338242
0.41553306579589844
0.5368111729621887
0.8211698532104492
0.6557347774505615
0.6277580857276917
0.829997181892395
0.3960415720939636
1.0663318634033203
0.3845424950122833
0.8139918446540833
0.3140692412853241
0.7148849368095398
0.3855978548526764
0.5927132368087769
0.515424370765686
0.5726426243782043
0.4852694571018219
0.6659053564071655
0.41564393043518066
0.5972261428833008
0.35840538144111633
0.7313836216926575
0.35148924589157104
0.5752508640289307
0.3223057687282562
0.32490676641464233
0.9920240640640259
0.5571812987327576
0.6599131226539612
0.5838248133659363
0.44358140230178833
0.5089061856269836
0.4937891364097595
0.17969922721385956
0.6967471837997437
0.3688318133354187
0.25907421112060547
0.37980860471725464
0.26769936084747314
0.24700689315795898
0.7874008417129517
0.4575604498386383
0.34331005811691284
0.35924988985061646
0.281527578830719
0.31305548548698425
0.4960465431213379
0.7558215856552124
0.9251941442489624
0.25395330786705017
0.5949751138687134
0.6717740893363953
0.16747640073299408
0.5440715551376343
0.25249460339546204
0.8812073469161987
0.40878668427467346
0.5153140425682068
0.3522384762763977
0.46816205978393555
0.555423378944397
0.6759915351867676
0.2522987425327301
0.4951991140842438
1.1242777109146118
0.5334681272506714
0.442582905292511
0.9389780759811401
0.35895365476608276
0.49627894163131714
1.1300019025802612
0.3471377491950989
0.5029235482215881
0.7671116590499878
0.47656136751174927
0.6706377267837524
0.3934524357318878
0.8651478886604309
0.5750144720077515
0.6602255702018738
0.31862086057662964
0.8490127325057983
0.22674167156219482
0.5556139945983887
0.6752995252609253
0.9814092516899109
0.5581111907958984
0.440962016582489
0.469686895608902
0.7562311291694641
0.47053542733192444
0.23121508955955505
0.44000154733657837
0.7204541563987732
0.7538491487503052
0.23811832070350647
0.766615092754364
0.37144309282302856
0.3834601044654846
0.5386142730712891
0.7198969721794128
0.3702434301376343
0.3929285407066345
0.8705881834030151
1.1089919805526733
0.3477631211280823
0.34748750925064087
0.292131245136261
0.45657801628112793
0.656408965587616
0.3515002727508545
0.3756476044654846
0.6420395970344543
0.42770758271217346
0.5950967073440552
0.2817942500114441
0.1662125289440155
0.32891157269477844
0.47837600111961365
0.560688853263855
0.25296950340270996
0.7079364657402039
0.6053993701934814
0.46519994735717773
0.5582482218742371
0.543993353843689
0.3018897473812103
0.43083858489990234
0.48066943883895874
0.48622846603393555
0.6214786767959595
0.5711881518363953
0.5275858640670776
0.24139675498008728
0.6433948278427124
0.534610390663147
0.7117102742195129
0.883423924446106
0.3997310698032379
0.8774768114089966
0.5411471128463745
0.396087110042572
0.34616002440452576
0.6914297342300415
0.6531344056129456
0.4974430203437805
0.7950461506843567
0.5836957693099976
0.37466371059417725
0.6408270597457886
0.31003960967063904
0.628914475440979
0.3071785569190979
0.7563698887825012
0.8870800137519836
0.9645885229110718
0.7136697173118591
0.2276906967163086
0.47701168060302734
1.1247963905334473
0.2662166953086853
0.40420374274253845
0.5247061252593994
0.327919065952301
0.4639616906642914
0.9684773683547974
0.5057699680328369
0.37468966841697693
0.5644142627716064
0.6667351722717285
0.2418663054704666
0.5084014534950256
0.7659397125244141
0.7509711384773254
0.4819332957267761
0.3871632218360901
0.5509455800056458
0.4127713143825531
0.9011661410331726
0.43655553460121155
0.3041079044342041
0.4104326665401459
0.7933007478713989
0.2969493567943573
0.5725371241569519
1.2094175815582275
0.7901524305343628
0.44449010491371155
0.8940563201904297
0.6806215643882751
0.36128923296928406
0.745141327381134
0.6859922409057617
0.46911853551864624
0.6344727873802185
0.5960289835929871
0.3611370325088501
0.3508337140083313
0.6017395257949829
0.7550562024116516
0.441450297832489
0.7541502714157104
0.41356930136680603
0.6890274286270142
0.4697810709476471
0.5288993120193481
0.6036136746406555
0.5084047913551331
0.48238223791122437
0.6876893639564514
0.6835096478462219
0.5098792910575867
0.5597965121269226
0.6571490168571472
0.4916761517524719
1.132991075515747
0.34605085849761963
0.33616456389427185
0.9819726943969727
1.020166039466858
0.5083379745483398
