0.4480084478855133
0.8175016641616821
0.3217901587486267
0.7197519540786743
0.3488679528236389
0.4236457347869873
1.2789713144302368
0.6648063063621521
0.3591453433036804
0.538766086101532
0.35625022649765015
0.8440845608711243
0.7229890823364258
0.6636883020401001
0.33991727232933044
0.7376059293746948
0.530353844165802
0.5572241544723511
0.6046386361122131
0.5195701718330383
0.4664367139339447
0.6015100479125977
1.0158718824386597
1.3987629413604736
0.20077729225158691
0.2560007572174072
0.8794565200805664
0.3320764899253845
0.49710893630981445
0.39050987362861633
0.4692627787590027
0.6923858523368835
0.3997923731803894
0.8288080096244812
0.3639081120491028
0.5178238749504089
0.3730904161930084
0.3532724976539612
0.7742692828178406
0.2918066084384918
0.2543528079986572
0.5078753232955933
0.39202943444252014
0.2846643924713135
0.44133836030960083
0.46081990003585815
1.0279772281646729
0.26915442943573
0.31608057022094727
0.4408644735813141
0.4204038977622986
0.5249245762825012
0.525534451007843
0.43525928258895874
0.37451571226119995
0.5258234739303589
0.4123675227165222
0.8560279607772827
0.33391496539115906
0.8116669654846191
0.2980761229991913
0.6276150345802307
0.8021434545516968
1.185353398323059
0.4738239347934723
0.6884878873825073
0.5062669515609741
0.5628768801689148
0.5677503347396851
0.4050220847129822
0.21408972144126892
0.49442991614341736
0.5710169076919556
0.40741395950317383
0.5196976065635681
1.0414559841156006
0.26871490478515625
0.19907894730567932
0.4604087769985199
0.4659218192100525
0.5027329325675964
0.7078948020935059
0.7522286176681519
0.8568153381347656
0.5571917295455933
0.6708102226257324
0.4171694815158844
0.3787821829319
0.5933860540390015
0.2945718765258789
0.7185938954353333
0.3010388910770416
0.7581008672714233
0.7524953484535217
0.4359649121761322
0.44253331422805786
0.41288161277770996
0.5318635106086731
0.809583306312561
0.5124748945236206
0.4898551106452942
0.6537620425224304
0.46796926856040955
0.6756346821784973
0.47625574469566345
0.5559954643249512
0.5105701088905334
0.7579640746116638
0.3216509222984314
0.4540122151374817
0.5433512926101685
0.4470944404602051
0.8357386589050293
0.5082334280014038
0.22084729373455048
0.6216384768486023
0.3879488706588745
0.5719467401504517
1.0527184009552002
0.1569555103778839
0.556057333946228
0.4118071496486664
0.8207107782363892
0.4449966549873352
0.3653518855571747
0.4626486301422119
0.6842687726020813
0.6485670804977417
0.633057713508606
1.1146999597549438
0.5130149126052856
0.8679800033569336
0.5090104341506958
0.4189414083957672
1.039363145828247
0.7717634439468384
0.34705618023872375
0.49246877431869507
0.7651758193969727
0.3949069380760193
0.38857993483543396
0.8221103549003601
0.3674336075782776
0.39887458086013794
0.636945366859436
0.7886699438095093
0.8733718991279602
0.283815860748291
0.19905449450016022
0.6860767602920532
0.5656112432479858
0.3646843731403351
0.7477846145629883
0.489962637424469
0.45006999373435974
0.5451145172119141
0.8652511835098267
0.4170255661010742
1.1311554908752441
0.5967715382575989
0.9177020788192749
0.7553850412368774
0.9937359094619751
0.40871304273605347
1.1076738834381104
1.406125783920288
0.9409693479537964
0.2716488540172577
0.8477164506912231
0.6963927149772644
0.3505565822124481
0.45201483368873596
0.23709872364997864
0.5140647292137146
0.5828961133956909
0.8414472341537476
0.20467963814735413
0.5020061731338501
0.32335636019706726
0.5920510292053223
0.4227007031440735
0.3454999625682831
0.4049624800682068
0.5248319506645203
0.6937307119369507
0.6126213073730469
0.661992073059082
0.6390293836593628
0.7892983555793762
0.4702032208442688
0.27745145559310913
0.2851119637489319
0.2729474604129791
0.43377169966697693
0.8460597991943359
0.22712484002113342
0.2725234031677246
0.1101813092827797
0.5213130712509155
0.6235523223876953
0.8891149759292603
0.42989200353622437
0.8429905772209167
0.20652298629283905
0.5022360682487488
0.2647346556186676
0.9662682414054871
0.5656083822250366
0.311807781457901
1.068260908126831
0.4704287648200989
0.2383347451686859
0.6957672834396362
0.47130054235458374
0.6273928284645081
0.4224502444267273
0.5001634359359741
1.2536969184875488
0.6096011996269226
0.44834738969802856
0.47972577810287476
0.4242270588874817
0.36861342191696167
0.3243769109249115
0.2519996166229248
0.8041537404060364
0.31879082322120667
0.5006841421127319
0.1611984819173813
0.5167860984802246
0.6122256517410278
0.7136709094047546
0.38626718521118164
0.29897215962409973
0.44595059752464294
0.5693711042404175
0.7662011981010437
0.2826635539531708
0.40880876779556274
0.31394273042678833
0.7096895575523376
0.5194563269615173
0.580309271812439
0.6565743684768677
0.6200894117355347
0.6331477165222168
1.1709318161010742
0.6132202744483948
0.9417968988418579
0.6375799179077148
0.5288271903991699
0.4095001816749573
0.4476284384727478
0.19227100908756256
0.5785807371139526
0.37246647477149963
0.5908175706863403
0.7417086362838745
0.8717638850212097
0.7965356111526489
0.48986977338790894
0.38975510001182556
0.3639484941959381
1.0343945026397705
0.4834519922733307
0.2745819687843323
0.7418262362480164
0.4215668737888336
0.5519815683364868
0.257521390914917
0.13537904620170593
0.5677343606948853
0.49861907958984375
1.1832499504089355
0.634137749671936
0.8620836138725281
0.2536900043487549
0.6274189352989197
0.5749081373214722
0.6352699398994446
0.6273993253707886
0.612637996673584
0.6303765177726746
0.3366645872592926
0.6295623779296875
0.4809114336967468
0.6485280990600586
0.215510755777359
0.534280002117157
0.306079238653183
1.0168898105621338
0.20956985652446747
0.5587512850761414
0.5533936023712158
0.4057762622833252
0.21079739928245544
0.5784851312637329
0.3636028468608856
0.9925252199172974
0.5909463763237
0.8043439984321594
0.2756059765815735
0.8783043622970581
0.6153044700622559
0.8520463109016418
0.6876224875450134
0.4234980642795563
0.8076398968696594
0.27044984698295593
0.5893632173538208
0.5314565896987915
0.6712077856063843
0.7458726763725281
0.4806215167045593
0.6805893182754517
0.557274341583252
0.7154266238212585
0.6711233854293823
0.9680194854736328
0.8749839067459106
0.14192166924476624
0.3573581576347351
0.5981216430664062
0.6838458776473999
0.33372417092323303
0.7836520075798035
0.9499143362045288
0.4641600549221039
0.9665605425834656
0.4801271855831146
0.7846002578735352
0.6909235119819641
0.7504380345344543
0.4260414242744446
0.6838089823722839
0.45793652534484863
0.2934490740299225
1.3495162725448608
