0.4537452757358551
0.35834988951683044
0.8325551748275757
0.6733744144439697
0.6287156939506531
0.7332698106765747
0.858012318611145
1.0930887460708618
0.43729910254478455
1.0538883209228516
0.35802993178367615
0.7885921597480774
1.0483434200286865
0.6818338632583618
0.6705344915390015
0.9104481935501099
0.8810451626777649
0.69427490234375
0.7736148834228516
1.3114826679229736
0.4228482246398926
0.4210284650325775
0.313168466091156
0.9000274538993835
0.7569794654846191
1.0111373662948608
0.460218608379364
0.8688493967056274
0.7521055340766907
0.5151761770248413
1.139484167098999
0.6864341497421265
0.5217427015304565
1.192437767982483
0.8650621175765991
0.6604498624801636
0.928327202796936
0.6079524755477905
0.49309977889060974
0.6362605094909668
0.9293599128723145
0.8372319936752319
0.5610771775245667
0.6361110806465149
0.8360568881034851
0.9504231214523315
0.42304953932762146
0.7354837656021118
0.33762556314468384
0.5932642817497253
0.7882146835327148
0.8271886110305786
0.5080334544181824
1.1545608043670654
0.5868364572525024
0.5900528430938721
0.6515135169029236
0.4556208550930023
0.6180604696273804
0.6270672082901001
0.6279853582382202
0.5001515746116638
0.8362075090408325
0.6438170671463013
0.560754120349884
0.6206167340278625
0.7781326174736023
0.5106035470962524
0.5578771829605103
0.9334398508071899
0.5671982765197754
0.34829410910606384
0.761238157749176
0.6761773824691772
0.8211735486984253
1.6711431741714478
1.1515915393829346
0.76836097240448
0.6613035202026367
0.7623776793479919
0.6726187467575073
0.7493387460708618
0.7060576677322388
0.7133079767227173
0.5435503721237183
0.6252973079681396
0.718264102935791
1.6796009540557861
0.754727840423584
0.6833351850509644
0.6875160336494446
0.6661913990974426
0.5816750526428223
0.7980260848999023
0.5423586964607239
0.4429292678833008
0.767407238483429
0.928375244140625
0.8125567436218262
0.7924491763114929
1.0054781436920166
0.5375291109085083
1.131166696548462
0.6205670833587646
0.779406726360321
0.441640704870224
1.0630338191986084
0.43798112869262695
0.6521269679069519
0.5006486177444458
0.8609310984611511
0.6483030319213867
0.6869128346443176
0.513667643070221
0.5328968167304993
0.4894341826438904
1.2696086168289185
0.7183929681777954
0.4017835557460785
0.5871577858924866
1.136526107788086
0.5692533254623413
0.9208685159683228
0.7229683995246887
0.5074864625930786
0.5995858311653137
0.2906683087348938
0.6084657907485962
0.5835081338882446
0.6479858756065369
0.526935338973999
0.9876817464828491
0.6859341263771057
0.9971662759780884
0.8404054641723633
0.9287392497062683
0.5235027074813843
0.651110053062439
0.6368650197982788
0.8430228233337402
1.21778404712677
0.7313192486763
0.8654594421386719
0.39605608582496643
0.7188175916671753
0.6136882901191711
0.6229785084724426
0.8042700886726379
0.4926271438598633
0.5239450335502625
0.5353106260299683
0.7076703906059265
1.5329630374908447
0.7108588218688965
1.4054229259490967
0.6541350483894348
0.7358242273330688
0.4833046495914459
0.8731484413146973
0.7283276915550232
0.3793853223323822
0.42277297377586365
0.6801324486732483
0.6731753945350647
1.1292320489883423
0.5741335153579712
1.1011104583740234
0.5673162937164307
0.46050819754600525
0.8705736398696899
0.691600501537323
0.7733626365661621
0.4753636419773102
1.2219829559326172
0.5392403602600098
0.4804750382900238
0.3670114576816559
1.1339476108551025
1.1286197900772095
0.9404987096786499
0.8177003860473633
0.5352504253387451
0.5415000319480896
0.3766708970069885
0.7116058468818665
0.8336044549942017
1.0343050956726074
0.2605668902397156
1.0289932489395142
0.6153284907341003
0.5816222429275513
0.500524640083313
0.79227215051651
0.6298177242279053
1.1968199014663696
0.6535457372665405
0.35988324880599976
0.9217242002487183
0.9492365121841431
0.46689510345458984
0.712716817855835
0.5784853100776672
0.5196215510368347
1.0689754486083984
0.5584295988082886
0.6230710744857788
0.554399311542511
0.5928723812103271
0.4263896048069
0.6271016001701355
0.9539209604263306
1.1713883876800537
0.8646148443222046
0.4547925889492035
0.7032186985015869
0.5951334238052368
0.6440502405166626
0.5758247971534729
0.7509236931800842
0.6340664625167847
0.5812951326370239
0.5970431566238403
0.4313505291938782
0.8310884237289429
0.8036552667617798
0.6212266683578491
0.9408880472183228
0.5096950531005859
0.39280247688293457
0.8094052076339722
0.6553394198417664
0.7548824548721313
0.41664236783981323
0.6137099266052246
0.4517417848110199
0.4973267614841461
0.5492094159126282
1.5813038349151611
0.8042201995849609
0.9486314058303833
0.44206857681274414
0.7826938033103943
0.5054377913475037
0.37872549891471863
0.703920841217041
0.5227068662643433
0.9589946866035461
0.6282896995544434
0.5405017137527466
0.8782545328140259
0.5782924890518188
0.4676613211631775
0.8002292513847351
0.645919680595398
0.6063283085823059
0.30301982164382935
0.8270567059516907
0.8369402885437012
1.1451178789138794
1.1132961511611938
0.7219869494438171
0.8444531559944153
0.6482468843460083
0.509515106678009
0.5100573897361755
0.5879089832305908
0.6907896995544434
0.5694939494132996
0.3720700442790985
1.0348113775253296
0.743644118309021
0.7174803018569946
0.6373772025108337
0.5365749597549438
0.6061167120933533
1.2746433019638062
0.2997746765613556
0.6504575610160828
0.9785096049308777
0.5938388705253601
0.7979551553726196
0.8599710464477539
0.5569372177124023
0.9030870199203491
0.8610986471176147
0.9158313870429993
0.723636269569397
0.5071896910667419
0.3955761790275574
0.6256335973739624
0.6861076354980469
0.7043492794036865
0.3618108332157135
0.9182513356208801
0.5880268812179565
0.8896169662475586
0.8180032968521118
0.7924536466598511
0.7681388258934021
0.7126401662826538
1.0798676013946533
0.5772567987442017
0.36007073521614075
0.8243755102157593
0.8929401636123657
0.8857831954956055
0.7514921426773071
0.3903171122074127
0.6398002505302429
0.634369969367981
1.0943256616592407
0.3477107286453247
1.131208896636963
0.4564081132411957
0.7907848954200745
0.8795593976974487
0.585870623588562
0.7065620422363281
0.7566913366317749
0.6275913715362549
0.6046398282051086
0.6377996206283569
0.5738821029663086
1.1156659126281738
0.5748459696769714
0.47823554277420044
0.6199071407318115
1.148765206336975
0.6326583623886108
0.9953101277351379
0.5744031667709351
1.0442527532577515
1.1734833717346191
0.6334255933761597
0.4332563877105713
0.42871150374412537
0.4849415421485901
0.6768317222595215
