0.5302354097366333
0.29663580656051636
0.8763129115104675
0.6668184399604797
0.48141321539878845
0.2587175965309143
0.5014937520027161
0.3502497971057892
0.39442721009254456
1.1577212810516357
0.5077705383300781
0.35344550013542175
0.41152429580688477
0.331740140914917
0.49247679114341736
0.3218173086643219
0.3207853138446808
1.0541139841079712
0.7247735261917114
1.7394073009490967
0.22681307792663574
0.5752552151679993
0.7402025461196899
0.5348607897758484
0.5255410075187683
0.42346876859664917
0.34741026163101196
0.4528120160102844
0.1978493332862854
0.5102683901786804
0.3826873004436493
0.21558885276317596
0.30207034945487976
0.2761877477169037
0.7163676619529724
0.3788716197013855
0.44857653975486755
0.4329153001308441
0.3655109703540802
0.45749130845069885
0.5434986352920532
0.5739213824272156
0.2853391170501709
0.4001755118370056
0.2840936779975891
0.3202698230743408
0.20487311482429504
0.5734992027282715
0.5047186613082886
0.5460456609725952
0.2672833502292633
0.3752685785293579
0.8445202112197876
1.1587148904800415
0.6076380014419556
0.40906375646591187
0.5327219367027283
0.9328564405441284
0.5604010820388794
0.45043784379959106
0.18155580759048462
0.3693417012691498
0.9828544855117798
0.5323383212089539
0.5340155959129333
0.39721256494522095
0.9568459391593933
0.7622016668319702
0.7607571482658386
0.6080988645553589
0.36670270562171936
0.4918929636478424
0.5437639355659485
0.7779265642166138
0.46008434891700745
0.4826454222202301
0.731174886226654
0.3919970393180847
0.5073791742324829
0.4873896539211273
0.2477174699306488
0.6383123397827148
0.4945603907108307
0.42653560638427734
0.3277885913848877
0.6484456062316895
0.4346854090690613
0.48537468910217285
0.7205824255943298
0.6946421265602112
0.25573718547821045
1.0518314838409424
0.642798900604248
0.3678922653198242
0.5968526601791382
0.31460076570510864
0.8315420150756836
0.6468390226364136
0.626000702381134
0.4562610685825348
0.23734143376350403
0.26572391390800476
0.7064396739006042
0.5914894342422485
0.34226277470588684
0.27903658151626587
0.28804415464401245
0.3136622905731201
1.0949618816375732
0.6159778237342834
1.4597277641296387
0.3734140694141388
0.2756386995315552
0.47889256477355957
0.5315326452255249
0.6798022389411926
0.44293493032455444
0.49668851494789124
1.1821693181991577
0.3366653621196747
1.0464401245117188
0.7072744369506836
0.282391756772995
0.9212778806686401
0.5534205436706543
0.22344979643821716
0.6441352963447571
0.9022530317306519
0.5696085691452026
0.5036057233810425
1.1380555629730225
0.30942776799201965
0.43079057335853577
0.2673245966434479
0.3159049153327942
1.0667712688446045
0.3519813120365143
0.4639863967895508
0.6729916930198669
0.5968519449234009
0.734621524810791
0.6538036465644836
0.4202333986759186
0.6870291233062744
0.4119602143764496
0.44787806272506714
0.7461457252502441
0.47381576895713806
0.3890926241874695
0.6667598485946655
0.3331442177295685
0.8247956037521362
0.48750677704811096
0.9568940997123718
0.30736690759658813
0.9542697668075562
0.3809940218925476
0.2295704185962677
0.524585485458374
0.37407901883125305
0.3393194377422333
0.4132614731788635
0.29441970586776733
0.6741935610771179
0.42109614610671997
0.7573230862617493
0.5855439305305481
0.3582985997200012
0.5088579058647156
0.7419239282608032
0.6970474123954773
0.594812273979187
0.32026761770248413
0.13938765227794647
0.43350014090538025
0.4392313063144684
0.8671151995658875
0.6307109594345093
0.3674536347389221
0.2292773723602295
0.4925723671913147
0.3541443943977356
0.6814509034156799
0.621533215045929
0.6104798913002014
0.30955156683921814
0.6916261911392212
0.6079297661781311
0.6902254819869995
0.3533499240875244
0.25338736176490784
0.5751528739929199
0.5610189437866211
0.46709227561950684
0.39401546120643616
0.3247132897377014
0.6669140458106995
0.6477915048599243
0.7240632176399231
0.6718671917915344
0.5398029685020447
0.6827707290649414
0.3616390824317932
0.35090604424476624
0.2049117535352707
0.43326300382614136
0.40120062232017517
1.185324788093567
0.2764596939086914
0.4623686373233795
0.5695700645446777
0.5249894261360168
0.2659710943698883
0.39295393228530884
0.4540325999259949
0.29411131143569946
0.47232669591903687
0.5428661108016968
0.7967621088027954
0.41425785422325134
0.3101719319820404
0.337649941444397
0.5918718576431274
0.4891258180141449
0.8838842511177063
0.2539278268814087
0.5917841196060181
0.8018203973770142
0.7049559354782104
0.44959935545921326
0.2743804454803467
0.6057186722755432
0.4517495036125183
0.4929529130458832
1.1607306003570557
0.4804014265537262
0.389952689409256
0.4638170599937439
0.4026263356208801
0.8462196588516235
0.5868368148803711
0.8579448461532593
0.6873680949211121
0.4052228331565857
0.586682915687561
0.3806091547012329
0.8031290769577026
0.6999937891960144
0.34709423780441284
0.3305691182613373
0.40449801087379456
0.6168859601020813
0.46051016449928284
0.5340384244918823
0.6769639849662781
0.608954906463623
0.2780941128730774
0.5935700535774231
0.5165277719497681
0.4611385762691498
0.3976770341396332
0.24410156905651093
0.4352385401725769
0.5338081121444702
0.5603855848312378
0.6174946427345276
0.6964973211288452
0.4223378300666809
0.5330175161361694
0.5798950791358948
0.5215579867362976
0.8143566846847534
0.494972288608551
0.47223371267318726
0.3990464210510254
0.7067901492118835
0.5011979937553406
0.5273532271385193
0.876728355884552
0.8734167814254761
0.38652026653289795
0.9538542628288269
0.3037574589252472
0.93205726146698
0.346104234457016
0.5278974175453186
0.5992213487625122
0.30655521154403687
0.6036572456359863
0.9866359829902649
1.1837522983551025
0.349514901638031
0.4090456962585449
0.6199629902839661
0.31338196992874146
0.25129765272140503
0.780758261680603
0.5300742387771606
0.8468719720840454
0.5000252723693848
0.880236804485321
0.6790425777435303
0.4877236783504486
0.6817632913589478
0.5161393880844116
0.4448893666267395
0.901030421257019
0.9320669174194336
0.4253195822238922
0.9338816404342651
0.8451579809188843
0.741392970085144
0.35802894830703735
0.6354838013648987
0.15816399455070496
0.848035991191864
0.23102740943431854
0.5507329702377319
0.37660327553749084
0.5187129974365234
0.4344217777252197
0.6974793672561646
0.6860156655311584
0.21179966628551483
0.5248216986656189
0.34159034490585327
0.745516836643219
0.6509532928466797
0.745846152305603
0.7536050081253052
0.4451534152030945
0.6309830546379089
0.4226861000061035
0.2173432558774948
0.3377333879470825
0.2635168433189392
0.9290820956230164
0.7644864916801453
