0.307313472032547
1.0729053020477295
0.5372468829154968
0.4632599353790283
0.3120686709880829
0.45902594923973083
1.2153249979019165
0.5773003697395325
0.4405880868434906
0.5626782178878784
0.5760764479637146
0.6394909620285034
0.305030882358551
0.5737322568893433
0.5080804228782654
0.40628543496131897
0.625876247882843
0.30774974822998047
0.539612889289856
0.6237068176269531
0.270587295293808
0.671107292175293
0.9063616991043091
0.6452013254165649
0.7424305081367493
0.547375500202179
0.8173444867134094
0.649908185005188
0.7624157667160034
0.732948362827301
0.3331977427005768
1.1199604272842407
0.6895102858543396
0.31144315004348755
0.4821471571922302
0.46220335364341736
0.37160879373550415
0.7857100963592529
0.7916926145553589
0.4447336792945862
0.4050291180610657
0.36011916399002075
0.22443528473377228
0.3888511657714844
0.3418770730495453
0.4563968777656555
0.8208117485046387
1.0476348400115967
0.6868464350700378
0.4085078835487366
0.28431519865989685
0.6749446392059326
0.31212830543518066
0.7005995512008667
0.24493861198425293
0.513022780418396
0.6293673515319824
0.26091113686561584
0.5136753916740417
0.7199773788452148
0.553254246711731
1.1508334875106812
0.41740745306015015
0.8136284947395325
0.38020217418670654
0.9748029708862305
0.14254571497440338
1.1077631711959839
0.9114368557929993
0.5059881210327148
0.3039408028125763
0.6415069103240967
0.5438712239265442
0.7547561526298523
0.4620717465877533
0.48063406348228455
0.41432079672813416
0.5714709162712097
0.677584171295166
0.33634060621261597
0.29001519083976746
0.3466884195804596
0.5038147568702698
0.8567262887954712
0.6592453122138977
0.39263615012168884
0.3798440098762512
0.3559971749782562
0.6839647889137268
0.31071576476097107
0.6645041704177856
0.6491254568099976
0.3619963526725769
0.7384833097457886
0.6080862283706665
0.623586118221283
0.6066684722900391
0.42739754915237427
0.5183302760124207
0.3634529411792755
0.11799081414937973
0.3285066485404968
0.4045768678188324
0.709213376045227
0.56812983751297
0.5540050268173218
0.2670373320579529
0.3830104470252991
1.0628598928451538
0.36606496572494507
0.46589383482933044
0.6561996340751648
0.3586871027946472
0.4261172413825989
0.5428802967071533
0.5461530685424805
0.4191960394382477
0.5070825815200806
0.7203179597854614
0.43843477964401245
0.4254503846168518
0.39757221937179565
0.23550638556480408
0.7549555897712708
0.2886137366294861
0.41199159622192383
0.3854905366897583
0.569623589515686
0.4325721263885498
0.3325919508934021
0.7473142743110657
0.23969832062721252
0.31386256217956543
0.5724215507507324
0.48347288370132446
1.0213210582733154
0.5467087626457214
0.4437991976737976
0.348613440990448
0.5130469799041748
0.5850294232368469
0.6402196884155273
0.38187164068222046
0.2534545063972473
0.3277526795864105
0.4405636191368103
0.5724431276321411
0.5485321879386902
0.4847041070461273
0.553449273109436
0.23122330009937286
0.26387178897857666
0.4745253920555115
1.0657018423080444
0.3127122223377228
0.2805233895778656
0.5666073560714722
0.8222888112068176
0.28237849473953247
0.6037691831588745
1.1710659265518188
0.38016337156295776
0.7157188653945923
0.6483901739120483
0.3335378170013428
0.49052533507347107
0.4573597013950348
0.5161110162734985
0.3486699163913727
0.7243950366973877
0.6322789192199707
0.649030864238739
0.8557944297790527
0.6949557065963745
0.2605189383029938
0.45229315757751465
0.4388306736946106
0.6106506586074829
0.3354738652706146
0.2558307945728302
0.6817834973335266
0.548983097076416
0.44398894906044006
0.2997506260871887
0.41776877641677856
0.6402217149734497
0.3859322965145111
0.481575071811676
0.5945613980293274
0.4942466616630554
0.6140516400337219
0.5791149139404297
0.6417531967163086
0.2879856824874878
0.4170495569705963
0.5558673739433289
0.37231695652008057
0.3544224798679352
0.559801459312439
0.7927742004394531
0.6665512323379517
0.6467972993850708
0.4239034056663513
0.5690288543701172
0.39428606629371643
0.8330901861190796
1.001697063446045
0.6241537928581238
0.7360185384750366
0.4257718026638031
0.5601596832275391
0.6499218940734863
0.7108649015426636
0.37980929017066956
0.6006730794906616
0.557719349861145
0.5418265461921692
0.33680543303489685
0.6710521578788757
0.3457973897457123
0.4086373448371887
0.4288082718849182
0.5591513514518738
0.5682462453842163
0.8217988014221191
0.7917181253433228
0.5280277132987976
0.7241432070732117
0.3551458716392517
0.205142542719841
0.4966277480125427
0.7557660937309265
0.9746006727218628
0.8281370401382446
0.3047412037849426
0.7730909585952759
0.3685126304626465
0.40261489152908325
0.2982953190803528
0.4891273081302643
1.0289363861083984
0.4326016306877136
0.5414080619812012
0.4540124833583832
0.4454295039176941
0.39991167187690735
0.6304713487625122
0.5473782420158386
0.499289333820343
0.5252465605735779
0.3369353413581848
0.7402595281600952
0.5662724375724792
0.1613258719444275
0.35073599219322205
0.7178271412849426
0.46894747018814087
0.28452134132385254
0.5468632578849792
0.6468369960784912
0.260692298412323
0.703708827495575
0.5171529650688171
0.29479339718818665
0.35523998737335205
0.5507112741470337
0.717118501663208
0.35115641355514526
0.6811705231666565
0.3660101294517517
0.9875911474227905
0.6098091006278992
0.3504411280155182
0.659359872341156
0.6425279378890991
0.46967631578445435
0.7245569229125977
0.5094738602638245
0.6418948173522949
0.32450541853904724
0.5986444354057312
0.4737299084663391
0.2733185291290283
0.7180344462394714
0.2904128134250641
0.9184157252311707
0.6805357933044434
0.7578241229057312
0.6170876622200012
0.7077010869979858
0.551681637763977
0.49215754866600037
0.3216037452220917
0.4501287341117859
0.7221976518630981
0.6217572093009949
0.6478474140167236
0.37995514273643494
0.8582471013069153
0.536134660243988
0.6559218764305115
0.9262055158615112
0.5110636949539185
0.28254157304763794
0.22145715355873108
0.5141236186027527
0.540966808795929
1.1260885000228882
0.6272627115249634
0.3687179684638977
0.2720699906349182
0.6179106831550598
0.5445818901062012
0.45813292264938354
0.6865084171295166
0.3573663830757141
0.4763560891151428
0.897708535194397
0.38675713539123535
0.2494838535785675
0.2305043488740921
0.7824798822402954
1.0718576908111572
0.2580999433994293
0.25419852137565613
0.6451220512390137
0.32792097330093384
0.41387271881103516
0.2401091754436493
0.6597933769226074
0.625464916229248
0.5060175061225891
0.43405476212501526
1.0363744497299194
0.22222423553466797
0.3823086619377136
1.386138677597046
0.5876056551933289
