0.48504894971847534
0.8603340983390808
0.8602471351623535
0.43974432349205017
0.5739264488220215
0.4942999482154846
0.5098506808280945
0.329338401556015
0.5479916334152222
0.3157881796360016
0.5887387990951538
0.29198524355888367
0.20120155811309814
0.4170497953891754
0.8116970062255859
0.3347100019454956
0.7787364721298218
0.49006524682044983
0.6638507843017578
0.5350997447967529
0.3293726444244385
0.6514610052108765
0.43449506163597107
0.3271518647670746
0.6110914945602417
0.4368334710597992
0.42832517623901367
0.22350049018859863
0.6368874311447144
0.4769314229488373
0.4768674373626709
0.7560173273086548
0.34213295578956604
0.4185984134674072
0.4883944094181061
0.5141445994377136
0.3694702684879303
0.8457677960395813
0.2701282799243927
0.38031917810440063
0.2954733967781067
0.7147101163864136
0.3211161494255066
0.7104498744010925
0.4587229788303375
0.4500526785850525
0.36984357237815857
0.387320876121521
0.7832551598548889
0.5072618722915649
0.5172774195671082
0.8115519285202026
0.7131145596504211
0.6497455835342407
0.3703019618988037
0.2887730002403259
0.41382455825805664
0.678247332572937
1.1230021715164185
0.8538168668746948
0.6135414838790894
0.25986936688423157
0.6751810312271118
1.1110551357269287
0.7877911329269409
0.7269607782363892
0.4427773356437683
0.5025281310081482
0.3421659469604492
0.6905741095542908
0.4240172505378723
0.6661691069602966
0.5764728784561157
0.8236015439033508
0.4581260681152344
0.3903144299983978
0.32426339387893677
0.6357564926147461
0.5085196495056152
0.5072721242904663
0.3433532118797302
0.6344300508499146
0.6908853650093079
0.24841399490833282
0.2897184491157532
0.8390985727310181
0.6783567667007446
0.5675511360168457
0.3066805601119995
0.5893279910087585
0.5908269286155701
0.532292366027832
0.45348653197288513
0.840927004814148
0.6891642808914185
0.644352912902832
0.34234705567359924
0.3896433711051941
0.23574228584766388
1.028449296951294
0.41832342743873596
0.18040034174919128
0.4452890455722809
0.39967504143714905
0.5704277753829956
0.21449735760688782
0.7983935475349426
0.9127799868583679
0.30202460289001465
0.5234349966049194
0.28894203901290894
0.4871401786804199
0.797283411026001
0.4407261908054352
0.3388683795928955
0.45316988229751587
0.30109235644340515
0.5147841572761536
0.6166921854019165
0.8998674154281616
0.46054577827453613
0.6688075065612793
0.44421467185020447
0.6483122706413269
0.42898616194725037
0.7720022201538086
0.6345421075820923
1.1322444677352905
0.9945716857910156
0.28268933296203613
0.9052047729492188
0.8353049159049988
0.46417346596717834
0.9168100357055664
0.2091308832168579
0.6047900915145874
0.3552265763282776
0.4927944540977478
0.7809678316116333
0.660737156867981
0.5242496728897095
0.6176922917366028
0.38416576385498047
0.34767308831214905
0.6624041199684143
0.4205312728881836
0.4055594503879547
0.34702080488204956
0.5770619511604309
0.7172450423240662
0.4468154311180115
0.9650615453720093
0.6230341196060181
0.9699525833129883
0.5739222764968872
0.5985837578773499
0.24776776134967804
0.6170668005943298
0.5876225233078003
0.7613391280174255
0.34530672430992126
0.4631071984767914
0.3601295053958893
0.7238538265228271
0.6145890355110168
0.47159987688064575
0.48658210039138794
0.2985880970954895
0.759074330329895
1.0319654941558838
0.30714279413223267
0.8166793584823608
0.23040084540843964
0.24696612358093262
0.661507785320282
0.41353362798690796
0.44043612480163574
0.6365208029747009
0.4001542925834656
0.29330378770828247
0.649565577507019
0.8602852821350098
0.541100800037384
0.8119800686836243
0.3746400773525238
0.3953167200088501
0.5945376753807068
0.32639724016189575
0.6163366436958313
0.5863490700721741
0.6961548924446106
0.9709342122077942
0.7341755628585815
0.6221767663955688
0.4212608337402344
0.4295382499694824
1.1141502857208252
0.7374685406684875
0.5050562620162964
0.7522258758544922
0.23312684893608093
0.4445922374725342
0.6612975597381592
0.4449214041233063
0.7212514877319336
0.38716647028923035
0.4445499777793884
0.3634597063064575
0.29119738936424255
0.4810852110385895
0.26314571499824524
0.43915653228759766
0.7989270687103271
0.8405040502548218
0.7620439529418945
0.3846812844276428
1.0479133129119873
0.6270583868026733
0.6251602172851562
0.3480614721775055
0.522480845451355
0.781215488910675
0.19447095692157745
0.9107652902603149
0.6494656205177307
0.3167732059955597
0.3525603413581848
0.7020310163497925
0.6623789072036743
1.1190320253372192
0.4324990212917328
0.39719754457473755
0.5933753848075867
1.207092523574829
0.584649384021759
0.6048400402069092
0.6584265828132629
0.4095914959907532
0.7397595643997192
0.8603421449661255
0.2721705436706543
0.3900001347064972
0.5308599472045898
1.1789535284042358
0.7661569714546204
0.573539674282074
0.4402580261230469
0.5810714960098267
0.21678876876831055
0.402766615152359
0.48455771803855896
0.8522397875785828
0.35350993275642395
0.5073069930076599
0.20337314903736115
0.536507785320282
0.8758749961853027
0.5410359501838684
0.6923165321350098
0.7096269726753235
0.27456653118133545
0.6694026589393616
0.39372244477272034
0.37773969769477844
0.34703928232192993
0.6213499307632446
0.7205982804298401
0.4209795892238617
0.17870226502418518
0.3968600332736969
0.46033868193626404
0.559019148349762
0.3398382067680359
0.7248655557632446
0.6674462556838989
0.3789219260215759
0.3881600797176361
0.5783519744873047
0.6379629373550415
0.6597194671630859
0.9901763200759888
0.6220316290855408
0.4314822554588318
0.7646888494491577
0.596094012260437
0.3015464246273041
0.305517315864563
0.7099096179008484
0.4183942675590515
0.838753342628479
0.4483262002468109
0.41854801774024963
0.3688688278198242
0.906811535358429
0.23756679892539978
0.6161314845085144
0.5341924428939819
0.5419306755065918
0.3454737067222595
0.449898898601532
0.6775071024894714
0.7074653506278992
0.22167344391345978
0.48890170454978943
0.6050969362258911
0.40534037351608276
0.41008028388023376
0.3737185001373291
0.4671061635017395
0.22220078110694885
0.459361732006073
0.36957621574401855
0.35222768783569336
0.9465099573135376
0.7793407440185547
0.6166478991508484
0.49599677324295044
0.518578052520752
0.35204944014549255
0.5816304683685303
0.23302586376667023
0.7400752902030945
0.307946115732193
0.29273471236228943
0.40699663758277893
0.4620360732078552
0.2887069582939148
0.4712032377719879
0.285729318857193
0.9888230562210083
1.0458333492279053
0.5591801404953003
0.5728045701980591
0.4844655394554138
0.4724031388759613
0.5144778490066528
0.629529595375061
1.6207956075668335
