0.8632714152336121
0.9456728100776672
0.4356083273887634
0.5155442953109741
0.3832729458808899
0.29220834374427795
0.4134677052497864
0.4993423521518707
0.24837937951087952
0.47344571352005005
0.6136608123779297
0.25950703024864197
0.6490177512168884
0.5493879914283752
0.41968727111816406
0.33909016847610474
0.7584738731384277
0.9473003149032593
0.5485989451408386
0.8154720067977905
0.704805850982666
0.7368963956832886
0.33155351877212524
0.23232808709144592
0.4698953628540039
0.4073849320411682
0.8013238906860352
0.6404367685317993
0.333873987197876
0.47658291459083557
0.5135655999183655
0.48504266142845154
0.7027652263641357
1.0599424839019775
0.5857498049736023
0.4262995719909668
0.4167726933956146
0.8157234191894531
1.010805368423462
0.531154990196228
0.869634747505188
0.7805908918380737
0.735217273235321
0.5438874363899231
0.3064419627189636
0.38647836446762085
0.5018647909164429
0.4778536856174469
0.5552687048912048
0.3022845685482025
0.4736422598361969
0.44607219099998474
0.30267828702926636
0.8536357879638672
0.2814338207244873
1.0282338857650757
0.34417757391929626
0.5702349543571472
0.4028621315956116
0.4727470278739929
0.283052533864975
0.438075453042984
0.8989964723587036
0.7204104661941528
0.6061987280845642
0.49821844696998596
0.7449674606323242
0.2326342612504959
0.8291853666305542
0.37141695618629456
0.7065295577049255
0.4519525468349457
0.4154047966003418
0.5959364771842957
0.5214698910713196
0.27333229780197144
0.5640963315963745
0.770646333694458
0.5705968141555786
0.6440070867538452
0.4472811222076416
0.5408768653869629
0.5361981391906738
0.18379391729831696
0.5723685622215271
0.4696049690246582
0.33028069138526917
0.30662912130355835
0.8269104957580566
0.2631988227367401
0.30388498306274414
0.5955949425697327
0.7702325582504272
0.7227932810783386
0.3586936295032501
0.4797340929508209
0.6248701810836792
0.8445245027542114
0.5227507948875427
0.3610822558403015
0.5819627046585083
0.5038938522338867
0.29267406463623047
0.4366949498653412
0.5539689660072327
0.6160680055618286
0.6830196380615234
0.3553592264652252
0.6138405799865723
0.6731070280075073
0.38880592584609985
0.5846070051193237
0.9076567888259888
0.5615779161453247
0.19660109281539917
0.7777783274650574
0.4591476321220398
0.7896272540092468
0.35548657178878784
0.5352729558944702
0.28765755891799927
0.6929107904434204
0.7844430208206177
0.25684064626693726
0.4141497015953064
0.24308982491493225
0.8718066215515137
0.5940320491790771
0.3530329763889313
0.5374857187271118
0.5565340518951416
0.6868416666984558
0.44028013944625854
0.4348931312561035
0.15948039293289185
0.45013371109962463
0.721502959728241
1.09897780418396
0.564315676689148
0.9833827018737793
0.866956889629364
0.5085768103599548
0.3773391842842102
0.2821677327156067
0.4928143620491028
0.4757736623287201
0.2776510715484619
0.1536751091480255
0.5120869278907776
0.6077578663825989
0.8678268194198608
0.3532423973083496
0.7186578512191772
0.19112896919250488
0.48663130402565
0.4727742671966553
0.42840033769607544
0.4265018403530121
0.3780010938644409
0.4294188618659973
0.6399561166763306
0.2756228744983673
0.3143795132637024
0.1530350148677826
0.4745548367500305
0.5199077129364014
0.7630367875099182
0.408007949590683
0.6519916653633118
0.27842292189598083
0.6946520209312439
0.4328581690788269
0.7220364809036255
0.6240578889846802
0.3121572732925415
0.3821626901626587
0.5171431303024292
0.724521279335022
0.4251581132411957
0.6402578353881836
0.25562772154808044
0.526974081993103
0.6349347829818726
1.286201000213623
0.6222372651100159
0.4810093343257904
0.4987099766731262
0.704231858253479
0.44566869735717773
0.3851182460784912
0.25748133659362793
0.6071794629096985
0.6973520517349243
0.34120479226112366
0.7891448140144348
0.2696259319782257
0.4547070562839508
0.5808970332145691
0.978428065776825
0.9870184659957886
0.6354455947875977
0.6936217546463013
0.35022905468940735
0.4106643795967102
0.6133753061294556
0.7401789426803589
0.39672163128852844
0.9698371887207031
1.3950566053390503
0.37006908655166626
0.5634411573410034
0.3343315124511719
0.7974607944488525
0.4583663046360016
0.420423686504364
0.3054491877555847
0.6298680305480957
0.48923906683921814
0.5440946817398071
0.6411287188529968
0.3658486008644104
0.3191322088241577
0.6533197164535522
0.3497617244720459
0.3811637759208679
0.4346582293510437
0.5295966863632202
0.5357591509819031
0.6197653412818909
0.5894469618797302
0.39180511236190796
0.6382311582565308
0.42595475912094116
0.3600742816925049
0.2551790773868561
0.5802249908447266
0.8487504124641418
1.1068099737167358
0.3981524109840393
0.4061571955680847
0.7526018619537354
0.5408719778060913
1.1472479104995728
0.9187361001968384
0.37041521072387695
0.6351326704025269
0.2911044955253601
1.1081511974334717
0.46569353342056274
0.9159998893737793
0.3432147204875946
0.5714020133018494
0.5667577981948853
0.24045464396476746
0.5225430130958557
0.37461191415786743
1.119008183479309
0.5474544167518616
0.4606245160102844
0.6245844960212708
0.3283432424068451
0.2712251543998718
0.598678708076477
0.603224515914917
0.7028689980506897
0.5615946650505066
0.2903282344341278
0.5591493844985962
0.322398841381073
0.5990162491798401
0.32046929001808167
0.29244479537010193
0.5345339179039001
0.6518213152885437
0.6643458008766174
0.3008080720901489
0.5315574407577515
0.40094465017318726
0.37375834584236145
0.8871463537216187
0.5873735547065735
0.6492168307304382
0.5899413228034973
0.409444659948349
0.2409551441669464
0.7406919598579407
0.38181623816490173
0.3504319489002228
0.5058870315551758
0.31598615646362305
0.6350648403167725
0.23770444095134735
0.7776247262954712
0.48045873641967773
0.7058755159378052
0.6946414709091187
0.8334163427352905
0.6053473949432373
0.5852088928222656
0.3899849057197571
0.6811366081237793
0.31106069684028625
0.18946926295757294
0.5798189640045166
0.21149292588233948
0.3939290940761566
0.5250877141952515
0.8127716779708862
0.4323638081550598
0.7042266130447388
0.7736577987670898
0.4372541308403015
0.9487435221672058
0.35728520154953003
0.9058927297592163
0.7852662801742554
0.18368177115917206
0.5050073862075806
0.6579204201698303
0.4127097725868225
0.9345882534980774
1.0039433240890503
0.39085572957992554
0.5843993425369263
0.7237762808799744
0.3532863259315491
0.7176486253738403
0.9566901326179504
0.5557624101638794
0.27192196249961853
0.358877032995224
0.43653902411460876
0.501812756061554
1.0359299182891846
0.5847032070159912
0.6590611338615417
0.6698952913284302
1.061956763267517
