0.5964897274971008
0.3473277986049652
0.3167340159416199
0.6459123492240906
0.7210302352905273
0.1419104039669037
0.5329825282096863
0.6452690362930298
0.30521106719970703
0.33704501390457153
0.3081144690513611
0.7476246953010559
0.29948464035987854
0.47632771730422974
0.5375093221664429
0.6543436050415039
0.37524956464767456
0.7283598780632019
0.2612934112548828
0.3935943841934204
0.496542364358902
0.6326808333396912
0.32254135608673096
0.9397902488708496
0.2883671224117279
0.490714967250824
0.27860838174819946
0.5573634505271912
0.7829185724258423
0.5475432276725769
0.44166988134384155
0.5174140930175781
0.46998700499534607
0.9806517362594604
0.7622242569923401
1.0909221172332764
0.500093936920166
0.3315966725349426
0.5996683239936829
0.4803549647331238
0.825282871723175
0.2553444504737854
0.3780025243759155
0.80683833360672
0.6432274580001831
0.34280985593795776
0.6677692532539368
0.3203156888484955
0.354461669921875
0.47652339935302734
0.24668125808238983
0.5955177545547485
0.3313193917274475
1.2917330265045166
0.7541686296463013
0.7209509611129761
0.502751350402832
0.4478762745857239
1.0078165531158447
0.6254841089248657
0.41500717401504517
0.35335129499435425
0.4565337300300598
0.5619186162948608
0.46511372923851013
0.6428176164627075
0.8943489789962769
0.49992337822914124
0.37569165229797363
0.5732628703117371
0.5768381357192993
0.5429026484489441
0.529717743396759
0.39444106817245483
1.1320486068725586
0.5070459246635437
0.28616029024124146
0.5679207444190979
0.6790005564689636
0.8481988906860352
0.5149683356285095
0.8949024081230164
0.6093350648880005
0.2732126712799072
0.46680229902267456
0.22155313193798065
1.0723857879638672
0.775855541229248
0.7736161947250366
0.33648329973220825
0.7874778509140015
0.31179794669151306
0.5637718439102173
0.38275355100631714
0.6435872316360474
0.36399245262145996
1.3495992422103882
0.5572043657302856
0.49649420380592346
0.5524834990501404
0.8064643740653992
0.7192103862762451
0.718007504940033
0.2159404754638672
0.45359545946121216
0.3565327823162079
0.379707396030426
0.1546960175037384
0.5761188268661499
0.49095505475997925
0.5081316232681274
1.0398696660995483
0.36429455876350403
0.59559166431427
0.37504592537879944
0.4046695828437805
0.7520543932914734
0.37665900588035583
0.5589867830276489
0.46459513902664185
0.4285784661769867
0.21004407107830048
0.5541812777519226
0.5699289441108704
0.5982236266136169
0.47667592763900757
0.3223915100097656
0.2907956838607788
0.6364496946334839
0.35128137469291687
0.48609352111816406
1.2240321636199951
0.6603676676750183
0.8454047441482544
0.7237159609794617
0.4525495171546936
0.32249972224235535
0.8443918228149414
0.3793941140174866
0.715053915977478
0.49663224816322327
0.6612653732299805
0.43389075994491577
0.41214028000831604
0.7441906929016113
0.630143404006958
1.1571049690246582
0.679137110710144
0.366709440946579
1.0163791179656982
0.7096381187438965
0.6369432210922241
0.7526289820671082
0.5118086934089661
0.2573918104171753
0.35325130820274353
0.13420353829860687
0.5749059915542603
0.29591161012649536
0.49615755677223206
0.2731406092643738
0.22637856006622314
0.7287735939025879
0.2826801836490631
0.4048234820365906
0.5609614253044128
0.34737056493759155
0.42350754141807556
0.6439727544784546
0.6987773180007935
0.43287986516952515
0.37191861867904663
0.3011302947998047
0.7168280482292175
0.4770093858242035
0.43913131952285767
0.6199619174003601
0.3197733759880066
0.7934273481369019
0.5958319902420044
0.35455283522605896
0.3773619532585144
0.6904416084289551
0.39524707198143005
0.9165023565292358
0.6506044864654541
0.3509262800216675
0.4409208297729492
0.4890010356903076
0.4366529881954193
0.8712618947029114
0.5203537940979004
0.2633715271949768
1.0785075426101685
0.27271679043769836
0.48453235626220703
0.3237079381942749
0.6417786478996277
0.8227279782295227
0.8535472750663757
0.4996284544467926
0.5790550708770752
0.9236050844192505
0.44892096519470215
0.9012676477432251
0.8675287961959839
0.8040933609008789
0.34946566820144653
0.4061937928199768
0.6175886988639832
0.39276355504989624
0.5000045895576477
0.7691759467124939
0.31127995252609253
0.7709352374076843
0.636888861656189
0.2542204260826111
0.26357418298721313
0.6733524203300476
0.5894978046417236
0.43711748719215393
0.41824811697006226
0.5352129340171814
0.08134496212005615
0.5401955246925354
0.38134679198265076
0.3644784092903137
0.24888387322425842
0.6704750061035156
0.5358500480651855
0.34115809202194214
0.4447661340236664
0.4737390875816345
0.439014196395874
0.5281370878219604
0.7262648344039917
1.2910544872283936
0.2494373321533203
0.2528209090232849
0.6158084869384766
0.4097519516944885
0.9531897306442261
0.8775237202644348
0.9515018463134766
0.5531070828437805
0.4653688967227936
0.6661053895950317
0.6940722465515137
0.2770058512687683
0.48253950476646423
0.6172014474868774
0.22125406563282013
1.0714666843414307
0.2817753851413727
0.34945231676101685
0.35342007875442505
0.991066575050354
0.6243871450424194
0.9693883657455444
0.5176175832748413
0.8518871068954468
0.48100215196609497
0.267963707447052
0.4422489106655121
0.38227859139442444
0.6521801948547363
0.773678183555603
0.379726767539978
0.350114643573761
0.5062476992607117
1.0334444046020508
0.7018475532531738
0.22445055842399597
0.28451043367385864
0.7337419390678406
0.8699988126754761
1.0395362377166748
0.4303601384162903
0.42368969321250916
0.577843189239502
0.35874196887016296
0.2988244593143463
0.5234381556510925
0.2536068558692932
0.32040834426879883
0.6860489249229431
0.5929112434387207
0.6762375235557556
0.7094950675964355
0.4064738154411316
1.0455089807510376
0.41374486684799194
0.6677141785621643
0.5982913970947266
0.4273155629634857
0.5493736863136292
0.2501145005226135
0.5204684138298035
1.0681904554367065
0.8041583299636841
0.4341902732849121
0.7773131132125854
0.49904289841651917
0.5567302703857422
0.28797295689582825
0.6058703660964966
0.8333328366279602
0.4303848147392273
0.7881540656089783
0.7437630295753479
0.6344980597496033
0.32176685333251953
0.9220010638237
0.4178221821784973
0.6770243048667908
0.5288666486740112
0.37206852436065674
0.7099005579948425
0.404813677072525
0.6830090880393982
0.5657635927200317
0.5246261954307556
0.6139328479766846
0.41864800453186035
0.4532288610935211
0.4367457926273346
0.23786544799804688
0.6709145307540894
0.8639354705810547
0.48678722977638245
0.5177983045578003
1.258724331855774
0.47118425369262695
0.20614297688007355
0.37137144804000854
0.5046995878219604
0.31453293561935425
0.183523491024971
