0.5437464714050293
0.36425453424453735
0.4996422827243805
0.4261961579322815
0.5466520190238953
0.3153815269470215
0.49613380432128906
1.0407652854919434
0.39274248480796814
0.8079026341438293
0.9543555974960327
0.4745323061943054
0.36518239974975586
0.43938279151916504
0.3916752338409424
0.7039018273353577
0.6871477365493774
0.7121764421463013
1.1120386123657227
0.804232120513916
0.3001609742641449
0.6366068720817566
0.6112268567085266
0.6412017345428467
1.632362961769104
0.2927311360836029
0.4949963688850403
0.6660770177841187
0.31209126114845276
0.5003474354743958
0.51457679271698
0.7899293303489685
0.330258309841156
0.51992267370224
0.4403676390647888
0.5178114175796509
0.5848166942596436
0.718384861946106
0.44335994124412537
0.5948835611343384
0.33235764503479004
0.795997679233551
0.11586201190948486
0.6010502576828003
0.29916468262672424
0.6799601912498474
0.27642399072647095
0.23697586357593536
0.4620421826839447
0.23722772300243378
0.497836172580719
0.36152660846710205
0.32625165581703186
0.45267438888549805
0.450345903635025
0.4507529139518738
0.7545531988143921
1.1430294513702393
0.6205095052719116
0.33851271867752075
0.4441162943840027
0.6618340611457825
1.3845630884170532
0.2433856725692749
0.46258407831192017
0.6963422298431396
0.3201811611652374
0.3484252691268921
0.7674254775047302
0.6349115371704102
0.45047205686569214
0.5698140859603882
0.5894498825073242
0.5269738435745239
0.5784327387809753
0.2723972499370575
1.66069757938385
0.43372493982315063
0.4629887044429779
0.4341437816619873
0.7260525226593018
0.4831851124763489
0.3599235415458679
0.4864581227302551
0.27672114968299866
0.473842054605484
0.5739396810531616
0.36181336641311646
0.7890537977218628
0.5278393030166626
0.9036296010017395
0.38738518953323364
0.8540688753128052
0.40115267038345337
0.485281765460968
0.25622400641441345
1.0189359188079834
0.3499487340450287
0.4280789792537689
0.6598372459411621
0.5729843974113464
0.7508392333984375
0.3454207479953766
0.6114444732666016
0.3805888295173645
0.44905751943588257
0.4754125475883484
0.8656691312789917
0.5195986032485962
0.9598944783210754
0.21718111634254456
0.3435031771659851
0.20374815165996552
0.40815430879592896
0.41263970732688904
0.6961525678634644
0.14706021547317505
0.6232166290283203
0.36338576674461365
0.47220858931541443
0.7094916105270386
0.24191352725028992
0.43571537733078003
0.3498762547969818
0.6106175780296326
0.631773829460144
0.6939765214920044
0.5144069194793701
0.7725831866264343
0.3046777844429016
0.9241443872451782
0.3107660412788391
0.7119643092155457
0.36438074707984924
0.4034462869167328
0.28911858797073364
1.194810390472412
0.7596151232719421
0.2581200897693634
0.2230188399553299
0.6323238611221313
0.4487166404724121
0.6799850463867188
0.761580765247345
0.8924900889396667
0.4619436264038086
0.5187559127807617
0.5909784436225891
0.45901551842689514
1.0185506343841553
0.3700902462005615
1.5555596351623535
0.8016842603683472
0.888080894947052
0.5784131288528442
0.3575909733772278
0.7118464708328247
0.3931872844696045
0.6231533885002136
0.6339467763900757
0.40805330872535706
1.3639497756958008
0.6542167663574219
0.8154491186141968
0.4312267303466797
0.5420570373535156
0.3898935616016388
0.3172180652618408
0.14173391461372375
1.1313215494155884
0.8044131398200989
0.7759612798690796
0.4025894105434418
0.3331011235713959
0.3444015383720398
0.12881465256214142
0.29225629568099976
0.6168566942214966
0.4357661306858063
0.49976807832717896
0.5692348480224609
0.2248190939426422
0.6010605692863464
0.38934949040412903
0.20742420852184296
0.6007151007652283
0.2498929500579834
0.5196264386177063
0.5134178996086121
0.33548659086227417
0.29497212171554565
0.4515596330165863
0.6749842762947083
0.787418007850647
0.7153965830802917
0.9337476491928101
0.6051976084709167
0.41990071535110474
0.6833406090736389
0.573705792427063
0.45975255966186523
1.470381736755371
0.2172476351261139
0.3185466229915619
0.8052181005477905
0.5205947160720825
0.33464184403419495
0.5347124934196472
0.6641948223114014
0.3878234326839447
0.8882931470870972
0.48881977796554565
0.5834872126579285
0.6399405598640442
0.5304560661315918
0.3826843202114105
0.36245471239089966
0.5074747204780579
0.3383934199810028
0.4577047824859619
0.5989071130752563
1.1791865825653076
0.33226174116134644
0.40398597717285156
0.6267952919006348
0.6568728089332581
0.9538455009460449
0.4729405343532562
0.38515332341194153
0.5867317914962769
0.6290105581283569
0.6459421515464783
0.6672865748405457
0.39521297812461853
0.3722963035106659
0.33624106645584106
0.5095803141593933
0.7050167918205261
0.5864324569702148
0.4350740909576416
0.6596984267234802
0.2470775842666626
0.3074930012226105
0.47326570749282837
0.5384000539779663
0.5092629194259644
0.848641574382782
0.4536263048648834
0.23480722308158875
0.3717805743217468
1.032812476158142
0.24940714240074158
0.38815072178840637
0.6165362596511841
1.0447274446487427
0.19990713894367218
0.46956101059913635
0.4285951256752014
0.5744415521621704
0.5282123684883118
0.5536937713623047
0.18274424970149994
0.33147409558296204
0.6322033405303955
0.12348955869674683
0.6895024180412292
0.632295548915863
0.34657296538352966
0.7768571972846985
0.43386974930763245
0.5795150995254517
0.3694344162940979
0.6668605208396912
0.5948704481124878
0.7260000705718994
0.543168842792511
0.48264583945274353
1.16560959815979
2.086177349090576
0.6822327375411987
0.46014222502708435
0.8205612897872925
0.4697817265987396
1.0843993425369263
0.40325531363487244
0.3209921717643738
1.3094065189361572
0.582815408706665
0.3404551148414612
0.3254445195198059
0.5203688740730286
0.3265076279640198
0.8856070637702942
0.9362918138504028
0.7547601461410522
0.6457325220108032
0.7453843355178833
0.6295290589332581
0.23054298758506775
0.5936017036437988
0.6745333671569824
1.81265127658844
0.38618993759155273
0.3682880699634552
0.4028000235557556
0.5361407995223999
0.8386112451553345
0.4393256604671478
0.3200937509536743
0.5021932721138
0.32655781507492065
0.8778606653213501
0.7320486307144165
0.28466737270355225
1.2716158628463745
0.4252256751060486
0.4301431179046631
1.0320769548416138
0.30930179357528687
0.4260939955711365
0.3811108469963074
0.36983031034469604
0.26900315284729004
0.8166332244873047
0.5593079328536987
0.6173762083053589
0.6188276410102844
0.7447726130485535
0.7975567579269409
0.8614709973335266
0.6863118410110474
0.47785454988479614
0.4842046797275543
0.9446708559989929
0.3767361044883728
1.0670967102050781
0.4481925368309021
0.4565882980823517
