0.9278095960617065
0.8114967346191406
0.2997959852218628
0.2644813358783722
0.4864504933357239
1.2095693349838257
0.5010611414909363
0.459149032831192
0.6052725911140442
0.27782368659973145
0.42275896668434143
0.32957661151885986
0.6944102644920349
0.4953627586364746
0.39307254552841187
0.49312424659729004
0.33796507120132446
0.37253233790397644
0.35095855593681335
0.8245066404342651
0.46499499678611755
0.1753813922405243
0.16186152398586273
0.6847237348556519
0.7525545358657837
0.5542658567428589
0.5739147067070007
0.3561200201511383
0.6315182447433472
0.45283907651901245
0.7906433343887329
0.44379347562789917
0.34597280621528625
0.9990927577018738
0.794435441493988
0.3560890853404999
0.5650953054428101
0.5019591450691223
0.7204057574272156
0.5524000525474548
0.29926925897598267
0.4897406995296478
0.6482059359550476
0.41442933678627014
0.650147557258606
0.5466766953468323
0.7029663324356079
0.8076778650283813
0.554007351398468
0.39131882786750793
0.7598950266838074
0.27355828881263733
0.6442786455154419
0.315521776676178
0.2909078299999237
0.4055904448032379
1.060105800628662
0.7005215287208557
0.380754292011261
0.7883325815200806
0.29158827662467957
0.5449320077896118
0.9035226702690125
0.5644017457962036
0.6404627561569214
0.9400213956832886
0.40401625633239746
0.9626699686050415
0.6804156303405762
0.3911224901676178
0.6434571743011475
0.5769644975662231
0.3759922683238983
0.4850768446922302
0.2343655377626419
0.6034243702888489
0.2925528883934021
1.0895360708236694
0.7455812692642212
0.5783745050430298
0.760736346244812
0.583846926689148
0.5621790885925293
0.3889128267765045
0.35808679461479187
0.680266261100769
0.5114979147911072
0.3936409056186676
0.6411548852920532
0.2991500794887543
0.7744331955909729
1.2158702611923218
0.41350728273391724
0.5179595947265625
0.6651840806007385
0.1991637647151947
0.45462846755981445
0.7369773983955383
0.5679360628128052
0.617942750453949
0.5506006479263306
0.40987271070480347
1.3193142414093018
0.48832422494888306
0.3188919425010681
0.2444414645433426
0.1527157574892044
0.7102832794189453
1.4512412548065186
0.7538748979568481
0.725456178188324
0.5214263796806335
0.563220202922821
0.8811355829238892
0.47294893860816956
0.7535203695297241
0.5863609910011292
1.0971286296844482
0.6230565309524536
0.30060088634490967
1.0079090595245361
0.447002112865448
0.2822745442390442
0.4925880432128906
0.8825200200080872
0.394679456949234
0.41578397154808044
0.7315852046012878
0.5648179650306702
0.4067003130912781
0.3310692012310028
1.1188770532608032
0.3643972873687744
0.45236021280288696
0.8569188117980957
0.27969321608543396
0.6814422011375427
0.40668973326683044
0.35746854543685913
0.501904308795929
0.5379045605659485
0.34082597494125366
0.6576599478721619
0.32992368936538696
1.0887353420257568
0.568191647529602
0.2410183846950531
0.22378244996070862
0.6638259887695312
0.7799007296562195
0.35577869415283203
0.7650131583213806
0.35442593693733215
0.6090573072433472
0.48230400681495667
0.4111402630805969
0.840068519115448
1.0135324001312256
0.36338120698928833
0.5070078372955322
0.65184485912323
0.20291142165660858
1.1050182580947876
1.0699706077575684
0.7360138297080994
0.4320317208766937
0.5945299863815308
0.4203247129917145
0.443919837474823
0.7166119813919067
0.4522729814052582
0.2633398473262787
0.7272131443023682
0.25378912687301636
0.3647483289241791
0.47655582427978516
0.8166467547416687
0.3728531301021576
0.4496151804924011
0.6914415955543518
0.7088568210601807
0.4109860956668854
0.23846325278282166
0.2797374129295349
0.4449508786201477
0.26128116250038147
0.5037635564804077
0.6576780080795288
0.5338395833969116
1.0965327024459839
0.5007690787315369
0.6818619966506958
0.470420777797699
0.3374938368797302
0.6331206560134888
0.23731842637062073
0.6478336453437805
0.26732325553894043
0.6344506144523621
0.5392411947250366
0.8993968963623047
0.3402760326862335
0.5923693180084229
0.33409374952316284
0.5359132289886475
0.801038384437561
0.4340461790561676
0.24544057250022888
0.3508305549621582
0.5975918173789978
0.8606835603713989
0.6172143220901489
0.7283586263656616
0.5777817964553833
0.4621664583683014
0.7227910757064819
0.5831533670425415
0.5891313552856445
0.37461230158805847
0.3151264190673828
0.47151240706443787
0.3076140582561493
0.9808025360107422
0.3906629979610443
0.26302358508110046
1.0897523164749146
0.8440815210342407
0.31805500388145447
0.41912221908569336
0.7907654643058777
0.1887519359588623
0.2802031636238098
0.6461881399154663
0.2993098199367523
0.8174861669540405
0.5666349530220032
0.3007124960422516
0.21682366728782654
0.5378743410110474
0.8081588745117188
0.6681152582168579
0.506034255027771
0.3560861051082611
0.5757563710212708
0.32227998971939087
0.3727501332759857
0.2984052896499634
0.8195005655288696
0.36291953921318054
0.8579668998718262
0.7304986119270325
0.18951165676116943
0.8018594980239868
1.1701780557632446
0.5052489042282104
0.28715652227401733
0.38148993253707886
0.6010695695877075
0.8662065267562866
0.7449902296066284
1.0713719129562378
0.25013789534568787
0.22432975471019745
0.28748735785484314
0.39902451634407043
0.410930335521698
0.6286872029304504
0.542671799659729
0.2517645061016083
0.39497438073158264
0.23580315709114075
0.20852115750312805
0.31063181161880493
0.5922284126281738
0.4165666699409485
0.5271981954574585
0.19581425189971924
0.6322574615478516
0.33987194299697876
0.805249810218811
0.6166795492172241
1.1977405548095703
0.5948759317398071
0.5194426774978638
0.6188424825668335
0.6686005592346191
0.705762505531311
0.5125035047531128
0.4427718222141266
0.3151853382587433
0.3086932599544525
0.6200640797615051
0.3670133948326111
0.4421001374721527
0.622161328792572
1.0169013738632202
0.3416080176830292
0.831409752368927
0.6569459438323975
0.14071832597255707
0.9996994733810425
0.6626309752464294
0.7517287731170654
1.5522187948226929
0.387995183467865
0.17916445434093475
0.5481398105621338
0.26730868220329285
0.24292421340942383
0.3694746792316437
0.6162657737731934
0.3747466206550598
0.7796704769134521
0.46882185339927673
0.5289751887321472
0.7323635220527649
0.7692573666572571
0.9766785502433777
0.9435423612594604
0.46120452880859375
0.5597144365310669
0.5488831400871277
0.38266220688819885
0.3562481999397278
0.3755258321762085
0.40551766753196716
0.4090648591518402
0.8846519589424133
0.6770182847976685
0.8111439943313599
0.43487387895584106
0.49022358655929565
0.37835630774497986
0.43184414505958557
0.8528825044631958
0.2366969883441925
0.754436731338501
1.7527894973754883
