0.8617082834243774
0.40508976578712463
0.7164803743362427
0.9652726054191589
1.0573408603668213
0.5626524090766907
0.585466742515564
0.46659985184669495
0.45232105255126953
0.6901867389678955
0.533685564994812
0.9521461725234985
0.9746406674385071
0.5860428810119629
0.9433842897415161
0.6437596082687378
0.7050262689590454
0.6044476628303528
0.7348324060440063
0.6091169118881226
0.32414111495018005
0.597537100315094
0.3330875039100647
0.6089935898780823
0.7366913557052612
0.812407374382019
0.3929104804992676
0.7698016166687012
0.430772602558136
0.45424574613571167
0.8752123713493347
0.8100288510322571
0.6372998952865601
0.5648385882377625
0.6409533023834229
0.8254356384277344
0.7521461248397827
0.991820216178894
0.5548824071884155
0.5999765992164612
0.7903485298156738
1.4439833164215088
0.6575263142585754
1.0526864528656006
1.0730619430541992
0.42713451385498047
0.5637538433074951
0.6615563631057739
0.5399287343025208
0.6149123907089233
0.6725603342056274
0.7581709623336792
0.5032771229743958
1.0972607135772705
1.0036685466766357
0.5428032875061035
0.9114508628845215
0.7454764246940613
0.4771641790866852
0.8260269165039062
0.34502696990966797
0.7740402221679688
0.9615298509597778
0.7309736013412476
0.8010512590408325
0.6444274187088013
1.10548996925354
0.7645370960235596
0.7231191992759705
0.9683092832565308
0.9806207418441772
0.4248011112213135
0.5601642727851868
0.8417325019836426
1.0201679468154907
0.33779215812683105
0.342695951461792
0.3992186188697815
0.6152760982513428
0.589949905872345
1.0296827554702759
0.7516713738441467
0.3691840171813965
1.1800806522369385
0.952124297618866
0.8282684087753296
0.756253182888031
0.9329445958137512
0.5413917899131775
0.6361235976219177
0.6535887718200684
0.6359668970108032
0.5832849740982056
0.5648787617683411
0.8112024068832397
1.1451678276062012
0.4183189868927002
0.600210964679718
0.7969144582748413
0.6979514360427856
0.772010087966919
0.7867160439491272
0.928036093711853
0.8867335319519043
0.4792957305908203
0.5629170536994934
0.7428203821182251
0.6516338586807251
0.43184956908226013
0.6017652750015259
0.833270251750946
0.3881361484527588
0.6325663328170776
0.47073298692703247
0.9522954225540161
0.34931525588035583
1.029068112373352
0.7149976491928101
0.46770042181015015
0.4428827166557312
0.5218599438667297
0.4175828993320465
1.0778197050094604
0.45359426736831665
0.7404658794403076
0.9563323259353638
0.737890362739563
0.49761801958084106
0.5244903564453125
0.5880246758460999
0.7952163815498352
0.461814820766449
0.49951258301734924
0.49719175696372986
0.826582133769989
0.8156265020370483
0.49180516600608826
0.8015836477279663
0.5206766128540039
0.3979870676994324
0.8461648225784302
1.0125319957733154
0.902758002281189
0.5248895287513733
0.7178360223770142
0.7980785369873047
0.8067617416381836
0.6000496745109558
0.50860595703125
0.6767970323562622
0.9038432836532593
0.6126144528388977
0.6718700528144836
0.9337676167488098
0.5721761584281921
0.6843417882919312
0.41723698377609253
0.7652665376663208
0.343383252620697
0.41242972016334534
0.4511644244194031
0.8342960476875305
1.0028709173202515
0.6132279634475708
0.4977129101753235
0.509893536567688
0.5245872735977173
0.5071565508842468
0.6592943072319031
0.8081099390983582
0.6627712249755859
0.48105841875076294
0.3773886263370514
1.1832417249679565
0.8516782522201538
1.279780626296997
1.0097343921661377
0.9881445169448853
0.7038711309432983
1.2956421375274658
0.5872401595115662
0.3977588713169098
0.36310139298439026
0.35962486267089844
0.5688146352767944
0.36938464641571045
0.5231806039810181
0.7388421297073364
0.5882704854011536
0.850239098072052
0.5271682739257812
0.7625571489334106
0.5316622853279114
0.5716756582260132
1.3472625017166138
0.5095289349555969
0.36904022097587585
0.29861029982566833
0.376156210899353
1.1895394325256348
0.45481476187705994
0.690214991569519
0.6822600364685059
0.6047573089599609
1.4048399925231934
0.5816265344619751
1.0667946338653564
0.38121384382247925
0.7944852113723755
0.8461162447929382
0.774867057800293
0.582414984703064
0.539511501789093
0.6492345929145813
1.3914316892623901
0.48409605026245117
0.5935664176940918
0.6729315519332886
0.6651296615600586
0.8463128805160522
0.3936630189418793
0.40943750739097595
0.6417808532714844
0.41101470589637756
0.8772187232971191
0.4699544906616211
0.5025390982627869
0.45162588357925415
0.7723921537399292
0.727353572845459
0.6841838955879211
0.8418245315551758
0.5853911638259888
0.650484561920166
0.8107630610466003
1.1445186138153076
0.6309142112731934
0.7287095785140991
0.42017465829849243
0.9314010739326477
0.39414191246032715
0.5420606732368469
0.5918852686882019
0.8017730712890625
0.8585899472236633
1.234407901763916
0.5389180183410645
0.5490050315856934
0.4280886650085449
1.245988368988037
0.6911165714263916
0.5246667265892029
0.4636157155036926
0.3165503442287445
0.5747756361961365
0.9472687840461731
0.40663543343544006
1.2805689573287964
0.6961827278137207
0.78350430727005
1.002982497215271
0.6549686789512634
0.6342378854751587
0.46032243967056274
1.0791162252426147
0.6842828989028931
0.6396166682243347
0.5293083786964417
1.0535285472869873
0.5010819435119629
0.35576900839805603
1.1774176359176636
0.6347476243972778
0.4039377272129059
0.5072794556617737
0.43582573533058167
0.523179292678833
0.6678067445755005
1.3189524412155151
0.4126717448234558
0.8801164627075195
0.9928911924362183
0.649394154548645
0.6287533044815063
1.1913937330245972
0.7143802046775818
0.7521453499794006
0.7231621742248535
0.7777671217918396
1.1283910274505615
0.602103054523468
0.39029642939567566
0.9479808807373047
0.8389304280281067
0.7988153100013733
0.6875733137130737
0.4557258188724518
0.461315780878067
0.47413235902786255
0.5633174777030945
1.0159111022949219
0.7798593044281006
1.0339739322662354
0.6549617648124695
0.6006405353546143
1.1365902423858643
0.6144254803657532
0.5441761016845703
0.4377919137477875
1.1882922649383545
0.8269157409667969
0.8016905784606934
0.6291502118110657
1.0467323064804077
0.5965271592140198
0.6491302251815796
0.693774938583374
0.9616273045539856
0.7756222486495972
0.44401565194129944
0.8882239460945129
0.49079880118370056
0.590072512626648
0.6735357046127319
0.5873871445655823
0.7830193638801575
0.5418167114257812
0.5763226747512817
0.5617281794548035
0.5426760315895081
0.696153998374939
0.47456255555152893
0.5526885390281677
1.153531789779663
0.9050617218017578
0.9993036389350891
0.6926832795143127
1.2733241319656372
