0.24448756873607635
0.5241870880126953
0.4326057434082031
0.387826144695282
0.3316429555416107
0.5209329724311829
0.4791663587093353
0.6438177824020386
0.5083140730857849
1.2221858501434326
0.6060698628425598
0.560778796672821
0.40730786323547363
0.5056542754173279
0.7749942541122437
0.4640592932701111
0.3901989758014679
0.5863326191902161
1.7037608623504639
0.1621905118227005
0.4134539067745209
0.4280613362789154
0.33594533801078796
0.3732993006706238
0.44454240798950195
0.3607265055179596
0.3384663462638855
0.3718411326408386
0.34030309319496155
0.49335384368896484
0.6043111681938171
0.5721316933631897
0.8969293832778931
0.5097614526748657
0.39332160353660583
0.4438844621181488
0.3183702528476715
0.17305852472782135
0.5447722673416138
0.8337122201919556
0.4434283375740051
0.6711839437484741
1.1509555578231812
0.6665747165679932
0.31107011437416077
0.3834049105644226
0.28129926323890686
0.8702118992805481
0.6916342973709106
0.5701987147331238
0.39701467752456665
0.7148386836051941
0.6904680132865906
0.5031439661979675
1.3264100551605225
0.32961785793304443
0.7049422264099121
0.2518816292285919
0.7842242121696472
0.7697766423225403
0.6303120255470276
0.2948513925075531
0.6247104406356812
0.3950107991695404
0.4446891248226166
0.9282081723213196
0.2227386236190796
0.4460502564907074
0.4892474114894867
0.32907527685165405
0.4071429371833801
0.4749728739261627
0.8293070793151855
0.4228152334690094
0.639426589012146
0.4906918406486511
0.8655277490615845
0.825353741645813
0.3054125905036926
0.38204288482666016
0.7181423306465149
0.871096134185791
0.749821662902832
0.3586803674697876
0.4783549904823303
0.8357795476913452
0.6313173174858093
0.4487650990486145
0.6205059885978699
0.47750869393348694
0.4318476617336273
1.0311224460601807
0.8029744029045105
0.38135871291160583
0.3513919711112976
0.3639729917049408
0.3936534821987152
0.6455385684967041
0.45210951566696167
0.35638171434402466
0.5949784517288208
0.5774182081222534
0.3214525580406189
0.2680308222770691
0.6198841333389282
0.6585736274719238
0.26127225160598755
0.38910040259361267
0.5868946313858032
0.2772645056247711
0.25700968503952026
0.8343158960342407
0.44065672159194946
0.38010072708129883
0.4570874571800232
0.8228302001953125
0.46393686532974243
0.9975924491882324
0.7671667337417603
0.5739953517913818
0.6548603773117065
0.8996223211288452
0.6664128303527832
0.40660277009010315
0.5112737417221069
0.9867277145385742
0.4838798940181732
0.34408554434776306
0.7803708910942078
0.43980544805526733
0.10372404009103775
0.9145587682723999
0.6776777505874634
0.34885165095329285
0.4988461434841156
0.3085241913795471
0.928747296333313
0.3844109773635864
0.2967975437641144
0.7240294814109802
0.7051683664321899
0.7646106481552124
0.6896491646766663
0.4075503349304199
0.427361398935318
0.3116668462753296
0.3037593960762024
0.45177897810935974
0.6626145839691162
0.6639366745948792
0.2837544083595276
0.3585316240787506
0.43427592515945435
0.3094404339790344
0.30813392996788025
0.724194347858429
0.7045024037361145
0.4769164025783539
0.9660576581954956
0.695643961429596
0.5215448141098022
0.2869276702404022
0.4905027747154236
0.9684823155403137
0.551142156124115
0.7465063333511353
0.45336097478866577
0.4888688623905182
0.4158339500427246
0.8223698735237122
0.9009764790534973
0.6069811582565308
0.5497941970825195
0.20179001986980438
0.8420436978340149
1.2153410911560059
0.38272279500961304
0.43290552496910095
0.28328782320022583
0.32815051078796387
0.48187845945358276
0.4752165675163269
0.8765443563461304
0.5222017168998718
0.281570166349411
0.5344804525375366
0.7188296318054199
0.7984225153923035
0.690311074256897
0.5371280908584595
0.4136175513267517
0.292557954788208
0.7094194293022156
0.24529051780700684
0.463839054107666
0.2511867582798004
0.7097829580307007
0.520412802696228
1.1143667697906494
0.33253273367881775
0.6350343823432922
0.5190156698226929
0.45402011275291443
0.4258669912815094
0.99957674741745
0.8816106915473938
0.5710717439651489
0.5644177198410034
0.29879897832870483
0.3124638795852661
0.37693774700164795
0.8473562002182007
0.6101776361465454
0.6879609823226929
0.6090666055679321
0.5263156890869141
0.9602838754653931
0.3586236834526062
0.7896978855133057
0.5037359595298767
0.26742807030677795
0.5279377698898315
0.22573551535606384
1.105797529220581
0.6919965744018555
0.598211944103241
1.0026280879974365
0.4053262770175934
0.4670417904853821
0.5538097620010376
0.5723816156387329
0.45704126358032227
0.4385456144809723
0.40941986441612244
0.3999361991882324
0.5559642910957336
0.33245110511779785
0.538465142250061
0.4029098451137543
0.7276026606559753
0.46329790353775024
0.7457288503646851
0.9720401763916016
0.7169457077980042
0.5824910998344421
0.4008750021457672
0.8072279095649719
0.6100060343742371
0.4411160349845886
0.5344448089599609
0.5579712390899658
0.46839651465415955
0.5196584463119507
0.6147716641426086
0.8431316614151001
0.4826602041721344
0.9289590716362
0.6585009694099426
0.5710269808769226
0.3232273459434509
0.5862301588058472
0.47562092542648315
0.3770796060562134
0.41553688049316406
0.5446876883506775
0.35227900743484497
1.0214768648147583
0.7762628793716431
0.4818840026855469
1.282482624053955
0.5199244618415833
0.6653498411178589
0.6641906499862671
0.20456519722938538
0.33380454778671265
0.5900594592094421
0.48447465896606445
0.5197727680206299
0.9265481233596802
0.42730847001075745
0.23305925726890564
0.3199616074562073
0.6320911645889282
0.646447479724884
0.5415481328964233
0.3684355616569519
0.6277635097503662
1.197933554649353
1.751904845237732
0.726946234703064
0.5620536804199219
0.5108164548873901
0.5152332186698914
0.2780463397502899
0.8785175085067749
0.311290442943573
0.5442163348197937
0.45210161805152893
0.2479701042175293
0.24727067351341248
0.5390161275863647
0.3080084025859833
0.5693543553352356
0.6640132665634155
0.29861173033714294
0.893664538860321
0.659551739692688
0.5673661828041077
0.5486286878585815
0.6949063539505005
0.7111284136772156
0.5852381587028503
0.4953974783420563
0.39840516448020935
0.49425116181373596
0.29964739084243774
0.5123727321624756
0.3785482943058014
0.883449375629425
0.6829100847244263
0.6158491373062134
0.15582668781280518
0.2261955738067627
0.3385069966316223
0.5621577501296997
0.5681571960449219
0.4271779954433441
0.623538613319397
0.4473455548286438
0.38111892342567444
0.5903464555740356
0.5248722434043884
0.5181328058242798
0.6561193466186523
0.4437585771083832
0.6604763269424438
0.4319404661655426
1.7302078008651733
