0.7407366633415222
0.6749826669692993
0.40876874327659607
0.9929990768432617
0.722322940826416
0.6455386877059937
0.21697625517845154
0.43263792991638184
0.3943513333797455
0.616145133972168
0.447441965341568
0.4878600239753723
0.2197248935699463
0.7618316411972046
0.42402777075767517
0.3001495599746704
0.5750948190689087
0.3969375789165497
0.45092588663101196
0.7257949709892273
0.4227053225040436
1.1670658588409424
0.48044928908348083
1.020984411239624
0.3296673893928528
0.4615805745124817
0.3599144518375397
0.354875773191452
0.5055603981018066
0.5172927975654602
0.5095080137252808
0.3475821614265442
0.7032132744789124
0.3310122489929199
0.5089858174324036
0.42950600385665894
0.5874741673469543
0.4510522782802582
0.4156379699707031
0.4235343337059021
0.32927069067955017
0.622294545173645
0.584306538105011
0.572895348072052
0.7032514214515686
0.5025861263275146
0.6978778839111328
0.547672688961029
0.6455787420272827
0.5571161508560181
0.6401636600494385
0.6049618721008301
0.32568132877349854
0.5721873641014099
0.4936400353908539
0.6277190446853638
0.7830166816711426
0.8695915341377258
0.9290308952331543
0.6446408033370972
0.6509960889816284
0.39421534538269043
0.5428078770637512
0.6382288932800293
0.45429474115371704
0.21969476342201233
0.20262303948402405
0.5150358080863953
0.5204259157180786
0.6957417726516724
0.21675296127796173
0.3583958148956299
0.49761977791786194
0.41173648834228516
0.9211347699165344
1.2410128116607666
0.2957916259765625
0.7852005958557129
0.30002331733703613
0.5999071598052979
0.445744127035141
0.5279484987258911
0.6379014253616333
0.7367463707923889
0.32238370180130005
0.7278303503990173
0.4782518446445465
0.5975514054298401
0.7319634556770325
0.21513977646827698
0.7006243467330933
0.878385066986084
0.6471003293991089
0.909126877784729
0.6697005033493042
0.45492124557495117
0.3667709529399872
0.16415897011756897
0.6089695692062378
0.48177117109298706
0.4631868302822113
0.42618075013160706
0.21605095267295837
0.5918383598327637
0.6414543390274048
0.41554492712020874
0.28282490372657776
0.8608587384223938
0.8760048151016235
0.9210606813430786
0.30442434549331665
0.3459532558917999
0.531953752040863
0.8697233200073242
0.6332246661186218
0.24995216727256775
0.7715566754341125
0.3418980836868286
0.32609862089157104
0.562134861946106
0.7867116332054138
0.6924299001693726
0.3139427602291107
0.35333284735679626
0.1411115676164627
0.3367055356502533
0.6368806958198547
0.8280681371688843
0.37377628684043884
0.3468666076660156
0.49540433287620544
0.22840571403503418
0.37275224924087524
0.27833014726638794
0.7896669507026672
0.6398348808288574
0.23131771385669708
0.6315951347351074
0.4369223713874817
0.47827959060668945
0.3231011629104614
0.4356977343559265
0.4563013017177582
0.6074517965316772
0.6043171882629395
0.5887569189071655
0.39458632469177246
0.32867497205734253
0.4048081040382385
1.0968351364135742
0.30097976326942444
0.5626970529556274
0.40870922803878784
0.6276338696479797
0.1742224246263504
0.5631494522094727
0.4893762171268463
0.24060949683189392
0.4073873460292816
0.5236281156539917
0.48262324929237366
0.8844335675239563
0.4621114730834961
0.5791289210319519
0.5140406489372253
0.5131574869155884
0.5341519117355347
0.520222544670105
0.5220683217048645
0.7697216868400574
0.4272557199001312
0.5043384432792664
0.4669049382209778
1.0586440563201904
0.6952966451644897
0.8898728489875793
0.8449517488479614
0.42139023542404175
0.5038816332817078
0.5718773603439331
0.40211668610572815
0.37939006090164185
0.6475570797920227
0.6573691368103027
0.3757335841655731
0.4453428387641907
0.6499227285385132
0.9328454732894897
1.300053596496582
0.583594799041748
0.36825093626976013
0.3254111111164093
0.39315265417099
0.6252812743186951
0.3192185163497925
0.3031371235847473
0.4641718864440918
0.4840378761291504
0.6326034665107727
0.47692179679870605
0.6455369591712952
0.6092528104782104
0.296928733587265
0.26968586444854736
0.5410548448562622
0.6963955760002136
0.3361530303955078
0.6776247024536133
0.8256713151931763
0.6705566048622131
0.7658172249794006
0.48260554671287537
0.6153219938278198
0.5966401100158691
0.6212822794914246
0.6023629307746887
0.4452907145023346
0.5831099152565002
0.40890103578567505
0.32252082228660583
0.2726420760154724
0.33140870928764343
1.1039979457855225
0.3464023470878601
0.719997227191925
0.8451666831970215
0.6318684816360474
0.43362098932266235
0.5959752798080444
0.4619320034980774
0.24388699233531952
0.46181386709213257
0.4497150480747223
0.7435629963874817
0.4201272130012512
0.581609845161438
0.48287296295166016
0.35781311988830566
0.8008831143379211
0.5938560366630554
0.5023239254951477
0.8335949182510376
0.4086829125881195
0.3399662971496582
0.6194193959236145
0.1531480848789215
0.3105162978172302
0.3484068810939789
0.23822879791259766
1.345049500465393
0.3471994996070862
1.263192892074585
0.647378146648407
0.4782326817512512
0.24065139889717102
0.4739689826965332
0.44555291533470154
0.9956464767456055
0.6407067179679871
0.5308603048324585
0.5197665095329285
0.47991102933883667
0.9573197364807129
0.6430793404579163
0.4102925658226013
0.2783922553062439
0.5599738359451294
0.35524582862854004
0.2842080891132355
0.5140541195869446
0.8233687281608582
0.3285380005836487
0.4751155972480774
0.45090484619140625
0.7563832998275757
0.7354913353919983
0.5336408615112305
0.6138575673103333
0.26993528008461
0.3391738533973694
0.4258767068386078
0.5537063479423523
0.4867846369743347
0.3803834319114685
0.5931625962257385
0.49269312620162964
0.495924174785614
0.8288737535476685
0.5065658688545227
0.5936068296432495
0.9074589014053345
0.41753631830215454
0.5591778755187988
0.639995813369751
0.6258870363235474
0.3650701642036438
0.4424932599067688
0.5521867871284485
0.599563717842102
0.3450486660003662
0.22619807720184326
0.6701326370239258
0.5506609678268433
0.49466457962989807
0.6302250027656555
0.5338283777236938
0.2600831985473633
0.6780151724815369
0.5206245183944702
0.21501311659812927
0.3775382339954376
0.3211202621459961
0.48728981614112854
0.45099955797195435
0.5823494791984558
0.3184030055999756
0.23969070613384247
0.9305181503295898
0.4884799122810364
0.4886188507080078
0.40548592805862427
0.4973981976509094
0.4706741273403168
0.1942446231842041
0.34614303708076477
0.6129434108734131
0.7869957089424133
0.730573296546936
0.7645868062973022
0.32919320464134216
0.2777954041957855
0.7233386039733887
0.20534448325634003
0.9380810856819153
0.28752151131629944
0.5715007781982422
0.22698402404785156
0.7995800375938416
