0.2907084822654724
0.3946619927883148
1.095677137374878
0.3319459557533264
0.30638107657432556
0.6893896460533142
0.45782798528671265
0.5160076022148132
0.15020209550857544
0.6642664670944214
0.4949893057346344
0.5772861242294312
0.7231625318527222
0.32376593351364136
0.6846532225608826
0.5035150647163391
0.5900465846061707
0.43792271614074707
0.5662371516227722
0.43606290221214294
0.2740862965583801
0.39874908328056335
0.5017555952072144
0.9418384432792664
0.7865800857543945
0.5256190299987793
0.9480740427970886
0.6210929155349731
0.8369948267936707
0.25904154777526855
0.5940274000167847
0.47233548760414124
0.5786935687065125
0.35388344526290894
0.5330145955085754
0.5572095513343811
0.2687869071960449
0.7058603167533875
0.25196415185928345
0.5146613717079163
0.4808434844017029
0.35563963651657104
0.7802060842514038
0.4421025812625885
0.7426798939704895
1.0441001653671265
0.9066556096076965
0.5308758020401001
0.8031572103500366
0.6576802730560303
1.0186975002288818
0.5354434251785278
0.6474550366401672
0.3948456645011902
0.8972774744033813
1.2981960773468018
0.7928711175918579
0.544180154800415
0.8083734512329102
0.3896768093109131
0.6856229305267334
0.5888821482658386
0.5005180239677429
0.48803335428237915
0.7144142389297485
0.4466640055179596
0.3806942403316498
0.46837085485458374
0.34948110580444336
0.6620463132858276
0.5885698199272156
0.6691818237304688
0.3611209988594055
0.35295239090919495
0.7945992946624756
1.0681679248809814
0.37553220987319946
0.6910701990127563
0.33237847685813904
0.3666841685771942
0.6923900842666626
0.49164026975631714
0.2974669337272644
0.6444463729858398
0.42117318511009216
0.20089054107666016
0.47037237882614136
0.31634521484375
0.4794297218322754
0.17477497458457947
0.34695199131965637
0.17289605736732483
0.5233763456344604
0.3947814106941223
1.0472332239151
0.5865226984024048
0.6717230677604675
0.4389472007751465
0.3348701000213623
0.46402519941329956
0.6097299456596375
0.5604251623153687
0.32946231961250305
0.6590630412101746
0.5894730687141418
0.7469256520271301
0.672417402267456
0.6771202087402344
0.9929363131523132
0.34939032793045044
0.7219196557998657
0.4688192903995514
0.4214502274990082
0.4981323182582855
0.338952898979187
0.9581325650215149
0.27390795946121216
0.39588382840156555
0.5998272895812988
0.5756916999816895
0.7242802381515503
0.44723114371299744
0.442507266998291
0.7252143621444702
0.6108208894729614
0.4940987229347229
0.5465342402458191
0.24825677275657654
0.20672456920146942
0.315349817276001
0.5274692177772522
0.3424183130264282
0.4047777056694031
0.5753769278526306
0.5737153887748718
0.49198809266090393
0.47376471757888794
0.5660401582717896
0.34484538435935974
0.7185031175613403
0.2581178545951843
0.46025604009628296
0.3857552707195282
0.36968573927879333
0.7628896236419678
0.2810763716697693
0.31505656242370605
0.7411041259765625
0.5794549584388733
0.49645957350730896
0.38455742597579956
0.7165082693099976
0.6713386178016663
1.2643276453018188
0.6850740313529968
0.1555217057466507
0.8716592788696289
0.5466402173042297
0.9241266250610352
0.45513200759887695
0.7825746536254883
0.5999280214309692
0.6588526368141174
1.0741255283355713
0.5493283271789551
0.7321920394897461
0.8480138778686523
1.0939829349517822
0.6835951805114746
0.3719012141227722
0.49489861726760864
0.7337877154350281
0.5191362500190735
0.9855546951293945
0.1943194717168808
0.3561759293079376
0.47646746039390564
1.1615850925445557
0.30055418610572815
0.7757499814033508
0.30108505487442017
0.4630061984062195
0.5127356052398682
0.28326600790023804
0.5796501636505127
0.30828481912612915
0.5059583187103271
0.4574922025203705
0.47063350677490234
0.38112854957580566
0.3637765347957611
0.37013205885887146
0.27711549401283264
0.43369483947753906
0.3143998980522156
0.7026630640029907
0.31428590416908264
0.8578622937202454
0.7681681513786316
0.5434366464614868
0.6299771070480347
0.6218690872192383
0.7108751535415649
0.46614259481430054
0.3881712555885315
0.2518913149833679
0.6226903200149536
0.6469379663467407
0.36949846148490906
0.7208684086799622
0.2348162829875946
0.5272118449211121
0.2257140874862671
0.40214085578918457
0.8476923704147339
1.8178037405014038
0.6799352169036865
0.7036241888999939
0.760238528251648
0.7541021704673767
0.9324538111686707
0.9488399624824524
0.7956534624099731
0.26623398065567017
0.39356115460395813
0.43784886598587036
0.4330366551876068
1.2383850812911987
0.6411182284355164
0.26235148310661316
0.3622294068336487
0.2958689332008362
0.3489316403865814
0.1886003464460373
0.2565135657787323
0.5979425311088562
0.8465127944946289
0.3263244926929474
0.2633201479911804
0.29757219552993774
0.3073802888393402
0.6360493898391724
0.5125325918197632
0.6769030690193176
0.7250387072563171
0.9313152432441711
0.41200780868530273
0.526675820350647
0.7334872484207153
0.2929728627204895
0.5744615793228149
0.599806547164917
0.7499454617500305
0.26814064383506775
0.5999985337257385
0.38765954971313477
1.3845784664154053
0.33318454027175903
0.44204825162887573
0.8798912167549133
0.2763427197933197
0.80778968334198
0.46826308965682983
0.6964032053947449
0.7942377328872681
0.3562769293785095
0.8498353958129883
0.25503483414649963
0.4996115267276764
0.2315305769443512
1.155754804611206
0.6652445197105408
1.3063809871673584
0.45491886138916016
0.7269696593284607
0.9320642352104187
0.7154896855354309
0.20409946143627167
0.8794170618057251
0.39529743790626526
0.4078389108181
0.41577863693237305
0.2626590132713318
0.6744314432144165
0.19093075394630432
0.41015011072158813
0.3199540972709656
0.5044705271720886
0.5179601907730103
0.6148181557655334
0.8814293146133423
0.46053028106689453
0.391543447971344
0.403921514749527
0.4862043261528015
0.867423415184021
0.2079441249370575
0.5033832788467407
0.7355822920799255
1.1608871221542358
0.7866353392601013
0.46147698163986206
1.2879130840301514
0.712689220905304
0.529926061630249
0.9256150126457214
0.16226406395435333
0.520883321762085
0.9079316258430481
0.795447051525116
0.2659716010093689
0.6182848215103149
0.43150758743286133
0.272327721118927
0.504658579826355
0.8445935249328613
0.5843740701675415
0.7894910573959351
0.6304279565811157
0.47140878438949585
0.5196253061294556
0.5915869474411011
0.646641731262207
0.5617671608924866
0.7219679951667786
0.3908267915248871
0.3102076053619385
0.40141963958740234
0.48072177171707153
0.5572959184646606
0.39319777488708496
0.509566605091095
0.48208341002464294
0.41682666540145874
0.2882501780986786
0.32527846097946167
0.7390786409378052
0.2909989655017853
