0.82099449634552
0.2988686263561249
0.6477915644645691
0.4952448904514313
0.9074496030807495
0.8669831156730652
0.48531049489974976
0.49717965722084045
0.32560575008392334
0.38152647018432617
0.8121786117553711
0.6850810647010803
0.4003430902957916
0.22833895683288574
0.3343578279018402
0.506193995475769
0.2758651375770569
0.9382539987564087
0.527427613735199
0.4842349588871002
0.5419989824295044
0.6329777240753174
0.8651920557022095
0.47353821992874146
0.6055816411972046
0.6765667796134949
0.23601897060871124
0.6734254956245422
0.5604106187820435
0.4119700491428375
0.49643564224243164
0.40377673506736755
0.5798856616020203
0.34737974405288696
0.5365394353866577
0.8604615330696106
0.554298996925354
0.49832016229629517
0.5417518615722656
0.496697336435318
0.38735395669937134
0.4394384026527405
0.680651068687439
0.439138799905777
0.3584398627281189
0.7417045831680298
0.7986348271369934
0.3136557936668396
0.174733966588974
0.4009319245815277
0.494478315114975
0.5453734397888184
0.5423339009284973
0.3644893765449524
0.432558536529541
0.657450795173645
0.18142659962177277
0.3490936756134033
0.24742679297924042
0.5527054071426392
0.5893853306770325
0.42750421166419983
0.7547801733016968
0.4834917485713959
0.4201347231864929
0.5070530772209167
0.3214417099952698
0.6644441485404968
0.5338798761367798
0.41902416944503784
0.8355242609977722
0.3078860640525818
0.540195107460022
0.23955519497394562
0.455176442861557
0.7570191621780396
0.3659079372882843
0.25914865732192993
0.6921111941337585
0.6041126847267151
0.3789767026901245
0.6921443939208984
0.6190535426139832
0.2976476550102234
0.8292403221130371
0.4581870138645172
0.5797169804573059
0.2500135004520416
0.35313132405281067
0.4159805178642273
0.7531777024269104
0.5024592876434326
0.47066983580589294
0.2680716812610626
0.5584291219711304
0.5554734468460083
0.41571417450904846
0.3894599974155426
0.5084156394004822
0.7880387902259827
0.3839348256587982
0.522112250328064
0.31131237745285034
0.25955548882484436
0.5301141142845154
0.7325602769851685
0.2718299925327301
0.24455995857715607
1.0158940553665161
0.6915906071662903
0.49732550978660583
0.5075947046279907
0.5880633592605591
0.5692293643951416
0.29687783122062683
0.23149816691875458
0.4933815002441406
0.3402368128299713
0.9451969861984253
0.26677632331848145
1.314802885055542
0.24951069056987762
0.4940017759799957
0.5700874328613281
0.6402043700218201
0.6491807103157043
0.38438108563423157
0.6316245794296265
0.5914385914802551
0.6033779382705688
0.6394683122634888
0.7584141492843628
0.6776883602142334
0.4748593866825104
0.7467894554138184
0.7183870077133179
0.4177647531032562
0.44395703077316284
0.4069898724555969
0.36878761649131775
0.3833318054676056
1.4919559955596924
0.4877258837223053
0.8929598927497864
0.372537225484848
0.6021164655685425
0.2729249894618988
0.4985883831977844
0.6954013109207153
0.6188807487487793
0.6907600164413452
0.3296290636062622
1.1001336574554443
0.6752592325210571
0.29082638025283813
0.3100004494190216
0.5643618106842041
0.829997181892395
0.5449864268302917
0.49032530188560486
0.3324875235557556
0.4948428273200989
0.6935504674911499
0.6371497511863708
0.7145183086395264
0.4350556433200836
0.587632954120636
0.29836156964302063
0.8651481866836548
0.6366115808486938
0.561492919921875
0.8705612421035767
1.1295385360717773
0.5394265651702881
0.21323111653327942
0.7489820718765259
0.40643081068992615
0.31286269426345825
0.47172775864601135
0.4197929799556732
0.43099990487098694
0.4626370370388031
0.9067144393920898
0.40259066224098206
0.44415169954299927
0.3065926730632782
0.5985896587371826
0.2821483016014099
0.584380030632019
0.4981760084629059
0.6330596804618835
0.8661409616470337
0.5808708071708679
0.6208097338676453
0.3726489543914795
0.7489582300186157
0.5588222742080688
0.7206056714057922
0.3815070390701294
0.2116960734128952
0.6190153956413269
0.6699599027633667
0.34587621688842773
0.48572397232055664
0.24856655299663544
0.70738685131073
0.5692731142044067
0.4176206588745117
0.5511060953140259
0.3415246605873108
0.40496164560317993
0.5320513248443604
0.467082679271698
0.6771334409713745
0.33696380257606506
0.5643733739852905
0.3855627179145813
0.28830984234809875
0.6099880933761597
1.100269079208374
0.473896324634552
1.214353084564209
0.24562406539916992
0.5969146490097046
0.3751034140586853
0.830409049987793
0.6144124269485474
0.40275344252586365
0.9757911562919617
0.5277312994003296
0.37292417883872986
0.78053218126297
0.6581727862358093
0.534716784954071
0.5341485142707825
0.7959903478622437
0.2819131016731262
0.2970682978630066
0.2766093313694
0.572665810585022
0.7055341005325317
0.5938198566436768
0.3595014214515686
0.6281630992889404
0.7907484769821167
0.3187597990036011
0.41216617822647095
0.709136962890625
0.5245009660720825
0.41267257928848267
1.020806074142456
0.8658245205879211
0.3282774090766907
0.4100585877895355
0.7089170813560486
0.7230819463729858
0.32004398107528687
0.3816160559654236
0.4804634153842926
0.42196178436279297
0.3694673180580139
0.24549618363380432
0.23025676608085632
0.91083163022995
0.44940415024757385
0.6142230033874512
0.3446371555328369
0.20600223541259766
0.28583842515945435
0.23286482691764832
0.6638506650924683
0.8786012530326843
1.125028371810913
0.5764533281326294
0.44380632042884827
0.6649309396743774
1.2257299423217773
0.8911105394363403
0.6370068192481995
0.5946191549301147
0.40377694368362427
0.4472212791442871
0.3930475115776062
0.39491668343544006
0.3057405352592468
0.36812326312065125
0.28103184700012207
0.3419468402862549
1.0328813791275024
0.6006167531013489
0.2764594256877899
0.3346266746520996
0.599207878112793
0.7327703237533569
0.8717788457870483
0.446699857711792
0.691910982131958
0.5523731112480164
0.5928705334663391
0.19236092269420624
0.6463795900344849
0.5561970472335815
0.9932743906974792
0.6972782015800476
0.6214684247970581
0.34991735219955444
0.2470157891511917
0.7120366096496582
0.4545368254184723
0.5180755853652954
0.17732474207878113
0.9346612691879272
0.6958681344985962
0.3338340222835541
0.4482726454734802
0.8125104904174805
0.42411890625953674
0.3849039673805237
0.4489316940307617
0.6998848915100098
0.3512652814388275
0.29662632942199707
0.9617983102798462
0.7863863706588745
0.44056153297424316
0.6626682281494141
1.0438450574874878
0.2897076904773712
0.5032939910888672
0.6111406683921814
0.6537590622901917
0.40624555945396423
0.5148037075996399
0.3000689744949341
0.4961303770542145
1.0699701309204102
0.6995053887367249
0.8167919516563416
