0.3621906638145447
0.435228168964386
0.746141254901886
0.40588632225990295
0.1966627836227417
0.9761956930160522
0.42675209045410156
0.2956515848636627
0.6459656953811646
0.5479832887649536
0.9185106158256531
0.625123143196106
0.5721467137336731
0.8408139944076538
0.441937118768692
0.3250576853752136
0.5576162338256836
0.8205360174179077
0.7559610605239868
0.3729155659675598
0.42068997025489807
0.1967012733221054
0.6648390889167786
1.0183569192886353
0.5378068089485168
0.2280798703432083
0.2985479533672333
0.5088551044464111
0.8402417898178101
0.6350392699241638
0.3716273307800293
0.5043095946311951
0.5059388875961304
0.5902616381645203
0.320639044046402
0.337938129901886
0.7571547627449036
0.7410706281661987
0.6757264137268066
0.3171257972717285
0.33441510796546936
0.5052398443222046
0.6423348188400269
0.4162614345550537
0.5303245186805725
0.4767596125602722
0.29522836208343506
0.592919111251831
0.2490275353193283
0.34749478101730347
0.6530079245567322
0.2668306231498718
0.4458003640174866
0.3794301450252533
0.7521860003471375
0.7330359220504761
0.459108829498291
0.540596604347229
0.3434574604034424
0.5845368504524231
0.3359769284725189
0.222992941737175
0.6018620729446411
0.47329044342041016
0.9013716578483582
0.44166526198387146
1.091200590133667
0.38001930713653564
0.7726192474365234
0.4011211395263672
0.2994465231895447
0.9205158352851868
0.2522374391555786
0.21892419457435608
0.35789069533348083
0.573115885257721
0.627799928188324
0.6736040711402893
0.2900647521018982
0.29520779848098755
0.8370082974433899
0.7511940002441406
0.6792645454406738
0.34298282861709595
0.5989959836006165
0.6492804884910583
0.37660759687423706
0.24468210339546204
0.6033018231391907
0.6592852473258972
0.6358903050422668
0.4470548629760742
0.2188442498445511
0.5368664264678955
0.751973032951355
0.48992857336997986
0.8158226013183594
1.0961766242980957
0.47368544340133667
0.36817818880081177
0.4686565399169922
0.3201172351837158
0.4532514214515686
0.6514274477958679
0.7836078405380249
0.3540750741958618
0.6869369149208069
0.6556302905082703
0.24193152785301208
0.724517285823822
0.6981287002563477
0.49753594398498535
0.938990592956543
0.37827539443969727
0.49408116936683655
0.6131977438926697
0.27596884965896606
0.353097140789032
0.5228912234306335
0.5517207384109497
0.43434983491897583
0.6838206648826599
0.458926260471344
0.5166798233985901
0.35452741384506226
0.6401432752609253
0.2627752721309662
0.19011792540550232
0.7958183884620667
0.6769741773605347
0.6311612725257874
0.3309338688850403
0.3921075463294983
0.44908636808395386
1.2344884872436523
0.4777548909187317
0.31728532910346985
0.36265021562576294
0.6125807762145996
0.5911152958869934
0.6120787858963013
0.4528238773345947
0.37620189785957336
0.28991082310676575
0.4769618511199951
0.3974336087703705
0.4346800744533539
0.5135594606399536
0.7748605608940125
0.3253289759159088
0.47033578157424927
0.4651917815208435
0.8153746724128723
0.4121481478214264
0.2358151376247406
0.8482182621955872
0.25524991750717163
0.44509992003440857
0.266126424074173
0.40006881952285767
0.44295454025268555
0.3786163032054901
0.41190752387046814
0.469822496175766
0.27685651183128357
0.7924593687057495
0.4726441502571106
0.5813912153244019
0.4097651541233063
0.3553652763366699
0.592585563659668
0.5231945514678955
0.7910588979721069
0.35666486620903015
0.46860194206237793
0.8475764989852905
0.5914471745491028
0.3509925305843353
0.37081798911094666
0.43944278359413147
0.7079862356185913
0.5958989262580872
0.16379013657569885
0.7587409019470215
0.18080905079841614
0.3716450035572052
0.23924493789672852
0.45236214995384216
0.3743879795074463
0.4814577102661133
0.45890504121780396
0.5091838836669922
0.43694767355918884
1.7458301782608032
0.33921509981155396
0.3679722845554352
0.47762078046798706
0.5617376565933228
0.40813255310058594
0.6489611864089966
0.30913910269737244
0.5692125558853149
0.692591667175293
0.7257140874862671
0.5038232803344727
0.5895121693611145
0.7661011815071106
0.1810934990644455
0.3244601786136627
0.46050673723220825
0.4462956488132477
0.24499563872814178
0.41952991485595703
0.8644129037857056
0.985151469707489
0.3503586947917938
0.6621503233909607
0.6186051368713379
0.6276131868362427
0.31064096093177795
0.392963707447052
0.2624523639678955
0.38243216276168823
0.6026328802108765
0.6458033323287964
0.3293342590332031
0.8007060885429382
0.5548669695854187
0.5673866868019104
0.43560725450515747
0.5156475305557251
0.5757445096969604
0.5285769104957581
0.38132035732269287
0.37510985136032104
0.5944679379463196
0.13113772869110107
0.34339332580566406
0.7825498580932617
0.5817300081253052
0.8760561943054199
0.4134677052497864
0.93449467420578
0.44325852394104004
0.5533066987991333
1.1353377103805542
0.14928078651428223
0.9171187281608582
0.969188392162323
0.5847486257553101
1.0508478879928589
0.8057951927185059
0.9493138194084167
0.679925799369812
0.4670504927635193
1.0511174201965332
0.9527592658996582
0.7155307531356812
0.23992252349853516
0.7090902924537659
0.31483814120292664
0.38154497742652893
0.4496538043022156
0.6601877212524414
0.2904062271118164
0.5513824820518494
0.46672874689102173
0.5088487267494202
0.5161530375480652
0.8234832882881165
0.26340562105178833
0.39885884523391724
0.46537524461746216
0.6826651692390442
0.559053361415863
0.6447631120681763
0.8528451919555664
0.5697327852249146
0.6679205298423767
0.5080921053886414
0.49425190687179565
0.5037549138069153
0.38734757900238037
0.4982341229915619
0.6428425908088684
0.5291404724121094
0.6687864065170288
0.2511860132217407
0.6258146166801453
0.5886400938034058
0.334121972322464
0.5504211187362671
0.4038179814815521
0.5164053440093994
0.41481882333755493
0.425422728061676
0.7518380284309387
0.7030898928642273
0.8989343643188477
0.5200206637382507
0.6902025938034058
0.31621798872947693
0.46705013513565063
0.38509219884872437
0.44188976287841797
0.9556719660758972
0.5964903831481934
0.5566012263298035
0.638175368309021
0.7450116872787476
0.23261061310768127
0.34528475999832153
0.4942423701286316
1.0306997299194336
0.6366321444511414
0.41770297288894653
0.8175660371780396
0.4113156795501709
0.5358117818832397
1.332638144493103
0.3846118152141571
0.45326653122901917
0.3565923273563385
0.5945004224777222
0.6963425278663635
0.5698267817497253
0.43998146057128906
0.4029107093811035
0.5121104717254639
0.34609514474868774
0.47596636414527893
0.182325080037117
0.33771663904190063
0.35729122161865234
0.4989151954650879
1.2658154964447021
0.43019452691078186
0.3617696762084961
