0.15176627039909363
0.3253019154071808
0.2163652926683426
0.47598129510879517
0.7306665182113647
0.31387972831726074
1.3854186534881592
0.4614008367061615
0.4508149027824402
0.1758461594581604
0.700476348400116
0.37879687547683716
0.5312451124191284
0.5433238744735718
0.12758363783359528
0.3067890405654907
1.6224607229232788
0.647702157497406
0.5669096112251282
0.5293777585029602
0.5297138094902039
0.750732958316803
1.0400506258010864
0.6634407639503479
0.4185360372066498
0.40939444303512573
0.3580567240715027
0.5676366090774536
0.8158096075057983
0.320794016122818
0.7590311765670776
0.4304683208465576
0.5465832352638245
0.6143923997879028
0.5855863690376282
0.4142149090766907
0.41304445266723633
0.7221738696098328
0.43964266777038574
0.4445466101169586
0.2769976854324341
0.5506199598312378
0.7135705351829529
0.14027149975299835
0.14560218155384064
0.6757494211196899
0.30779480934143066
0.7483120560646057
0.40455126762390137
0.4879177510738373
1.1561810970306396
0.2809489667415619
0.609830915927887
0.6302273273468018
0.48698654770851135
0.42332249879837036
0.5320149064064026
0.5424903631210327
0.700214684009552
0.39875155687332153
0.7084983587265015
0.4471171498298645
0.5527307391166687
0.37933310866355896
0.3942665457725525
0.5988367199897766
0.4545988142490387
0.48264235258102417
0.42644935846328735
0.9520606994628906
0.8702772855758667
0.38966265320777893
0.6622620224952698
0.42220911383628845
0.29395443201065063
0.21789436042308807
0.41070809960365295
0.48093318939208984
0.4974071979522705
0.4143119752407074
0.6015077829360962
0.653183102607727
0.851524829864502
0.6505018472671509
0.5050820708274841
0.7479556798934937
0.3442167043685913
0.6358882188796997
0.41953086853027344
1.3641828298568726
0.37486839294433594
0.6601361036300659
0.37179845571517944
0.6081849336624146
0.5467520952224731
0.3664586842060089
0.5062661170959473
0.7949880957603455
0.4986177384853363
0.5202164649963379
0.6426671743392944
0.690580427646637
0.5197924375534058
0.5234928727149963
0.5439348220825195
0.3560517728328705
0.6740633249282837
1.0263627767562866
0.4117555618286133
0.49450045824050903
0.6076535582542419
0.8338494300842285
0.31610360741615295
0.5835009217262268
0.36529797315597534
0.24370019137859344
0.4959281086921692
0.46440333127975464
0.3414976894855499
0.286804735660553
0.5222533345222473
0.49818331003189087
0.6251720190048218
0.9452662467956543
0.46501389145851135
0.27700838446617126
0.8045300245285034
0.5465202331542969
0.3194426894187927
0.6808444261550903
0.30863749980926514
0.18548348546028137
0.5596569776535034
0.3171945810317993
0.22361615300178528
0.7409364581108093
0.4463878273963928
0.45427554845809937
0.5446594953536987
0.3483555018901825
0.867883026599884
0.6102468371391296
0.3289234936237335
0.2656932771205902
0.801643967628479
0.6402144432067871
0.3676761984825134
0.3810036778450012
0.3601948022842407
0.5526391863822937
0.3925735354423523
0.434498131275177
0.5711423754692078
0.2852131128311157
0.43904170393943787
0.6816143989562988
0.9991242289543152
0.7781335711479187
0.3759109079837799
1.3043935298919678
0.42943066358566284
0.5048800706863403
0.5694122314453125
0.44238191843032837
0.41411441564559937
0.4528641700744629
0.18667173385620117
0.4486085772514343
0.6133159399032593
0.7501924633979797
0.3114171028137207
0.9299259185791016
0.6236037015914917
0.32139745354652405
0.4846038222312927
0.8153157234191895
0.5709074139595032
0.45886102318763733
0.4868917465209961
0.45481032133102417
0.33649203181266785
0.39063960313796997
0.5360905528068542
0.33220428228378296
0.4118425250053406
0.7785947918891907
0.3803068995475769
0.7682791948318481
0.9116827249526978
0.3781558871269226
0.4293138384819031
0.5068926811218262
0.2821290194988251
0.4210590422153473
0.32104387879371643
0.578445315361023
0.5334018468856812
0.2936348021030426
0.8325484395027161
0.22478798031806946
0.39422130584716797
0.2637653052806854
0.642462968826294
0.6146441102027893
0.4468461871147156
0.6873112916946411
0.3494065999984741
0.6348913908004761
0.14768700301647186
0.35195595026016235
0.610748291015625
0.4572257995605469
0.5547527074813843
0.35161539912223816
0.4513636529445648
0.39346352219581604
1.0332343578338623
0.5559991002082825
0.6433266997337341
0.45723557472229004
0.6092385053634644
0.3008739948272705
0.525268018245697
0.7021112442016602
0.28134292364120483
0.8511385917663574
0.5981200337409973
0.556297779083252
0.4954182207584381
0.7634145021438599
0.4233008325099945
0.27308163046836853
0.16963320970535278
0.668058454990387
0.232259601354599
0.5074376463890076
0.7316492199897766
1.4508472681045532
1.3154289722442627
0.20657935738563538
0.4162712097167969
0.2416210174560547
0.4363294243812561
0.524675726890564
1.0994322299957275
0.34359240531921387
0.7725299000740051
0.3977307677268982
0.5775136947631836
0.4928770959377289
0.3036065697669983
0.30677223205566406
0.8235886693000793
0.6026346683502197
0.9026681780815125
0.5704628825187683
0.5623916387557983
0.5623988509178162
0.42602986097335815
0.7650619745254517
0.33059701323509216
0.6659373044967651
0.42876237630844116
0.6061649918556213
0.537881076335907
0.35277223587036133
0.3726375699043274
0.589826226234436
0.45325717329978943
0.8106948137283325
0.8164016604423523
0.43932828307151794
0.6869367361068726
0.42445117235183716
0.3585618734359741
0.4230903685092926
0.6265919208526611
0.5568050742149353
0.6800082921981812
0.7203940153121948
0.3573625683784485
0.5629531145095825
0.4511159062385559
0.2652340531349182
0.4812536835670471
0.6071357131004333
0.5326759219169617
0.5332884788513184
0.3121110200881958
0.5723255276679993
0.23537912964820862
0.9281519055366516
0.5807964205741882
0.31024235486984253
0.9048353433609009
0.40829983353614807
1.2468632459640503
0.5813922882080078
0.35504159331321716
0.8127713203430176
0.40695858001708984
0.6387946605682373
0.8347122073173523
0.40477579832077026
0.45547419786453247
0.3431514799594879
0.29184210300445557
0.6920437812805176
0.6550741195678711
0.40588831901550293
0.3552832007408142
0.3868282735347748
0.6830899119377136
0.7362026572227478
0.4881485104560852
0.8695390820503235
0.327361524105072
0.9480123519897461
1.1303126811981201
0.7022303342819214
0.6597484350204468
0.6397989988327026
0.38245782256126404
0.38698312640190125
0.47895321249961853
0.42820024490356445
0.7142597436904907
0.45094504952430725
1.880535364151001
0.3518631160259247
0.268279492855072
0.6848510503768921
0.33710142970085144
1.1178117990493774
0.3832443058490753
0.5609269738197327
0.5562086701393127
0.6713767051696777
