0.6957969665527344
0.8573072552680969
0.2944340705871582
0.5437735319137573
0.6501528024673462
1.0699478387832642
0.5382519960403442
0.4311005473136902
0.7137420773506165
0.8481780290603638
0.8004152178764343
1.0046297311782837
0.8465765118598938
0.27740636467933655
0.910932183265686
0.3955981135368347
0.6698276996612549
0.30933231115341187
0.6737502813339233
0.2735344469547272
0.46208104491233826
0.5392091274261475
0.5142534375190735
0.19177021086215973
0.46334409713745117
0.33360999822616577
0.3872695863246918
0.5170701742172241
0.484370619058609
0.5657911896705627
0.45532354712486267
0.31282898783683777
0.9528475999832153
0.5962973833084106
0.2864376902580261
0.4245634973049164
0.45907193422317505
0.43173670768737793
0.5955661535263062
0.7242332696914673
0.39584964513778687
0.5378066897392273
0.38069793581962585
0.5084068775177002
0.3593559265136719
0.24925188720226288
0.5720550417900085
0.29582881927490234
0.7081443071365356
0.37526950240135193
0.7577419281005859
0.2928830087184906
0.3607373833656311
0.1892322599887848
0.9972281455993652
0.35565346479415894
0.4015696942806244
0.64814692735672
0.28987056016921997
0.38278236985206604
0.6933120489120483
0.4784204959869385
0.25665122270584106
0.5282667875289917
0.6506658792495728
0.4701154828071594
0.6086795926094055
0.5477868318557739
0.621737003326416
0.2896157205104828
0.578168511390686
0.4277571737766266
0.4381694793701172
0.5281230807304382
0.5050610303878784
0.33113449811935425
0.41487446427345276
0.8177968263626099
0.26429617404937744
0.3186032474040985
0.5648998022079468
0.5964125990867615
0.6647170782089233
0.8313055038452148
0.5868163108825684
0.42843031883239746
0.6963024735450745
0.5813830494880676
0.7164939641952515
0.9363839030265808
0.350717693567276
0.36570531129837036
0.6241247057914734
0.3428964912891388
0.5519453287124634
0.7536757588386536
0.6108819842338562
0.4003226161003113
0.42815327644348145
0.4863775670528412
0.7109214067459106
0.4796310067176819
0.27457576990127563
0.5321109890937805
0.4628831744194031
0.263624370098114
0.35096126794815063
0.8731049299240112
0.4772729277610779
0.6855906248092651
0.8225724101066589
0.4427099823951721
0.6494607925415039
0.38527899980545044
0.44881486892700195
0.7098145484924316
0.5914970636367798
0.5590981245040894
0.6966862082481384
0.6693073511123657
0.33727702498435974
0.30362385511398315
0.3808334171772003
0.5822468996047974
0.7414095997810364
0.5573407411575317
0.795743465423584
0.5154272317886353
0.3772068917751312
0.5509229898452759
0.6125788688659668
0.5249104499816895
0.45714887976646423
0.16501034796237946
0.6195058226585388
0.3254798948764801
0.2722930908203125
0.24899430572986603
0.37949126958847046
0.26689547300338745
0.5237874388694763
0.34017378091812134
0.5904045701026917
0.49746283888816833
0.2968791723251343
0.4855046272277832
0.5069183707237244
0.19525252282619476
0.46760067343711853
0.3869163990020752
0.35441961884498596
0.5646296739578247
0.5186663269996643
0.8836798667907715
0.9336307644844055
0.518424391746521
0.40946412086486816
0.4076487421989441
0.46795955300331116
0.40656986832618713
0.35954251885414124
0.5364426374435425
0.5022658705711365
0.5151339769363403
0.34203535318374634
0.6539334058761597
0.2475607842206955
0.9749587774276733
0.6193361282348633
0.9585763216018677
0.44411253929138184
0.3332881033420563
0.6441951990127563
0.5369514226913452
0.5444043278694153
0.32946452498435974
0.5772596597671509
0.5090325474739075
0.6845369935035706
0.38204655051231384
0.7265031933784485
0.410116970539093
0.5210192203521729
0.6040550470352173
0.7866194844245911
0.39680612087249756
1.0664926767349243
0.7541122436523438
0.7411266565322876
0.535329282283783
0.40815410017967224
1.067484974861145
0.6485285758972168
0.6398916840553284
0.44112110137939453
0.39489108324050903
0.3136061429977417
0.32765766978263855
0.3624156713485718
0.6879353523254395
0.3289647102355957
0.37860289216041565
0.8761026263237
0.9536386728286743
0.6739681363105774
0.9396454095840454
0.4723232686519623
0.4217684864997864
0.40514659881591797
0.8499135971069336
0.7764555215835571
0.31349799036979675
0.944880485534668
0.9334858655929565
0.45649558305740356
0.3720971643924713
0.7429421544075012
0.5622332692146301
0.5995723605155945
1.0416029691696167
0.8370178937911987
0.3270251750946045
0.2668364644050598
1.0817666053771973
0.45942625403404236
0.2801366448402405
0.4196937084197998
0.5940160155296326
0.3010144531726837
0.5749009847640991
0.8772355318069458
0.868697464466095
0.9357990026473999
0.5762606859207153
0.5048227310180664
1.3117120265960693
0.27969369292259216
0.28545066714286804
1.1918262243270874
0.43157958984375
0.651375949382782
0.5696113109588623
0.8099685907363892
0.42061537504196167
1.4220283031463623
0.43525180220603943
0.38219153881073
0.402076780796051
0.6836694478988647
1.0336101055145264
0.9605709910392761
0.2314692735671997
0.31125324964523315
0.430532842874527
0.36845049262046814
0.48366984724998474
0.5408034324645996
0.2789892554283142
0.3619874119758606
0.9169370532035828
0.8311551213264465
0.37486639618873596
0.7599442005157471
0.456442266702652
0.23025985062122345
1.3437693119049072
0.48718446493148804
0.44355934858322144
0.461813360452652
0.6638230085372925
0.528103232383728
0.8607721328735352
0.6897686719894409
0.419900506734848
0.2993156313896179
0.45283785462379456
0.35224419832229614
0.8050428628921509
0.33707714080810547
0.4397122859954834
0.7408739328384399
0.9311907887458801
0.46775445342063904
0.42247921228408813
1.0964635610580444
0.49251580238342285
0.9679969549179077
0.45873624086380005
0.7571074366569519
0.720040500164032
0.26662856340408325
0.4025907516479492
0.42861098051071167
0.6952232122421265
0.642084002494812
0.7090145349502563
0.24698157608509064
0.2041286677122116
0.30594170093536377
0.5207851529121399
0.4816252589225769
0.5718604326248169
0.9230200052261353
0.6563589572906494
0.980280876159668
0.39004987478256226
0.4157932698726654
0.7216233015060425
0.7869423627853394
0.3885211944580078
0.41592368483543396
0.7948857545852661
0.8580050468444824
0.5598094463348389
0.44848623871803284
0.7860325574874878
0.3344733715057373
0.393843412399292
0.47985967993736267
0.4876653254032135
0.6839022636413574
0.4321323037147522
0.638332724571228
0.3708891272544861
0.25566309690475464
0.27528125047683716
0.6656719446182251
0.5555397868156433
0.3854770064353943
0.3422061800956726
0.43534716963768005
0.7342053651809692
0.3297325372695923
1.054807424545288
0.7333120107650757
0.6076441407203674
0.23871071636676788
0.33073076605796814
