0.7685844898223877
0.41658514738082886
0.5114504098892212
0.3960297703742981
0.49739569425582886
0.398668110370636
0.544604480266571
0.5015588998794556
0.48544102907180786
0.3971014618873596
0.5651010870933533
0.39365798234939575
0.643413245677948
0.4099288880825043
0.7146145105361938
0.7515069246292114
0.5449182391166687
0.4405490756034851
0.38820895552635193
0.5637239217758179
0.4817890226840973
0.31282031536102295
0.7712742686271667
0.7415388226509094
0.2085413932800293
0.40114039182662964
0.1938629001379013
0.8609238862991333
0.5663859248161316
0.31306982040405273
0.5921709537506104
0.4164799749851227
0.25604891777038574
0.21690087020397186
0.7129098176956177
0.6136542558670044
0.31380602717399597
1.4534838199615479
0.24447643756866455
0.5393630266189575
0.2808877229690552
0.6616889238357544
0.7243260145187378
0.2995699346065521
0.36513522267341614
0.4032907485961914
0.3188571631908417
0.4179805815219879
0.3551150858402252
0.8527553677558899
0.46066245436668396
0.5272809267044067
1.2895625829696655
0.2716544568538666
0.5194914937019348
0.6738532781600952
0.4932614266872406
0.8209105730056763
0.5501528978347778
0.34737879037857056
0.5097757577896118
0.740820050239563
0.2816709578037262
1.4471244812011719
0.44393301010131836
0.4659104347229004
0.5233136415481567
0.3990716338157654
0.3530122637748718
0.8292497396469116
0.5015692114830017
0.4172421991825104
0.8324186205863953
0.5031081438064575
0.4891015589237213
1.0940380096435547
0.6495246291160583
0.616874098777771
0.5084037780761719
0.5464848875999451
0.394813597202301
0.42343130707740784
0.6802319288253784
0.2336275279521942
0.2971055805683136
0.8274628520011902
0.4419019818305969
0.33583158254623413
0.7157117128372192
0.7674623131752014
0.25461500883102417
0.4611612856388092
0.20453515648841858
0.5123404264450073
0.4112876355648041
0.6924959421157837
0.3988248407840729
0.2877427637577057
0.376924991607666
0.2969009280204773
0.10208760201931
0.9272909164428711
0.4146694540977478
0.3897319436073303
0.6187782287597656
0.6798332929611206
0.6507207155227661
0.20739488303661346
0.551748514175415
0.9517766833305359
0.47093114256858826
0.356892466545105
0.7947632670402527
0.550873339176178
0.6099159717559814
0.326679527759552
0.44139227271080017
0.8220512270927429
0.3475162386894226
1.0157932043075562
0.41635194420814514
1.2503572702407837
0.4492568373680115
0.34677854180336
0.22213764488697052
0.371257483959198
0.49733883142471313
0.6827750205993652
0.43156370520591736
0.26801037788391113
0.91761314868927
0.5272765159606934
0.5203922986984253
0.4067290425300598
1.13667893409729
0.4916127324104309
0.7878862619400024
0.4205290377140045
0.4687027037143707
0.9035763740539551
0.4001539349555969
0.5054979920387268
0.7095776796340942
0.4480400085449219
1.3252742290496826
0.5864206552505493
0.626765251159668
0.7733122706413269
0.7877103090286255
0.46648725867271423
0.4618004858493805
0.5536134839057922
0.3916734457015991
0.6093418002128601
0.41872358322143555
0.3573474884033203
0.781880259513855
0.6867010593414307
0.3659805357456207
0.21501529216766357
0.6940770149230957
0.3613828718662262
0.26176193356513977
0.44394272565841675
0.5136723518371582
0.303714781999588
0.3933835029602051
0.7233585119247437
0.17515608668327332
0.46228495240211487
0.7681201696395874
1.037566900253296
0.24164514243602753
0.865851879119873
0.7040201425552368
0.8805575370788574
0.6969825029373169
0.8261562585830688
0.5415900349617004
0.25540411472320557
0.37886878848075867
0.7068685293197632
0.4046476483345032
0.5120128393173218
0.3663173317909241
0.41025933623313904
0.19081135094165802
0.8697322607040405
0.3867650330066681
0.46441763639450073
0.3137817680835724
0.592856228351593
0.7908040285110474
0.5920195579528809
0.5677646398544312
0.6005004644393921
0.293995201587677
0.9620801210403442
0.5196129679679871
0.30691590905189514
0.36498743295669556
0.5450161099433899
1.1371253728866577
0.2818177342414856
0.5868586301803589
0.9014434814453125
0.6781812906265259
0.5422647595405579
0.39225584268569946
0.36683914065361023
0.1632077395915985
0.801934540271759
0.3724692463874817
0.4766358435153961
0.25402987003326416
0.3813552260398865
0.953169047832489
0.6246726512908936
0.5094999670982361
0.7040513157844543
0.3628200888633728
0.46522992849349976
0.6387519240379333
0.4077201783657074
1.1574147939682007
0.4771401286125183
0.6993530988693237
0.3874669373035431
0.46280211210250854
0.31177976727485657
0.610706627368927
0.5971941947937012
1.0764930248260498
0.9027756452560425
0.5074143409729004
0.28851258754730225
0.35656705498695374
0.4027596414089203
0.6383614540100098
1.0336267948150635
0.4489265978336334
0.7431022524833679
0.7475140690803528
0.3749546408653259
0.2703832983970642
0.4584057927131653
0.5828534960746765
0.431718647480011
0.18960678577423096
0.6084526181221008
0.5560585856437683
0.27770087122917175
0.3534389138221741
0.5552533864974976
0.6479766964912415
0.40953198075294495
0.25589025020599365
0.3614737391471863
0.592576801776886
0.5090290307998657
0.5896919965744019
1.1964279413223267
0.5254443883895874
0.30121204257011414
0.7171463966369629
0.636509895324707
0.5416402816772461
0.5791077017784119
0.33699387311935425
0.5893592834472656
0.3443075716495514
1.051338791847229
0.7229284048080444
0.5370969772338867
0.6109195947647095
0.4791164994239807
0.534644603729248
0.6023966073989868
0.28567028045654297
0.4339507222175598
0.327378511428833
0.21647366881370544
0.2013307809829712
0.4000245928764343
0.6259503960609436
1.0936737060546875
0.49389466643333435
1.2792688608169556
0.5692974328994751
0.3445480763912201
0.6064877510070801
0.30379512906074524
0.6143257021903992
0.9717583656311035
0.30199456214904785
0.33862048387527466
0.46180909872055054
0.2596305012702942
0.5120366215705872
1.4500409364700317
0.352928102016449
0.3666963279247284
0.8507477641105652
0.46904268860816956
1.1871658563613892
0.5414077043533325
0.441458135843277
0.5015719532966614
1.0364867448806763
0.4288785457611084
0.12127979844808578
0.7633652687072754
0.30326610803604126
0.32134610414505005
0.8455103635787964
0.8914626240730286
0.3838278651237488
0.3915756642818451
0.2778013050556183
0.5117276906967163
0.6387059688568115
0.5295739769935608
0.5705618858337402
0.4447919428348541
0.3587019145488739
0.6306740045547485
0.43291226029396057
0.6356056332588196
0.2744709551334381
0.5063639879226685
0.5075448751449585
1.139857530593872
0.71039879322052
0.29474955797195435
0.24930043518543243
0.6577521562576294
0.31426748633384705
0.1507512331008911
