0.5141422152519226
0.7952004671096802
0.873672604560852
0.4664399027824402
0.560814619064331
0.7138784527778625
0.6734386682510376
0.6935772895812988
0.7552362680435181
0.6057866811752319
0.49771222472190857
0.5150557160377502
0.6520200967788696
0.616289496421814
0.4349451959133148
0.5737180113792419
0.5094338655471802
0.7689098119735718
0.9812135696411133
0.5248278379440308
0.503886342048645
0.7262099385261536
0.4233439564704895
0.5629037022590637
0.6528781652450562
0.9063593149185181
0.5933668613433838
0.7255370616912842
0.6980003118515015
0.6307727694511414
0.8644105195999146
0.5402264595031738
0.6430392265319824
0.9850329160690308
0.7282975316047668
0.9535900950431824
0.5952250361442566
0.7009681463241577
0.6511727571487427
0.961635947227478
0.5432277917861938
1.0911481380462646
0.4270957410335541
0.7132793664932251
1.5590671300888062
0.5962817668914795
0.5098769664764404
0.4781063199043274
0.8880681991577148
0.9457002878189087
0.7155693769454956
0.5309001207351685
0.49494680762290955
0.7113758325576782
0.7628952264785767
0.6455651521682739
1.0520588159561157
0.804423451423645
0.5156501531600952
0.629817008972168
0.6543586254119873
0.6366225481033325
0.5990378856658936
1.4040526151657104
0.8274946212768555
1.1329309940338135
0.7218859791755676
0.702600359916687
0.6352216005325317
0.77043217420578
0.6114038228988647
0.4447939991950989
0.5755951404571533
1.0130045413970947
0.655349612236023
0.7356929779052734
0.9228960275650024
1.0487422943115234
0.737478494644165
0.5676544904708862
0.6767353415489197
0.6717442274093628
0.5734142661094666
0.7083393335342407
0.6420530080795288
0.5588769912719727
1.14939284324646
0.4533635973930359
1.411572813987732
1.0893746614456177
0.8271546363830566
0.5918246507644653
0.7190442681312561
0.6223901510238647
0.6244760751724243
0.8042247891426086
0.6215447187423706
0.6193239092826843
0.6667524576187134
0.988694965839386
0.5020302534103394
0.6102868318557739
0.5379576086997986
0.607467770576477
0.4179449677467346
0.7271308302879333
0.594110369682312
0.6216248869895935
0.5656147599220276
0.5569146275520325
0.9900305867195129
0.47374194860458374
0.6568202376365662
0.6218056678771973
0.8508933782577515
0.8407334089279175
0.5161162614822388
0.8318468928337097
0.9850540161132812
0.791588306427002
0.5710889101028442
0.9643882513046265
0.5303095579147339
0.5312796235084534
0.5693642497062683
0.7129151821136475
0.7019712328910828
0.8526032567024231
0.6434281468391418
0.5248214602470398
0.5783067941665649
1.0712798833847046
0.657933235168457
0.7183259725570679
0.9832156896591187
0.6647599935531616
0.7536835074424744
0.6382249593734741
0.5115114450454712
0.383177787065506
0.7321397066116333
0.8901423215866089
0.6072484254837036
0.6958012580871582
0.5958238840103149
0.9864780306816101
0.8735452890396118
0.47878894209861755
0.8317550420761108
0.8930821418762207
0.7418254613876343
0.46655455231666565
0.8375356793403625
1.0679740905761719
0.5272887349128723
0.9087287187576294
0.8226495981216431
0.8517662882804871
0.6417406797409058
0.6644929647445679
0.7558621168136597
0.4997778832912445
0.9578254818916321
0.697245180606842
1.024439811706543
0.529140830039978
0.7017947435379028
0.3472837507724762
0.5981632471084595
0.6262305378913879
0.9769755601882935
0.7638388872146606
1.1075913906097412
0.7625569105148315
0.6833170056343079
0.6782687306404114
0.6927269101142883
0.6644030809402466
0.9253700375556946
0.7444599270820618
0.59335857629776
0.9480692148208618
0.6677218675613403
1.0204578638076782
0.6876923441886902
0.5894219279289246
0.5056538581848145
0.882854163646698
0.3323686718940735
0.7225686311721802
0.5744990110397339
0.7719731330871582
0.5528831481933594
0.5459750890731812
0.7127699851989746
0.7136516571044922
0.7819491624832153
0.7751113772392273
0.6376507878303528
0.39173150062561035
0.6325716376304626
0.7510498762130737
0.5882590413093567
0.40005454421043396
1.2003419399261475
0.8717712163925171
0.9762698411941528
0.6805799603462219
1.165838599205017
0.7795515060424805
0.7241648435592651
0.5589766502380371
0.5943938493728638
1.0452436208724976
0.8218221664428711
0.5697582960128784
0.6516937017440796
0.8723142743110657
0.7092774510383606
1.1566956043243408
0.5137826800346375
0.4229767918586731
1.2577956914901733
0.5737261176109314
0.5677010416984558
0.7089697122573853
0.7141684293746948
0.3234809339046478
0.7839678525924683
0.6967326402664185
0.9257758259773254
0.9432123899459839
0.4626438021659851
0.396093487739563
0.6993237733840942
0.630534827709198
0.8062546849250793
1.0869190692901611
0.7749761343002319
0.3966562747955322
0.4500044882297516
0.6667321920394897
0.5591151118278503
1.3654119968414307
0.5238565802574158
0.4142579138278961
0.7911784052848816
0.6133431792259216
0.8176587224006653
1.0357401371002197
0.7828636169433594
0.8566392660140991
0.4501352310180664
0.7515594363212585
0.5777002573013306
0.4404742121696472
0.4045496881008148
1.1178227663040161
0.6443974375724792
0.45175737142562866
0.3466472625732422
0.8294718861579895
0.5793236494064331
0.5297101140022278
0.5368760228157043
0.5794911980628967
0.4629443287849426
0.6861110925674438
0.5067163705825806
0.7096381783485413
0.4539329409599304
0.9110201001167297
0.5881589651107788
1.2270880937576294
0.47299426794052124
0.9320365190505981
0.5391560792922974
0.8346136808395386
0.6473429799079895
0.4727000594139099
0.42135724425315857
0.8675767779350281
0.7884474992752075
0.9243990778923035
0.4102616310119629
0.38088592886924744
0.8013030886650085
0.4640122354030609
1.724737524986267
0.5233248472213745
0.7342566847801208
0.7093200087547302
0.6348762512207031
0.40982621908187866
0.7028895616531372
0.689461350440979
0.7985464930534363
0.6808412671089172
0.8108070492744446
0.6609048247337341
0.8363643884658813
0.6478395462036133
0.61841881275177
0.8626297116279602
0.6861031651496887
0.8744244575500488
1.1446000337600708
0.43539753556251526
0.44794464111328125
0.5059720873832703
0.7774689793586731
0.8521209955215454
0.619197428226471
0.6881021857261658
0.6875743269920349
0.7378962635993958
0.5941264629364014
0.9468370676040649
0.7316943407058716
0.5639013051986694
0.3655555248260498
0.8799644708633423
0.6798394918441772
0.6771630644798279
0.9711669683456421
0.47175607085227966
0.4136367738246918
0.9342174530029297
0.9710375070571899
0.9899694323539734
0.7005230188369751
0.5208678245544434
0.38268962502479553
0.7179509997367859
0.8586937189102173
0.4348435401916504
0.5175584554672241
0.4286733865737915
