0.6725007891654968
0.3137674927711487
0.6409993767738342
0.22810284793376923
0.5698259472846985
0.4039797782897949
0.7359841465950012
0.3709821105003357
0.7905229330062866
0.5419487953186035
0.28912168741226196
0.5818982124328613
0.596911609172821
0.44881075620651245
0.5888908505439758
0.5340367555618286
0.7174064517021179
0.7860872149467468
0.59740149974823
0.4674912095069885
0.3124173581600189
0.5565681457519531
0.4567728638648987
0.40654420852661133
0.3592163026332855
0.5790782570838928
0.35342979431152344
0.49728068709373474
0.6888484954833984
1.0056425333023071
0.49268895387649536
0.6987832188606262
0.6059294939041138
0.948575496673584
0.941824734210968
0.7951643466949463
0.2771282196044922
0.6588747501373291
0.5655168294906616
0.442293643951416
0.9565229415893555
0.4774834215641022
0.675238311290741
1.0636727809906006
0.3331538438796997
0.40467801690101624
0.7603275179862976
0.29741135239601135
0.47840920090675354
1.0580717325210571
0.4743387699127197
0.35754072666168213
0.9539424777030945
0.680051326751709
0.5951083302497864
0.29360949993133545
0.29910436272621155
0.44816771149635315
0.47804051637649536
0.6587644815444946
0.7348860502243042
0.6061683893203735
0.7120293378829956
0.3734824061393738
0.40298882126808167
0.48599156737327576
0.35704025626182556
0.513340175151825
0.2373851090669632
0.7351716756820679
0.43888354301452637
0.3914375305175781
0.6553794145584106
0.302016943693161
0.6962931156158447
0.3057789206504822
0.7809993028640747
0.582168459892273
0.9136285781860352
0.4397340714931488
0.23908154666423798
0.24598245322704315
0.6128271222114563
0.7118676900863647
0.408236563205719
0.3234748840332031
0.9993885159492493
0.31551435589790344
0.8973930478096008
0.6151789426803589
0.3908005654811859
0.23259523510932922
0.26744166016578674
0.7233403921127319
0.9819722175598145
0.3112512230873108
0.4583550989627838
0.6985192894935608
0.22305288910865784
0.6069597005844116
0.5045894980430603
0.667743980884552
0.509323000907898
0.6465075612068176
0.24735717475414276
0.35228386521339417
0.1676889806985855
0.6802842020988464
0.38920170068740845
0.4357863962650299
0.8595679402351379
0.25900524854660034
0.42973223328590393
0.37726911902427673
0.18253684043884277
0.2917613387107849
0.6117116808891296
0.5476398468017578
0.41530388593673706
0.29707327485084534
0.41975030303001404
0.9389168620109558
0.4794512391090393
0.3922261595726013
0.7422093152999878
0.22648346424102783
0.3304462730884552
0.3267225921154022
0.21470539271831512
0.32433897256851196
0.4210449159145355
0.5046468377113342
0.5949960947036743
0.8033362627029419
0.35765540599823
0.30717533826828003
0.3631948232650757
0.3430973291397095
0.49814072251319885
0.4803972840309143
0.561987042427063
0.39399415254592896
0.6274381279945374
0.16425690054893494
0.1922644078731537
0.3571367561817169
0.38487499952316284
0.6991429328918457
0.9060100317001343
0.4707396626472473
0.29129475355148315
0.5663533210754395
0.3695191442966461
0.9389587640762329
0.31074362993240356
0.8484607934951782
0.36146289110183716
0.4945194125175476
0.43048399686813354
0.7826470136642456
0.46266546845436096
0.5787768363952637
0.7524517774581909
0.6096419095993042
0.6234489679336548
0.557574450969696
0.44665637612342834
0.3355877995491028
0.5324341654777527
1.1324206590652466
0.3121689558029175
0.5776126384735107
1.1139733791351318
0.45444026589393616
0.20582298934459686
0.43809762597084045
0.6424039602279663
0.7481756210327148
0.8176387548446655
0.46317949891090393
0.42981138825416565
0.43214091658592224
1.2636715173721313
0.5553070306777954
0.33374619483947754
0.3850870132446289
0.2602372169494629
0.37820395827293396
0.30684274435043335
0.9260538220405579
0.3414066731929779
0.26382285356521606
0.4349266588687897
0.4938186705112457
0.22174091637134552
0.7284585237503052
0.9319227337837219
0.5830326676368713
0.477078914642334
0.1375553160905838
0.3295705020427704
0.7301753759384155
0.7502754926681519
0.8174006342887878
0.8411328196525574
0.31982219219207764
0.6973291039466858
0.6607931852340698
0.6877257823944092
0.8086109161376953
0.6522517800331116
0.6902898550033569
0.3566514253616333
0.7160460352897644
0.4268864691257477
0.5277759432792664
0.8834782838821411
0.2432977855205536
0.5380455255508423
0.7174751162528992
0.7175641655921936
0.4490252435207367
0.6566132307052612
0.23665860295295715
0.7181048393249512
0.8239947557449341
0.7998194694519043
0.3927668631076813
0.5769603252410889
0.5348992347717285
0.47111430764198303
1.002630352973938
0.425088107585907
1.2382539510726929
0.7000710964202881
0.7752889394760132
0.5475994348526001
0.4280220866203308
0.5888554453849792
0.5773986577987671
0.46303853392601013
0.6692359447479248
0.6272594928741455
0.37796658277511597
0.7433764934539795
0.190092533826828
0.5394876003265381
0.18399666249752045
0.8904106020927429
0.49963751435279846
1.2239086627960205
0.29746899008750916
0.2024688422679901
0.6028710603713989
0.4411082863807678
0.6130794882774353
0.1811741292476654
0.23270432651042938
0.3635541796684265
0.5773557424545288
0.359419584274292
0.3240264058113098
0.659933865070343
0.39942777156829834
0.8632941246032715
0.8282210230827332
0.338267982006073
0.46395882964134216
0.3676987290382385
0.455189049243927
0.5086725354194641
0.30962562561035156
0.35619425773620605
0.5933552980422974
0.5716142058372498
0.6515414714813232
0.7275212407112122
0.4151732325553894
0.7637163400650024
0.43834415078163147
0.6165834665298462
0.7120764255523682
0.13501131534576416
0.4585359990596771
0.32073596119880676
0.5560042262077332
0.6664358377456665
0.7084897756576538
0.7108386754989624
0.5584998726844788
0.40776029229164124
0.4013294279575348
0.9448405504226685
0.24492983520030975
0.49389439821243286
0.7063661217689514
0.43692970275878906
0.36116746068000793
0.17702513933181763
0.5719404220581055
0.43903636932373047
0.33236163854599
0.47390666604042053
0.4671981930732727
0.9222849011421204
0.7827611565589905
0.4715074598789215
0.5158446431159973
0.38882583379745483
0.4623957574367523
0.3271428048610687
0.7329588532447815
0.419369637966156
0.5837871432304382
0.5519052743911743
0.2512153089046478
0.44304829835891724
0.5644676089286804
0.7682185769081116
0.9928250312805176
0.7322949171066284
1.0380527973175049
0.3035755753517151
0.3997388482093811
0.4373885989189148
0.5639864206314087
0.37515369057655334
0.5582870244979858
0.19545066356658936
0.5689142346382141
0.5654584765434265
0.5476219058036804
0.37178748846054077
0.2375953644514084
0.4153595566749573
0.5948657989501953
0.4709722399711609
1.3623520135879517
