0.576473593711853
0.3521537184715271
0.34008923172950745
0.2231162041425705
0.6224832534790039
0.7193900942802429
0.8436917066574097
0.5798212289810181
0.5866023898124695
0.5550781488418579
0.9305532574653625
0.5267005562782288
0.854344367980957
1.1379424333572388
0.33863574266433716
0.7110265493392944
0.5081217885017395
0.2422596663236618
0.45190876722335815
0.6412864923477173
0.8613476753234863
0.3705514371395111
0.47837504744529724
0.31032076478004456
1.213675856590271
0.18376779556274414
0.38500067591667175
0.4915848672389984
0.4661627411842346
0.7439382672309875
0.23880907893180847
0.2885821461677551
0.6194363832473755
0.2349415272474289
0.9970508813858032
0.3814828097820282
0.3953319191932678
0.49403801560401917
0.6420254707336426
0.3066788613796234
0.3910518288612366
0.7356934547424316
0.5328207015991211
0.717665433883667
0.471438467502594
0.37786945700645447
0.6348656415939331
0.5245843529701233
0.3511607050895691
0.4556896686553955
0.22205714881420135
0.9226816296577454
0.36491113901138306
0.6697932481765747
0.7965467572212219
0.2974051833152771
0.6115776896476746
0.5016047358512878
1.004543662071228
0.4054451882839203
0.17459067702293396
0.2597023844718933
0.6084463000297546
0.28502508997917175
0.49839991331100464
0.25662004947662354
0.5808329582214355
0.5401260852813721
0.9383836984634399
0.5565623044967651
0.22727131843566895
0.40435856580734253
0.4362543225288391
0.8268097043037415
0.28551560640335083
0.6070966720581055
0.2869607210159302
0.6989253759384155
0.657600462436676
0.24005112051963806
1.0087997913360596
0.30542609095573425
0.3918375074863434
0.3502774238586426
0.5425487160682678
0.2505020201206207
0.5476552248001099
0.4651185870170593
0.5585212707519531
0.24703478813171387
0.9101641774177551
0.4466027319431305
0.41721224784851074
0.5803552269935608
0.33415213227272034
0.507953405380249
0.2914001941680908
0.3307955265045166
0.4197610020637512
0.5169664621353149
0.5634790658950806
0.9098156690597534
0.3473995625972748
0.21458029747009277
0.39104732871055603
0.7059484720230103
0.3181726336479187
0.5237537622451782
0.8567758798599243
0.4190676212310791
0.4601985812187195
0.3204215168952942
0.1927189975976944
0.5083206295967102
0.6431699991226196
0.5423108339309692
0.2615557312965393
0.6068912744522095
0.3350314795970917
0.6276801228523254
0.4074176847934723
0.35014328360557556
0.7237518429756165
0.3224876821041107
0.42102566361427307
0.3814254403114319
0.68248051404953
0.8523756265640259
1.0719401836395264
0.6779342889785767
0.4667971730232239
0.6140588521957397
0.4419977068901062
0.34805822372436523
0.7392677068710327
1.104203462600708
0.7332918643951416
0.5281673669815063
0.40851911902427673
0.6065589189529419
0.6441241502761841
0.5831777453422546
0.6380767822265625
0.38379400968551636
0.2619352638721466
0.48507148027420044
0.2713722884654999
0.21345844864845276
0.4594665467739105
0.39209914207458496
0.3728260397911072
0.46860194206237793
0.6688941717147827
0.9288161993026733
0.574043869972229
0.6284984946250916
0.47269830107688904
0.5844263434410095
0.6496426463127136
0.44012564420700073
0.7180396914482117
0.32660943269729614
0.3202860653400421
0.6685960292816162
1.1429082155227661
0.5345824360847473
0.5236213803291321
0.6795954704284668
0.35427600145339966
0.5415784120559692
0.5033353567123413
0.5153577923774719
0.27738070487976074
0.4822835922241211
0.8955098986625671
0.9466828107833862
0.48559483885765076
0.8002282977104187
0.2967413663864136
0.5132275819778442
0.5674980878829956
0.3011127710342407
0.3562594950199127
0.5206098556518555
0.27264299988746643
0.5667048096656799
0.7382523417472839
0.3739302158355713
0.3144569993019104
1.3787918090820312
0.42795753479003906
0.4333474040031433
0.37341374158859253
0.2615995407104492
0.5803943872451782
0.8064080476760864
0.7546573281288147
0.4855777621269226
0.709678053855896
0.5998982787132263
0.6865547895431519
0.38423267006874084
0.54032963514328
0.703608512878418
0.44158801436424255
0.4107397198677063
0.6342514157295227
0.5036016702651978
0.4613250195980072
0.5310946702957153
0.4097624719142914
0.419091135263443
0.31208276748657227
1.157956600189209
0.5760079026222229
0.4281163215637207
0.5863218903541565
0.6690124273300171
1.0310471057891846
0.48450589179992676
0.3139077126979828
0.6622076630592346
0.5354697108268738
0.23756499588489532
1.822069525718689
0.6722508668899536
0.4227543771266937
0.744012713432312
1.3159711360931396
0.6155694723129272
0.5924636125564575
0.6671870350837708
0.3471755385398865
0.3451922833919525
0.2832788825035095
0.25591742992401123
0.3639174997806549
0.8193966746330261
0.5788150429725647
0.36635729670524597
0.39944517612457275
0.42549601197242737
0.4656701683998108
0.5203513503074646
0.6086727380752563
0.5701472163200378
0.42068782448768616
0.837023138999939
0.6071584820747375
1.2162237167358398
0.9136570692062378
0.4872983396053314
0.7827423810958862
0.45320194959640503
0.5640260577201843
0.4539414346218109
0.8265728950500488
0.2869093418121338
0.9798580408096313
0.3431856036186218
0.4829584062099457
0.5626530051231384
0.5370761752128601
1.0502294301986694
0.25118377804756165
0.6292080879211426
0.38209009170532227
0.40955597162246704
0.17770202457904816
0.5782596468925476
0.3669436573982239
0.2837194800376892
0.428007036447525
0.15726003050804138
0.5575906038284302
0.35941052436828613
0.5343620181083679
0.43938231468200684
0.7329217195510864
0.5133470296859741
0.450957715511322
0.7825390696525574
0.14613881707191467
0.33557766675949097
0.7381705641746521
0.5811931490898132
0.7969075441360474
0.8991072773933411
0.39501047134399414
0.33491820096969604
0.5481880903244019
0.4904063642024994
0.6300420761108398
0.23134200274944305
0.47544336318969727
0.7664903998374939
0.8842279314994812
0.5165775418281555
0.5978202223777771
0.6623976230621338
0.5845627784729004
0.3431491255760193
0.4723173975944519
0.511872410774231
0.2268679141998291
0.4162192940711975
0.9622728228569031
0.3825981914997101
0.2859097123146057
0.5685935020446777
0.4409729838371277
0.47874003648757935
0.29645830392837524
0.7096925973892212
0.35742005705833435
0.3656240999698639
0.358875572681427
0.557712733745575
0.7122440338134766
0.32534703612327576
0.5117052793502808
1.3710079193115234
0.3723849654197693
0.7211331129074097
0.43658289313316345
0.5622860193252563
0.33431899547576904
0.1598161906003952
0.33782458305358887
0.7392004728317261
0.34994563460350037
0.5294250845909119
0.25219908356666565
0.3206789195537567
0.24602894484996796
0.8580119013786316
0.42893895506858826
1.5474108457565308
