0.2133045196533203
0.5842121243476868
1.0113513469696045
1.113811731338501
0.5180172324180603
0.4235726296901703
0.559217095375061
0.6105252504348755
0.6084556579589844
0.3060559332370758
0.20869508385658264
0.5614041090011597
0.528300404548645
0.5996801257133484
0.29763203859329224
0.5151060819625854
0.8221529126167297
0.43470874428749084
0.8497850298881531
0.5528751015663147
0.3203904926776886
0.7606093287467957
0.4475100636482239
0.3690444529056549
0.6991217732429504
0.9949701428413391
0.4697110056877136
0.6110140681266785
0.46996909379959106
0.3949055075645447
0.36568349599838257
0.7378631234169006
0.4504074156284332
0.6846282482147217
0.6411467790603638
0.9604414105415344
0.8899523019790649
0.46920013427734375
0.35274773836135864
0.5003386735916138
0.43127909302711487
1.051133155822754
1.2064858675003052
0.8731018304824829
0.5439758896827698
0.43991726636886597
0.1568952202796936
0.3799481987953186
0.5484114289283752
0.8797048330307007
0.47312164306640625
0.44644132256507874
0.9773834347724915
0.5529258251190186
0.5770148038864136
0.5902882218360901
0.24803753197193146
0.6211657524108887
0.9320369958877563
0.5586563348770142
0.5016509890556335
0.41137343645095825
1.1290886402130127
0.335196316242218
0.5559516549110413
0.6919311881065369
0.41198500990867615
0.6769364476203918
0.8985930681228638
0.698998212814331
0.40853604674339294
0.6836487054824829
0.4341658055782318
0.6404147148132324
0.3118428587913513
1.5899583101272583
0.2689847946166992
0.7136362791061401
0.3135305345058441
0.29552626609802246
0.7791334986686707
0.7240413427352905
0.7665375471115112
0.2609897255897522
0.66169273853302
0.20021720230579376
0.5002628564834595
0.6088327765464783
0.3606876730918884
0.3671325743198395
0.5843564867973328
0.5576184988021851
0.7275620698928833
0.5691976547241211
0.4604188799858093
0.3669060170650482
0.5514240860939026
0.6283807754516602
0.4262324869632721
0.41055554151535034
0.5182293653488159
0.4764150083065033
0.36864039301872253
0.2805604934692383
0.28318801522254944
0.521565318107605
0.5180003046989441
0.8267458081245422
0.860472559928894
0.47979244589805603
0.5595006346702576
0.5304887890815735
0.46000346541404724
0.6451164484024048
0.36976131796836853
0.7391526699066162
0.33761322498321533
0.5498806834220886
0.5326762199401855
1.0305131673812866
0.42721110582351685
0.9266082048416138
0.528535008430481
0.5650008916854858
0.3737897276878357
1.002514123916626
0.816132664680481
0.8882777094841003
0.3013206124305725
0.7559810876846313
0.8785380125045776
0.7234899401664734
0.49009737372398376
0.6903172731399536
0.2545558512210846
0.805827796459198
0.39658424258232117
0.8106568455696106
0.3838348090648651
0.8020218014717102
0.8470476269721985
0.2434907853603363
0.3304884433746338
0.9173502922058105
0.5506253838539124
0.7517331838607788
0.4378981590270996
0.6876413226127625
0.2705720067024231
0.33231011033058167
0.32699015736579895
0.17098334431648254
0.6059280633926392
0.8993511199951172
0.43475955724716187
0.4374782145023346
0.33008280396461487
0.5567352175712585
0.21249929070472717
0.35252732038497925
0.5859689712524414
0.49775514006614685
0.47123026847839355
1.1330316066741943
0.34692496061325073
0.2513447403907776
0.38349977135658264
0.8517769575119019
0.3534890115261078
0.4620515704154968
0.49685701727867126
0.5316267013549805
0.4138154089450836
0.5214513540267944
0.4395155906677246
0.4908129572868347
1.6793107986450195
0.46717754006385803
0.13456353545188904
0.4390859603881836
0.4774138033390045
0.5588528513908386
0.6766380071640015
0.44160956144332886
0.5580707788467407
0.8569486737251282
0.2680973410606384
0.45069369673728943
0.6736854314804077
0.3671582341194153
0.2947487533092499
0.35108423233032227
0.39332813024520874
0.5343621373176575
0.7497423887252808
0.5735474228858948
0.3061397969722748
1.0343749523162842
0.45028990507125854
0.6270502805709839
0.35584089159965515
0.8555421829223633
0.7677603960037231
0.48561525344848633
0.6441411972045898
0.5733947157859802
0.3327215313911438
0.7794800996780396
0.35958510637283325
0.4300130009651184
0.6221673488616943
0.4366278648376465
0.7818699479103088
0.6105490326881409
0.6206671595573425
0.5244254469871521
0.4647428095340729
0.3300790786743164
0.5918185114860535
0.6694561243057251
0.3387533724308014
0.7891960144042969
0.62348473072052
0.4908548891544342
0.2732924520969391
0.6217244863510132
0.6603395342826843
0.36714643239974976
0.31422096490859985
0.6630788445472717
0.5105808973312378
0.47427672147750854
0.4008696675300598
0.6313098669052124
0.8554279208183289
0.6323736906051636
0.7226608991622925
0.31319403648376465
0.6641073226928711
0.4929892420768738
0.32153981924057007
0.5577064752578735
0.5635253190994263
0.6690689325332642
0.5573503375053406
0.5339789986610413
0.38893789052963257
0.5504523515701294
0.7114371061325073
0.2050810605287552
0.5161737203598022
0.7143036127090454
0.8804570436477661
0.3770153820514679
0.996231734752655
0.6775074005126953
0.3057738244533539
0.27317655086517334
0.4742613732814789
0.4885444641113281
0.6555947661399841
0.4432547986507416
0.4995187819004059
0.4000042974948883
0.8644977807998657
0.4512053430080414
0.3174360692501068
0.31043121218681335
0.5072744488716125
0.5895715355873108
0.6224796175956726
0.9408572912216187
0.6872979402542114
0.7609819173812866
0.8217843770980835
0.3424862027168274
0.24597108364105225
0.7946233749389648
0.5420235395431519
0.5551578998565674
0.3940610885620117
0.414661705493927
0.5600231885910034
0.7093222141265869
0.3665297329425812
0.5824508666992188
0.3801977336406708
0.30865487456321716
0.27160876989364624
0.3303438723087311
0.5323704481124878
0.7658403515815735
0.6829426884651184
0.504499077796936
0.43044519424438477
0.4907572865486145
0.44473567605018616
0.5913764238357544
0.5609904527664185
0.42100030183792114
0.3669890761375427
0.6576821208000183
0.5919886827468872
0.3033769726753235
0.7515676617622375
0.568821907043457
0.18507874011993408
0.1856595277786255
0.32692751288414
0.30708351731300354
0.48152947425842285
0.5348930358886719
0.60865718126297
0.5415648221969604
0.38758495450019836
0.4381399154663086
0.3381311893463135
0.21147947013378143
0.48878440260887146
0.7266070246696472
0.996385931968689
0.1498325914144516
0.7043346166610718
0.5183097124099731
0.38707226514816284
0.36475688219070435
0.2882317304611206
0.3561350703239441
0.31648632884025574
0.3383883833885193
0.44891685247421265
0.4858270585536957
0.8343935012817383
0.579996645450592
0.3617856502532959
0.5796653032302856
0.36732202768325806
1.3650487661361694
