0.728247344493866
0.31127268075942993
0.6414694786071777
0.5727056264877319
0.4033685624599457
0.27300047874450684
0.29676222801208496
0.29822996258735657
0.5624576807022095
0.24273915588855743
0.9606748819351196
0.4725008010864258
0.4102229177951813
0.4016149640083313
0.44057440757751465
0.6553941965103149
0.29122984409332275
0.42210596799850464
0.5033955574035645
0.8562914133071899
0.3005308210849762
0.6077965497970581
0.3652638792991638
1.556205153465271
0.9903400540351868
0.5098356008529663
0.44412335753440857
0.9710320234298706
1.0106290578842163
0.7815336585044861
0.3646959662437439
0.6764497756958008
0.3819778859615326
0.27458563446998596
0.6331184506416321
0.5687991976737976
0.40171223878860474
0.4495817720890045
0.6981720924377441
0.46381717920303345
0.3973544239997864
0.4959155023097992
0.43093186616897583
0.4935944080352783
0.3540080785751343
0.40090981125831604
0.6307167410850525
0.9767543077468872
0.6159725785255432
0.27998146414756775
0.5627156496047974
0.5889168977737427
0.447058767080307
0.5963977575302124
0.3650802671909332
0.7528565526008606
0.5631672143936157
0.5063413381576538
0.39392757415771484
0.7475516200065613
0.461927592754364
0.5016841888427734
0.6374582052230835
0.3781591057777405
0.6470379829406738
0.5052134990692139
0.7250906825065613
0.2693241238594055
0.3605937361717224
0.2811354994773865
0.4496482014656067
0.32923266291618347
0.6739287376403809
0.6591005921363831
0.4697333872318268
0.6541396379470825
0.5312495231628418
0.41373690962791443
1.0481855869293213
0.36586013436317444
0.15556372702121735
0.7004778981208801
0.37281864881515503
0.4719786047935486
0.6329973936080933
0.6276751756668091
1.1312339305877686
0.6859012842178345
0.5606306791305542
0.7721684575080872
1.0083109140396118
0.5741203427314758
0.4301828444004059
0.443126380443573
0.5023371577262878
0.7196999788284302
1.037046194076538
0.1585601568222046
0.797587513923645
0.6626585721969604
0.5275264978408813
0.6191791296005249
0.4490717351436615
0.4874458312988281
0.487393856048584
0.8146761655807495
0.7902666926383972
0.211679607629776
0.7379544973373413
0.5072140097618103
0.5332149863243103
0.2526223957538605
0.2863125205039978
0.8666514158248901
0.5802976489067078
0.6181117296218872
0.7184523344039917
0.5116913914680481
0.44444137811660767
0.29627519845962524
0.4039604663848877
0.7089828252792358
0.22091908752918243
0.36653709411621094
0.5942185521125793
0.4447418749332428
0.4086903929710388
0.40867772698402405
0.8132013082504272
0.5050088763237
0.5720247030258179
0.8270242810249329
0.36349087953567505
0.7668188810348511
0.8671510815620422
0.31047654151916504
0.4968460202217102
0.631926417350769
1.2027101516723633
0.5718510746955872
0.29428455233573914
0.3928053677082062
0.6454076170921326
0.6828027963638306
0.49200254678726196
0.677106499671936
0.39506539702415466
0.36001917719841003
0.4101282060146332
0.7491592764854431
0.205728679895401
0.7997869253158569
0.5427649617195129
0.5874598026275635
0.29517799615859985
0.8744874000549316
1.289589524269104
0.7540664672851562
0.5316299200057983
0.4603322148323059
0.68061763048172
0.39057111740112305
0.9542800188064575
0.6573368310928345
0.463716596364975
0.7168542146682739
0.5086336135864258
0.6021270155906677
0.47866296768188477
0.31489378213882446
0.25513702630996704
0.34742483496665955
0.2368983030319214
0.7962695360183716
0.5360180139541626
0.3805762231349945
0.4046385884284973
0.6470657587051392
0.7317641973495483
0.6945970058441162
0.4924195408821106
0.5397876501083374
0.6367748975753784
0.5067896246910095
0.3073301315307617
0.8485543131828308
0.4776608943939209
0.7329219579696655
0.2841699719429016
0.9227026104927063
0.628899097442627
0.400252103805542
0.3028886914253235
0.49490657448768616
0.43867427110671997
0.8191958665847778
0.9373725652694702
0.40257948637008667
0.5216637849807739
0.6448026299476624
0.23649635910987854
0.30596163868904114
0.18882505595684052
0.24688220024108887
0.277424693107605
0.32954826951026917
0.44606122374534607
0.4395524859428406
0.4035108685493469
0.31425443291664124
0.673225998878479
0.48432111740112305
0.6347590684890747
0.5408468842506409
0.405423104763031
0.704487144947052
0.36225762963294983
0.423149436712265
0.5214196443557739
0.48100191354751587
0.6985574960708618
0.2840377688407898
0.29153186082839966
0.8245628476142883
0.37801194190979004
0.383203387260437
0.3469264507293701
0.3224198818206787
0.7141489386558533
0.7153259515762329
0.3389976918697357
0.688836932182312
0.6254714131355286
0.6589683294296265
0.1933455765247345
0.6077276468276978
0.4167434573173523
0.5651383399963379
0.7159094214439392
0.9588716626167297
0.611336886882782
0.16826122999191284
0.3411348760128021
0.39929288625717163
0.6299721598625183
0.5439656376838684
0.5180360078811646
0.3809743821620941
0.5964673757553101
1.2927234172821045
0.6683358550071716
0.5982942581176758
0.3770742416381836
0.24108047783374786
0.20539350807666779
0.26139330863952637
1.0214499235153198
0.5579524040222168
0.5310243964195251
0.5800745487213135
0.44531622529029846
0.5118228197097778
0.5765937566757202
0.4618162214756012
0.7464640140533447
0.3455384373664856
0.3585020899772644
0.4238913953304291
0.5795531868934631
0.38761594891548157
1.0171386003494263
0.7848124504089355
0.36480584740638733
0.5425406694412231
0.7671414613723755
0.3920143246650696
0.33004230260849
0.5756437182426453
0.34368476271629333
0.40394410490989685
0.3367565870285034
0.5073007345199585
0.4371017813682556
0.28521519899368286
0.6289991140365601
0.2810460031032562
0.8354082107543945
0.41969719529151917
0.7153947949409485
0.6502758264541626
0.7976509928703308
0.7819658517837524
1.1174556016921997
0.8713506460189819
0.6162933111190796
0.5933379530906677
0.33801308274269104
0.5378252863883972
0.3497323989868164
0.89033442735672
0.521382212638855
0.5302971005439758
0.3721705675125122
0.5972588658332825
0.5194313526153564
0.8383241891860962
0.637606143951416
1.3323581218719482
0.6116121411323547
0.9351533651351929
0.6135956645011902
0.6060090065002441
0.3428453207015991
0.3656001091003418
0.2825174331665039
0.4932883679866791
0.48237738013267517
0.5307801365852356
0.8449797630310059
0.3606298565864563
0.5093576312065125
0.7806336879730225
0.6495335698127747
0.20596106350421906
0.6002939939498901
0.3906014561653137
0.6888405680656433
0.1769770383834839
0.6479504108428955
0.7589564919471741
0.42295318841934204
0.2623593211174011
0.5791293382644653
0.19977717101573944
0.30869942903518677
0.37524718046188354
0.33172452449798584
0.30078747868537903
