0.4029468595981598
0.586404025554657
0.5051215887069702
0.22679486870765686
0.6647198796272278
0.815443217754364
0.7351272106170654
0.35843896865844727
0.2917048931121826
0.2215394675731659
0.4744950234889984
0.4495013356208801
0.3691272437572479
0.6489519476890564
0.25813257694244385
0.19457294046878815
0.27991554141044617
0.45093145966529846
0.7641398906707764
0.531638503074646
0.4799608290195465
0.23914988338947296
0.28036078810691833
0.29508113861083984
1.2790298461914062
0.3536928594112396
0.7646239399909973
0.7258013486862183
0.312075138092041
0.5371865034103394
0.5573207139968872
0.542927622795105
0.39355307817459106
0.4269026219844818
0.46739381551742554
0.6902595162391663
0.7019454836845398
1.1771438121795654
0.5986987352371216
0.5697370171546936
0.45444145798683167
0.5119860768318176
0.3565738797187805
0.4141053259372711
0.4781116545200348
0.588188648223877
0.6271054148674011
0.6206979751586914
0.9370986819267273
0.5425028800964355
0.45109906792640686
0.43551087379455566
0.24559731781482697
0.6168510317802429
0.39993971586227417
0.7390113472938538
0.2711087167263031
0.5435530543327332
0.357909619808197
0.5108716487884521
0.3850036561489105
0.29270511865615845
0.6819749474525452
0.42419204115867615
0.7269753217697144
0.3608632981777191
0.37496039271354675
0.563054084777832
0.341483473777771
0.4697466790676117
0.21823939681053162
0.33799466490745544
1.1180907487869263
0.822506308555603
0.3524457812309265
0.3628197908401489
0.36297088861465454
0.9684692621231079
0.5616654753684998
0.26542672514915466
0.6961567997932434
0.4395206570625305
0.3084859848022461
0.8421713709831238
0.27883562445640564
0.43816909193992615
0.29773926734924316
0.38791975378990173
0.47847309708595276
0.2993631362915039
0.5603934526443481
0.7133301496505737
0.40228620171546936
0.5121692419052124
0.32639575004577637
0.3685281276702881
0.5109956860542297
0.4525359272956848
0.5047423839569092
0.20921266078948975
0.7496470808982849
0.3426380753517151
0.2994602620601654
0.5110438466072083
0.3638157546520233
0.4105681777000427
1.042335867881775
0.36686843633651733
0.6196644902229309
0.6469093561172485
0.3347269594669342
0.35022345185279846
0.6509683728218079
0.4472276270389557
0.49596548080444336
0.5539851188659668
1.2273690700531006
0.5236003994941711
0.19257080554962158
0.4547107219696045
0.21272306144237518
0.383897602558136
0.1945795714855194
0.37673667073249817
0.2866576611995697
0.4969022870063782
0.6974602937698364
0.28973203897476196
1.1911484003067017
0.5988842248916626
0.44486695528030396
0.5294920206069946
0.415169894695282
0.631674587726593
0.6847354769706726
0.4301837384700775
0.6366287469863892
0.6968963146209717
0.26618823409080505
0.5149725675582886
0.3372216522693634
0.6388763189315796
0.21255317330360413
0.8029597997665405
0.4005948007106781
0.2778138816356659
0.7946248054504395
0.7844521403312683
0.3978798985481262
0.6632822751998901
0.6431428790092468
0.3075055480003357
0.3779856264591217
0.42754125595092773
0.655259370803833
0.669786810874939
0.4465479850769043
0.46837788820266724
0.8837270736694336
0.5375065803527832
0.27223238348960876
0.1823287159204483
0.3643023669719696
0.3100818991661072
0.3407538831233978
0.3791314363479614
0.6965867280960083
0.355465829372406
0.3095235228538513
0.31721943616867065
0.314057320356369
0.6277521848678589
0.4954008162021637
0.8673254251480103
0.30504924058914185
0.42528295516967773
0.46544089913368225
0.6387544870376587
0.974718451499939
0.8217899203300476
0.27408567070961
0.5974047780036926
0.9184002876281738
0.6851107478141785
0.5929425954818726
0.7022486925125122
0.35190802812576294
0.8977855443954468
0.4811026155948639
0.19864791631698608
0.44846177101135254
0.3961869478225708
0.5401549339294434
0.6993920207023621
0.5242904424667358
0.9352132081985474
0.5239056944847107
0.8204978108406067
0.5067597031593323
0.5929386615753174
0.3125705122947693
0.3663089871406555
0.5440503358840942
0.7932387590408325
0.850635826587677
0.2895601689815521
0.5494652986526489
0.5661498308181763
0.5234133005142212
0.6782684326171875
0.8321174383163452
0.4652807116508484
0.3329135775566101
0.5190566182136536
0.551813006401062
0.45267122983932495
0.40311115980148315
0.37925300002098083
0.9318162798881531
0.4215482175350189
0.37704336643218994
0.6059697866439819
0.4340522885322571
0.48575711250305176
0.3636140823364258
0.3726354241371155
0.6831084489822388
0.4832988381385803
0.4583696722984314
0.5330020785331726
0.5167258977890015
0.7517393827438354
0.9619682431221008
1.0552539825439453
0.3881174623966217
0.36967140436172485
0.7658427357673645
0.4812214970588684
0.7186545133590698
0.6691843867301941
0.9667472839355469
0.46237820386886597
0.5559552907943726
0.39483094215393066
0.5155808925628662
0.29623740911483765
0.42143455147743225
0.35448217391967773
0.4729449152946472
0.8134244680404663
0.6888554692268372
0.8018385767936707
0.5869957208633423
0.8536548614501953
0.4006112217903137
0.29681429266929626
0.7902178764343262
0.4012335240840912
0.6136395335197449
0.704570472240448
0.2108520269393921
0.2630445957183838
0.7997138500213623
0.5846090912818909
1.0726815462112427
0.5559923052787781
0.336976021528244
0.36621782183647156
0.4648779034614563
0.8379958868026733
0.5364742279052734
0.8431060910224915
0.5064473748207092
0.4486638903617859
0.6123975515365601
0.5662521123886108
1.162247896194458
1.2063254117965698
0.4835032522678375
0.29679015278816223
0.8642337918281555
0.6203796863555908
0.2324843853712082
0.47705453634262085
0.5519598722457886
0.4783984124660492
0.8163647651672363
0.7248808145523071
1.0261735916137695
0.48466354608535767
0.5297093987464905
0.5184729099273682
0.41193899512290955
0.35542869567871094
0.3718859553337097
0.42865124344825745
0.16853483021259308
0.9205895662307739
0.48198914527893066
0.544737696647644
0.2598908841609955
0.6759632229804993
0.6331092119216919
0.28298792243003845
0.5072623491287231
0.7532711029052734
0.8307617902755737
0.23613736033439636
0.5112518072128296
0.4993728697299957
1.0805565118789673
0.7213371396064758
0.47781315445899963
0.8606440424919128
0.18770360946655273
0.7720558047294617
0.4969491958618164
0.5962257981300354
1.3342286348342896
0.27322104573249817
0.36613231897354126
1.0503257513046265
0.46353548765182495
0.43291741609573364
0.5614892840385437
0.19746047258377075
0.5745716094970703
0.8791509866714478
0.2879575788974762
0.3812268376350403
0.5126289129257202
0.5731176137924194
0.31338492035865784
0.5283324122428894
0.5037519931793213
0.8274778127670288
0.24496197700500488
1.2885822057724
