0.417061984539032
0.5762165188789368
0.8874672055244446
0.3302101492881775
0.28891438245773315
0.5108731389045715
0.4864703118801117
0.33341988921165466
0.29387152194976807
0.3310512900352478
0.1973322331905365
0.2740727663040161
0.4122077524662018
1.003163456916809
1.130582571029663
0.3589705526828766
0.38911792635917664
0.5114036202430725
0.48319634795188904
0.7290816307067871
0.4286859631538391
0.39000850915908813
0.7594591975212097
0.5245524048805237
0.26780226826667786
0.4880537986755371
0.6575649976730347
0.6502779722213745
0.47070398926734924
0.5942731499671936
0.3723679184913635
0.6782208681106567
0.3197609782218933
0.7328413724899292
0.36985865235328674
0.4290387034416199
0.44157010316848755
0.5714619755744934
0.6029095649719238
0.6460902690887451
0.5085557103157043
0.219931960105896
0.6731518507003784
0.48501309752464294
0.7673856019973755
0.45686954259872437
0.6071333885192871
0.5942493677139282
0.31194907426834106
0.777855396270752
0.3942733407020569
0.7629122734069824
0.36786335706710815
0.3997235894203186
0.42633405327796936
0.6789810657501221
0.39074650406837463
0.579434871673584
0.5943421125411987
0.1786174774169922
0.7872902750968933
0.4120992124080658
0.33226484060287476
0.4553004801273346
0.6244909763336182
0.5847288966178894
0.3852872848510742
0.5959728956222534
0.364433228969574
0.41179776191711426
0.6500336527824402
0.9997177124023438
0.9428786039352417
0.6673142910003662
0.4972096383571625
0.9190400242805481
0.44137316942214966
0.2658044397830963
0.8788987398147583
0.39643779397010803
0.43399161100387573
0.4238624572753906
0.30010348558425903
1.4589954614639282
0.5180753469467163
0.5858291387557983
0.30905264616012573
0.20838424563407898
0.5740810632705688
0.26368266344070435
0.29330822825431824
1.2601807117462158
0.320387065410614
0.4879422187805176
0.48607587814331055
0.39602288603782654
0.5957796573638916
0.4102686047554016
0.5767549276351929
0.35528311133384705
0.27894923090934753
0.8440853357315063
0.6217674612998962
0.2592761516571045
0.2889679968357086
0.7141668200492859
0.377014696598053
0.3684324324131012
0.5550609827041626
0.8114421963691711
0.3825189173221588
0.49998125433921814
0.29033562541007996
0.29469940066337585
0.6564262509346008
0.37891966104507446
0.23582616448402405
0.6660031676292419
0.3031631410121918
0.5773857831954956
0.6369168162345886
0.8291269540786743
0.8163751363754272
0.48711997270584106
1.029761791229248
0.3576338291168213
0.3292919099330902
0.43111905455589294
0.5651690363883972
0.21634939312934875
0.8090120553970337
0.5704010128974915
0.6508406400680542
0.9003654718399048
0.528433084487915
0.7913739681243896
0.6698108911514282
0.49942582845687866
0.4918387532234192
0.6894761919975281
0.5495866537094116
0.505681574344635
0.586754560470581
0.5247523188591003
0.2563094198703766
0.5525767207145691
0.7300149202346802
0.4891715943813324
0.19339266419410706
0.8158870935440063
0.7218482494354248
0.41086941957473755
0.4813559651374817
0.5650756359100342
0.5876044034957886
0.3681407570838928
0.484896183013916
0.30124741792678833
0.991533100605011
0.735830545425415
1.508960485458374
0.9579849243164062
0.41746824979782104
0.26745373010635376
0.2271081954240799
0.7507011294364929
0.689247190952301
0.9063025712966919
0.8977568745613098
0.9047765731811523
0.4365517497062683
0.2679579257965088
0.7960597276687622
0.773322343826294
0.8899157643318176
0.34131839871406555
0.43310603499412537
0.8477722406387329
0.7098297476768494
0.4443325996398926
0.20173950493335724
0.5405735969543457
0.3669561743736267
0.4843520224094391
0.37737396359443665
0.3445110321044922
0.533080518245697
0.3359324336051941
0.49655967950820923
0.5779565572738647
0.5300443172454834
0.43942373991012573
0.44785356521606445
0.8920339345932007
0.48796024918556213
0.6164793968200684
0.521260142326355
0.8232818841934204
0.3934803009033203
0.32034894824028015
0.7930655479431152
0.8211407661437988
0.6267107129096985
0.5043385028839111
0.6138392686843872
0.521429717540741
0.45139726996421814
0.533962070941925
0.7809870839118958
0.5157464146614075
0.5063222050666809
0.7575206756591797
0.7066478729248047
0.7499226331710815
1.3304166793823242
0.6371509432792664
0.37651410698890686
0.6432326436042786
0.7073144316673279
0.7372074127197266
0.46366652846336365
1.0754039287567139
0.31626376509666443
0.4887668490409851
0.48819464445114136
0.513745903968811
0.4380060136318207
0.43320831656455994
0.31719428300857544
0.3738701343536377
0.7886311411857605
0.41046056151390076
0.4196966290473938
0.6358590126037598
0.9625784158706665
0.408724308013916
0.5869739651679993
0.6198757886886597
0.7469300031661987
0.4284871220588684
0.2622109055519104
0.3908897936344147
0.31627005338668823
0.2381419688463211
1.4272668361663818
0.6259869337081909
0.47474780678749084
0.46254339814186096
0.5640608072280884
0.5081191062927246
0.4911044239997864
0.9127357602119446
0.5988610982894897
0.4258503019809723
0.20793037116527557
0.6755144000053406
0.5443829298019409
0.4662792682647705
1.1652647256851196
0.32587289810180664
0.39711278676986694
0.8830519914627075
0.38736969232559204
0.4185679852962494
0.24156618118286133
0.3095790445804596
0.45446962118148804
0.18945983052253723
0.2764817476272583
0.29092252254486084
0.9717108607292175
0.4491673409938812
0.5689703226089478
0.5950043797492981
0.734330952167511
0.9089166522026062
0.4418830871582031
0.4446675181388855
0.4959561228752136
0.42439231276512146
0.5080188512802124
0.64980149269104
0.44283729791641235
0.5382328629493713
0.6574593782424927
0.8574957847595215
0.6309009790420532
0.31528377532958984
0.822250247001648
0.44119635224342346
0.6626473665237427
0.7465731501579285
0.569221019744873
0.43720656633377075
0.3888426423072815
0.5199122428894043
0.8769036531448364
1.0235704183578491
0.19977807998657227
0.6028630137443542
0.9046489596366882
0.3877093195915222
0.4571644365787506
0.425239622592926
0.46009787917137146
0.5419567227363586
0.24615707993507385
0.5173555612564087
0.4085080027580261
0.6130339503288269
0.26926329731941223
0.6725912094116211
0.6152234077453613
0.3648160994052887
0.4388611912727356
0.522207498550415
0.6478624939918518
0.2142539769411087
0.6821445226669312
0.6046810150146484
0.30295613408088684
0.40040746331214905
0.3135391175746918
0.7523617744445801
0.6516340374946594
0.6604475378990173
0.3300551772117615
0.8550273776054382
0.8959835171699524
0.5439140200614929
0.3464077413082123
0.6391454935073853
0.5593066215515137
0.7209581136703491
0.6692737340927124
0.6048368811607361
0.6160945892333984
0.9024569392204285
