0.4311339259147644
0.6027405858039856
0.1530972421169281
0.5185931921005249
0.5168870091438293
0.3562704920768738
0.4187685549259186
1.0139292478561401
0.44563227891921997
0.4312094748020172
0.34370625019073486
0.49602848291397095
0.7606285214424133
0.6245467662811279
0.35575777292251587
0.6718347072601318
0.31649959087371826
1.0102180242538452
0.4996614456176758
0.28678324818611145
0.9390800595283508
0.4533082842826843
0.4135240614414215
0.49420660734176636
0.49807676672935486
0.41060295701026917
0.7474048733711243
0.631848931312561
0.42344212532043457
0.5574226379394531
0.6155821681022644
0.35818177461624146
0.40175992250442505
0.6528943181037903
0.5727777481079102
0.5247502326965332
0.5524909496307373
0.4139663577079773
0.4393649995326996
0.9102336168289185
0.14325305819511414
0.34523147344589233
0.37825384736061096
0.7227166295051575
0.26297399401664734
0.40780892968177795
0.47208303213119507
0.682168185710907
0.25576862692832947
0.7622635960578918
0.8920993804931641
0.742608368396759
0.6586562395095825
0.2997022271156311
0.42605456709861755
0.41851577162742615
1.1243733167648315
0.5475258827209473
0.3579878509044647
0.44574159383773804
0.5770906209945679
1.076369047164917
0.43855994939804077
0.7221533060073853
0.39503735303878784
0.8341543078422546
0.735571026802063
0.4877784252166748
1.3080413341522217
0.5233821868896484
0.6578470468521118
0.5851704478263855
0.5465690493583679
0.6078408360481262
0.5210771560668945
0.3132215738296509
0.7422477602958679
0.35100841522216797
0.670472264289856
1.1362229585647583
0.5914905667304993
0.4333074986934662
0.4092945158481598
0.371819406747818
0.36036211252212524
0.29094815254211426
0.41902193427085876
0.9318318367004395
0.49696865677833557
0.3163073658943176
0.18067197501659393
0.5711857676506042
0.589582085609436
0.4149150848388672
1.5307940244674683
0.4458656907081604
0.6473610997200012
0.43795785307884216
0.46286749839782715
0.41494911909103394
1.0252325534820557
0.45516014099121094
0.43476319313049316
0.39322906732559204
0.7604671716690063
0.503341019153595
0.33665135502815247
0.788643479347229
0.6060241460800171
0.3470011055469513
1.3085919618606567
0.9629181027412415
0.5044981837272644
0.6100139617919922
0.679218590259552
0.6862239241600037
0.15401838719844818
0.6166248321533203
0.4766797423362732
0.3329869508743286
0.36439427733421326
0.1459205001592636
0.8151800036430359
0.5576032400131226
0.6354886889457703
0.34835749864578247
0.3841908872127533
0.3724404275417328
0.5730223655700684
0.593387246131897
0.444652795791626
0.5747976303100586
0.4439137578010559
0.8461121320724487
1.1250864267349243
0.7841293215751648
0.529436469078064
0.46811142563819885
0.4472060799598694
0.35983186960220337
0.23391404747962952
0.22349341213703156
0.5433859825134277
0.5112593173980713
0.6003267765045166
0.8288359642028809
0.43232622742652893
0.5154103636741638
0.5696166157722473
0.363651841878891
0.9975677728652954
0.3221476972103119
0.7515450716018677
0.62828129529953
0.454709529876709
0.5969865918159485
0.3573523163795471
0.49910545349121094
0.4332309663295746
0.11189460754394531
0.4627639353275299
0.4287727475166321
0.6374618411064148
0.7938126921653748
0.2570091784000397
0.36228159070014954
0.5850631594657898
0.5278711318969727
0.2549550533294678
0.2792578339576721
0.39022892713546753
0.4018343389034271
0.2974083721637726
0.6094953417778015
0.5885277986526489
0.5536937713623047
0.2215297669172287
0.5938543081283569
0.8793724775314331
0.6954584121704102
0.7432754635810852
0.5937885642051697
0.27048933506011963
0.38653698563575745
0.7763786315917969
0.2458006888628006
0.3707427382469177
0.4103596806526184
0.40607795119285583
0.29675590991973877
0.299462229013443
0.7310053110122681
0.3977093994617462
0.6874503493309021
0.8264187574386597
0.6455157399177551
0.3537737727165222
0.6282046437263489
0.30450519919395447
0.7366488575935364
0.3574056327342987
0.7312641143798828
0.5972459316253662
0.6466994285583496
0.541222870349884
0.5316928625106812
0.5840448141098022
0.6329568028450012
0.4636315405368805
0.4202824532985687
0.31135210394859314
0.5519996881484985
0.6160882711410522
0.5567920207977295
0.2770177125930786
0.42947298288345337
0.5595128536224365
0.6052786111831665
0.7880585789680481
0.3242117464542389
0.5276198983192444
0.4280354380607605
0.3311360478401184
0.7430566549301147
0.7093421816825867
0.4708036780357361
0.7572013139724731
0.617514967918396
0.4378381371498108
0.5175359845161438
0.7239018678665161
0.567895770072937
0.29387781023979187
0.4137488007545471
1.099541425704956
0.5256001353263855
0.5821870565414429
0.26802510023117065
0.8184142112731934
0.44121527671813965
0.7567762136459351
0.3187001347541809
0.3641235828399658
0.3053118586540222
0.6573095321655273
0.9767727851867676
0.5978270769119263
0.46626704931259155
0.45919615030288696
0.6428333520889282
0.6949468851089478
0.5919745564460754
0.4284893870353699
0.9668564796447754
0.47081202268600464
0.2838152050971985
0.5745828747749329
0.4237518906593323
0.37608593702316284
0.43935418128967285
0.5762184858322144
0.36947759985923767
0.5842478275299072
0.149968683719635
0.44645681977272034
0.23062844574451447
0.46511346101760864
0.8724414706230164
0.5907124280929565
0.6452404260635376
0.5457603335380554
1.1008081436157227
0.6386054158210754
0.6275233030319214
0.4919404983520508
0.45628681778907776
0.4498291015625
0.5393711924552917
0.4782326817512512
0.8879910707473755
0.3894450068473816
0.5048063397407532
0.4443136155605316
0.6222142577171326
0.9355994462966919
0.5085873007774353
0.6168251037597656
0.874148964881897
0.5472808480262756
0.32548800110816956
0.42366981506347656
0.30417269468307495
0.5723066329956055
0.6838937401771545
0.7957562208175659
0.4551285207271576
0.6428827047348022
0.3814680576324463
0.3432592749595642
0.6844367980957031
0.4004928469657898
0.3080921769142151
0.6819844245910645
0.4024365544319153
0.5665261149406433
0.2886534333229065
0.7381654381752014
0.6013309955596924
0.5338713526725769
0.4610022008419037
0.6096064448356628
0.5386082530021667
0.7205413579940796
0.4149378836154938
0.4367203116416931
0.3755091726779938
0.9651151895523071
0.6200238466262817
0.6637821793556213
0.1972673535346985
0.4904654622077942
0.3200853765010834
0.21426300704479218
0.5269020795822144
0.5581640601158142
0.24371108412742615
0.4123648703098297
0.610319972038269
0.5354282855987549
0.6750731468200684
0.6357232332229614
0.6892299652099609
0.6247261762619019
0.3620937764644623
0.5293829441070557
0.46599745750427246
0.8909222483634949
2.0133707523345947
