0.6385537385940552
0.5559958815574646
0.6582177877426147
0.8043489456176758
0.5151973962783813
0.4583297371864319
0.4278566837310791
0.6149321794509888
0.4453967213630676
1.1485979557037354
0.5985490083694458
0.4817584156990051
0.20615096390247345
0.3893672823905945
0.3628547489643097
0.7643318772315979
0.612758457660675
0.315981388092041
0.4223346710205078
0.3700048327445984
0.4596499502658844
0.4312421381473541
0.5519904494285583
0.42249125242233276
0.5058456659317017
0.5815861821174622
0.31695714592933655
0.3613497316837311
0.8401374816894531
0.41874513030052185
0.9915421605110168
0.6037657856941223
0.6112865209579468
0.4778725504875183
1.0745989084243774
0.9645078778266907
0.6041880249977112
1.1631684303283691
0.3025180697441101
0.8118463754653931
0.6954423189163208
0.37686043977737427
0.8113237619400024
0.3646579682826996
0.5894705653190613
0.25887545943260193
0.4493334889411926
0.8293781280517578
0.3587769567966461
0.16228525340557098
0.9027420282363892
0.32306089997291565
0.505102813243866
0.6989883184432983
0.3800256848335266
0.737774670124054
0.48215293884277344
0.2851793169975281
0.5784146189689636
0.26278936862945557
0.4467312693595886
0.44957971572875977
0.39340659976005554
0.21737666428089142
0.43315282464027405
1.2368723154067993
0.8155487179756165
0.5654191970825195
0.2698920667171478
0.5815183520317078
0.4229312837123871
1.1091358661651611
0.44807368516921997
0.6699556112289429
0.5551643967628479
0.43176740407943726
1.1708377599716187
0.7164028882980347
0.28022974729537964
0.34769105911254883
0.7627849578857422
0.6559990644454956
0.32566705346107483
0.6825008392333984
0.2509932518005371
0.39884835481643677
0.6028978824615479
0.6387910842895508
0.2844770848751068
0.4763193726539612
0.3088802695274353
0.6886677742004395
0.5119134783744812
0.5629804730415344
0.5733116269111633
0.5205600261688232
0.8529621958732605
0.40259355306625366
0.20403113961219788
0.7148520350456238
0.27375128865242004
0.8393453359603882
0.441610187292099
0.42543190717697144
0.7030584216117859
0.5566537976264954
0.4449651837348938
0.3820033073425293
0.4555402398109436
0.6863645911216736
0.23041932284832
0.4553207755088806
0.8075352907180786
0.8302690386772156
0.6939173936843872
0.7351649403572083
0.6124028563499451
0.31979307532310486
0.19198289513587952
0.7504414319992065
0.3901565372943878
1.3557689189910889
0.5322350263595581
0.27714401483535767
0.8603037595748901
0.8498936891555786
0.8237234950065613
0.29479488730430603
0.39864984154701233
0.7009181380271912
0.7722557783126831
0.994305431842804
0.36051473021507263
0.52252596616745
0.25271371006965637
0.8681669235229492
0.19909796118736267
0.25782278180122375
0.30566683411598206
0.6220014095306396
0.4809029996395111
0.4545459747314453
0.47676143050193787
0.8429387211799622
0.9416542053222656
0.6911943554878235
0.8755677938461304
0.5359224081039429
0.3806212544441223
0.35497650504112244
1.1525804996490479
0.3704364597797394
0.9081842303276062
0.7245815992355347
0.36446017026901245
0.34076622128486633
0.8940626978874207
0.2360507696866989
0.5603364109992981
0.3266318440437317
0.635243833065033
0.22567525506019592
0.3570966124534607
0.5227411389350891
0.19461748003959656
0.9211141467094421
0.40838584303855896
0.5080156326293945
0.6591833829879761
0.3617227077484131
0.5870392322540283
0.4234344959259033
0.6008965373039246
0.5473688840866089
0.4629569947719574
0.4388520121574402
0.9510370492935181
0.35576924681663513
0.5791673064231873
0.9694885015487671
0.4625711441040039
0.5424729585647583
0.8960679173469543
0.9716506004333496
0.6303695440292358
0.38785067200660706
0.5841782093048096
0.7358120679855347
0.5142732858657837
0.428743451833725
0.2359611541032791
0.7459602355957031
0.6011711359024048
0.42659997940063477
0.4363611340522766
0.3428173363208771
0.5013853311538696
0.5610873699188232
0.6308453679084778
0.2806214690208435
0.3455145061016083
0.6761404275894165
0.33908867835998535
0.8638902902603149
0.36102214455604553
0.4101006090641022
0.5014486908912659
0.5160104632377625
0.5021292567253113
0.4507410526275635
0.5108780860900879
0.24448516964912415
0.6969941854476929
0.35179316997528076
0.47764840722084045
0.4498756527900696
0.4854249954223633
0.40526676177978516
0.8522154092788696
0.38063928484916687
0.806694507598877
0.6137219667434692
0.4217658042907715
0.8573497533798218
0.20098936557769775
0.5176525115966797
0.636534571647644
0.3993212580680847
0.36021244525909424
0.5567223429679871
1.172067642211914
0.22547784447669983
0.7189827561378479
0.5327580571174622
0.3094181716442108
0.8723316192626953
0.39974355697631836
0.3967662751674652
0.6023632884025574
0.539798378944397
0.8086738586425781
0.7501580715179443
0.307442843914032
0.23190650343894958
1.0585771799087524
0.4558563232421875
0.43848901987075806
0.2523190975189209
0.22667458653450012
0.7172187566757202
0.5463521480560303
0.6414313316345215
0.40355244278907776
0.37287387251853943
0.5841174125671387
0.5529113411903381
0.3762144446372986
0.48537158966064453
0.3748837411403656
0.5903544425964355
0.8984302282333374
0.3147183358669281
0.8759444952011108
0.6782180070877075
0.5283670425415039
0.3143620193004608
0.574724555015564
1.1093143224716187
0.3211546242237091
0.56602942943573
0.4270128607749939
1.0032203197479248
0.41491883993148804
0.5240805745124817
0.3294459879398346
0.7149230241775513
0.47747716307640076
1.088309407234192
0.47320833802223206
0.6668782830238342
0.6308234930038452
0.6472502946853638
0.539944052696228
0.7524281740188599
0.7808436155319214
0.28635653853416443
0.30953091382980347
0.537000298500061
0.6531984806060791
0.3845575749874115
0.5109680891036987
0.3249872028827667
0.5314690470695496
0.29750779271125793
0.44212883710861206
0.9956861734390259
0.41267508268356323
0.42678603529930115
0.2892938256263733
0.5047208070755005
1.1471388339996338
0.9253412485122681
0.8476719856262207
0.21726259589195251
0.4994204640388489
0.670059323310852
0.33503732085227966
0.4350190758705139
0.5934211015701294
0.565091073513031
0.30125242471694946
0.4813331663608551
0.3828057050704956
0.30376890301704407
0.6092150807380676
0.6809278726577759
0.24272605776786804
1.2834153175354004
0.48404425382614136
0.3176243305206299
0.7948732972145081
0.3878343105316162
0.5098432898521423
0.4139830470085144
0.19507265090942383
0.39333808422088623
1.2440249919891357
0.45580464601516724
0.6990712881088257
0.6289665102958679
0.7483970522880554
0.1781531274318695
0.34909796714782715
0.8230973482131958
0.5505138039588928
0.657147228717804
0.8655930757522583
2.5234344005584717
