0.5644928216934204
0.36004021763801575
0.47173434495925903
0.8472977876663208
0.48196855187416077
0.28195399045944214
0.7400896549224854
0.3597507178783417
0.4983444809913635
0.5848731994628906
0.3655639588832855
0.5432263612747192
0.8611093759536743
0.5061479806900024
0.8080562353134155
0.40214022994041443
0.6358533501625061
0.269965797662735
0.5566651821136475
0.30979567766189575
0.34607839584350586
0.49661436676979065
0.6274396777153015
0.39564794301986694
0.6284692883491516
0.42093220353126526
0.4628852903842926
0.6505792737007141
0.9490724802017212
0.4319234788417816
0.3911084830760956
0.9233323335647583
0.5583639144897461
0.4426895081996918
0.7642992734909058
0.31414157152175903
1.009958028793335
0.6715213060379028
0.4048665165901184
0.6064587831497192
0.8576449155807495
0.8523546457290649
0.7020747661590576
0.38703200221061707
0.5705944299697876
0.4567416310310364
0.5124550461769104
0.6887078285217285
0.5490426421165466
0.7540337443351746
0.36588209867477417
0.4608266353607178
0.28573188185691833
0.4202512204647064
0.5213967561721802
0.4118691384792328
0.399522602558136
1.1092677116394043
0.5803549885749817
0.24517886340618134
0.6051044464111328
0.218560129404068
0.9109298586845398
0.168697327375412
0.2982855439186096
0.4182336926460266
0.8768466114997864
0.8571690320968628
0.43999314308166504
0.6251178979873657
0.7195860743522644
0.5462151765823364
1.1099655628204346
0.48556843400001526
0.5116559863090515
0.6015030741691589
0.17122267186641693
0.4256924092769623
1.0605050325393677
0.5403517484664917
0.6547362208366394
0.5007939338684082
0.5472782850265503
0.532762348651886
0.7749645113945007
0.3795779347419739
0.6009351015090942
0.17469745874404907
0.4428715705871582
0.9432374835014343
0.21169432997703552
0.4335603713989258
0.41361021995544434
0.39008408784866333
0.204795241355896
0.39038965106010437
0.6874908208847046
0.41256919503211975
0.44119691848754883
0.6675930619239807
0.8120796084403992
0.6447493433952332
0.36590176820755005
0.5947719812393188
0.23948454856872559
0.6348717212677002
0.40834417939186096
0.8170443773269653
0.65687495470047
0.4684034287929535
0.6480065584182739
0.3622753620147705
0.4638481140136719
0.4605478346347809
0.7181893587112427
0.41887760162353516
0.4974484443664551
0.8625524640083313
0.2393374890089035
0.6441758871078491
0.6613913774490356
1.1230260133743286
0.2626039385795593
0.6227103471755981
0.2428707331418991
0.18690316379070282
0.18819837272167206
0.744439959526062
1.0895249843597412
0.3909049928188324
0.22962775826454163
0.5688111186027527
0.46036043763160706
0.7649670243263245
0.4425697922706604
0.45457378029823303
0.23440439999103546
0.34905168414115906
0.7030732035636902
0.6343826055526733
0.24438700079917908
1.3616876602172852
0.47098150849342346
0.7650121450424194
0.22152777016162872
0.31484296917915344
0.385189950466156
0.995928168296814
0.31588056683540344
0.7004303932189941
0.5558081865310669
0.21447888016700745
0.4378947615623474
0.8422940969467163
0.2883428931236267
0.32469186186790466
0.3608948588371277
1.0331096649169922
0.37120482325553894
0.5590749979019165
0.6396695375442505
0.6936980485916138
1.123742699623108
0.636731743812561
0.3584684431552887
0.44201430678367615
0.5409344434738159
0.9405681490898132
0.9357935786247253
0.6234789490699768
0.2617248594760895
0.40660133957862854
0.5181210041046143
0.4302791953086853
0.14045926928520203
0.752825140953064
0.9931777715682983
0.33121562004089355
0.895769476890564
0.6621949672698975
0.5260502696037292
0.8625394701957703
0.6271070241928101
0.6632291078567505
0.574629008769989
0.6833134293556213
0.35603612661361694
0.5311890840530396
0.23790426552295685
0.6708033680915833
0.35643404722213745
0.5290535092353821
0.4798501133918762
0.4245825707912445
0.5104440450668335
0.867489218711853
0.7594355344772339
0.6291713714599609
0.20456548035144806
0.927021324634552
0.399932324886322
0.6863228678703308
0.20668122172355652
1.0710358619689941
0.5350118279457092
0.5876188278198242
0.3026145398616791
0.13120651245117188
0.7163616418838501
0.5397475957870483
0.36127954721450806
0.33174896240234375
0.3753122389316559
0.6499322652816772
0.3227580189704895
0.28124985098838806
0.6017788052558899
0.3270842432975769
1.3109471797943115
0.3586590588092804
0.31060895323753357
0.5724414587020874
0.517375648021698
0.43231716752052307
0.5065218210220337
0.28428715467453003
0.44690293073654175
0.26506924629211426
0.5687745809555054
1.0336014032363892
0.5320008993148804
0.4223690629005432
0.7183811068534851
0.586630642414093
0.19308844208717346
0.3499194085597992
0.5633061528205872
0.2828649580478668
0.35245591402053833
0.32214581966400146
0.2641558051109314
0.49549347162246704
0.4053010940551758
1.7149989604949951
0.6609846949577332
0.7434086203575134
0.45862945914268494
0.26077622175216675
0.33645910024642944
0.5079854726791382
0.4743432104587555
0.4090994894504547
0.36920008063316345
0.4021393358707428
0.42327165603637695
0.8160610198974609
0.2916789948940277
0.6158292889595032
0.43287473917007446
0.2982792258262634
0.7021744847297668
0.5544851422309875
0.6670061349868774
0.33993738889694214
0.3067752420902252
0.38444283604621887
0.5678566098213196
0.8052421808242798
0.4596194326877594
0.3869450092315674
0.7012642621994019
1.0328510999679565
1.271745204925537
0.5301594138145447
0.39687100052833557
0.43145275115966797
0.47086310386657715
0.8652788400650024
0.47056108713150024
0.3616899847984314
0.36398059129714966
0.8327409625053406
0.477006733417511
0.6993405222892761
0.2746174931526184
0.559357225894928
0.441922664642334
0.5352609753608704
0.5769461393356323
0.31869933009147644
0.5325697660446167
0.9366208910942078
0.5728150606155396
0.5392559170722961
0.20678189396858215
0.5408979654312134
0.9855577349662781
0.5637790560722351
0.39815154671669006
0.5438456535339355
0.3556213974952698
0.4770968556404114
0.26193147897720337
0.4822853207588196
0.2834739089012146
0.6107469797134399
0.5911644697189331
0.6822770833969116
0.5846484899520874
0.5650227665901184
0.7749801874160767
0.15118353068828583
0.4263382852077484
0.1087561845779419
0.9854956865310669
0.43022164702415466
0.5211964845657349
0.7781864404678345
0.3146173059940338
0.7741106152534485
0.47750192880630493
0.5112813115119934
0.5439410209655762
1.1176106929779053
0.313774973154068
0.4336128830909729
0.2637084126472473
0.9466627836227417
0.38976678252220154
0.264168918132782
0.48661813139915466
0.2777526378631592
0.4023358225822449
0.5086701512336731
0.19884613156318665
0.37306252121925354
0.4989836812019348
1.1257599592208862
