0.3647955358028412
0.49183329939842224
0.2976832687854767
0.8510463833808899
0.1564825475215912
0.2489771842956543
0.31147506833076477
0.5490074157714844
0.4172177314758301
0.531332790851593
0.7407468557357788
0.4796147346496582
0.5627623200416565
0.9895516633987427
0.6913555860519409
0.6070863604545593
0.6990655660629272
0.3860201835632324
0.2902807593345642
0.5632745623588562
0.2310188114643097
0.34153062105178833
0.629315197467804
0.3075447976589203
0.5301704406738281
0.35795697569847107
0.501379668712616
0.7706063985824585
0.5893055200576782
0.3409108519554138
0.34840187430381775
0.5422207713127136
0.48129281401634216
0.327739417552948
1.257782220840454
0.523638129234314
0.23507097363471985
0.6738619804382324
0.6238633990287781
0.45547962188720703
0.2370944321155548
1.1658188104629517
0.39691799879074097
0.4515765607357025
0.6362879872322083
0.2969651520252228
0.385682076215744
1.1747044324874878
0.5771180391311646
0.5578501224517822
0.33088523149490356
0.20597359538078308
0.49930113554000854
0.5662455558776855
0.7283538579940796
0.45525917410850525
0.8084603548049927
0.3725539445877075
0.41111189126968384
0.46313104033470154
0.42968225479125977
0.4008488059043884
0.36020341515541077
0.5261190533638
0.37947240471839905
0.34405845403671265
1.5226551294326782
0.24633201956748962
0.4159342348575592
0.7121603488922119
0.9185714721679688
0.3904420733451843
0.3131030201911926
0.7073430418968201
0.5915728211402893
0.24931594729423523
0.7021437883377075
0.9388952255249023
0.5996594429016113
0.450930118560791
0.30055850744247437
0.5176553130149841
0.7377157211303711
0.5088878870010376
0.36898383498191833
0.6390772461891174
0.4812332093715668
0.3134823143482208
0.3615449070930481
0.3277900218963623
0.30544787645339966
0.4592244029045105
0.7289389967918396
0.31546512246131897
0.23772621154785156
0.243207648396492
1.1044957637786865
0.7124325633049011
0.20569093525409698
0.2867586612701416
0.9663056135177612
1.079714298248291
0.7481381297111511
0.5036096572875977
0.7097083926200867
0.6961756944656372
0.46386632323265076
0.44792184233665466
0.49565428495407104
0.6902042627334595
0.5809928774833679
0.47286075353622437
1.3061926364898682
0.9427043795585632
0.5971716642379761
0.6148358583450317
0.5126458406448364
0.30585187673568726
0.8372507095336914
0.5865315794944763
0.7114943265914917
0.5647697448730469
0.4387536644935608
0.5462709665298462
0.8770176768302917
0.5088647603988647
0.6700463891029358
0.8271278142929077
0.5031595826148987
0.7731722593307495
0.6188748478889465
0.5522346496582031
0.5966619849205017
0.4084697663784027
0.5364999175071716
0.41975927352905273
0.24542415142059326
0.5690358877182007
0.8935685157775879
0.4318702220916748
0.5962055325508118
0.6251769661903381
1.1722567081451416
0.23670992255210876
0.22620812058448792
0.4345827102661133
1.3552943468093872
0.5000097155570984
0.7325666546821594
0.48093336820602417
0.8922103047370911
0.26557305455207825
0.24107667803764343
0.9395241737365723
0.5337081551551819
0.3336530029773712
0.8113695383071899
0.2308521717786789
1.1674028635025024
0.545992374420166
0.368691623210907
0.4451514780521393
0.5691410303115845
0.6187520027160645
0.47713804244995117
0.3403492867946625
0.4338533878326416
0.5304697155952454
0.6486274600028992
0.2615928053855896
0.28310567140579224
0.3700438141822815
0.4948580265045166
0.8916829824447632
1.0055004358291626
0.3327706754207611
0.293520987033844
0.46743839979171753
0.5048591494560242
0.5536563992500305
0.6726549863815308
0.7954128980636597
0.806532084941864
0.24918827414512634
0.7763269543647766
0.9821740388870239
0.5482678413391113
0.3781173825263977
0.4148589074611664
0.8476832509040833
0.6754676103591919
0.8097859621047974
0.420134961605072
0.5390542149543762
0.6217610239982605
0.6638023853302002
0.5067194700241089
0.8658736348152161
0.5820625424385071
0.5285936594009399
0.3387153148651123
0.8374155163764954
0.8428889513015747
0.3146176338195801
0.45221900939941406
0.4214383661746979
0.4508422315120697
0.48693281412124634
1.0407695770263672
0.41522902250289917
0.3576718270778656
0.4440125524997711
1.039228081703186
0.5424680709838867
0.459822416305542
0.2687074542045593
0.331503301858902
0.21752133965492249
0.7095240354537964
0.5585871934890747
0.491361141204834
0.7755568027496338
0.536729097366333
0.6212722063064575
0.5708271265029907
0.5981071591377258
0.5344557762145996
0.5673456192016602
1.0267760753631592
0.3015546202659607
0.3768206834793091
0.28875961899757385
0.7237706184387207
0.6179599761962891
0.2981923222541809
0.8022035360336304
0.42690953612327576
0.2690540552139282
0.2552579939365387
0.2676626145839691
0.8095801472663879
0.6791330575942993
0.60545414686203
0.4158549904823303
0.6000661253929138
0.2681967616081238
0.5981956720352173
0.5324099063873291
0.4881932735443115
0.37247273325920105
0.7452349662780762
0.7487664222717285
0.2802833914756775
0.41434937715530396
0.4942231774330139
0.5415983200073242
0.5375773310661316
0.8283446431159973
0.2694135308265686
0.5344610810279846
0.5636248588562012
0.548080325126648
0.24678345024585724
0.23965242505073547
0.3477369546890259
0.5121592283248901
0.3933272361755371
0.9753684997558594
0.4529900550842285
0.7750385403633118
0.4468068480491638
0.4918343126773834
0.3377281725406647
0.35947883129119873
0.3449295461177826
0.4349668622016907
0.4301173686981201
0.7445225119590759
0.4397967457771301
0.7725285291671753
0.27885136008262634
0.4184969961643219
0.6600825190544128
0.3469565510749817
0.43878278136253357
0.5716170072555542
0.2920691967010498
0.31923118233680725
0.8034815788269043
0.7381192445755005
0.711026668548584
0.4579753875732422
0.42376574873924255
0.6764652132987976
0.7515986561775208
0.664217472076416
0.6692289710044861
0.6698119044303894
0.5434123277664185
0.43679580092430115
0.38814643025398254
0.18092478811740875
0.4298257827758789
0.7095354795455933
0.5566979646682739
0.8177670240402222
0.3940746486186981
0.2677653431892395
0.43912068009376526
0.5898364186286926
0.5416600108146667
0.6337205767631531
0.52506422996521
0.5859293341636658
0.47246772050857544
0.9029095768928528
0.4081285893917084
0.5823746919631958
0.4642130434513092
0.16658887267112732
0.3417957127094269
0.24068865180015564
0.7256054282188416
0.3784310221672058
0.4365612864494324
0.5363948345184326
0.42755746841430664
0.310903936624527
0.3490951657295227
1.0861656665802002
0.5307766199111938
0.6174560785293579
0.712077260017395
0.2805081009864807
0.8072368502616882
0.6285989284515381
0.8506380319595337
2.1485629081726074
