0.9632793664932251
0.9539493322372437
0.8189678192138672
0.5171399116516113
0.3382353186607361
0.5480057001113892
0.4609551429748535
0.6138702630996704
0.3234119415283203
0.9092477560043335
0.43771710991859436
0.564435601234436
0.9707701802253723
0.923179030418396
1.222847580909729
0.6107821464538574
0.5056536197662354
0.9729129672050476
0.8407493829727173
0.6299408674240112
0.8293359875679016
0.6624686121940613
0.8149608373641968
0.6024004220962524
0.7805002331733704
0.5305761098861694
0.7311645150184631
1.0315014123916626
0.4168846607208252
0.8412836790084839
0.7624536752700806
0.7906647324562073
1.0942875146865845
1.009894847869873
0.6609300971031189
0.8880132436752319
0.8670666813850403
0.7088170051574707
0.6824695467948914
0.9456550478935242
0.6506416201591492
0.6110513806343079
0.4097387194633484
0.5753539800643921
0.927880585193634
0.6877596378326416
0.6479468941688538
0.3509939908981323
0.6792236566543579
0.5624788403511047
0.4855634272098541
0.6133140325546265
0.8477524518966675
0.6886544823646545
0.9228489995002747
1.030995488166809
0.3930291533470154
0.3155871331691742
0.5244510769844055
1.2021104097366333
0.5328982472419739
0.917050838470459
1.4264122247695923
0.9530996084213257
0.7469176054000854
0.9062255620956421
0.562932014465332
0.5684281587600708
0.4995030462741852
0.45630207657814026
0.7214759588241577
0.6921994686126709
0.7376893758773804
0.9851028323173523
1.1541883945465088
1.0643049478530884
0.5327253341674805
0.8877213597297668
0.6707397699356079
0.40509873628616333
0.6039360165596008
0.5288041830062866
0.8049295544624329
0.6119321584701538
0.669671356678009
0.9474486112594604
0.4215303957462311
0.40007877349853516
1.229590654373169
0.6154402494430542
0.684469997882843
0.8679498434066772
0.7695692777633667
0.513542652130127
0.4799022078514099
0.7185722589492798
0.732121467590332
0.886673092842102
0.562103271484375
0.6011136174201965
0.7526274919509888
0.7985204458236694
0.6985501050949097
1.1085796356201172
0.8019382357597351
0.5072091817855835
0.7755638360977173
0.4768857955932617
0.5506040453910828
0.9587538838386536
0.5609932541847229
0.7237128019332886
0.3491741418838501
0.958637535572052
0.8582706451416016
0.6561511754989624
0.5361942052841187
0.8451902270317078
0.509894847869873
0.9332118034362793
0.7080170512199402
0.5781432390213013
1.142044186592102
0.6156380772590637
0.8522300720214844
0.7729093432426453
0.6752781271934509
0.6371298432350159
0.6484208106994629
0.4392912983894348
0.6562786102294922
0.4315265715122223
0.48148202896118164
1.0341837406158447
0.6089001893997192
0.9773947596549988
0.39029303193092346
0.7816066741943359
0.7180595993995667
0.5349661111831665
0.590749204158783
0.8159443140029907
0.48308438062667847
0.8014553785324097
0.761871874332428
0.4294257164001465
0.3212187588214874
0.5861240029335022
0.3934800326824188
0.9989500045776367
0.9808344841003418
0.4916404187679291
0.8880465626716614
0.5937086343765259
0.42700332403182983
0.798311710357666
0.7103060483932495
0.44749075174331665
0.8212219476699829
0.8723666071891785
0.5181993246078491
0.505824625492096
0.6965328454971313
1.0304728746414185
0.8314496874809265
0.5762977600097656
0.6623233556747437
0.6272284388542175
0.47175121307373047
0.5132246613502502
0.6664276719093323
0.42768949270248413
0.5078778862953186
0.571259081363678
0.5418127775192261
0.6577719449996948
0.8410634994506836
0.7371869087219238
0.7336496114730835
0.9995435476303101
0.8044277429580688
1.050105333328247
0.3690919876098633
0.6742442846298218
0.5583465695381165
0.9584177732467651
0.48568668961524963
0.967497706413269
0.30213141441345215
0.9836457371711731
0.546485185623169
1.4559825658798218
0.8352867364883423
0.7493703961372375
0.9364191889762878
0.45895451307296753
0.8636938333511353
0.5184635519981384
0.7438276410102844
0.513689398765564
0.6838517189025879
0.5633115768432617
0.9568142890930176
1.0455020666122437
1.1011923551559448
0.6585201025009155
0.7265962958335876
0.4333740174770355
1.1174920797348022
0.4420239329338074
0.7459863424301147
0.6706781387329102
0.2753203511238098
0.7140679359436035
0.49367523193359375
0.660647988319397
0.7872191667556763
0.49971723556518555
0.8714505434036255
1.2077645063400269
1.332153081893921
0.6163139939308167
0.6607977151870728
1.1736341714859009
0.5320287942886353
0.7655569911003113
0.6937763690948486
1.0569177865982056
0.7900394201278687
1.001511812210083
1.0178242921829224
0.6309763789176941
0.5891984105110168
0.7357052564620972
0.5982858538627625
0.5020331740379333
0.7786633372306824
0.6555802226066589
1.0983827114105225
0.7473161816596985
0.6533271074295044
0.422334760427475
0.635090708732605
0.38427287340164185
0.7665135264396667
0.7842004299163818
0.7302844524383545
0.9555098414421082
0.48023825883865356
1.3666146993637085
0.513878583908081
0.6561056971549988
0.7490552663803101
0.8097936511039734
0.745700478553772
0.6044714450836182
0.5297711491584778
0.5341616868972778
0.6011942028999329
0.5367177724838257
0.4865376949310303
0.8792651295661926
0.5816670656204224
0.6349624991416931
0.7936925292015076
0.6133700013160706
0.597931981086731
0.8092974424362183
1.0741136074066162
0.6626133918762207
0.48732638359069824
0.6212204694747925
0.8662956357002258
0.7153683304786682
0.5477194786071777
0.5614523887634277
0.5346888303756714
0.37426263093948364
0.5219588279724121
0.5922955274581909
0.9888655543327332
0.48042431473731995
1.0132644176483154
0.7249180674552917
0.5087680816650391
0.7848882079124451
0.6125783920288086
0.7951403856277466
1.4369454383850098
0.45055142045021057
0.6720642447471619
0.5523303747177124
0.6279503107070923
0.9634658694267273
0.49189749360084534
0.556512713432312
0.6037815809249878
1.5993146896362305
0.6424873471260071
0.6720430254936218
0.7715229988098145
0.7057874798774719
0.5775601267814636
1.0565636157989502
0.4714374542236328
0.5965278744697571
0.548832893371582
0.461789608001709
0.5636879801750183
0.527443528175354
0.9177309274673462
0.662073016166687
0.8801559209823608
0.7015845775604248
0.45440149307250977
0.7770745158195496
0.6857381463050842
0.6377813220024109
0.9019771814346313
0.6191096305847168
1.0629903078079224
0.9616183042526245
0.5865799188613892
0.8353093862533569
0.7093154191970825
0.8340425491333008
0.48636341094970703
1.050256609916687
0.34977927803993225
0.5443775057792664
0.7411648631095886
1.0355345010757446
0.8899523019790649
0.49086713790893555
0.3726813793182373
0.3753248453140259
0.7319778800010681
0.5753264427185059
