0.9485976099967957
1.049601674079895
1.0435312986373901
0.795845627784729
0.9122077226638794
0.939686119556427
1.0245206356048584
0.8792251348495483
0.8364364504814148
0.9468379020690918
1.3747339248657227
1.3537977933883667
0.7566787004470825
0.9933345913887024
0.7346295118331909
0.8337637782096863
0.7086901664733887
0.885327935218811
0.8435325622558594
1.1799719333648682
0.9815311431884766
0.7503288388252258
0.8201047778129578
1.3442497253417969
0.8411275148391724
1.3176816701889038
0.8947798609733582
0.922589898109436
0.8356914520263672
0.8961172103881836
0.8567641377449036
0.8670455813407898
0.7508754134178162
0.8088558316230774
0.9019598960876465
0.8077899813652039
0.7632369995117188
0.8542445302009583
0.9864341616630554
0.808006763458252
0.8620270490646362
0.9282337427139282
1.0299869775772095
1.124972939491272
1.2945618629455566
0.9303352236747742
0.7216691970825195
1.1359167098999023
0.8761237263679504
0.9331612586975098
0.6626733541488647
1.1548570394515991
0.9370049238204956
0.980326771736145
1.2013537883758545
0.802485466003418
0.8600266575813293
0.8566411733627319
0.9178085327148438
0.6528154015541077
0.800044059753418
0.6598142981529236
0.8887549638748169
0.8705231547355652
0.6937865614891052
0.9292783737182617
0.6972066760063171
0.9100266695022583
1.15976083278656
0.863118052482605
1.012921690940857
1.0144426822662354
0.8683035969734192
0.6669427752494812
0.8819742202758789
0.9441505670547485
0.674348771572113
0.8719192743301392
0.9156231880187988
1.0183285474777222
0.8942574262619019
0.8561807870864868
0.6314168572425842
0.9044054746627808
0.5689386129379272
0.881243109703064
0.6836984157562256
0.9221066236495972
0.9451652765274048
0.7685956954956055
0.441131591796875
0.9363789558410645
0.8240849375724792
0.6591629981994629
1.142237663269043
0.6766804456710815
0.8413234949111938
0.6984161138534546
0.9307987093925476
1.1298633813858032
1.3241087198257446
1.0131205320358276
0.7176666855812073
0.7881548404693604
0.774023175239563
0.614982008934021
0.7282408475875854
0.6690089702606201
0.7196865677833557
1.2829325199127197
0.7692183256149292
1.5646530389785767
0.7482693195343018
0.8003686666488647
1.121187686920166
0.7342174053192139
0.8513986468315125
1.5921902656555176
1.139721393585205
1.4044644832611084
0.9392730593681335
0.5900219082832336
0.7040184140205383
0.868090033531189
0.6684472560882568
1.1774194240570068
0.7370385527610779
0.857143223285675
1.0319725275039673
0.6460253000259399
1.2970681190490723
0.9611519575119019
1.0832761526107788
0.8912044763565063
0.9252278208732605
0.8255738019943237
1.2007101774215698
0.7757402658462524
0.8265591859817505
0.7833108901977539
0.8140906095504761
0.8142792582511902
0.7636073231697083
1.2146341800689697
1.5442688465118408
1.0088081359863281
1.0191551446914673
1.1893117427825928
0.8913583755493164
0.9149945974349976
0.8640470504760742
0.9064711332321167
0.8358057141304016
0.8084308505058289
1.174186110496521
0.9558430910110474
0.9510453343391418
0.9506316184997559
1.1856695413589478
0.8165493011474609
0.9989674687385559
1.0236810445785522
1.1255319118499756
0.6808434724807739
0.9859590530395508
0.9455584287643433
1.3013155460357666
1.066088318824768
1.052154302597046
0.880108654499054
0.9130875468254089
1.2228087186813354
0.572655200958252
0.8395364880561829
0.8612700700759888
0.8050832748413086
0.8073918223381042
0.963495135307312
0.825910747051239
1.177329182624817
0.8365438580513
0.880896270275116
1.0439910888671875
1.0026142597198486
0.7926673293113708
0.6245356798171997
1.140931487083435
0.8906373977661133
0.7154415845870972
0.7145925760269165
1.019294023513794
0.916826069355011
0.803662121295929
0.851952850818634
0.6828241348266602
0.7766320109367371
0.6272315382957458
0.9480180740356445
0.6950315237045288
1.2951627969741821
1.7666499614715576
0.8262235522270203
0.8171814680099487
1.1384695768356323
1.1927287578582764
0.8160193562507629
1.1808942556381226
0.9275066256523132
1.04618239402771
1.014196753501892
0.8858014941215515
0.8254277110099792
0.7826483249664307
0.7207716703414917
1.0873197317123413
0.7900969982147217
0.8868793249130249
0.7889654040336609
1.2157487869262695
0.6308828592300415
0.8262531161308289
0.9033440351486206
1.2425018548965454
1.0142844915390015
0.740257203578949
1.2489862442016602
1.083862066268921
0.7958277463912964
1.0829657316207886
0.8725602030754089
1.1412612199783325
0.8894597887992859
0.9917830228805542
0.846950888633728
1.2665393352508545
0.8217018842697144
0.9667810201644897
0.9437195062637329
0.9735967516899109
0.8932598233222961
1.1724928617477417
0.7135693430900574
0.7860748171806335
0.6647951006889343
0.6291891932487488
0.7661012411117554
0.9945622682571411
0.6323275566101074
1.096508264541626
0.9321619272232056
1.3382759094238281
0.8302424550056458
0.809796929359436
0.7557462453842163
0.8216846585273743
1.2041237354278564
0.9987500905990601
0.901385486125946
0.6986961960792542
0.9278993606567383
1.0481574535369873
1.073168396949768
0.6510561108589172
1.0452016592025757
0.8266445994377136
0.6769465804100037
1.1907333135604858
0.8942244648933411
0.9062102437019348
0.9691306352615356
0.9181936383247375
0.976399302482605
0.8517835736274719
0.8075869679450989
1.1088038682937622
0.9399714469909668
0.9185962677001953
0.9243091344833374
1.0206867456436157
0.9202134013175964
0.9849264025688171
0.9997813105583191
0.7726774215698242
0.8608692288398743
1.041796088218689
1.1565181016921997
0.7527645230293274
0.7797584533691406
0.8853236436843872
1.0250804424285889
0.7098720669746399
0.8992298245429993
1.0193630456924438
0.8931787610054016
0.6315851211547852
1.066406011581421
0.9792143702507019
0.9090736508369446
1.2449218034744263
0.8434349298477173
0.9252340197563171
0.6434717178344727
0.6284908652305603
1.0369226932525635
1.2796577215194702
0.7213627099990845
0.9470251798629761
1.0021368265151978
0.8845747113227844
1.0630747079849243
0.9188950657844543
0.7739990949630737
0.8445197939872742
1.1872527599334717
0.6433046460151672
0.99932461977005
0.8412437438964844
1.1903021335601807
0.6295263171195984
1.077991008758545
0.607628345489502
0.6939220428466797
0.9018310308456421
0.8238326907157898
0.938768208026886
1.039115309715271
0.7491796612739563
0.679787814617157
1.1636191606521606
0.7352455854415894
1.2210414409637451
1.0189125537872314
0.5984933972358704
0.8755100965499878
0.846104621887207
1.1633155345916748
1.2596408128738403
1.405030608177185
