0.4011024534702301
0.6134485006332397
0.2961284816265106
0.3941022753715515
0.8658996820449829
0.6167672276496887
0.39268022775650024
0.8095676302909851
0.5881675481796265
0.8667168617248535
0.23377028107643127
0.7951835989952087
0.630759596824646
0.39816445112228394
0.6866620779037476
0.3331228196620941
0.23852214217185974
0.5658043622970581
0.39210501313209534
0.5893180966377258
0.5185316801071167
0.7672486305236816
0.7803062200546265
0.975002646446228
0.48267850279808044
0.265015184879303
0.5375308990478516
0.7961111068725586
0.7719869613647461
0.2286386936903
0.7404177784919739
0.9850949048995972
0.2622774541378021
0.6367681622505188
1.2151811122894287
0.6132268905639648
0.9065044522285461
0.3443290591239929
0.4155125617980957
0.5587645173072815
0.9975050091743469
1.1211122274398804
0.7824199199676514
0.4989514946937561
0.6796151399612427
0.6597467660903931
0.7018262147903442
0.4610501229763031
0.6305895447731018
0.36458820104599
0.6556459069252014
0.4130336344242096
0.40337657928466797
0.6506741642951965
1.4023587703704834
0.6437822580337524
0.31966137886047363
0.4925541281700134
0.5605874061584473
0.3277992606163025
0.34726983308792114
0.8680431246757507
0.6924225091934204
0.5052098035812378
0.38547059893608093
0.41372671723365784
0.5131039023399353
0.5711945295333862
0.5384677648544312
0.4722464084625244
1.0944859981536865
0.5488203763961792
0.5889815092086792
0.3653530478477478
0.3330478072166443
0.32406115531921387
0.5247182250022888
0.48564624786376953
0.4976746439933777
0.26444336771965027
0.5188994407653809
0.764965295791626
0.7259777188301086
0.39363086223602295
0.5721656680107117
0.2563168704509735
0.36943358182907104
0.8439946174621582
0.471524715423584
0.4636147618293762
0.7290962338447571
0.2936246991157532
0.8808689117431641
0.4160134196281433
0.38672319054603577
0.5473834276199341
0.47381600737571716
0.3554123044013977
0.5702428817749023
0.25069791078567505
0.5550428032875061
0.9568105936050415
0.6915225386619568
0.1297515630722046
0.8461078405380249
0.5208900570869446
0.5046263337135315
0.5454508066177368
0.3571731448173523
0.7783834338188171
0.35547712445259094
0.4755217432975769
0.5247368216514587
1.1926991939544678
0.1355038583278656
0.6459228992462158
0.4440767168998718
0.1804405152797699
0.9023308753967285
0.19826090335845947
0.3971766531467438
0.3340134918689728
0.22580531239509583
0.6325503587722778
0.2849530577659607
0.50031578540802
0.3636617958545685
0.4656680226325989
0.8652121424674988
0.5576784610748291
0.32057005167007446
0.4498426914215088
0.7323318123817444
0.9287458658218384
0.5612856149673462
0.5357754826545715
0.4720325469970703
1.7704792022705078
0.6084274053573608
0.8232482075691223
0.44016918540000916
0.42354756593704224
0.5682480931282043
0.6236432790756226
0.5778393149375916
0.43772178888320923
0.29045888781547546
0.7060643434524536
0.8960668444633484
0.3729473650455475
0.4842919409275055
0.4403526186943054
0.3551555871963501
0.9231745004653931
0.5317770838737488
0.5119208097457886
0.2685405910015106
0.5762397050857544
0.5443500280380249
0.649228572845459
0.3896419405937195
0.35088539123535156
0.4110162854194641
0.9646888971328735
0.40430060029029846
0.7697572112083435
0.3185559809207916
0.47158336639404297
0.8821994066238403
0.9055749177932739
0.6634699702262878
0.37998801469802856
0.8479945063591003
0.24654212594032288
0.33825433254241943
0.6827363967895508
0.5228078365325928
0.5378705263137817
0.6202062368392944
1.7439441680908203
0.8395441174507141
0.30248892307281494
1.0458383560180664
0.2980709969997406
0.5583374500274658
0.4600652754306793
0.46267539262771606
0.6259042024612427
0.7616754770278931
0.6042629480361938
0.21096709370613098
0.34110867977142334
0.5799644589424133
0.6750782132148743
0.598166286945343
0.37630191445350647
0.3069832921028137
0.7911604642868042
1.0028637647628784
0.9809609651565552
0.6778003573417664
0.24867931008338928
0.4992203712463379
0.696987509727478
0.686104953289032
0.6312834620475769
0.6962178945541382
0.5885583162307739
0.25818347930908203
0.7274640798568726
0.3985136151313782
0.6260948181152344
0.19683560729026794
0.5213409662246704
0.5743553042411804
0.4692707657814026
0.6680116653442383
0.6278866529464722
0.41628050804138184
0.5140825510025024
0.9587309956550598
0.8253093957901001
0.31765222549438477
0.23811623454093933
0.214537113904953
0.2873851954936981
0.3041456937789917
0.49545496702194214
1.1033920049667358
0.40657615661621094
0.27436161041259766
0.6121188402175903
0.6752902865409851
0.13391698896884918
0.28537872433662415
0.33280932903289795
0.5493810176849365
0.7443755269050598
0.27088043093681335
0.6012336015701294
0.5946317315101624
0.6651629209518433
0.4620474874973297
0.4195801317691803
0.5398908853530884
0.4397088587284088
0.48516544699668884
0.4799368977546692
0.3422595262527466
0.4537521302700043
0.3580959439277649
0.9899565577507019
0.3690713047981262
0.4580531120300293
0.5780931711196899
0.7934925556182861
0.7184113264083862
0.4224584102630615
0.8832230567932129
0.34203654527664185
0.21366643905639648
0.30350562930107117
0.7364404797554016
0.4552304744720459
0.9268724322319031
0.1856563687324524
1.1726374626159668
0.42357414960861206
0.5464408993721008
0.21303483843803406
0.30796509981155396
0.8176637887954712
0.4049215316772461
0.20392724871635437
0.685814380645752
0.30597132444381714
0.12066879123449326
0.732306182384491
0.6110334992408752
0.5645025968551636
0.45011600852012634
0.514723002910614
0.5225754380226135
1.1039749383926392
0.3526189923286438
0.8259077072143555
0.8219112157821655
0.27911311388015747
0.7427576780319214
0.3449748754501343
0.46225705742836
0.39304178953170776
0.8082345724105835
0.5304931402206421
0.7705041766166687
0.4137434959411621
0.30881214141845703
0.5421987771987915
0.30341148376464844
0.5804476141929626
0.964451789855957
0.2449185848236084
0.3659132719039917
0.3167284429073334
0.8337545394897461
0.5278357267379761
0.4563233256340027
0.5446567535400391
0.7400676012039185
0.3978928029537201
0.6312264204025269
0.4696243405342102
0.8399280309677124
1.0859730243682861
0.44837871193885803
0.6057725548744202
0.6241364479064941
0.36291712522506714
0.24202708899974823
0.5012897253036499
0.42145079374313354
0.6524624824523926
0.6242080926895142
0.7618662118911743
0.5259419083595276
0.2147638350725174
0.6495149731636047
0.44912177324295044
0.3553052246570587
0.5412522554397583
0.3983382284641266
0.4032859802246094
0.7977806329727173
0.8763276934623718
0.49330925941467285
0.38675981760025024
0.41019392013549805
0.5275370478630066
