0.602433979511261
0.4277549684047699
0.37475863099098206
0.7459104061126709
0.4103239178657532
0.5318031907081604
0.4021662175655365
0.5552942156791687
0.42986297607421875
0.2209692746400833
0.5087094306945801
0.5585939288139343
0.9106362462043762
0.5497722029685974
0.9651545286178589
1.0778530836105347
0.578465461730957
0.3975246548652649
0.6040098071098328
0.8273719549179077
0.6692805886268616
0.5946646928787231
0.7081271409988403
0.5514833331108093
0.4488728940486908
0.3593570590019226
0.5239144563674927
0.4125364422798157
0.735747754573822
0.35459333658218384
0.617629885673523
0.5729935765266418
0.18565718829631805
0.5459916591644287
0.789739727973938
0.8084805607795715
0.991960346698761
0.5337584614753723
0.5390462279319763
0.47137555480003357
0.9627147912979126
0.34452635049819946
0.43720579147338867
0.5444353818893433
0.4963270127773285
0.47294169664382935
0.6928108334541321
0.7592069506645203
0.6283560991287231
0.267149418592453
0.44648289680480957
0.5309985876083374
0.4526594281196594
0.31208711862564087
0.32438045740127563
1.1071773767471313
0.5874560475349426
0.40199214220046997
0.40268582105636597
0.3066132664680481
0.6629992723464966
0.6198967695236206
1.0740649700164795
0.4607575833797455
0.48777398467063904
0.5150865912437439
0.4346153140068054
1.0327295064926147
0.4794028401374817
0.3735509514808655
0.5686510801315308
0.6644412875175476
0.5309025049209595
0.5273032784461975
0.6442986726760864
0.5591992139816284
0.8835639953613281
0.6161560416221619
0.6585052609443665
0.6130691170692444
0.5843492746353149
0.9626288414001465
0.22186490893363953
0.11178123950958252
0.37086722254753113
0.3787996172904968
0.6801056861877441
0.48075762391090393
0.17139680683612823
1.081687569618225
0.2838216722011566
0.8115283846855164
0.6142147183418274
0.8762500882148743
0.30375272035598755
0.7107495069503784
0.6248626708984375
0.5369300246238708
0.2718765139579773
0.3945382237434387
0.53007572889328
0.6659953594207764
0.42635971307754517
0.4654657244682312
0.2930719256401062
0.7990183234214783
0.32782691717147827
0.8094595074653625
0.6453818678855896
0.525222659111023
0.286376029253006
0.4865121841430664
0.4129503667354584
0.20729228854179382
0.4138248860836029
0.5158326625823975
0.7260550260543823
0.5546232461929321
0.8249335289001465
1.0094448328018188
0.40962544083595276
0.4362282156944275
0.5058948397636414
0.9583644866943359
0.6848356127738953
0.4845772683620453
0.3295781910419464
0.3567497134208679
0.8778663873672485
0.5899285078048706
1.072117567062378
0.7148550748825073
0.6171356439590454
0.4630803167819977
0.8621490597724915
0.3425423502922058
0.37708455324172974
0.265023410320282
0.5602315664291382
0.3591478765010834
0.4961879849433899
0.4649166464805603
0.5786923766136169
0.7602764368057251
0.3682793974876404
0.5435208082199097
0.7331027388572693
0.4984060823917389
0.2943715453147888
0.44761162996292114
0.40478944778442383
0.27772778272628784
0.44130605459213257
0.3438645303249359
0.853863537311554
0.8840802311897278
0.6464813351631165
0.5246466398239136
0.8546966314315796
0.6582770347595215
0.6027981042861938
0.6224073171615601
0.2201797217130661
0.4560635983943939
0.9339485168457031
0.39457541704177856
0.5928602814674377
0.5970062017440796
0.3389469087123871
0.401475727558136
0.3875180184841156
0.6752062439918518
0.4952947497367859
0.2770799994468689
0.326715886592865
0.647200882434845
0.26469290256500244
0.1889277994632721
0.512825608253479
0.5647209882736206
0.5201267004013062
0.5741480588912964
0.36905980110168457
0.15960118174552917
0.6223987340927124
0.769147515296936
1.036685824394226
0.38755932450294495
0.4453839659690857
0.7489451169967651
0.38509178161621094
0.30786794424057007
0.36210498213768005
0.9145406484603882
0.4726974070072174
1.3999345302581787
0.5836524963378906
0.8925763964653015
0.5763059854507446
0.8394954800605774
0.34733349084854126
0.31456801295280457
0.4109072685241699
0.6861956715583801
0.44585806131362915
0.4090472161769867
0.7131785154342651
0.5601072311401367
0.4848648011684418
0.3864973187446594
0.7388482093811035
0.8801647424697876
0.6757022142410278
0.5497888922691345
0.3573454022407532
0.5889530777931213
0.15088915824890137
0.35090571641921997
0.6471285820007324
0.5335856676101685
0.8724302053451538
0.2806311249732971
0.825283408164978
0.9041318893432617
0.35874396562576294
0.3615579903125763
0.47743314504623413
0.5042392611503601
0.5478293895721436
0.64128178358078
0.4238864779472351
0.24610058963298798
0.6155356168746948
0.5897279977798462
0.5657113790512085
0.602375864982605
0.41643062233924866
0.5411738157272339
0.7535433769226074
0.16408036649227142
0.5117045640945435
0.24071475863456726
0.6211605668067932
0.1709500402212143
0.6208202242851257
0.3194931149482727
1.0779060125350952
0.37938517332077026
0.30060067772865295
0.5227071642875671
0.16295036673545837
0.7516264915466309
0.329648494720459
0.5658711194992065
0.6085883975028992
0.7487802505493164
0.356386661529541
0.6136317253112793
0.500465989112854
0.5763391256332397
0.8549952507019043
0.48910123109817505
0.5011071562767029
0.8324413299560547
0.33765536546707153
0.3183956444263458
0.9001280069351196
0.3412523865699768
0.496690571308136
0.5399900674819946
0.7471228241920471
0.48011380434036255
0.72845458984375
0.5075520873069763
0.382764607667923
0.9826911687850952
0.6300240755081177
1.0787488222122192
0.2019895613193512
0.3198792040348053
0.6534534692764282
0.4783930778503418
0.543298065662384
0.6376075744628906
0.7646695375442505
0.4694123864173889
0.44294852018356323
0.7581755518913269
0.2392861545085907
0.4483491778373718
0.6122525334358215
0.4385470449924469
0.26612502336502075
0.0993536114692688
0.5203102231025696
0.46692323684692383
0.2634885013103485
0.4561387896537781
0.8009245991706848
0.5113106966018677
0.21556703746318817
0.5069899559020996
0.49128562211990356
0.342706561088562
0.4079114496707916
0.449328750371933
0.4496363699436188
0.7949783802032471
0.3400772511959076
0.2688724100589752
0.3568383753299713
0.6251541376113892
0.7367953062057495
0.44296354055404663
0.4317229688167572
0.3997208774089813
0.7082623243331909
0.17641055583953857
0.3282530903816223
0.7107446789741516
0.38615259528160095
0.8179227709770203
0.32591894268989563
0.17438620328903198
0.3997400403022766
0.5391420125961304
0.5618575215339661
0.6722851991653442
0.6131696701049805
0.701604962348938
0.2512918710708618
0.24007634818553925
0.5592021346092224
0.33183810114860535
0.19252291321754456
0.8367899656295776
0.6801859140396118
1.8903990983963013
