0.984527587890625
0.3353009819984436
0.5120923519134521
0.2899923026561737
0.301246702671051
0.3856787085533142
0.9392296075820923
0.7455660104751587
0.5770003199577332
0.5708328485488892
0.21683736145496368
0.6533196568489075
0.7816241979598999
0.5208616852760315
0.49788016080856323
0.23427696526050568
0.18182361125946045
0.4956977367401123
0.4710925221443176
0.36877456307411194
0.4561232626438141
0.6628597378730774
0.752443790435791
0.5859979391098022
0.7912434935569763
0.3253343403339386
0.5191761255264282
0.18557226657867432
0.7518591284751892
0.7337905168533325
0.41125717759132385
1.1450973749160767
0.6998210549354553
0.28081318736076355
0.48027628660202026
0.37999504804611206
0.3703128397464752
0.6548464894294739
0.7188252210617065
0.5307871103286743
0.6115880012512207
0.7126249074935913
0.2835118770599365
0.5499221086502075
0.43037790060043335
0.4150245785713196
0.9426352381706238
0.6612140536308289
0.5940611362457275
0.9299184083938599
0.33756810426712036
0.4521304965019226
0.7004407048225403
0.4751361310482025
0.3119654059410095
0.5249975919723511
1.0985798835754395
0.23526020348072052
0.8280997276306152
0.46203652024269104
0.42183709144592285
0.6126977205276489
0.5962498784065247
0.3730801045894623
0.5746258497238159
0.31811708211898804
0.7858544588088989
0.9709701538085938
1.0225193500518799
0.7264549136161804
0.6053869128227234
0.4915233254432678
1.051234483718872
0.37281864881515503
0.24176514148712158
0.4822436273097992
0.30192050337791443
0.39225372672080994
0.6477551460266113
0.478203684091568
0.813961386680603
0.7231934666633606
0.3147760331630707
0.6866036653518677
0.38734546303749084
0.6490015983581543
0.465740829706192
0.9294835329055786
0.6300042867660522
0.6658834218978882
0.7131988406181335
0.7822944521903992
0.27039942145347595
0.5229500532150269
0.37981364130973816
0.23898084461688995
0.4526670575141907
0.6115347743034363
0.3700524568557739
0.7140387296676636
0.48569783568382263
0.3575170636177063
0.36463847756385803
0.2437298744916916
0.3587684631347656
0.4024325907230377
0.215007022023201
1.2252699136734009
0.8221038579940796
0.6439735293388367
0.2439623326063156
0.46471428871154785
0.5746767520904541
0.5832763910293579
0.6279414892196655
0.4287111163139343
0.5417443513870239
0.4797016978263855
0.5687448382377625
0.4497916102409363
0.3763924241065979
0.7411426305770874
0.47350725531578064
0.1825893223285675
0.6756225824356079
0.6056864261627197
0.5173991918563843
0.44573885202407837
1.4246822595596313
0.3805454671382904
0.2901671528816223
0.7770187854766846
0.44272786378860474
0.3906095027923584
0.27208369970321655
0.4654678702354431
0.6583112478256226
0.29187944531440735
0.6101688146591187
0.4958481788635254
0.7179091572761536
0.1339520663022995
1.044506311416626
0.4276202619075775
0.5312469601631165
0.3241313695907593
0.32416728138923645
0.4998552203178406
0.5281871557235718
0.6359865069389343
0.3311927318572998
0.2011372298002243
0.29689109325408936
0.20485687255859375
0.40994757413864136
0.6127668023109436
0.37026330828666687
0.39282089471817017
0.9691003561019897
0.3715580403804779
0.2550007402896881
0.530378520488739
0.6070743799209595
0.21807584166526794
0.1567336618900299
0.30155783891677856
1.370682716369629
0.41388067603111267
0.5426611304283142
0.8488604426383972
0.6798747777938843
0.6930832862854004
0.612738311290741
0.704541802406311
0.4648527503013611
0.4381048083305359
0.2492995262145996
0.8839393854141235
0.1619359403848648
0.7573673129081726
0.331290066242218
0.9126781225204468
0.6778024435043335
0.5133551359176636
0.23432114720344543
0.42695388197898865
0.19246941804885864
0.5913605093955994
0.45351704955101013
0.3869326412677765
0.3511480987071991
0.4110269546508789
0.4142325818538666
0.18311506509780884
1.5186402797698975
0.5589488744735718
0.5289111733436584
1.0317509174346924
0.7637370824813843
0.5928233861923218
1.0524920225143433
0.6746193766593933
0.7121387720108032
0.6317547559738159
0.3023771643638611
0.5664094686508179
0.5815374851226807
0.9665560722351074
0.7296980619430542
0.3282666802406311
0.9384946823120117
0.3626865744590759
0.2983425557613373
0.3071480691432953
0.47477492690086365
0.818954348564148
0.2837909758090973
0.4403447210788727
0.3903619647026062
0.6797637939453125
0.4622078835964203
0.8251966238021851
0.3583509027957916
0.356609046459198
0.4841923713684082
0.3885711431503296
1.1223347187042236
0.43798813223838806
1.510740041732788
0.38435274362564087
0.3380880355834961
0.26955920457839966
1.6184860467910767
0.1713365912437439
0.545915424823761
1.1955372095108032
0.5518658757209778
0.21000313758850098
0.3120573163032532
0.6953790187835693
0.3755398988723755
0.6097449064254761
0.7401415705680847
0.7373102307319641
0.48431921005249023
0.5711973905563354
0.552376925945282
0.46618789434432983
0.476736843585968
0.7138395309448242
0.44880080223083496
0.2280675172805786
0.7832638025283813
0.3077457547187805
0.7489877939224243
0.774553656578064
0.4853154122829437
0.6310875415802002
0.7038971781730652
1.3403879404067993
0.1667410433292389
0.3816658854484558
0.40680065751075745
0.4572974145412445
0.7015593647956848
0.8648413419723511
0.3486132025718689
0.5128841400146484
0.9473630785942078
0.25078916549682617
0.6067293882369995
0.44148197770118713
0.47976216673851013
0.498462975025177
0.3575479984283447
0.8042283058166504
0.45050734281539917
0.2296675145626068
0.6612420082092285
0.20618338882923126
0.21948739886283875
1.521026372909546
0.5174020528793335
0.5458711981773376
0.5152105093002319
0.7867449522018433
0.5404247641563416
0.2646053433418274
0.8460825085639954
0.3791327476501465
0.8249953985214233
0.2228585034608841
0.3807916045188904
0.5973284840583801
0.6184375286102295
0.5951496362686157
0.6154638528823853
0.5284627676010132
0.5828750133514404
1.0506044626235962
0.5001446008682251
0.2483397275209427
0.5321714282035828
0.4358886778354645
0.8513268232345581
0.46146631240844727
0.5504626035690308
0.17076532542705536
1.1401664018630981
0.6485227346420288
0.39181095361709595
0.4294164776802063
0.5472463369369507
0.41846027970314026
0.4031672477722168
0.32092881202697754
0.783755362033844
0.5046385526657104
1.22726309299469
0.3082081079483032
0.2413572371006012
0.4420141279697418
0.7015013098716736
0.7010790109634399
0.40740537643432617
0.36332255601882935
0.6157304048538208
0.4416312277317047
0.3554443418979645
0.6124942898750305
0.3936159014701843
0.46260958909988403
0.2458551824092865
0.5421657562255859
0.6526544094085693
0.5549197793006897
0.3865901231765747
0.13521187007427216
