0.28753823041915894
0.9943418502807617
0.6058210134506226
0.45835429430007935
0.5048462152481079
0.2719212770462036
0.44580569863319397
0.5421000123023987
0.4742913246154785
0.5051879286766052
0.22887632250785828
0.3526924252510071
0.25348740816116333
0.2538785934448242
0.24006614089012146
0.39677122235298157
0.535392701625824
0.3660390079021454
0.3510209918022156
0.6853576898574829
0.4901413917541504
0.4357944130897522
0.3821394443511963
0.3444925844669342
0.36632072925567627
0.625275731086731
0.639005184173584
0.6047727465629578
0.5260685682296753
1.0825135707855225
0.33590295910835266
0.6034812331199646
0.42792201042175293
0.643868625164032
0.5820838212966919
0.5111774206161499
0.8545337915420532
0.39697209000587463
0.6186076998710632
0.8985064625740051
0.6999231576919556
0.5089787244796753
0.842010498046875
0.3540073037147522
0.561982274055481
1.101064920425415
0.810162365436554
0.44664961099624634
0.383609414100647
0.423944890499115
0.23525819182395935
0.3221365809440613
0.8306544423103333
0.48497119545936584
0.29220685362815857
0.28205305337905884
0.6577731370925903
0.6993087530136108
0.6125402450561523
0.3155800998210907
0.24832721054553986
0.49662548303604126
0.7091397047042847
0.3558408319950104
0.4426414966583252
0.644935131072998
0.35962551832199097
0.31681862473487854
0.5890699625015259
0.5731772184371948
0.42025691270828247
0.5581687092781067
0.3091840147972107
0.23697587847709656
0.2912958860397339
0.2499551773071289
0.5013460516929626
0.7051836848258972
0.414177805185318
0.8027267456054688
0.8061237335205078
1.3355876207351685
0.7901393175125122
0.3078036904335022
0.6966110467910767
0.46364936232566833
0.5376394987106323
0.48659926652908325
0.6125270128250122
0.42655959725379944
0.2586768567562103
0.31609851121902466
0.5979005098342896
0.5793940424919128
0.3647367060184479
1.1714277267456055
0.5517829656600952
0.530877947807312
0.7402104139328003
0.4555150866508484
0.6247910261154175
0.20830807089805603
0.25196877121925354
0.6192845106124878
0.424821138381958
0.36277955770492554
0.42696255445480347
0.538282036781311
0.27761203050613403
0.6878011226654053
0.3529631495475769
0.31485089659690857
0.31869909167289734
0.6965778470039368
0.775051474571228
0.5442733764648438
0.9102746844291687
0.5370573997497559
0.42782062292099
0.3829175531864166
0.19015681743621826
0.4833366274833679
0.760659396648407
0.7897366285324097
0.689419686794281
0.6172523498535156
0.6906608939170837
0.34041476249694824
0.6847138404846191
0.4551168382167816
0.3700724244117737
0.4490094780921936
0.7663796544075012
0.8518524169921875
0.7912884950637817
0.411917120218277
1.7147451639175415
0.7433043718338013
0.31824976205825806
0.6522995233535767
0.837010383605957
0.6844071745872498
0.6157989501953125
0.46566373109817505
0.4946061968803406
0.6084905862808228
0.528481125831604
0.24958336353302002
1.0245461463928223
0.5070707201957703
0.425767719745636
0.2506949305534363
0.49670448899269104
0.3043658137321472
0.30750471353530884
0.5097754597663879
1.018378734588623
0.4798966348171234
0.7928496599197388
0.4443679749965668
0.32593971490859985
0.6105700135231018
0.3241141736507416
0.4571691155433655
0.6808366775512695
0.8361256718635559
0.36048218607902527
0.4349827766418457
0.36834803223609924
0.7088930010795593
0.6443000435829163
0.656717836856842
0.5768275856971741
0.4290675222873688
0.7947565317153931
0.34393948316574097
0.4696418344974518
0.3446451723575592
0.7855978012084961
0.37910357117652893
0.5910456776618958
0.5425741672515869
0.569905161857605
0.7541972994804382
0.546262800693512
0.6024320721626282
0.2781907916069031
0.39244344830513
0.25746050477027893
0.6192816495895386
0.3978162705898285
0.7106565237045288
0.7564905881881714
0.7067941427230835
0.3285195529460907
0.48658815026283264
0.46977025270462036
0.7450956106185913
0.9238207936286926
0.9075148701667786
1.5002142190933228
0.9425781965255737
1.0350769758224487
0.22449859976768494
0.46370238065719604
0.25909659266471863
0.5676716566085815
0.3997582197189331
0.3832763731479645
0.8756725192070007
1.2959470748901367
1.1361533403396606
0.7912200093269348
0.5403571724891663
0.6146412491798401
0.3069782555103302
0.587354302406311
0.35063183307647705
0.5633519887924194
0.27144312858581543
0.719615638256073
0.37938159704208374
0.3418641686439514
0.32958871126174927
0.45242929458618164
0.32348722219467163
0.6712643504142761
0.359685480594635
0.42391854524612427
0.7488664984703064
0.3834971785545349
1.1429227590560913
1.0582205057144165
0.3449149429798126
0.5778022408485413
0.31572407484054565
0.53668612241745
0.30009764432907104
0.4090081751346588
0.9256938099861145
0.5196471214294434
0.28522607684135437
0.5738071203231812
0.44617095589637756
0.42449942231178284
1.3015635013580322
0.4594718813896179
0.5264008641242981
0.2749553918838501
0.441685289144516
0.5021759271621704
0.8084725141525269
0.6597088575363159
0.4015916883945465
0.6470097303390503
0.5201212763786316
0.6550225019454956
0.8710977435112
0.8203516006469727
0.4907838702201843
0.5260432958602905
0.4254573881626129
0.48963919281959534
0.47281283140182495
0.39945414662361145
0.6427866816520691
1.068798542022705
0.4177183210849762
0.520257830619812
0.2595725953578949
0.25720852613449097
0.38834306597709656
0.45143112540245056
0.2750568687915802
0.41115275025367737
0.6159929633140564
0.2434094399213791
0.4570208191871643
0.3156171441078186
0.3500880300998688
0.614686131477356
0.42456167936325073
0.47568780183792114
0.6257924437522888
1.0956975221633911
0.6187903881072998
0.6116466522216797
0.3519510328769684
0.29481834173202515
0.7282406091690063
0.4669423997402191
0.5335605144500732
0.9374297261238098
0.3676721751689911
1.0219463109970093
0.589988112449646
0.7994751930236816
1.1716099977493286
0.592584490776062
0.7841821312904358
0.7377330660820007
0.8235542178153992
0.38827279210090637
0.31781628727912903
0.4083796441555023
0.61896812915802
0.9873248934745789
0.4819035530090332
0.6195986866950989
0.5435434579849243
0.6220681667327881
0.42427730560302734
0.4949699342250824
0.5924840569496155
0.40227261185646057
0.4595291018486023
0.4332125186920166
0.569994330406189
1.1128804683685303
0.81348717212677
0.20881307125091553
0.6800480484962463
0.815112292766571
0.46543222665786743
0.42989102005958557
0.34330326318740845
0.6291147470474243
0.2953680455684662
0.565712571144104
0.5724861025810242
0.5739386081695557
0.14221635460853577
0.3432701528072357
0.345492422580719
0.6790798306465149
0.3390970230102539
0.42596134543418884
0.401531457901001
