0.37388408184051514
0.21136263012886047
0.8262258768081665
0.7538613080978394
0.7135159373283386
0.20296764373779297
0.9106169939041138
0.30002716183662415
0.34558162093162537
0.6069919466972351
0.479299932718277
0.6999653577804565
0.3885424733161926
0.45295462012290955
0.3412175178527832
0.5220657587051392
0.8542352914810181
0.5157073140144348
0.328518271446228
0.4577668607234955
0.5952478647232056
0.9078324437141418
0.5641627907752991
0.6855502128601074
1.047047734260559
0.18194210529327393
0.38601183891296387
0.9384723901748657
0.31843578815460205
0.5264726877212524
0.34241095185279846
0.40157055854797363
0.7108665704727173
0.4454578459262848
0.5727490186691284
0.5445850491523743
0.33709269762039185
1.0951368808746338
0.2750038504600525
0.49624666571617126
0.5460326075553894
0.25944074988365173
0.5846997499465942
0.21219606697559357
0.4786343574523926
0.505263090133667
0.6623862385749817
0.4541078507900238
0.5093526244163513
0.5233477354049683
0.9102023243904114
0.5403209328651428
0.9324457049369812
0.24893757700920105
0.5798763036727905
0.5122276544570923
0.311907023191452
0.7156709432601929
0.675511360168457
0.3305744528770447
0.24381239712238312
1.0643976926803589
0.4670470356941223
0.3752335011959076
0.6271536946296692
0.4710359573364258
0.580692708492279
0.4346173405647278
0.304753839969635
0.558982789516449
0.735890805721283
0.8387748003005981
0.35958248376846313
0.3062722086906433
0.6654559373855591
1.0170962810516357
0.8387928009033203
0.6620004177093506
0.18712297081947327
0.4217061400413513
0.6618589758872986
0.4082704186439514
0.48515406250953674
0.27491506934165955
1.1925113201141357
0.3124330937862396
0.4181949496269226
0.42871910333633423
0.3236444890499115
0.2866744101047516
0.5422881245613098
0.2785247266292572
0.6582770347595215
0.6252439022064209
0.7551512718200684
0.5788828730583191
0.598366916179657
0.6443008184432983
0.26143398880958557
0.22335994243621826
0.7635619044303894
1.2324168682098389
0.31447964906692505
0.8224999308586121
0.4980672001838684
0.24860787391662598
0.3461208641529083
0.40893617272377014
0.8930118680000305
0.7464200854301453
0.3185460567474365
0.48096752166748047
0.8992406725883484
0.9459668397903442
0.3741648495197296
0.9842033386230469
0.7302103042602539
0.38895392417907715
0.6328937411308289
0.6991270184516907
0.7212203741073608
0.7758406400680542
0.4400065839290619
0.48159465193748474
0.3935411870479584
0.5007048845291138
0.4537147581577301
0.22096958756446838
0.6420185565948486
0.23397573828697205
0.7669563293457031
0.6966983675956726
0.6034935712814331
0.6721002459526062
0.8929017782211304
0.3818801939487457
0.46236974000930786
0.5649021863937378
0.755342423915863
0.3267344534397125
0.29197025299072266
0.35298866033554077
0.34792450070381165
0.46933016180992126
0.8567495346069336
0.49485379457473755
0.512458324432373
0.6686792969703674
0.8351807594299316
0.259818434715271
1.0714099407196045
0.5261063575744629
0.3843328356742859
0.45954999327659607
0.32519781589508057
0.7247722148895264
0.32986003160476685
0.532110333442688
0.434457004070282
0.6223358511924744
0.5221730470657349
0.37753790616989136
0.7363943457603455
0.3370550274848938
0.4115752577781677
0.4378911554813385
0.3181435167789459
0.4713480472564697
0.5443946719169617
0.47522711753845215
0.42636388540267944
0.3003329634666443
0.4080382287502289
0.532476007938385
0.41045713424682617
0.43646520376205444
0.954931914806366
0.33216622471809387
0.3628712594509125
0.7040091753005981
0.4042014479637146
0.7674583196640015
0.43493565917015076
0.37230461835861206
0.36190861463546753
0.561515748500824
0.5791448354721069
0.742500901222229
0.7112644910812378
0.5691012144088745
0.3757772147655487
0.4940698742866516
0.3499860167503357
0.8227012753486633
0.4256865084171295
0.909715473651886
0.7270139455795288
0.36401790380477905
0.7342365384101868
0.38626086711883545
0.5204512476921082
0.3086817264556885
0.43065667152404785
0.4842303395271301
0.5443183183670044
0.6803755164146423
0.6126282811164856
0.5387314558029175
0.4034648835659027
0.286327600479126
0.7856894731521606
0.38225650787353516
0.2222563773393631
0.45908576250076294
0.5293865203857422
0.6884485483169556
0.3964514136314392
0.5636610984802246
0.8257349133491516
0.5272722244262695
0.6260100603103638
0.9614591598510742
0.6079123020172119
0.333408385515213
0.39952677488327026
0.578604519367218
0.5392953753471375
0.3483065068721771
0.517970860004425
0.3594975471496582
0.818047821521759
0.4764600396156311
0.4339774250984192
0.2652161717414856
0.4132515788078308
0.5939651727676392
0.3756004273891449
0.3509856164455414
0.7615201473236084
0.45657119154930115
0.6563904881477356
0.38126125931739807
0.5560294985771179
0.21893224120140076
0.3634270131587982
0.7936040759086609
0.8061952590942383
0.3220076262950897
0.5426468849182129
0.2884243428707123
0.32321515679359436
0.5061997771263123
0.27443283796310425
0.34027785062789917
0.8083969950675964
0.5277968049049377
0.3434590697288513
0.5735227465629578
0.5343180298805237
0.7321633100509644
0.6468863487243652
0.6473124623298645
0.5127359628677368
0.6119474768638611
0.1533900499343872
0.40888768434524536
0.6540575623512268
0.4129006266593933
0.6055755615234375
0.47504276037216187
0.49666422605514526
0.35865548253059387
0.5698116421699524
0.5702257752418518
0.31684404611587524
0.4106045663356781
0.6754258871078491
0.4611338973045349
0.7121587991714478
0.5733890533447266
0.8594614863395691
0.41437119245529175
1.013523817062378
0.609606921672821
0.6060120463371277
0.4284384846687317
0.4588310122489929
0.6334928274154663
0.7429319620132446
0.4319702684879303
0.7282348275184631
1.080627202987671
0.5020099878311157
0.5467829704284668
0.9608210325241089
0.39575645327568054
0.5770773887634277
0.5650097131729126
0.8020337224006653
1.437957525253296
0.6474747657775879
0.4071277976036072
0.5974540114402771
0.6013466119766235
0.47646036744117737
0.435385137796402
0.2990280091762543
0.9640084505081177
0.2636054754257202
0.7310495376586914
0.6565144062042236
0.7297049760818481
0.6175758242607117
0.3141070008277893
0.7746723890304565
0.2621166706085205
0.6502131223678589
0.9491771459579468
1.232216238975525
0.7738193273544312
0.7903124094009399
0.47230657935142517
0.6231477856636047
0.70063316822052
0.7709629535675049
0.6276076436042786
0.8532776832580566
0.5798407196998596
0.22572319209575653
0.7989691495895386
0.3839505910873413
0.4127107262611389
0.19073604047298431
0.34097522497177124
0.4511663317680359
0.36761632561683655
0.3137493133544922
1.001017689704895
