0.7384974360466003
0.5133936405181885
0.5390282869338989
0.6837634444236755
0.863054633140564
0.4048265516757965
0.6539842486381531
0.7569742798805237
0.7900193333625793
0.2859245538711548
0.634748101234436
0.5477641224861145
0.40748730301856995
0.5918156504631042
0.29138848185539246
0.42827072739601135
0.33050718903541565
0.3202223479747772
0.7394824028015137
0.7517565488815308
0.707312822341919
0.2822158932685852
0.1563081294298172
0.6018561124801636
0.7273016571998596
0.32858818769454956
0.306555837392807
0.27264848351478577
0.5473934412002563
0.34876909852027893
0.29409074783325195
0.939566433429718
0.31845372915267944
0.20404836535453796
0.2895076274871826
0.5019732713699341
0.7061932682991028
0.5570850968360901
0.49784427881240845
0.5745707154273987
0.7715999484062195
0.36424314975738525
0.5094825625419617
0.6065915822982788
0.9492805600166321
0.5145872831344604
0.6657487154006958
0.38365116715431213
0.6553152799606323
0.5873825550079346
0.5486856698989868
0.34865933656692505
0.7073477506637573
0.3046756982803345
0.23396500945091248
0.6659339666366577
0.4864904284477234
0.7700366973876953
0.4947947561740875
0.30309733748435974
0.7791966199874878
1.1493462324142456
0.38547399640083313
1.2092788219451904
0.3522755801677704
0.5505803823471069
0.38242703676223755
1.0328909158706665
0.1503072828054428
0.3823980689048767
0.46852707862854004
0.5906063914299011
0.5499368906021118
0.5813905596733093
0.7283951044082642
0.343620628118515
0.5399218201637268
0.334984689950943
0.8137338757514954
0.30301231145858765
0.8944002389907837
0.2404031753540039
0.6210643649101257
0.4747828543186188
0.6870907545089722
0.5949851870536804
0.3931465744972229
0.8946110606193542
0.427914559841156
0.4569009840488434
0.5771849751472473
0.5297778248786926
0.4856458306312561
0.6184815168380737
0.26038047671318054
0.866680920124054
0.503433108329773
0.6126683354377747
0.5326989889144897
1.2958650588989258
0.41388702392578125
0.5188005566596985
0.28826600313186646
0.8587183952331543
0.58271324634552
0.3821560740470886
0.46782317757606506
0.7912731766700745
0.928938090801239
0.5757905840873718
0.5858529806137085
0.6974166035652161
0.39461779594421387
0.37031155824661255
0.5348803400993347
0.5540724992752075
0.29718858003616333
0.5176701545715332
0.42924970388412476
0.5518656373023987
0.25801533460617065
0.581623911857605
0.38315311074256897
0.22043702006340027
0.1671450287103653
0.46603649854660034
0.514051616191864
1.1162161827087402
0.39837855100631714
0.8230652809143066
0.19532062113285065
0.6510881185531616
0.410109281539917
0.6106227040290833
0.45063576102256775
0.577421247959137
0.5892145037651062
0.4715757966041565
0.4005504250526428
0.4541266858577728
0.749266505241394
0.4331056475639343
0.6493914723396301
0.38196563720703125
0.9786412119865417
0.9528730511665344
0.48614534735679626
0.4564196467399597
0.32872575521469116
0.5015863180160522
0.4858527183532715
0.7113288640975952
0.8951165080070496
0.3971173167228699
0.21373167634010315
0.5728777647018433
0.40447625517845154
0.5653654932975769
0.5678420066833496
0.5029875040054321
0.43070802092552185
0.5057538747787476
0.5550298690795898
0.31691718101501465
0.5143004655838013
0.6218371987342834
0.4497872292995453
0.4542791247367859
0.36406901478767395
0.693722128868103
0.21655628085136414
0.2848258912563324
0.6417248845100403
0.5532954931259155
0.18894587457180023
0.4336546063423157
0.38736897706985474
0.2549808621406555
0.593386173248291
0.8710017204284668
0.8087279200553894
0.7350054979324341
0.36962300539016724
0.3528802990913391
0.5075648427009583
0.28929105401039124
0.3457976281642914
0.7494557499885559
0.29700079560279846
0.2469804286956787
0.8721085786819458
0.36421141028404236
0.8180447816848755
0.8560493588447571
0.5269152522087097
0.5923460721969604
0.502475917339325
0.9362851977348328
0.33889296650886536
0.523834228515625
0.4888455271720886
0.4485507905483246
0.5209954977035522
0.6528223752975464
0.5596576929092407
0.3226838707923889
0.23539701104164124
0.5542151927947998
0.2976546883583069
0.7405864000320435
0.48811155557632446
0.6189892292022705
0.7186472415924072
0.48022356629371643
0.40076813101768494
0.5514901876449585
0.40682417154312134
0.608731746673584
0.44471216201782227
0.7791545391082764
1.4906847476959229
0.7565075159072876
0.42055901885032654
0.5191553831100464
0.6727665662765503
0.7574155926704407
0.3504699766635895
0.6639425754547119
1.1115272045135498
0.5344642996788025
0.813686728477478
0.4182557165622711
0.4578130841255188
0.43448305130004883
1.1205579042434692
0.2088320255279541
0.4298245906829834
1.0564926862716675
0.5912715196609497
0.27332621812820435
0.1950296312570572
0.29112473130226135
1.031233549118042
0.47448062896728516
0.5603984594345093
0.2201412171125412
0.5136235952377319
1.072594404220581
0.5738855600357056
0.4163399636745453
0.3961946964263916
0.7610915899276733
0.4924922585487366
0.5271232724189758
0.8136059641838074
0.6268838047981262
0.33903756737709045
0.33557048439979553
0.666022002696991
0.48344963788986206
0.3638838529586792
0.4652034640312195
0.29618120193481445
0.3397512435913086
0.3127281069755554
0.41159915924072266
0.4867430329322815
0.6006208062171936
0.5920966267585754
0.5910238027572632
0.306219220161438
0.43327540159225464
0.9518043398857117
0.7028530240058899
0.8255687952041626
0.4758318066596985
0.5839244723320007
0.6001278162002563
0.22442615032196045
0.5972862839698792
0.4577357769012451
0.6014689207077026
0.43987441062927246
0.8292341232299805
0.246602863073349
0.4884309768676758
0.4927867352962494
0.5362785458564758
0.14047324657440186
1.047762155532837
0.3586616814136505
0.850549042224884
0.4467124342918396
0.41830435395240784
0.658463716506958
0.5855063199996948
0.3067268133163452
0.8485565185546875
0.3641616404056549
0.5071512460708618
0.3052295744419098
0.6418261528015137
0.8766285181045532
0.5688286423683167
0.18597133457660675
0.3803994655609131
0.5019922256469727
0.5926557183265686
0.6095970869064331
0.48769599199295044
0.5332449674606323
0.8060014843940735
0.3481667637825012
0.4612492024898529
0.3185858428478241
0.48692455887794495
0.25373539328575134
0.34234005212783813
0.3501865565776825
1.0737621784210205
0.3883669376373291
0.5818915963172913
0.5838552713394165
0.7142080068588257
0.377735435962677
0.21007844805717468
0.3942674398422241
0.2165864259004593
0.4863767623901367
0.4714524745941162
0.5403669476509094
0.4800245761871338
0.8521528244018555
0.3922712206840515
0.3641033470630646
0.24304723739624023
0.547441303730011
0.9976118206977844
