0.35812148451805115
1.2120389938354492
1.19591224193573
0.8441575765609741
0.4472576677799225
0.14388467371463776
0.847912609577179
0.6510487794876099
0.5416076183319092
0.7641605138778687
0.3061342239379883
0.506010890007019
0.4261992573738098
0.5335869789123535
0.6968374252319336
0.289628267288208
0.3514688014984131
0.5591026544570923
0.5314679741859436
0.3775595724582672
0.29913434386253357
0.42121297121047974
0.9837028384208679
0.6411877870559692
0.7162629961967468
0.5782798528671265
0.5731391310691833
0.40501537919044495
1.045329213142395
0.5235792398452759
0.8113194704055786
0.22606340050697327
0.6083572506904602
0.8838890194892883
0.6059752702713013
0.447329580783844
0.5646117329597473
0.4247380197048187
0.6248151063919067
0.3454485535621643
0.5053815245628357
0.38567596673965454
0.4054033160209656
0.772724449634552
0.4539995789527893
0.35699379444122314
0.9296897053718567
0.45040640234947205
0.5111417174339294
0.7243635058403015
0.4771072268486023
0.8346771001815796
0.5322642922401428
0.4771369397640228
0.872786819934845
0.6532918214797974
0.4632425308227539
0.5290238261222839
0.4452210068702698
1.0222671031951904
0.7798842191696167
0.6612885594367981
0.9911847114562988
0.27362146973609924
0.7522948980331421
0.33955371379852295
0.4445350170135498
0.7423485517501831
0.2836371064186096
0.4173751473426819
0.8952416181564331
0.4886336326599121
0.3288143277168274
0.24406202137470245
1.1663960218429565
0.3527049422264099
0.41317471861839294
0.2644447684288025
0.488900750875473
0.46224871277809143
0.3971620202064514
1.356655478477478
0.48683205246925354
0.7399924993515015
0.3705407679080963
0.23681208491325378
0.3242403566837311
0.32014745473861694
0.3503170907497406
0.571395993232727
0.3840113878250122
0.4039373993873596
0.5107523202896118
0.6106088757514954
0.9208332300186157
0.6051567792892456
0.3561709225177765
0.6767970323562622
0.42521175742149353
0.5440524816513062
0.7559754252433777
0.5446454286575317
0.302727073431015
0.3796519637107849
0.7322860956192017
0.765788197517395
0.4270864427089691
0.32815465331077576
0.3940606117248535
0.4773281216621399
0.2838742136955261
0.36721208691596985
0.30269259214401245
0.25793758034706116
0.39074423909187317
0.40643373131752014
0.4417973458766937
0.4401606619358063
1.1641472578048706
0.1910286843776703
0.6110334396362305
0.5912318825721741
0.43970733880996704
0.4617549777030945
0.8075499534606934
0.8113102912902832
0.3349771499633789
0.4258654713630676
0.480671226978302
1.1750435829162598
0.5581178665161133
0.3735949397087097
0.4804764688014984
0.3307810425758362
0.7143865823745728
0.2973836064338684
0.4739779531955719
0.3931858241558075
0.5931779742240906
0.568259596824646
0.3205094635486603
0.4870179295539856
0.6486590504646301
0.5555777549743652
0.6122674942016602
0.3677810728549957
0.6001951694488525
0.3563843369483948
0.5219694972038269
0.9363552331924438
0.5163130164146423
0.3025589883327484
0.9178335070610046
0.21429219841957092
0.8298760652542114
0.4756583273410797
0.3558887839317322
0.27990835905075073
0.285041868686676
0.21015724539756775
0.6665391325950623
0.3833298087120056
0.279163122177124
0.4192299246788025
0.3422826826572418
0.3637659549713135
0.588598370552063
0.28813862800598145
0.7953325510025024
0.39982184767723083
0.4494442939758301
0.5013918280601501
0.5669011473655701
0.24402537941932678
0.2956313490867615
0.5314384698867798
0.45992106199264526
0.3187740743160248
0.31183815002441406
0.47115111351013184
0.4694264531135559
0.461538702249527
0.5999447107315063
0.6267145276069641
0.4593239426612854
0.4700111448764801
0.5393611192703247
0.4186640679836273
0.2818771302700043
0.6209768652915955
0.3828616440296173
0.482994943857193
0.4518698751926422
0.6518695950508118
0.24855908751487732
0.5684542655944824
0.6870785355567932
0.42558369040489197
0.5908017158508301
0.3685106635093689
0.23947206139564514
0.20646555721759796
0.13029879331588745
0.6092827916145325
0.5644165873527527
0.15786638855934143
0.47390609979629517
0.25067147612571716
0.7501940131187439
0.6866094470024109
0.3187069594860077
0.7347320318222046
0.5036067366600037
0.45998916029930115
0.4147875905036926
0.44445592164993286
0.33260679244995117
0.6354632377624512
0.9037604331970215
0.526369571685791
0.9004511833190918
0.6343148946762085
0.9064949154853821
0.6417984962463379
0.42035341262817383
0.5954775214195251
0.5199099183082581
0.3891562223434448
0.6024366617202759
0.3784125745296478
0.7503830790519714
0.27961286902427673
0.41338080167770386
0.4473537802696228
0.48357781767845154
0.6409632563591003
0.8679898381233215
0.6276440620422363
0.5802896022796631
1.005488395690918
0.39596861600875854
0.46099168062210083
0.6898571252822876
0.35605835914611816
0.7549114227294922
0.6812653541564941
0.7430108785629272
0.2658127248287201
0.6758567690849304
0.42722630500793457
0.19315876066684723
0.2421422004699707
0.48901301622390747
0.42007747292518616
0.3159264922142029
0.5826990604400635
0.6021655797958374
0.6228026151657104
0.29576605558395386
0.550633430480957
0.5813776254653931
0.7226794958114624
0.4102087914943695
0.5914838910102844
0.6448928713798523
0.2936745285987854
0.6216546297073364
0.5894171595573425
0.32057711482048035
0.6980685591697693
0.5555220246315002
0.4234023988246918
0.4217556416988373
0.46335792541503906
0.923375129699707
0.7833468317985535
0.5402276515960693
1.0662620067596436
1.2387009859085083
0.40016642212867737
0.7853859066963196
0.9147670865058899
0.7496011853218079
0.70673006772995
0.31926608085632324
0.3249945640563965
0.40901660919189453
0.8655502200126648
0.724096953868866
0.36605530977249146
0.8473908305168152
0.4131609797477722
0.3269253969192505
0.23195859789848328
0.32173770666122437
0.374133437871933
0.9319688677787781
0.6429948210716248
0.5624850988388062
0.34772059321403503
1.079216480255127
0.3725983500480652
0.29766130447387695
0.3975068926811218
0.7677016258239746
0.3438613712787628
0.35748201608657837
0.6881659030914307
0.6835757493972778
0.8506242632865906
0.6233932375907898
0.7863469123840332
0.5398272275924683
0.6371005773544312
0.37790241837501526
0.42385736107826233
0.6699329018592834
0.6134577393531799
0.6375340223312378
0.8045346140861511
0.778046190738678
0.12724050879478455
0.6291892528533936
0.3468542695045471
1.613853096961975
0.9315875768661499
0.3867948651313782
0.3676172196865082
0.3561992347240448
0.32928451895713806
0.588253378868103
0.28324493765830994
0.48701581358909607
0.22371402382850647
0.4788826107978821
0.36787503957748413
0.4168235659599304
1.6257901191711426
