0.37505969405174255
0.4616531431674957
0.7523033022880554
0.3809369206428528
0.781739354133606
0.4956730902194977
0.6888590455055237
0.3590783476829529
0.744372546672821
0.2836938798427582
0.3214649558067322
0.7093088030815125
0.7625105381011963
0.8340024948120117
0.9286695718765259
0.35003483295440674
0.5508967638015747
0.797404408454895
0.5038547515869141
0.3449001908302307
0.27888399362564087
1.1179279088974
0.961098313331604
0.6182761192321777
0.8729833364486694
0.5052403211593628
0.3702504634857178
0.2491927444934845
0.5290793180465698
0.3408741354942322
0.7289659380912781
0.6155222058296204
0.3420608639717102
0.47137174010276794
0.37151870131492615
0.21674859523773193
0.5913555026054382
0.782326877117157
0.7168447375297546
0.48399296402931213
0.7117100954055786
0.2703785002231598
0.4952391982078552
0.6080955862998962
0.1982053518295288
0.7714415192604065
0.5277621746063232
0.678874135017395
0.43984824419021606
0.3730742931365967
0.4218713641166687
0.6352401375770569
0.34535419940948486
0.6293504238128662
0.6752983331680298
0.31144261360168457
0.3126918375492096
0.3331473469734192
0.9368078112602234
0.509398341178894
0.5565603375434875
1.153334379196167
0.450609028339386
0.29020237922668457
0.4818163812160492
0.45733642578125
0.5639469623565674
0.30735403299331665
0.34106507897377014
0.5986847281455994
0.5207628011703491
0.3419245183467865
0.4538949429988861
0.4333241879940033
1.1203755140304565
0.4119831919670105
0.3730436861515045
0.7028796672821045
0.30737870931625366
0.5521600246429443
0.4098939299583435
0.3309384286403656
0.41174906492233276
0.48423653841018677
0.7417600750923157
0.8454561233520508
0.3235805630683899
0.2581962049007416
0.3947182595729828
0.505294919013977
0.841993510723114
0.5903927087783813
0.4802567958831787
0.367227166891098
0.5553609728813171
0.46384960412979126
0.43041905760765076
0.18773964047431946
0.2863382399082184
0.6054657101631165
0.6152865290641785
0.6274088621139526
0.4304318428039551
0.3994230329990387
0.6737566590309143
0.7525831460952759
0.8795531988143921
0.6501555442810059
0.5564351081848145
0.5814977884292603
0.46826785802841187
0.5524265766143799
0.3926175534725189
0.48339423537254333
0.5259782075881958
0.30442410707473755
0.6107272505760193
0.31195738911628723
1.2683844566345215
0.5207684636116028
0.3957945704460144
0.7873066067695618
0.5584692358970642
0.4424971640110016
0.4743771553039551
0.6403502225875854
0.46104907989501953
0.5024698972702026
0.50873863697052
0.7461963891983032
0.693257212638855
0.45841923356056213
0.432850182056427
0.3312114179134369
0.2560901641845703
1.1524507999420166
0.5375890731811523
0.5158629417419434
0.7784520983695984
0.26345106959342957
0.4099423885345459
1.1452195644378662
0.24475494027137756
0.7855578660964966
0.4222545027732849
0.3323538899421692
0.4693940281867981
0.44356459379196167
0.8017822504043579
0.45073947310447693
0.5714970827102661
0.6255158185958862
0.16713078320026398
0.5441288948059082
0.3303152918815613
0.7047104835510254
0.5513013601303101
0.394207239151001
0.9138256907463074
0.6436711549758911
0.2811024785041809
0.5357654094696045
1.088507890701294
0.5272375345230103
0.48338860273361206
0.5508965849876404
0.8144623637199402
0.6122363805770874
0.3374646306037903
0.4478328824043274
0.650409460067749
0.49052613973617554
0.5701802968978882
0.7201453447341919
0.30360132455825806
0.5073367953300476
0.6117821931838989
0.5249138474464417
0.3906227946281433
0.41664257645606995
0.5449377298355103
0.5015090703964233
0.340908020734787
0.5700937509536743
1.302778959274292
0.6574010252952576
0.3590644299983978
0.8659181594848633
0.6159499883651733
0.4343576431274414
0.7559962272644043
0.6161681413650513
0.2763798236846924
0.3563486635684967
0.7626336812973022
0.19701647758483887
0.5959945917129517
0.7897973656654358
0.3774183690547943
0.5859637260437012
0.49933457374572754
0.2630271315574646
0.7528935670852661
0.7479864954948425
0.5257965326309204
0.3995770215988159
0.5892788171768188
0.7248064279556274
0.8801724314689636
0.373837411403656
0.32376229763031006
0.6503236889839172
0.6406667828559875
0.27988824248313904
0.6408120393753052
0.47425636649131775
0.5786893963813782
0.5456246137619019
0.7178522348403931
0.6011287569999695
0.790913462638855
0.537571907043457
1.0959882736206055
0.5886462926864624
0.2668464183807373
0.4405304789543152
1.2785106897354126
0.4436458647251129
0.5747473835945129
0.41389912366867065
0.4045886993408203
0.5206987857818604
0.7142037153244019
0.6872311234474182
1.83512282371521
0.7325314283370972
0.5086671113967896
0.7441298961639404
0.1618657410144806
0.6611089706420898
0.44595497846603394
0.2711375653743744
0.38170522451400757
0.5852014422416687
0.5267304182052612
0.503843367099762
0.6007469892501831
0.7117780447006226
0.4609581530094147
0.3376730680465698
0.45276936888694763
0.3951181173324585
0.4204217493534088
0.26461106538772583
0.6946908235549927
0.6247249841690063
0.3415958285331726
0.3875029683113098
0.25220322608947754
0.14499732851982117
0.5729759335517883
0.3762042820453644
0.26466068625450134
0.572564423084259
0.402677446603775
0.6531667113304138
0.2866770625114441
0.8417714238166809
0.11966319382190704
1.001896858215332
0.37798863649368286
0.5407130718231201
0.7581785917282104
0.3510485291481018
0.7122852802276611
0.24606545269489288
0.5230468511581421
0.7370821237564087
0.40762943029403687
0.47620153427124023
0.8585373163223267
0.5505192875862122
0.15147410333156586
0.35613468289375305
0.24250730872154236
0.7145431637763977
0.5320941209793091
0.687730073928833
0.44425278902053833
0.2503005266189575
0.4172908663749695
0.41840845346450806
0.3544592559337616
0.38425615429878235
0.9087167978286743
0.5478408932685852
0.42672961950302124
0.5556440353393555
0.6096317172050476
0.5800641179084778
0.391144335269928
0.6524547338485718
0.33445194363594055
0.4388658404350281
0.5772794485092163
0.7886725664138794
0.5033919215202332
0.5347196459770203
0.6692181825637817
0.7089914083480835
0.30732911825180054
0.47208866477012634
0.4516710638999939
0.29459911584854126
0.4429786205291748
0.5175479650497437
0.9783231616020203
1.5461111068725586
0.825060248374939
0.20392084121704102
0.46807414293289185
0.2907050848007202
0.5981232523918152
0.4764808714389801
0.3407728970050812
0.30500179529190063
1.127058982849121
0.43814367055892944
0.6606280207633972
0.8165739178657532
0.5717304944992065
0.6107648611068726
0.2864234447479248
0.42552095651626587
0.18864965438842773
0.5684300661087036
0.7553366422653198
1.1450916528701782
