0.5567809343338013
1.3111275434494019
0.40727537870407104
0.654055118560791
0.8153403401374817
0.38750895857810974
0.26465022563934326
0.692144513130188
0.4747747778892517
0.3780943751335144
1.4705660343170166
0.5429552793502808
0.5893198847770691
0.3450086712837219
0.4473040997982025
0.3626512587070465
0.7566441893577576
0.5274832248687744
0.5738507509231567
0.4750765860080719
0.6120181083679199
0.49379491806030273
0.8811864852905273
0.36454516649246216
0.538962185382843
0.3708427846431732
0.5499354600906372
0.21877503395080566
0.3505704402923584
0.7498615980148315
0.2010461837053299
0.7052901983261108
0.5596319437026978
0.9756075739860535
0.47670429944992065
0.4121991991996765
0.23274359107017517
0.3921835422515869
1.0744644403457642
0.4766523838043213
0.5426612496376038
0.33032816648483276
0.27814197540283203
0.24266302585601807
0.35532164573669434
0.7449668049812317
0.27998343110084534
0.6812359094619751
0.7367470264434814
0.3839159607887268
0.38100388646125793
0.49691200256347656
0.6021156311035156
0.25697723031044006
0.15102942287921906
0.6725720167160034
0.30777233839035034
0.6145225167274475
0.45130348205566406
0.3703153729438782
0.5533124804496765
0.49274736642837524
0.3734411597251892
0.6333366632461548
0.38474568724632263
0.37091943621635437
0.2834438681602478
0.5169651508331299
0.4523487091064453
0.5684623718261719
0.510920524597168
0.41253748536109924
0.3484657406806946
0.44061070680618286
0.8056579828262329
0.18449178338050842
0.5373198986053467
0.2939632833003998
0.35213369131088257
0.40536588430404663
0.516560435295105
0.34658366441726685
0.9272328615188599
1.0599421262741089
0.5685214400291443
0.35849520564079285
0.7920426726341248
0.9141885042190552
0.4250282645225525
0.5969564914703369
0.36167222261428833
0.507860541343689
0.4868646562099457
0.33645302057266235
0.4120754599571228
0.5014989972114563
0.5381690263748169
0.3412911295890808
0.6862450838088989
1.3356420993804932
0.32065504789352417
0.34808769822120667
0.5817273855209351
0.4808650016784668
1.1416906118392944
0.3396284580230713
0.581440806388855
0.4182353615760803
0.4293088912963867
0.5228294134140015
1.0102850198745728
0.6919708251953125
0.5369989275932312
0.37555915117263794
0.8911992907524109
0.5700952410697937
0.40483060479164124
0.4089747965335846
0.4096197187900543
0.6671434640884399
0.41855987906455994
0.47646746039390564
0.7450694441795349
0.359465092420578
0.6303211450576782
0.874224841594696
0.5280914306640625
0.46852952241897583
0.5065563917160034
0.6327470541000366
0.4979183077812195
0.3843920826911926
1.1431713104248047
0.306626558303833
0.7826358079910278
0.2879064679145813
0.49876490235328674
0.737484335899353
0.4046899676322937
0.680584728717804
0.4362059235572815
0.61424720287323
0.7943452596664429
0.23501305282115936
0.5597957372665405
0.6070979833602905
0.7549635767936707
0.430335134267807
1.1827625036239624
0.49450722336769104
0.9482414126396179
0.23595306277275085
0.22085389494895935
0.5239498019218445
0.4367366433143616
0.5832468271255493
0.604254424571991
0.33616048097610474
0.7646167278289795
0.3616313338279724
0.5015876889228821
0.3685376048088074
0.5777758955955505
0.6313130259513855
0.48859477043151855
0.6204688549041748
0.5135127305984497
0.9776102304458618
0.3231259882450104
0.37634116411209106
0.2826509475708008
0.4908785820007324
0.7536031007766724
0.2511080205440521
0.5723570585250854
0.3509267270565033
0.9653860330581665
0.9902189373970032
0.6183245778083801
0.3342004418373108
0.5297530889511108
0.38517946004867554
0.6025383472442627
0.4297865927219391
0.37095677852630615
0.41129785776138306
1.056862473487854
1.0737292766571045
0.2492673099040985
0.6750805377960205
0.30227866768836975
0.283435195684433
0.6690742373466492
0.4111871123313904
0.5503618121147156
0.7247021198272705
0.3764936625957489
0.9104703068733215
0.4640383720397949
0.7006314396858215
0.6527327299118042
0.35006967186927795
0.7810190916061401
0.8909665942192078
0.5252546072006226
0.7213131785392761
0.6018766760826111
0.4697478711605072
0.9014841318130493
0.7925893068313599
0.5563818216323853
0.48704615235328674
0.4578149914741516
0.5308448076248169
0.41774773597717285
0.5265377759933472
0.3744816780090332
0.6155002117156982
0.7864599227905273
0.7838188409805298
0.783109188079834
0.4718727469444275
0.19219562411308289
0.6058009266853333
0.48501452803611755
0.7503464221954346
0.6484283804893494
0.8068559765815735
0.5140409469604492
0.1755029708147049
1.3676847219467163
0.7251572608947754
0.31363654136657715
0.39032816886901855
0.2968766987323761
0.42577219009399414
0.5198801159858704
0.4781474173069
0.6217513680458069
0.5808151960372925
0.4032171368598938
0.39590391516685486
0.4388910233974457
0.7281337380409241
0.2686367928981781
0.5713061094284058
0.23063845932483673
0.6344936490058899
0.4328257441520691
0.7099717855453491
0.3925599455833435
0.5264025926589966
0.38925784826278687
0.4309021532535553
0.44797974824905396
0.4008764326572418
0.3634578287601471
0.3368668854236603
0.8977330327033997
0.38287702202796936
0.9869529604911804
0.5163887739181519
0.5420886278152466
0.29302722215652466
0.939094066619873
0.49155768752098083
0.5928766131401062
0.33352333307266235
0.6408923864364624
0.6625308990478516
0.7740159034729004
0.40595561265945435
0.4744568467140198
0.7124642133712769
0.7515335083007812
0.5011035203933716
0.6070183515548706
0.4590698182582855
0.36178895831108093
0.38360023498535156
0.3311530649662018
0.5620492696762085
0.3334082365036011
0.5421532392501831
0.278382271528244
0.7868071794509888
0.46039992570877075
0.645128607749939
0.4264066219329834
0.45195427536964417
0.5297228693962097
1.0149519443511963
0.4553166925907135
0.18000414967536926
0.26149579882621765
0.6349905729293823
0.4350655674934387
0.8110569715499878
0.46810418367385864
0.5009530186653137
1.077134132385254
0.26837679743766785
0.7895882725715637
0.6305826902389526
0.5118563175201416
0.5468485951423645
0.4061877131462097
0.43874591588974
0.9597402811050415
0.5795901417732239
0.950840950012207
0.4779950976371765
0.45833778381347656
0.43095293641090393
0.6649551391601562
0.6253260374069214
0.34202682971954346
0.7776705026626587
0.9807209968566895
0.7346236705780029
0.9575930833816528
0.5175610780715942
0.20040912926197052
0.3136116862297058
0.3202466368675232
0.6066823601722717
0.31246480345726013
0.5696605443954468
0.4824283719062805
0.6284388303756714
0.5726569294929504
0.8491252064704895
0.3366229236125946
1.0257121324539185
0.6135618090629578
0.42450302839279175
0.7373563051223755
0.359991192817688
