0.5100890398025513
0.5985822677612305
0.39463716745376587
0.35446697473526
0.5214256644248962
0.5900372266769409
0.7772170305252075
0.46682992577552795
1.1945677995681763
0.8128420114517212
0.3596823811531067
0.5628086924552917
0.9159900546073914
0.9070442318916321
0.4283682703971863
0.21393322944641113
0.25484010577201843
0.28254443407058716
0.7745051383972168
0.47321194410324097
0.3013893961906433
0.5239028930664062
0.40135154128074646
0.4594344198703766
0.2992747128009796
0.5692925453186035
0.60181725025177
0.5592639446258545
0.7425724864006042
0.2848949134349823
0.4700334966182709
0.9223114848136902
0.4751583933830261
0.6372802257537842
0.5373765230178833
0.9288740158081055
0.9009199142456055
0.7315807938575745
0.7781820297241211
0.3949742019176483
0.5071815252304077
0.3952632546424866
0.5660322904586792
0.3463495075702667
0.6635280847549438
0.4374724328517914
1.1402044296264648
0.21788164973258972
0.376005083322525
0.3296374976634979
0.46568575501441956
0.6515479683876038
0.684147834777832
0.3896406292915344
0.4723016321659088
0.6203303337097168
0.5049840211868286
0.29414886236190796
0.4133857786655426
0.3201914131641388
0.5855939984321594
0.5800462961196899
0.35494518280029297
0.521562397480011
0.42159566283226013
0.9562395811080933
0.326608806848526
0.48019570112228394
0.38788995146751404
0.5066956281661987
0.5279508829116821
0.381138414144516
0.5238549113273621
0.7027060985565186
0.5680414438247681
0.4619615077972412
0.3906865417957306
0.47259682416915894
0.14591051638126373
0.4843210279941559
0.726856529712677
0.5670431852340698
0.5572372674942017
0.2435629665851593
0.5337557196617126
0.260765016078949
0.4588712751865387
0.24431224167346954
0.44573974609375
0.6723088622093201
0.88025963306427
0.3790721297264099
0.4230591356754303
0.9042655229568481
0.333374559879303
0.4784974157810211
0.5922142267227173
0.7928555607795715
0.9388483166694641
0.49006718397140503
0.7206240296363831
0.9562665820121765
0.4157920479774475
0.8030219078063965
0.32123836874961853
0.39150065183639526
0.3223571181297302
0.9862111210823059
0.6840109825134277
0.640457272529602
0.5349839329719543
0.4177260398864746
0.42645716667175293
0.4671556353569031
0.473203182220459
0.7696923017501831
0.8439810872077942
0.502577006816864
0.49197131395339966
0.29936596751213074
0.527058482170105
0.3781457543373108
0.5264602899551392
0.5572741627693176
1.3228247165679932
0.6249024271965027
0.46430522203445435
0.3245898187160492
0.39569491147994995
0.668443500995636
0.38291019201278687
0.7976431846618652
0.2909909784793854
0.19554272294044495
0.6777229905128479
0.29338786005973816
0.4598953127861023
0.4687899947166443
0.38353830575942993
0.6265543103218079
1.0784640312194824
0.5361403226852417
0.5785065293312073
0.5322498083114624
0.6009784936904907
0.4288765788078308
0.3627166748046875
0.7143951654434204
0.40886592864990234
0.31010156869888306
0.6912254095077515
0.3739476501941681
0.4858947694301605
0.5371501445770264
0.2689337730407715
0.8727580904960632
1.1397165060043335
0.19718220829963684
0.4108336865901947
0.5558100938796997
0.6911465525627136
0.8936408758163452
0.37258201837539673
0.8504435420036316
0.7912736535072327
0.8382884860038757
0.7861673831939697
0.32534468173980713
0.2962459325790405
0.40462541580200195
0.7871450185775757
0.6386045217514038
0.6717859506607056
0.9942032694816589
0.8289066553115845
0.3628762364387512
0.6779724359512329
0.8055804967880249
0.8740046620368958
0.9082996249198914
0.7817639708518982
0.2772185504436493
0.2467069923877716
0.6305676698684692
0.6283174753189087
0.6101546287536621
0.2933557629585266
0.46959036588668823
0.7669618725776672
0.44973477721214294
0.7914679050445557
0.1993711292743683
0.4171314239501953
0.18611270189285278
0.4708790183067322
0.4886283874511719
0.5542930364608765
0.26321902871131897
0.49317121505737305
0.5333229303359985
0.589794933795929
0.5709059238433838
0.5518113374710083
0.5664070248603821
0.2914557158946991
1.4023014307022095
0.3646448254585266
0.6558529138565063
0.21143794059753418
0.3370369076728821
0.41880568861961365
0.5367921590805054
0.3982269763946533
0.3385450839996338
0.6078155636787415
0.6262132525444031
0.8670892715454102
0.2934887707233429
0.38334983587265015
0.8537665605545044
0.6167734861373901
1.0902934074401855
0.9287735223770142
0.4570104479789734
0.5125860571861267
1.213441014289856
0.3747635781764984
0.2347395420074463
0.4694407880306244
0.7001749277114868
0.0917619913816452
0.4489423632621765
0.5034997463226318
0.5436705350875854
0.7919633388519287
0.45238572359085083
0.6849533319473267
0.23485693335533142
0.5230954885482788
0.40099725127220154
0.40362730622291565
0.9298256635665894
0.2294289618730545
0.3192410171031952
0.7137549519538879
0.46252021193504333
0.4234512448310852
0.518939197063446
0.7760477066040039
0.40761303901672363
0.4426700472831726
0.48372358083724976
0.40147390961647034
0.5053569078445435
0.3773762285709381
0.41558438539505005
0.4384542405605316
0.3889680802822113
0.4408750534057617
0.25954198837280273
0.9113824963569641
0.4176539480686188
0.35327428579330444
0.38057878613471985
0.6760350465774536
0.31398749351501465
0.8478968739509583
0.25574079155921936
0.3261188864707947
0.3466593325138092
0.5075258612632751
0.3274279236793518
0.6049010157585144
0.2510365843772888
0.51805579662323
0.35995304584503174
0.9821375608444214
0.5471128225326538
0.802262008190155
0.7801572680473328
0.7153995633125305
0.34186264872550964
0.4187852442264557
0.5018391013145447
0.5332978963851929
0.333810418844223
0.22329477965831757
0.3064320385456085
0.6370121836662292
0.46810322999954224
0.16085226833820343
0.5316972136497498
0.7952377200126648
0.38222378492355347
0.5304988026618958
0.48613446950912476
0.7871529459953308
0.4632362723350525
0.7594590187072754
0.6949243545532227
0.5103699564933777
0.31453457474708557
0.5891734957695007
0.7092974781990051
0.3220096826553345
0.28443968296051025
1.1524107456207275
0.33109042048454285
0.6040401458740234
0.5418338775634766
0.464080810546875
0.6443823575973511
0.5597918629646301
0.4186689257621765
0.6302633881568909
0.7164746522903442
0.5501519441604614
0.5019895434379578
0.4517092704772949
0.8293370008468628
0.4157170355319977
0.31104880571365356
0.4357994496822357
0.5776335597038269
0.4704316556453705
0.5051805377006531
0.5180174112319946
0.7157068252563477
0.7973127365112305
0.3115916848182678
0.6541770100593567
0.29086342453956604
0.36172956228256226
0.2913053035736084
0.44267064332962036
0.8164147138595581
1.1401458978652954
0.3873692750930786
