0.7700897455215454
1.3568871021270752
0.5052053332328796
0.9452241659164429
0.8570386171340942
0.6264524459838867
0.5325304865837097
0.7599475979804993
0.5314754247665405
0.7717663049697876
0.7666271924972534
1.086585283279419
1.0352702140808105
0.5365216732025146
0.6468867063522339
0.8323301076889038
0.3487052917480469
0.5225591063499451
0.6840682029724121
0.8075820803642273
0.7287923693656921
0.5146244168281555
0.5992544889450073
0.7036579847335815
0.8029475212097168
0.8201732635498047
0.542906641960144
0.4790484309196472
0.9911549687385559
0.6472245454788208
1.2423179149627686
0.7202703952789307
0.367682546377182
0.5123146772384644
0.7250382304191589
0.920647919178009
0.6355804204940796
0.4980177879333496
0.5641974210739136
0.5923647284507751
0.6408140063285828
0.8566892743110657
0.5711299777030945
0.7536531686782837
0.6020315289497375
0.4032316207885742
0.922685980796814
1.0134482383728027
0.8003392219543457
0.8166601061820984
0.5164909958839417
0.9535675048828125
0.31975314021110535
0.4929199814796448
0.5461000800132751
0.5221309065818787
0.8540694117546082
0.7259933352470398
0.33131125569343567
0.6689537763595581
0.9302444458007812
0.4882741868495941
0.38538849353790283
0.8296209573745728
0.7747005224227905
0.7958976030349731
0.6847161054611206
0.6863516569137573
0.548950731754303
0.7603937983512878
0.3609064221382141
1.0265296697616577
0.8242112398147583
0.5814052820205688
0.9967328906059265
0.5356020331382751
0.8869650959968567
0.6249699592590332
1.026416540145874
0.8975140452384949
0.5384234189987183
1.1232401132583618
0.6076686382293701
0.7120018005371094
0.7453295588493347
0.6393925547599792
0.9765820503234863
0.32335829734802246
0.5711292624473572
0.4607721269130707
0.5554707050323486
0.9641985893249512
0.5012676119804382
0.350376695394516
0.28142309188842773
0.49606186151504517
0.5672415494918823
0.6369783282279968
0.5714457631111145
0.6814767122268677
0.6523613929748535
0.5199767351150513
0.37975603342056274
1.0479425191879272
0.7433515787124634
0.338052362203598
0.7675310969352722
0.9791175127029419
0.4895235002040863
0.48379939794540405
1.111677646636963
0.8096643686294556
0.665927529335022
0.36959370970726013
0.7085962295532227
0.6566902995109558
0.5755304098129272
0.6690883040428162
0.8621271252632141
0.88185054063797
0.5685659646987915
1.5109564065933228
0.32134684920310974
0.7947742342948914
0.7514250874519348
0.5072707533836365
0.6017163395881653
0.5602098107337952
0.445890337228775
0.4557146430015564
1.0994842052459717
1.1524622440338135
0.8318604230880737
0.6750093698501587
0.5835930109024048
0.4698720872402191
0.806897759437561
0.3333640694618225
1.3808190822601318
0.6673334836959839
0.9193242192268372
0.6357122659683228
0.9582570791244507
0.7193138003349304
0.5472664833068848
0.5647406578063965
0.5795199275016785
0.44182640314102173
0.8901594281196594
0.6721173524856567
0.6037908792495728
0.7477213144302368
0.6339541077613831
0.5948061943054199
0.35079073905944824
0.8882890939712524
0.6099034547805786
0.9459799528121948
0.7872241735458374
0.7402606010437012
0.7048742771148682
0.5165904760360718
0.40743786096572876
1.3251276016235352
0.587826132774353
0.6910626292228699
0.6860564351081848
1.0340640544891357
0.6679931282997131
0.6661478877067566
0.6900050640106201
0.489574670791626
0.27562370896339417
0.9987363815307617
0.7601176500320435
0.6322169899940491
0.5426489114761353
0.5337145924568176
0.5127695202827454
0.9575895071029663
0.5843898057937622
0.5415534377098083
0.7254148721694946
1.0670549869537354
0.36944204568862915
0.5711655616760254
0.2710428237915039
1.1633470058441162
0.7058746218681335
0.446920782327652
0.6653655171394348
1.0637623071670532
0.5287388563156128
0.638096809387207
0.407115638256073
0.4761519432067871
0.5400472283363342
1.0201951265335083
0.3812994360923767
0.8626184463500977
1.3632538318634033
0.7794722318649292
0.8634923100471497
0.8721573948860168
0.3312457501888275
0.8694551587104797
0.6690640449523926
0.5456517338752747
0.5621102452278137
0.5702919960021973
0.810294508934021
1.0658652782440186
0.6944549679756165
0.359997421503067
0.7533518075942993
0.4058578610420227
0.6122783422470093
0.439950168132782
0.7043418288230896
0.9272476434707642
0.7349258661270142
0.34045320749282837
0.7278655171394348
0.5085338354110718
0.591272234916687
0.672092616558075
1.1441850662231445
0.7702823281288147
0.6178725361824036
0.5685790777206421
1.2584116458892822
0.838265597820282
0.7229534983634949
0.5452413558959961
0.5719286799430847
0.7352352738380432
0.6899719834327698
0.8362946510314941
0.5100644826889038
0.3393266797065735
0.7587544918060303
0.7744027972221375
0.8064549565315247
0.9542064666748047
0.6918938755989075
0.29635271430015564
0.5896400809288025
0.936942458152771
0.5984451770782471
0.8704196810722351
0.8810793161392212
1.0286493301391602
0.8407741785049438
0.4729014039039612
0.44549790024757385
0.4999372363090515
1.1457040309906006
0.7640549540519714
0.6119775772094727
0.5226248502731323
0.8027321696281433
0.38433408737182617
0.7188647985458374
0.5660015940666199
0.48254838585853577
1.258164882659912
0.4930076003074646
0.828166663646698
0.3796321153640747
0.7847822904586792
0.8331445455551147
0.5028449296951294
0.36041074991226196
0.475441038608551
0.6661767959594727
0.5174012184143066
0.3013600707054138
0.48889416456222534
0.4008713364601135
0.8774595260620117
0.5746721029281616
0.5206433534622192
0.7384681105613708
0.45122870802879333
0.6629443764686584
0.6865828037261963
0.6212233901023865
0.6056128740310669
0.6653925180435181
0.8614555597305298
0.9690794944763184
0.4676648676395416
0.4415728449821472
0.6350493431091309
0.5106483101844788
1.0088634490966797
1.1445655822753906
0.6222079396247864
0.830350399017334
0.8691830635070801
0.43544310331344604
0.9727941751480103
1.068162202835083
0.4956059455871582
0.5372422933578491
0.6524346470832825
0.657462477684021
0.9802635312080383
0.7484267950057983
0.580787181854248
0.7150896191596985
0.46797361969947815
0.7075907588005066
0.4937766194343567
0.5939571261405945
0.7899082899093628
1.032822608947754
0.5430852174758911
0.7743991017341614
0.4792681634426117
0.9942008852958679
0.9036464691162109
1.573698878288269
0.6601042747497559
0.7398030161857605
1.3255670070648193
0.7052232623100281
0.6530991792678833
0.784796953201294
0.5094313025474548
0.5918391942977905
0.6441453695297241
0.7341099381446838
0.5426926612854004
0.35099637508392334
0.9392905235290527
0.6735386252403259
0.8798842430114746
