0.5808506608009338
0.646797239780426
0.5905400514602661
0.5246832966804504
0.638218104839325
0.7010928392410278
0.40629440546035767
0.4312171936035156
0.691578209400177
0.35764405131340027
0.5917242765426636
0.34658870100975037
0.38203009963035583
0.970691978931427
0.4321761131286621
0.44057244062423706
0.19112420082092285
0.3526013493537903
0.9931211471557617
0.5540236234664917
0.4221872389316559
0.3551439642906189
0.6696749925613403
0.6942247152328491
0.21832624077796936
0.24134047329425812
0.5504859089851379
0.5246518850326538
0.6002730131149292
0.4176537096500397
0.7665835618972778
0.6064451336860657
0.2108226716518402
0.49806371331214905
0.45865774154663086
0.524105429649353
0.7697416543960571
0.21108940243721008
0.9649513363838196
0.5062628984451294
0.3424519896507263
0.5931127667427063
0.26825571060180664
0.3287378251552582
0.5703885555267334
0.5445155501365662
0.2871703505516052
0.29805850982666016
0.27237242460250854
0.6270614862442017
0.3460918664932251
0.13550619781017303
0.45128780603408813
0.6571851968765259
0.7123987078666687
0.632453441619873
0.4278694987297058
0.27334529161453247
0.7139673829078674
0.5492576360702515
0.2877572178840637
0.590107798576355
0.3737044930458069
0.5331631898880005
0.6827223896980286
0.5363643169403076
0.9480282664299011
0.40736278891563416
0.6982357501983643
0.31863200664520264
0.46086984872817993
1.0680850744247437
0.43617668747901917
0.7095433473587036
0.4366675317287445
0.37864619493484497
0.3985674977302551
0.8091461062431335
1.0555496215820312
0.3451589047908783
0.5840761065483093
0.6842793226242065
0.3659862279891968
0.6429722905158997
0.7596548199653625
0.34942734241485596
0.7871845364570618
0.5672400593757629
0.5044015645980835
0.7667526006698608
0.6237635612487793
0.5552093982696533
1.046952486038208
0.5091699361801147
0.3700219988822937
0.4081932008266449
0.6527940034866333
0.5923925042152405
0.2889785170555115
0.5542768836021423
0.5899481773376465
0.6745867729187012
0.5363864898681641
0.5205724835395813
0.21391808986663818
0.4312779903411865
0.4033932685852051
0.6889030337333679
0.19619759917259216
0.5069750547409058
0.48000964522361755
0.7838083505630493
0.2990001142024994
1.4411817789077759
0.779099702835083
0.6945305466651917
0.3027988076210022
0.5466177463531494
1.4938825368881226
0.7105507850646973
0.335401713848114
0.7693607211112976
0.7057620286941528
0.7110397219657898
0.36928874254226685
0.23529978096485138
0.5445374250411987
1.0793812274932861
0.6636727452278137
0.5358673334121704
0.1686234176158905
0.39590388536453247
0.24269285798072815
0.640337347984314
0.6271141171455383
0.3836483359336853
0.451438844203949
0.6756290197372437
0.4979781210422516
0.4635678827762604
0.24519994854927063
0.43689316511154175
0.4828508496284485
0.35051363706588745
0.3690827786922455
0.2760288715362549
0.3662932813167572
0.7185096144676208
0.6407192945480347
0.5308114886283875
0.45794081687927246
0.30394285917282104
0.34255972504615784
0.8404104113578796
0.5085502862930298
0.6531020402908325
0.2960349917411804
0.4865845739841461
0.25937265157699585
0.5504710674285889
0.3083001971244812
0.9014414548873901
0.7194201946258545
0.7168644666671753
0.38755154609680176
0.33944934606552124
0.5164917707443237
0.6133627891540527
0.4563421308994293
0.33326974511146545
0.6474280953407288
0.6717461943626404
0.40369024872779846
0.6795539259910583
0.305771142244339
0.22399434447288513
1.2556670904159546
0.723636269569397
0.603557288646698
0.31635433435440063
0.3013712465763092
0.3185827434062958
0.5929516553878784
0.634662926197052
0.5309330821037292
0.4676276743412018
0.21753759682178497
0.7729107141494751
0.5683221220970154
0.6866828799247742
0.6333636045455933
1.0800400972366333
0.2649065852165222
0.3958813548088074
0.5381594896316528
0.4542306065559387
0.2813296914100647
0.8712520599365234
0.4953020215034485
0.3743100166320801
1.2845089435577393
0.37410813570022583
0.40241044759750366
0.47505491971969604
1.0150477886199951
0.6089203953742981
0.6586499810218811
0.9540697336196899
0.677038848400116
0.4256499707698822
0.565921425819397
0.9563182592391968
0.587427020072937
0.47587209939956665
0.48922720551490784
0.5026556253433228
0.7872848510742188
0.5858010053634644
0.6203756332397461
1.2087960243225098
0.3134516179561615
1.043283224105835
0.34060806035995483
0.5060582756996155
0.3637774884700775
0.27884814143180847
0.4388691782951355
0.794419527053833
0.755171000957489
0.5668348073959351
0.6194137334823608
1.0996474027633667
0.6617899537086487
0.423480361700058
0.6204134225845337
0.7306318283081055
0.7790858149528503
1.619367241859436
0.4103395342826843
0.33292800188064575
0.6175524592399597
0.27222567796707153
0.5160666704177856
0.3887026011943817
0.6787856221199036
0.41149812936782837
0.8439348340034485
0.6442383527755737
0.6101000905036926
0.44837695360183716
0.5714656710624695
0.779799222946167
0.41635704040527344
0.5881350040435791
0.3681301176548004
0.6111773252487183
0.44631996750831604
0.7157377004623413
0.4171224534511566
0.6304181814193726
0.9843238592147827
0.7191277742385864
0.34910935163497925
0.7996336817741394
1.0895421504974365
0.38160228729248047
0.2364857941865921
0.29153743386268616
0.6363059282302856
0.7136206030845642
0.3872826397418976
0.406058132648468
0.6862697601318359
0.25695425271987915
0.7047446370124817
0.822503924369812
0.13879919052124023
0.40407878160476685
0.4278565049171448
0.7034492492675781
0.2568001449108124
0.534890353679657
0.694654107093811
0.4070882201194763
0.4693209230899811
0.41764116287231445
0.6760798096656799
0.8069449663162231
0.7245357632637024
0.35290947556495667
0.3612118661403656
0.7675802111625671
0.29250532388687134
0.5945956110954285
0.4287845492362976
0.8718538284301758
0.6073972582817078
0.8410328030586243
0.12816742062568665
0.4728667736053467
0.4950278699398041
0.6186386942863464
0.6549564003944397
0.45499181747436523
0.6787964105606079
0.39497867226600647
0.6622048616409302
0.36406415700912476
0.49041324853897095
0.5980697870254517
0.9699843525886536
0.4119899868965149
0.678866982460022
0.7768304944038391
0.4968423843383789
0.48962172865867615
1.1747863292694092
0.49664562940597534
0.9006012678146362
0.6456190943717957
0.3836034834384918
0.4628590941429138
0.23774710297584534
0.518637478351593
0.4638635516166687
0.7111932039260864
0.6935357451438904
0.39160996675491333
0.5950813293457031
0.6639585494995117
0.8915562629699707
0.4923253059387207
0.42001503705978394
0.3695130944252014
0.6345535516738892
0.35080981254577637
0.6100147366523743
1.4835878610610962
