0.3078586459159851
0.5832173228263855
0.5010578632354736
0.42779740691185
0.20094731450080872
0.43548983335494995
0.5083287954330444
0.38957318663597107
0.5855792760848999
1.1417484283447266
0.5982851982116699
0.6041584014892578
0.4462452530860901
1.2806850671768188
0.8697265386581421
1.1132841110229492
0.4695586562156677
0.8353358507156372
0.4144620895385742
0.5007592439651489
0.22412356734275818
0.3951452970504761
0.24350130558013916
0.44685879349708557
0.5085043907165527
0.47584477066993713
0.60541832447052
0.5934006571769714
0.8843785524368286
0.3907793164253235
0.9987677335739136
0.3524351716041565
0.5085857510566711
1.0126031637191772
0.7174084782600403
0.41383805871009827
0.5657692551612854
0.5205830335617065
0.5528041124343872
0.49936503171920776
0.8946763873100281
0.626941442489624
0.5279402732849121
0.28350839018821716
1.1957229375839233
0.30719220638275146
0.2301620990037918
0.43039995431900024
0.5464836359024048
0.7915188074111938
0.43861061334609985
0.7734931111335754
0.4567151665687561
0.5876083374023438
0.6002349853515625
0.760665774345398
0.5541373491287231
0.372518390417099
0.552524983882904
0.3932189345359802
0.49591970443725586
0.6948308944702148
0.5254517793655396
0.602424144744873
0.43000680208206177
0.5620132684707642
0.5873292684555054
0.5247098803520203
0.2770075798034668
0.5071374177932739
0.1907760351896286
0.3976171612739563
0.48679208755493164
0.4138854146003723
0.34871917963027954
0.43609315156936646
0.6933045983314514
0.4806249737739563
0.5638769268989563
0.6646322011947632
0.3354406952857971
0.39372220635414124
0.3780701756477356
0.7233036160469055
1.3519299030303955
0.24801477789878845
0.8040443658828735
0.2070269137620926
0.5380759835243225
0.5812965035438538
0.32503068447113037
1.0090408325195312
0.3652138411998749
0.7983540296554565
0.5569837689399719
0.6969844102859497
0.39283016324043274
0.6847456693649292
0.4976864755153656
0.4605494439601898
0.6779982447624207
0.7242628335952759
0.2782459259033203
0.7545588612556458
0.7014331817626953
0.3640715181827545
0.7222350239753723
0.8147899508476257
1.1903775930404663
0.3012794852256775
0.4403315484523773
0.6729750037193298
0.45028457045555115
0.15054157376289368
0.7810857892036438
0.4712379574775696
0.7436506152153015
0.670195460319519
0.6832808256149292
1.0563104152679443
0.43040093779563904
0.4896973967552185
0.2154434472322464
0.7713978886604309
0.3692270815372467
0.4799080491065979
0.35187506675720215
0.265570729970932
0.2791779935359955
0.8119219541549683
0.3453473150730133
0.8402694463729858
0.5029562711715698
0.8467798233032227
0.478981077671051
0.39618775248527527
0.8022751808166504
0.8485833406448364
0.462850958108902
1.1542978286743164
1.1091941595077515
0.41413068771362305
0.7121981382369995
0.7338573336601257
0.8025349378585815
0.7186979651451111
0.37390902638435364
0.4740891456604004
0.6774714589118958
0.4594428539276123
0.24182584881782532
0.7496587634086609
0.3876302242279053
0.5760417580604553
0.448274701833725
0.3814675211906433
0.4335324168205261
0.341478168964386
0.7904597520828247
0.5109478831291199
0.7137286067008972
0.27116915583610535
0.8185356855392456
0.6908698678016663
0.452853262424469
0.3539615273475647
0.7276248931884766
0.7630050182342529
0.8041965365409851
0.54702228307724
0.4441515803337097
0.6559756994247437
0.9280899167060852
0.791617751121521
0.534192681312561
0.4723469614982605
0.4649229049682617
0.8728255033493042
0.4907253682613373
0.5269270539283752
0.20424315333366394
0.36311498284339905
0.7928584814071655
0.9032707214355469
0.4742547571659088
1.3103653192520142
1.1326631307601929
0.46862325072288513
0.800140380859375
0.4071367681026459
0.33658888936042786
0.5009130835533142
0.6417856812477112
0.3773643374443054
0.5016501545906067
0.4942353367805481
0.22499868273735046
0.23908297717571259
0.5093842148780823
0.3321389853954315
0.683771550655365
0.8549663424491882
0.3564130663871765
0.8815692663192749
0.5120683908462524
0.7029248476028442
0.4151816964149475
0.8227872848510742
0.5218812227249146
0.688139796257019
0.449765682220459
0.4941522181034088
0.3518078327178955
0.2690315842628479
0.5304617881774902
0.37874776124954224
0.6127976775169373
0.34337350726127625
0.3563239276409149
1.1184885501861572
0.31100767850875854
0.8290842175483704
0.41834282875061035
0.5547450184822083
0.5640713572502136
0.30425336956977844
0.291787713766098
0.8307620286941528
0.35200387239456177
0.3763907849788666
0.610754132270813
0.4109860956668854
1.1817659139633179
0.3007243871688843
0.3403434753417969
0.6568995118141174
0.32800596952438354
0.6046856641769409
0.3310357630252838
0.2771034836769104
0.24181003868579865
0.8642398118972778
0.43469443917274475
0.2845403552055359
0.8072381019592285
0.47726497054100037
0.4701714515686035
0.38864582777023315
0.27784857153892517
0.8810480237007141
0.8454878926277161
0.8286606669425964
0.3437606692314148
0.40309515595436096
0.5507491230964661
0.5290831923484802
0.654415488243103
0.5074280500411987
0.6835066676139832
0.7716445922851562
0.8675829172134399
0.6463966369628906
0.3439374566078186
0.7097165584564209
0.7265152931213379
0.7315984964370728
0.7124003171920776
0.39474210143089294
0.660012423992157
0.47759684920310974
0.2621687948703766
0.881873607635498
0.7847413420677185
0.42399558424949646
0.4397970139980316
0.30030471086502075
0.8681331872940063
1.2641524076461792
0.40829238295555115
0.3588150143623352
0.7225648164749146
0.7714877724647522
1.3576288223266602
0.25188544392585754
0.35992392897605896
0.5386298894882202
1.1469509601593018
0.5420086979866028
0.8940702676773071
0.2508235573768616
0.5159586668014526
0.403392493724823
0.3230401277542114
0.5398433804512024
0.46300506591796875
0.30861085653305054
0.2311694324016571
0.50850510597229
0.2092934101819992
1.8961273431777954
0.3657552897930145
0.5547486543655396
0.7017828226089478
0.7057101130485535
0.5842105150222778
0.637823760509491
0.3394879400730133
0.6492666006088257
0.30791792273521423
0.24134591221809387
0.3783385753631592
0.660440981388092
0.1859872043132782
0.43032106757164
0.7238532304763794
0.6265071034431458
0.9146978259086609
1.5471564531326294
0.8337367177009583
0.4454060196876526
1.2291332483291626
0.33867108821868896
0.6421975493431091
0.42951926589012146
0.35902348160743713
0.511728048324585
0.8028799295425415
0.2751253545284271
0.5957347750663757
0.6190308332443237
0.5138068199157715
0.5830937623977661
0.8202436566352844
0.2605632245540619
0.6683714985847473
0.9109935760498047
0.8719541430473328
2.0572993755340576
