0.8504711389541626
0.4669649004936218
0.6699763536453247
0.5340238809585571
0.4967007637023926
0.698127269744873
0.44685277342796326
0.4276721477508545
0.33889466524124146
0.7274271249771118
0.2667311131954193
0.7511500716209412
0.7097233533859253
0.6403834819793701
0.26770585775375366
0.2742195129394531
0.3280579149723053
0.5347713828086853
0.6829476952552795
0.5543482899665833
0.9947687983512878
0.2712230086326599
0.6786751747131348
0.4678422808647156
0.7099400758743286
0.3180300295352936
0.8257678747177124
0.3767938017845154
0.47220104932785034
0.5465524792671204
0.6598747372627258
0.3984787166118622
0.4531930088996887
0.5508979558944702
0.6115488409996033
0.37788039445877075
0.3913175165653229
0.5469762682914734
0.29566994309425354
0.5072969198226929
0.27832573652267456
0.4901021122932434
0.5985852479934692
0.4432709217071533
1.484483242034912
0.582710862159729
0.6853303909301758
0.40660786628723145
0.21941474080085754
0.37031903862953186
0.49976682662963867
0.6848467588424683
0.8927656412124634
0.6733564138412476
0.4492394030094147
0.2326316088438034
1.040797233581543
0.7176827192306519
0.4850160479545593
0.2793819308280945
0.378781795501709
0.3087060749530792
0.3138490915298462
0.7520375847816467
0.5295009016990662
0.24109163880348206
0.7261643409729004
0.35487884283065796
0.49138370156288147
0.8134910464286804
0.7441241145133972
0.7462910413742065
0.47888070344924927
0.6954771876335144
0.3625108003616333
0.3820050358772278
1.5377180576324463
0.536928117275238
0.8931856155395508
0.6554635763168335
0.832679271697998
0.6226505041122437
0.4464157223701477
0.46609243750572205
0.4659697413444519
0.8735678791999817
0.690699577331543
0.6167131662368774
0.4919466972351074
0.25328922271728516
0.643640398979187
0.7973109483718872
0.47621625661849976
0.455174058675766
0.8698800802230835
0.4283018112182617
0.5300725102424622
0.4192728102207184
0.3262779712677002
0.3076220154762268
0.6302783489227295
0.4568607807159424
0.5676348805427551
0.3942921757698059
0.32881960272789
0.48456254601478577
0.3982849717140198
0.545306384563446
0.38206687569618225
0.4084240794181824
0.5520187616348267
0.6150369644165039
0.4478921890258789
1.0527912378311157
0.13461482524871826
0.4613260328769684
0.5431097149848938
0.4420230984687805
0.6819269061088562
1.1429814100265503
1.206470012664795
0.3611874580383301
0.7058431506156921
0.5792763829231262
0.4572330415248871
0.23631551861763
0.4636751115322113
0.431861013174057
0.4480562210083008
0.35993140935897827
0.29103171825408936
0.464332640171051
0.2227114737033844
0.585171103477478
0.1538986712694168
0.5798391699790955
0.3293333649635315
0.562987208366394
0.838604748249054
0.4094929099082947
0.2609294056892395
0.3876132667064667
0.6831245422363281
0.31783103942871094
0.5676981210708618
0.36711081862449646
0.23873241245746613
0.2632257044315338
1.0961211919784546
0.727347731590271
0.4265129566192627
0.19667646288871765
0.4113045632839203
0.32948052883148193
0.6297274827957153
0.5424071550369263
0.6814032793045044
0.7212178111076355
0.46941009163856506
0.23802559077739716
0.6575804948806763
0.22967186570167542
0.20847530663013458
0.7976560592651367
0.798139214515686
0.36144503951072693
0.6304367184638977
0.4426667094230652
0.6737421751022339
0.5844318270683289
0.34178853034973145
0.30045086145401
0.6909338235855103
0.4460274279117584
0.2973948121070862
0.6942363977432251
0.6049167513847351
0.26086169481277466
0.4307297170162201
0.6356722712516785
0.7123714685440063
0.46981048583984375
0.5583496689796448
0.49170008301734924
0.6140426397323608
0.4569737911224365
0.7093679308891296
0.3754429817199707
0.6853171586990356
0.7934564352035522
0.4404158592224121
0.33646735548973083
0.2711682915687561
0.782545268535614
1.185874342918396
0.31685224175453186
0.9489645957946777
0.649703860282898
0.2793334722518921
0.23491087555885315
0.673860490322113
0.3265899121761322
0.9898204803466797
0.32768139243125916
0.9236448407173157
0.3286360800266266
0.3737381100654602
0.38778430223464966
0.757219135761261
0.9393110275268555
0.18267245590686798
0.5929006934165955
0.34007248282432556
0.29375141859054565
0.42816370725631714
0.8012859225273132
0.4845012128353119
0.6290191411972046
0.3435820937156677
0.1873089075088501
0.2661436200141907
0.5683419704437256
0.5183347463607788
0.37758827209472656
1.4253910779953003
0.4768310487270355
0.37007299065589905
0.24462740123271942
0.4698183536529541
0.43611574172973633
0.13331663608551025
0.8597660064697266
0.3518707752227783
0.4525558352470398
0.5885434150695801
0.4978991150856018
0.6974480748176575
0.7765089869499207
0.550082266330719
0.424625962972641
0.5858952403068542
0.7586959004402161
0.6393808722496033
0.6767843961715698
0.6563792824745178
0.5474890470504761
0.6983758211135864
0.4681582450866699
0.7197598218917847
0.9578703045845032
0.5491646528244019
0.717105507850647
0.39555737376213074
0.8661627769470215
0.5172757506370544
0.7217609286308289
0.5324800610542297
0.46851104497909546
0.40679827332496643
0.5793410539627075
0.32722657918930054
0.3406136929988861
0.37857651710510254
0.43691080808639526
0.804330050945282
0.37726980447769165
0.4738892912864685
0.9063350558280945
0.3325364589691162
1.0664867162704468
0.7209510207176208
1.0727956295013428
0.6646338701248169
0.6623052358627319
0.6581496596336365
0.6570906639099121
0.6934605836868286
0.48973435163497925
0.42228254675865173
0.47051581740379333
0.8235681653022766
0.29934701323509216
0.3016465902328491
0.33019518852233887
0.5477221012115479
0.5950450301170349
0.6112861633300781
0.3709579110145569
0.3747815191745758
0.2914765477180481
0.30597904324531555
0.4917904734611511
0.49745073914527893
0.43807488679885864
0.4614328444004059
0.9639800190925598
0.5032477378845215
0.5333107709884644
0.7281203866004944
0.9295875430107117
0.535929262638092
0.72547447681427
0.3998221158981323
0.6695574522018433
0.6944671869277954
0.7033118605613708
0.4773975908756256
0.5697624683380127
0.4192485809326172
0.4399453103542328
0.6958844065666199
0.43376606702804565
0.5688050389289856
0.39903193712234497
0.774244487285614
0.37064605951309204
0.6019538640975952
0.6733825206756592
0.687595009803772
0.4097073972225189
0.8370221853256226
0.3692306578159332
0.6275230646133423
0.2593812346458435
0.38754743337631226
0.5451160073280334
0.6399928331375122
0.3405686318874359
0.5615940093994141
0.4477079510688782
0.6915409564971924
0.42581772804260254
0.6298791170120239
0.4167183041572571
0.33439892530441284
0.813463032245636
0.5225159525871277
1.3753575086593628
