0.49354782700538635
0.9730663299560547
0.8414400219917297
0.6890401244163513
0.4908520579338074
0.8583658933639526
0.2843310832977295
0.37966251373291016
0.6863178610801697
1.1515694856643677
0.6245425939559937
0.4321015775203705
0.40685248374938965
0.6625559329986572
0.31609171628952026
0.19723209738731384
0.43961334228515625
0.3520246744155884
0.625818133354187
0.4362455904483795
0.8325505256652832
0.46255403757095337
0.5454429388046265
0.33831366896629333
0.22962872684001923
0.8072667121887207
0.3550225496292114
0.9174619913101196
0.3865703046321869
0.8732180595397949
0.4425630569458008
0.2600993812084198
0.42291155457496643
0.4391997754573822
0.6640716791152954
0.5101105570793152
0.5469382405281067
0.8980972170829773
0.3704308569431305
0.8166281580924988
0.3783228397369385
0.8988262414932251
0.48056498169898987
0.527555525302887
1.0161030292510986
0.36797061562538147
0.5778277516365051
1.2135423421859741
0.3638720214366913
1.62890625
0.6295040249824524
0.5916613340377808
0.337470144033432
0.2941400110721588
0.7918688058853149
0.7289935350418091
1.081968069076538
1.1023433208465576
0.7822635769844055
0.30384597182273865
0.41654109954833984
0.5274472832679749
0.3112143576145172
0.9443082809448242
0.46535950899124146
0.41479554772377014
0.4492606520652771
0.41691112518310547
0.25808829069137573
0.4423065185546875
0.6192647218704224
0.5383374094963074
0.9604385495185852
0.37012216448783875
0.4047122001647949
0.695644736289978
0.4050917625427246
0.7096155285835266
0.6175554990768433
0.67552649974823
0.28933194279670715
0.26679566502571106
0.34168779850006104
0.6016415357589722
0.4420504570007324
0.6510049700737
0.23461350798606873
0.5660216212272644
0.6643968820571899
0.7354515790939331
0.5766815543174744
0.3456295132637024
0.29403191804885864
0.3154609799385071
0.5801268815994263
0.17396783828735352
0.7331472635269165
0.49571889638900757
0.42020711302757263
0.7760764360427856
0.5911608934402466
0.8995691537857056
1.1021184921264648
0.3808671236038208
0.6307722330093384
0.36294692754745483
0.7755111455917358
0.5045275688171387
0.8481980562210083
0.35450345277786255
0.34280529618263245
0.9758116602897644
0.5773043632507324
0.4071749150753021
0.31408020853996277
0.1911424696445465
0.46189063787460327
0.9732707142829895
0.7929766774177551
0.37143638730049133
0.40488094091415405
0.6598272323608398
0.4865296483039856
0.8879678845405579
0.41779810190200806
0.6430634260177612
0.3444487750530243
0.9166795015335083
0.8292921781539917
0.5303780436515808
0.5153295397758484
0.5350490808486938
0.557408332824707
0.5748412013053894
0.35740604996681213
0.305197536945343
0.5745993852615356
0.81202632188797
0.26617997884750366
0.48547428846359253
0.23030738532543182
0.45203495025634766
0.703811764717102
0.29492372274398804
0.5627881288528442
0.5412065982818604
0.48158660531044006
0.4409483075141907
0.6791781187057495
0.2708529829978943
0.6591931581497192
0.9987162351608276
0.5232202410697937
0.5105830430984497
0.6861125230789185
0.5640155076980591
0.8223519325256348
0.6241341829299927
0.24098511040210724
0.4203730523586273
0.729644775390625
0.319053053855896
0.843593955039978
0.6408078670501709
0.922711968421936
1.020862340927124
0.848594069480896
0.5888808965682983
0.7671343088150024
0.3902042508125305
0.5470814108848572
0.838097095489502
0.4912465214729309
0.4971897006034851
0.6333802938461304
0.4866820275783539
0.6814824938774109
0.9204758405685425
0.3444852828979492
0.3415789008140564
0.5336605310440063
0.507452666759491
0.5647351145744324
0.7402729988098145
0.3898620009422302
0.5733751654624939
0.543683648109436
0.8046476244926453
0.6644800305366516
0.3236139416694641
0.2078896462917328
0.2835384011268616
0.9483360052108765
0.6461922526359558
0.8364874720573425
0.6102603673934937
0.328195720911026
0.5291727781295776
0.43556150794029236
0.5052566528320312
0.6889208555221558
0.2849574387073517
0.25849294662475586
0.3313182294368744
0.596234917640686
0.34291189908981323
0.5639079809188843
0.7373706102371216
0.47264915704727173
0.3028286397457123
0.8810892105102539
0.5962972640991211
0.7599173784255981
0.6423782706260681
0.715237021446228
0.7087658047676086
0.3437795042991638
0.4570077061653137
0.7864144444465637
0.2828567624092102
0.5914193391799927
0.5776512026786804
0.4504992961883545
0.8969720005989075
0.5563167333602905
0.5083475112915039
0.5255041122436523
0.3917052745819092
0.7392297387123108
0.3275368809700012
0.7685530185699463
0.2788326144218445
0.4441220760345459
0.5477449297904968
0.21390143036842346
0.477123498916626
0.6180747747421265
0.49626749753952026
0.24042251706123352
0.21018032729625702
0.4149816632270813
0.6935044527053833
0.41085195541381836
0.21601715683937073
0.24417972564697266
0.6855238676071167
0.6211752891540527
0.7401593327522278
0.44217854738235474
0.29885441064834595
0.30515873432159424
0.6784290075302124
0.4981701970100403
0.6749363541603088
0.33040696382522583
0.9664674997329712
0.7019789814949036
1.014962911605835
0.6981023550033569
0.4993042051792145
0.2539246380329132
0.6193233728408813
0.35259273648262024
1.2295434474945068
0.5378937125205994
0.1927718222141266
0.45419201254844666
0.5830491781234741
0.6315008401870728
0.4790582060813904
0.4362308382987976
0.4809541702270508
0.19496573507785797
0.6877630949020386
0.38767194747924805
0.402127206325531
0.2013104259967804
0.6134892106056213
0.7950127720832825
0.38388538360595703
0.4081825315952301
0.4549032151699066
0.5706709623336792
0.18893489241600037
0.34206530451774597
0.4016816020011902
1.3764891624450684
0.4763638377189636
0.2987213134765625
0.25382810831069946
0.9311052560806274
1.2176090478897095
0.2721284031867981
0.8504684567451477
0.3719930946826935
0.1861630231142044
0.42054814100265503
0.283572793006897
0.4557996690273285
1.1024696826934814
0.34084779024124146
0.7445571422576904
0.24211063981056213
0.7643693089485168
0.43854600191116333
0.6204541921615601
0.5397897958755493
0.14271144568920135
0.33498141169548035
0.5904142260551453
0.28413742780685425
0.7294023633003235
0.3031589686870575
0.6991881132125854
0.4842008054256439
0.5678761601448059
0.2911052405834198
0.48728394508361816
0.8168497085571289
0.7214943170547485
0.49833807349205017
0.5859442949295044
0.4812341630458832
0.7496424317359924
0.6730917692184448
0.8469825983047485
0.4605740010738373
0.3268330991268158
0.3979624807834625
1.1264675855636597
0.34319305419921875
0.28473612666130066
0.2941831946372986
0.557873547077179
0.7553521990776062
0.6360109448432922
0.6504470705986023
0.23352046310901642
