0.6887603998184204
0.8571087718009949
0.3345434367656708
0.25386589765548706
0.6371673345565796
0.3268226683139801
0.3233747184276581
0.8610326051712036
0.2962799370288849
0.40484485030174255
0.6317042112350464
0.28497135639190674
0.35650354623794556
0.6870502233505249
0.6752182245254517
0.7240977883338928
0.4153067469596863
0.4116520285606384
0.4603312015533447
0.867499053478241
1.2218525409698486
0.332283079624176
0.9087998270988464
0.44817113876342773
1.0887577533721924
0.45566654205322266
0.46691471338272095
0.17064067721366882
0.725188136100769
0.22218279540538788
0.6477830410003662
0.3224879205226898
0.5817973017692566
0.8149396777153015
0.5646499395370483
0.23572957515716553
0.5723303556442261
0.4178132116794586
0.7274244427680969
0.6563372611999512
0.5826819539070129
0.3145253658294678
0.8915630578994751
0.4434848427772522
0.2941032946109772
0.4545682370662689
0.41067585349082947
0.4327346682548523
0.24090421199798584
0.4064650535583496
0.644436240196228
0.4880707263946533
0.3342633843421936
0.6851337552070618
0.7176048159599304
0.35698360204696655
0.682811439037323
0.4940185546875
0.27330484986305237
0.36154431104660034
0.7663478851318359
0.2609277367591858
0.8452165722846985
0.8352476954460144
0.45578885078430176
0.2618351876735687
0.4972568154335022
0.653735339641571
0.7828012108802795
0.5334934592247009
0.6792494654655457
0.693574070930481
0.22254256904125214
0.420539528131485
0.9193189740180969
0.5100737810134888
0.4528276324272156
0.21695737540721893
0.375260591506958
0.235225111246109
0.7852765917778015
0.24406735599040985
0.4810616374015808
0.31666508316993713
0.43891197443008423
0.4795190691947937
0.428148090839386
0.9895340204238892
0.4361669421195984
0.5404176712036133
0.6473920941352844
0.37356358766555786
0.3740555942058563
0.42259112000465393
0.4950486719608307
0.40908533334732056
1.0111124515533447
0.42442241311073303
0.5695022940635681
0.6484580039978027
0.9374915361404419
0.6539657115936279
0.7063301205635071
1.1369746923446655
0.3380579352378845
0.4537842869758606
0.730193555355072
0.29155728220939636
0.4874454438686371
0.5400236248970032
0.7185847163200378
0.9449485540390015
0.3751612901687622
0.6629065871238708
0.9785301089286804
0.5355018377304077
0.35309770703315735
0.5419039726257324
0.6184210777282715
0.4733784794807434
0.5897696614265442
0.4688411355018616
0.6171153783798218
0.8454778790473938
0.6552566289901733
0.39393216371536255
0.5439338088035583
0.2259683609008789
0.42869776487350464
0.6913921236991882
0.8865206837654114
0.37459617853164673
0.33583009243011475
0.5131198763847351
0.43588438630104065
0.6777256727218628
0.3858276307582855
0.2924824059009552
0.8440383672714233
0.34708452224731445
0.5827924013137817
0.39601996541023254
0.4147642254829407
0.5659228563308716
0.3421986699104309
0.4554104804992676
0.4211527407169342
0.6424862146377563
0.7106884121894836
0.5868825316429138
0.5232107043266296
0.6682316064834595
0.5823601484298706
0.8238519430160522
0.22847852110862732
0.9327960014343262
0.7886558771133423
0.5055883526802063
0.45108285546302795
0.5524652600288391
0.9302166700363159
0.6598917245864868
0.7374917268753052
0.4609000086784363
0.6449100375175476
0.38495510816574097
0.4446485638618469
0.3527204394340515
0.35649946331977844
0.4966205656528473
0.18017065525054932
0.3929433226585388
0.7289842367172241
0.9213544726371765
0.748304009437561
0.46503695845603943
0.6474092602729797
1.072363257408142
0.4934609830379486
0.4580027461051941
0.750252366065979
0.28139612078666687
0.6398910880088806
0.45040684938430786
0.2362622320652008
0.34524255990982056
0.6147326231002808
0.36103400588035583
0.7163234949111938
0.9088727235794067
0.352338582277298
0.6290634870529175
0.3948949873447418
0.32845860719680786
0.3940676152706146
1.0490137338638306
0.40147456526756287
0.693143367767334
0.832349419593811
0.5599876642227173
0.6263747811317444
0.7442992329597473
0.7977544665336609
0.6883851289749146
0.3123050332069397
0.5606225728988647
0.5936331748962402
1.2301082611083984
0.2850300669670105
0.21440008282661438
0.3769199252128601
0.3978148102760315
0.5265997648239136
0.7427321672439575
0.8318947553634644
0.26984474062919617
0.6189432144165039
0.4336157441139221
0.30124667286872864
0.5161510705947876
0.6941861510276794
0.8235150575637817
0.7635501027107239
0.24740464985370636
0.36265110969543457
0.9624403715133667
0.5217719078063965
0.46995705366134644
0.4027772843837738
0.3330060541629791
0.6783886551856995
0.5211185216903687
0.6801949739456177
0.3244808614253998
0.3139604926109314
0.46430259943008423
0.668297290802002
0.5398846864700317
0.6212356090545654
0.4859035015106201
0.41512593626976013
0.2268262356519699
0.8788687586784363
0.48909837007522583
0.13216237723827362
0.32499533891677856
0.5618257522583008
0.9458743333816528
0.8371575474739075
0.4735177159309387
0.4404611587524414
0.7087057828903198
0.462897390127182
0.5712863206863403
0.845629870891571
0.8886474370956421
0.5705655813217163
0.4962473511695862
0.45465055108070374
0.5804556608200073
0.2706674039363861
0.1515342891216278
0.5613213181495667
0.5559728741645813
0.47941747307777405
0.5261691808700562
0.3766912817955017
0.4559374451637268
1.0437442064285278
0.43926987051963806
0.44189944863319397
0.40821486711502075
0.42577141523361206
0.5757092833518982
0.5840209722518921
0.30185040831565857
0.4055361747741699
0.5856308341026306
0.46282443404197693
0.3139808475971222
0.48558321595191956
0.6458045244216919
0.1466405838727951
0.5218018889427185
0.6626604795455933
0.5310622453689575
0.841036319732666
0.8183557391166687
0.4268592298030853
0.5076996684074402
0.7536202669143677
0.3446583151817322
0.6892651915550232
0.44309115409851074
0.6070755124092102
0.8797125816345215
0.7680323123931885
0.29654407501220703
0.26221346855163574
0.5670135617256165
0.4361458718776703
0.7715618014335632
0.37553325295448303
0.5006520748138428
0.6675783395767212
0.5965668559074402
0.7711213231086731
0.7102925181388855
0.590938925743103
0.4001394808292389
0.4432011544704437
0.6961135864257812
0.7289139032363892
0.34467118978500366
0.2145886868238449
0.5871939063072205
0.505261242389679
0.6407512426376343
0.43944039940834045
0.16934366524219513
0.824184238910675
0.7721805572509766
0.26994121074676514
0.9080316424369812
0.3624816834926605
0.6857960820198059
0.4121200144290924
0.22651958465576172
0.5970384478569031
0.8307965993881226
1.0064102411270142
0.5821906924247742
0.360617458820343
0.24990038573741913
0.6616442799568176
0.3652290403842926
0.5323942303657532
0.440451979637146
