0.44332051277160645
0.6194049119949341
0.32325997948646545
0.7286092042922974
0.7883753776550293
0.6542052030563354
0.5083553194999695
0.5998101234436035
0.3669026792049408
1.189446210861206
0.4117024838924408
0.532704770565033
0.3650778830051422
0.601976752281189
0.4655229449272156
0.3341365158557892
0.4647518992424011
0.6809748411178589
0.5348688364028931
0.8756443858146667
0.273346483707428
0.31096336245536804
1.0900838375091553
0.7340668439865112
0.5456072092056274
0.558807373046875
0.6770837306976318
0.4823572039604187
0.4107550084590912
0.601148784160614
0.49465999007225037
0.5369772911071777
0.37740200757980347
0.5031868815422058
0.7049736976623535
0.7837222814559937
0.8187413215637207
0.34227266907691956
0.3713139593601227
0.36835354566574097
0.48598748445510864
0.7448033690452576
0.4622841775417328
0.331099271774292
0.5909572243690491
0.835117518901825
0.4777751863002777
0.457693487405777
0.6071964502334595
0.1985483318567276
0.23613223433494568
0.9800974726676941
0.48941677808761597
0.8718304634094238
0.4059236943721771
0.4975460469722748
0.5314099788665771
0.6381734013557434
0.605320930480957
0.32544612884521484
0.3764679729938507
0.3579723834991455
0.764156699180603
0.29567259550094604
0.5693473815917969
0.293742835521698
0.21688255667686462
0.6665865778923035
0.36432749032974243
0.4896031320095062
0.42738255858421326
0.834826648235321
0.3167361319065094
0.5278164148330688
0.22646388411521912
0.36243516206741333
1.9617335796356201
0.9032125473022461
1.1359193325042725
0.6223937273025513
0.28406664729118347
0.4607168138027191
0.41575494408607483
0.6990429162979126
0.4233552813529968
0.5974301099777222
0.48259538412094116
0.3086104989051819
0.4826062321662903
0.47145089507102966
0.5810469388961792
0.45363983511924744
0.4492703080177307
0.6819440126419067
0.6522132158279419
0.3833770751953125
0.8360746502876282
0.6837228536605835
0.42382174730300903
0.36875683069229126
0.5697402358055115
0.6048845648765564
1.2378156185150146
0.3857267498970032
0.8514698147773743
0.15422141551971436
0.6703333854675293
0.24791200459003448
0.603069007396698
0.26809632778167725
0.22455854713916779
0.35311266779899597
0.7126303315162659
0.486072838306427
0.6683932542800903
0.8212330937385559
0.26817989349365234
0.7490985989570618
0.3703364431858063
0.45339345932006836
0.581890881061554
0.34930339455604553
0.3709617853164673
0.4051101803779602
0.3003615438938141
0.45976322889328003
0.4973753094673157
0.1831078976392746
0.5120951533317566
0.37054115533828735
0.3779594898223877
0.2672050893306732
0.8038567304611206
0.42229166626930237
0.5474401712417603
0.5382906198501587
0.7249983549118042
0.45877331495285034
0.35768619179725647
0.8470176458358765
0.2222682237625122
0.6706404685974121
0.33218914270401
0.6069827675819397
0.7771854400634766
0.19895164668560028
0.37882930040359497
0.26627427339553833
0.5098761320114136
0.672777533531189
0.462627112865448
0.5285472869873047
0.5666734576225281
0.2942264676094055
0.45360127091407776
0.4539165496826172
0.48165541887283325
0.40471529960632324
0.4268498420715332
0.6317229866981506
0.3863339126110077
0.6487848162651062
1.0399901866912842
0.401632696390152
0.4563359320163727
0.5983605980873108
0.7422655820846558
0.47565269470214844
0.5626159906387329
0.7900395393371582
0.6376804113388062
0.30411282181739807
0.27601900696754456
0.20972616970539093
0.3047645092010498
0.40634599328041077
0.8090944290161133
0.3997069001197815
0.20299935340881348
0.2937445044517517
0.40014323592185974
0.5456171631813049
0.7987703084945679
0.7862628102302551
0.45419344305992126
0.6741307973861694
1.0680396556854248
0.6292940378189087
1.0725576877593994
0.9560605883598328
0.2979937195777893
1.0339432954788208
0.615838885307312
0.24419467151165009
0.6977062821388245
0.3039683997631073
0.3099270462989807
0.3748723566532135
0.5406827926635742
0.6389991641044617
0.6897789239883423
0.5123916864395142
0.3752884268760681
0.6103924512863159
0.42873793840408325
0.6767061948776245
0.5319310426712036
0.6885786652565002
0.4940315783023834
0.4857019782066345
0.9137365221977234
0.6371259093284607
0.5517820119857788
0.756909191608429
0.6260342597961426
0.35208362340927124
0.9286248087882996
0.3454715609550476
0.5089901089668274
0.5957950353622437
0.895050048828125
0.44638365507125854
0.7319930791854858
1.0798404216766357
0.6368044018745422
0.25103703141212463
0.7423285841941833
0.653753399848938
0.6806356310844421
0.25692445039749146
0.4250144958496094
0.4723111093044281
0.6186226606369019
0.5826568603515625
0.8820011019706726
0.5328356027603149
0.586135983467102
0.6612222194671631
0.5178418755531311
0.5852769613265991
0.18913282454013824
0.44248732924461365
0.5570119023323059
0.9840801358222961
0.64459627866745
0.6618280410766602
1.4745559692382812
0.22086146473884583
0.42599421739578247
0.26220694184303284
0.6367601752281189
0.6856420040130615
0.6864207983016968
0.8983451724052429
0.8990205526351929
0.5257333517074585
1.466604471206665
0.8572268486022949
0.5129299759864807
0.5003615617752075
0.5113269090652466
0.47771263122558594
0.5874911546707153
0.3681148886680603
0.4466690123081207
0.4311750531196594
0.33701589703559875
0.48315659165382385
0.41511327028274536
0.4585723280906677
0.3812257647514343
0.41145753860473633
0.2695904076099396
0.5262731909751892
0.6958432793617249
0.7663480043411255
0.7975181341171265
1.083687663078308
0.22765187919139862
0.3474326431751251
0.4252863824367523
0.8960567712783813
0.9687711000442505
0.36631008982658386
0.4141051173210144
0.5509257316589355
0.5067264437675476
0.7113409638404846
0.29327183961868286
0.434945285320282
0.4412671625614166
0.8703584671020508
0.49945831298828125
0.706450879573822
0.6860154271125793
0.6127104759216309
0.6951549649238586
0.6550287008285522
0.5570796728134155
0.7223100662231445
0.3614218235015869
0.5116173624992371
0.4870983064174652
0.5109628438949585
0.675493597984314
0.5075644254684448
0.27056756615638733
0.7309908866882324
0.4139546751976013
0.3591768741607666
0.4372861981391907
1.0854823589324951
0.38450416922569275
0.5972472429275513
0.5956573486328125
0.7090854644775391
0.4172132611274719
0.3166887164115906
0.20052878558635712
0.4537063241004944
0.460527241230011
0.3821171224117279
0.3722871243953705
0.2622210383415222
0.2029646337032318
0.5442613959312439
0.6668828129768372
0.38589149713516235
0.2735772728919983
0.6403987407684326
1.2285953760147095
0.3196684718132019
0.41199740767478943
0.3228694796562195
0.6159439086914062
0.28919678926467896
0.340350866317749
0.5999794602394104
