0.9049347043037415
0.2898962199687958
0.5263415575027466
0.4462777078151703
0.31492137908935547
1.0242726802825928
0.7145978212356567
0.7215844988822937
0.6785097122192383
0.44221821427345276
0.6069307923316956
0.642620861530304
0.4312821924686432
0.5973659157752991
0.6002830266952515
0.574942946434021
0.8356826901435852
0.6706925630569458
0.7391836643218994
0.37126845121383667
0.2792496085166931
0.2855868339538574
0.9693117141723633
0.850338339805603
0.44377613067626953
0.6259939074516296
0.4281159043312073
0.3165986239910126
0.4721021056175232
0.707646369934082
0.43152523040771484
0.6660881042480469
0.21347852051258087
0.6037338376045227
0.19998106360435486
0.8818367123603821
0.3970159590244293
0.5073651075363159
0.42772454023361206
0.2507666349411011
0.8096340298652649
0.906008243560791
0.3839944899082184
0.6161616444587708
0.3478154242038727
0.49012503027915955
0.856205940246582
0.39397132396698
0.3873443901538849
0.480983167886734
0.7450395226478577
0.8991621136665344
0.4194609522819519
0.6650465130805969
0.3068191409111023
0.7998501062393188
0.8209835290908813
0.6021837592124939
0.9448387026786804
0.5556702017784119
0.5645383596420288
0.563123345375061
0.21270787715911865
0.19272862374782562
0.48497265577316284
0.5580207109451294
0.4998627305030823
1.690713882446289
0.8408281207084656
0.5801305770874023
0.1881491243839264
0.3865841329097748
0.7713900208473206
0.24358399212360382
1.2245135307312012
0.4355538487434387
0.5117231011390686
0.5381500124931335
0.4964558184146881
0.3254224359989166
0.347427099943161
0.25178271532058716
0.30609819293022156
0.5607006549835205
0.8240123987197876
0.5499619841575623
0.4308995306491852
0.3853263556957245
0.9594763517379761
0.8936721682548523
0.30571550130844116
1.0187939405441284
0.6856827139854431
0.22837820649147034
0.2071007788181305
0.552849292755127
0.18478283286094666
0.5539667010307312
0.14705391228199005
0.4823603630065918
0.6291159391403198
0.6979408264160156
0.6677865982055664
0.5326849222183228
0.4456222653388977
0.22397668659687042
0.36529627442359924
0.7613557577133179
0.5569051504135132
0.7238551378250122
0.8790906071662903
0.7074551582336426
0.5053002834320068
0.755707859992981
0.3462987542152405
0.5615701079368591
0.36568722128868103
1.0627772808074951
0.8319023847579956
0.3699381351470947
0.35529056191444397
0.4352909028530121
0.7271720170974731
0.6361274123191833
0.7193506956100464
0.5213402509689331
0.6674156188964844
0.6403080821037292
0.35926923155784607
0.654610276222229
0.4965195655822754
0.4115995466709137
0.30465584993362427
1.1232355833053589
0.38326296210289
0.7656604051589966
0.6002374887466431
0.8311693072319031
0.7672138214111328
0.7511857151985168
1.4148534536361694
0.3155899941921234
0.280866801738739
0.20903193950653076
0.6149062514305115
0.386674165725708
0.7888616323471069
0.8040555715560913
0.32676222920417786
0.5195921063423157
0.4648757874965668
0.3919280767440796
0.299529492855072
0.43020230531692505
0.8444754481315613
0.6320835947990417
0.38891342282295227
0.5236088633537292
0.4114500880241394
0.6770699620246887
0.3978821635246277
0.4811097979545593
0.8411291241645813
0.6282899975776672
0.7513283491134644
1.4629251956939697
0.8148918151855469
0.6826898455619812
0.9132558107376099
0.4569469094276428
0.27655699849128723
0.6438119411468506
0.5451850295066833
0.3849152624607086
0.7859510183334351
0.39837518334388733
0.46779149770736694
0.4327712059020996
0.42899090051651
0.42123323678970337
0.6084704995155334
0.5707499384880066
0.4536134600639343
1.0125131607055664
0.343108594417572
0.5329859852790833
0.5679103136062622
0.2942022681236267
0.700975775718689
0.45625123381614685
0.6477531790733337
0.44674673676490784
0.40936604142189026
1.0053081512451172
0.37574949860572815
0.3215704560279846
0.5549274682998657
0.4496340751647949
0.6695986390113831
0.43424907326698303
0.3737426996231079
0.46981096267700195
0.7108468413352966
0.5403469800949097
1.1758496761322021
0.582935094833374
0.27274858951568604
0.4055125117301941
0.21069078147411346
0.677613377571106
0.4350072741508484
0.5516906976699829
0.3358251452445984
0.27413034439086914
0.705269455909729
0.3648698627948761
1.3942466974258423
0.6309348940849304
0.43661290407180786
0.25206977128982544
0.49662914872169495
0.45346030592918396
0.33849090337753296
0.5770246386528015
0.49365878105163574
0.31753164529800415
0.3447883725166321
0.26884132623672485
0.8000467419624329
0.6787779927253723
0.1807631552219391
0.4301348328590393
0.9075627326965332
0.5784128904342651
0.6278807520866394
0.7578402757644653
0.776640772819519
0.6546078324317932
1.0055112838745117
0.5193904042243958
0.6479441523551941
0.32453981041908264
0.27011430263519287
0.538489043712616
0.3120330274105072
0.8309534788131714
0.3568205237388611
0.5798781514167786
0.7120641469955444
0.33345773816108704
0.2682310938835144
0.3641358017921448
0.7775535583496094
0.2688046097755432
0.5133489370346069
0.7049282789230347
0.5292099714279175
0.6679386496543884
0.4405546188354492
0.4875439703464508
0.5755313634872437
0.5965374112129211
0.9133120775222778
0.5326607823371887
0.590229868888855
0.4111889898777008
0.5910426378250122
0.4844515919685364
0.5936672687530518
0.40033355355262756
0.5428920984268188
0.38317185640335083
0.6538511514663696
0.8480082750320435
0.49117612838745117
0.6576388478279114
0.44205886125564575
0.7609907984733582
0.7579913139343262
0.2867531478404999
0.4238937795162201
0.9608572125434875
0.17549674212932587
0.3927372395992279
0.5956149101257324
0.4393685758113861
0.7414166927337646
1.0471012592315674
0.8559757471084595
0.5818727612495422
0.6752833724021912
0.32532376050949097
0.5726111531257629
0.25871163606643677
0.5338555574417114
1.092551827430725
0.4446297585964203
0.5308935046195984
0.43925824761390686
0.48431020975112915
0.43199077248573303
0.3692900240421295
0.3106056749820709
0.918936550617218
0.5338247418403625
0.6913243532180786
0.5499252080917358
0.4571148753166199
0.7456051111221313
0.2902989089488983
0.7214710116386414
0.3703102767467499
0.35026830434799194
0.5850658416748047
0.4023837447166443
0.591248095035553
0.37552982568740845
0.6425727009773254
0.5068317651748657
0.8261939883232117
0.3584715723991394
0.5612794756889343
1.0751101970672607
0.3112282156944275
0.8182379603385925
0.843339741230011
0.47349482774734497
0.3752562701702118
0.675139307975769
0.8181425333023071
0.6060884594917297
0.44789132475852966
0.36029353737831116
0.28387871384620667
0.8062265515327454
0.6575623750686646
0.6858855485916138
0.7221649289131165
