0.8710868954658508
0.9863338470458984
0.9253103137016296
0.649813175201416
0.5630149841308594
0.7342246770858765
0.57327800989151
0.6411527395248413
1.0494928359985352
0.6035166382789612
0.593786895275116
0.6599061489105225
1.1022037267684937
0.3891637325286865
0.7284988164901733
0.5108280181884766
0.29983627796173096
0.4238157272338867
0.25280699133872986
0.29821711778640747
0.40648847818374634
0.8734410405158997
0.812720000743866
0.595894992351532
0.46534451842308044
0.5843860507011414
0.8187364339828491
0.5084351897239685
0.18979032337665558
0.479454904794693
0.47493934631347656
0.8482306599617004
0.46877002716064453
0.4249272346496582
0.8025325536727905
0.36979570984840393
0.4742457866668701
0.37240973114967346
0.9539657831192017
0.2336830198764801
0.6996061205863953
0.43378257751464844
0.43131962418556213
0.5517021417617798
0.9545245170593262
0.35010984539985657
0.6970345377922058
0.2086583822965622
0.7062739133834839
0.2772720456123352
0.9810580015182495
0.4191860258579254
0.41336217522621155
0.5874996185302734
0.6479436159133911
0.5792093276977539
0.5250928997993469
0.33082062005996704
0.5110112428665161
0.44896793365478516
0.5069055557250977
0.7359091639518738
0.6533836126327515
0.26963791251182556
0.5180944800376892
0.2597036361694336
0.48585575819015503
1.5448381900787354
0.7777169942855835
0.4681272506713867
0.37071073055267334
0.24801012873649597
1.0985122919082642
0.4945451617240906
0.6918750405311584
0.438753604888916
0.6532102823257446
0.9331637620925903
0.11712634563446045
0.9648008346557617
0.48273658752441406
0.3100798726081848
1.1250958442687988
0.6021014451980591
0.4712100028991699
0.5347040891647339
0.42708486318588257
0.35233718156814575
0.619062066078186
0.7230531573295593
0.5211701989173889
0.5068123936653137
0.4956073760986328
0.892318606376648
0.657956600189209
0.43827325105667114
0.42012086510658264
0.2150709331035614
0.34911566972732544
0.6149108409881592
0.5617291927337646
0.49987420439720154
0.14753763377666473
0.7581088542938232
0.2825605273246765
0.38128742575645447
0.2743854820728302
0.3981347978115082
0.6025607585906982
0.3753952383995056
0.3622981607913971
0.8986141085624695
0.18316829204559326
0.3537784516811371
0.3031873106956482
0.3676926791667938
0.6026352047920227
1.1533267498016357
0.7491111755371094
0.3287886679172516
0.5351033806800842
0.7061207890510559
0.27889543771743774
0.7407933473587036
0.6559737920761108
0.5965431928634644
0.3313940763473511
0.42912349104881287
0.7000899314880371
0.8307352066040039
0.3706623911857605
0.49939244985580444
0.42500439286231995
0.8433793783187866
0.5724023580551147
0.3971598744392395
0.49223679304122925
0.7560752630233765
0.8104826211929321
0.3837832808494568
0.7566252946853638
0.8364545106887817
1.053413987159729
0.5409432649612427
0.43050891160964966
0.29724282026290894
0.8440690040588379
0.7046961784362793
0.5535270571708679
0.6162859797477722
0.5301828384399414
0.3460649847984314
0.6466584205627441
0.54754638671875
0.9361289143562317
0.7332854866981506
0.22114503383636475
0.4120917320251465
0.3876221776008606
0.5133551359176636
0.7722504138946533
0.3875740170478821
0.5174981951713562
0.910434365272522
1.4131379127502441
0.12948516011238098
0.5467249751091003
1.1282579898834229
0.7413948178291321
0.6252926588058472
0.4039420187473297
0.4338045120239258
0.6394057273864746
0.4521180987358093
0.6233838200569153
0.39974817633628845
0.3796238303184509
0.5662203431129456
0.3597327768802643
0.3569942116737366
0.7925464510917664
0.27303266525268555
0.45179447531700134
0.2838660776615143
0.4023512005805969
0.40954843163490295
0.6305142641067505
0.534920871257782
0.6382654905319214
0.3991820514202118
0.8094921112060547
0.40646734833717346
1.1154215335845947
0.5697137117385864
0.7313698530197144
0.9410131573677063
0.4681492745876312
0.5199354887008667
0.7942639589309692
0.6626662611961365
0.33874306082725525
0.7049622535705566
0.2783680856227875
0.9194101095199585
0.7852023839950562
0.548796534538269
0.5012491941452026
0.4067562222480774
0.4328656792640686
0.27694010734558105
0.3046056032180786
0.5505140423774719
0.3199418783187866
0.7476741075515747
0.42878609895706177
0.8972142934799194
0.6105218529701233
0.5549780130386353
0.529682457447052
0.36635130643844604
0.5247761011123657
0.4073767066001892
0.385263055562973
0.3799922466278076
0.6828120946884155
0.5201343297958374
0.3926035165786743
0.20902852714061737
0.9762076139450073
0.5370578169822693
0.37630531191825867
0.3759535551071167
0.5355072021484375
1.065293788909912
1.014789342880249
0.137785404920578
0.45996981859207153
0.7900217175483704
0.5175338983535767
0.6324766278266907
0.4372640550136566
0.39536699652671814
0.26638132333755493
0.7649788856506348
0.6806976795196533
0.5776824951171875
1.4875824451446533
0.2965105175971985
0.6377974152565002
0.8745418787002563
0.9328473806381226
0.13295571506023407
0.6931347250938416
1.3287091255187988
0.43863457441329956
0.5731273293495178
0.5738627314567566
0.4899241328239441
0.17117397487163544
0.49620866775512695
0.3484765887260437
0.8381690979003906
0.4874376356601715
0.6280858516693115
0.4260258078575134
0.5880208015441895
0.9423398971557617
0.382038414478302
0.5901520848274231
0.31774571537971497
0.6132229566574097
0.38411808013916016
0.6029272079467773
0.32326024770736694
0.598471999168396
0.4032360911369324
0.2713375687599182
0.5313488245010376
0.30911964178085327
0.4687681198120117
0.6276626586914062
0.3312949240207672
0.8519746661186218
0.6224234104156494
0.30185824632644653
0.8101164698600769
0.59283846616745
0.20342294871807098
0.35009443759918213
0.5636571645736694
1.0520672798156738
0.28283119201660156
0.9205004572868347
0.2703135013580322
0.21179798245429993
0.4258955121040344
0.7992066144943237
0.6882765889167786
0.471618115901947
0.42219075560569763
0.3589116632938385
0.6454489827156067
0.46719664335250854
1.0902022123336792
0.340353399515152
0.9774797558784485
0.9178699254989624
0.39512401819229126
0.3924415707588196
0.5084320306777954
0.9954773783683777
0.46125173568725586
0.4693090319633484
0.4692387580871582
0.5124472379684448
0.43849819898605347
1.1736809015274048
0.30849915742874146
0.674399733543396
0.4690013527870178
0.6517965197563171
0.836330771446228
0.45005446672439575
0.5587838292121887
1.2811580896377563
0.27803903818130493
0.44386276602745056
0.5375999212265015
0.30426132678985596
0.42883554100990295
0.682689905166626
0.4702318608760834
0.6141239404678345
0.33424124121665955
0.37103497982025146
0.4474111497402191
0.5542249083518982
1.018346905708313
