0.6499939560890198
0.6560710668563843
0.5969420671463013
0.3791586756706238
0.5939327478408813
0.7732672691345215
0.8931602239608765
0.7618268728256226
0.3130391836166382
0.7236112952232361
0.3432387709617615
0.41400283575057983
0.8545732498168945
0.5560189485549927
0.5650708675384521
0.7740252017974854
0.4500766396522522
0.385498583316803
0.519774317741394
0.45532116293907166
0.43191877007484436
0.6811059713363647
0.4344119131565094
0.6739221811294556
0.49220213294029236
0.7799755930900574
0.6155651211738586
0.46857118606567383
0.4372536540031433
0.4232413172721863
1.297462821006775
0.5959967970848083
0.6767235994338989
0.4251399040222168
0.8224164843559265
0.8473340272903442
0.4686497747898102
0.9227073788642883
0.4185384213924408
0.8869222402572632
0.69000643491745
0.6769903302192688
0.6114064455032349
0.7509990930557251
0.5527185201644897
0.469963937997818
0.7483717203140259
0.7677780985832214
0.42224788665771484
0.6298361420631409
0.2726622223854065
0.46941834688186646
0.5138534307479858
0.45949602127075195
0.8671129941940308
0.6323599815368652
0.8769806623458862
0.4152209162712097
0.42291784286499023
0.5346928834915161
0.6396785974502563
0.8778373003005981
0.7045693397521973
1.2133681774139404
0.5900203585624695
0.39633554220199585
0.856748104095459
0.5765559077262878
0.49298039078712463
0.950797438621521
1.253178596496582
0.4883252680301666
0.8977476954460144
1.1617188453674316
0.6125127077102661
0.22933968901634216
0.46943825483322144
0.596993625164032
0.5095846652984619
0.6879375576972961
0.9524691700935364
0.680642306804657
0.4995272159576416
0.7927754521369934
0.9184200167655945
0.7894202470779419
0.50218266248703
0.3442326486110687
0.6765505075454712
1.3086599111557007
0.5174769163131714
0.5801671743392944
0.7096520662307739
0.8550994992256165
0.9588733911514282
0.2913939952850342
0.7646037340164185
0.7381390333175659
0.7572110891342163
0.6718926429748535
0.7500795722007751
1.021831750869751
1.010310173034668
0.49278029799461365
0.45823484659194946
0.7722973823547363
0.8668597340583801
1.5223214626312256
0.6975128650665283
0.34738627076148987
0.6109912991523743
0.9570152163505554
0.710716724395752
0.6218790411949158
0.9893538355827332
0.8033425211906433
0.9555974006652832
0.5732985138893127
0.7400476932525635
0.42152947187423706
0.9974679946899414
0.7953841090202332
0.6776876449584961
0.8658171892166138
0.8477849960327148
0.6667510867118835
0.5601094961166382
1.525626540184021
0.7771522998809814
0.7368623614311218
0.6846530437469482
0.36120301485061646
1.2267833948135376
0.7099298238754272
1.2060058116912842
0.5769323110580444
0.6954979300498962
1.0068628787994385
0.6938352584838867
0.8931325674057007
0.9635215997695923
0.41429418325424194
0.6517995595932007
0.4122069776058197
0.5220680832862854
0.4864000678062439
0.3962441086769104
0.6999125480651855
0.5868834853172302
0.6910983920097351
0.6784761548042297
0.9088117480278015
0.6625881195068359
0.3172350227832794
0.805384635925293
0.525132954120636
0.5480424165725708
0.7395777702331543
0.7821556329727173
0.7729794383049011
0.6690375804901123
0.513928234577179
0.6257034540176392
1.1069400310516357
0.817640483379364
0.919197678565979
0.5360130071640015
0.5643996000289917
0.6418660879135132
0.8432267308235168
0.7148700952529907
0.5145940780639648
0.717613697052002
0.8519560694694519
0.6052141189575195
1.014933466911316
0.5359158515930176
0.6304036378860474
0.323941171169281
0.48592281341552734
0.80387943983078
1.1937658786773682
1.1549556255340576
0.587059736251831
0.49224671721458435
0.6355962753295898
0.503704845905304
0.6470798850059509
0.6534544229507446
0.8371698260307312
0.4410184919834137
0.44224685430526733
1.1217676401138306
0.7051060795783997
0.38958749175071716
0.6435169577598572
0.6275656819343567
0.4013501703739166
0.40200915932655334
0.9093489646911621
0.6279348134994507
1.0986311435699463
1.2244492769241333
0.4527249336242676
0.3626018464565277
0.6375126242637634
0.6370589733123779
0.3248918354511261
0.5162813067436218
0.8277524709701538
0.776854932308197
0.39057600498199463
0.48198145627975464
0.8944541215896606
0.5934604406356812
0.6605380773544312
1.3460290431976318
0.7485552430152893
0.9075596928596497
0.7524298429489136
0.44009456038475037
0.5017422437667847
0.9873111844062805
0.5995996594429016
0.8028333783149719
0.36513692140579224
0.3308386206626892
0.6810587644577026
0.4996200501918793
0.6506222486495972
0.4376261830329895
0.7788583040237427
0.6150836944580078
0.39155298471450806
0.6022062301635742
0.5573312044143677
0.6760264039039612
0.4814886152744293
0.5361119508743286
0.6150054931640625
1.000327229499817
1.4107272624969482
1.0013182163238525
1.6431472301483154
1.0482691526412964
0.935985267162323
0.4934066832065582
0.5495527982711792
1.049759864807129
0.5199539661407471
0.4513969421386719
0.5187028050422668
0.6950119137763977
0.679639458656311
0.8106738924980164
0.6311876177787781
0.7852360606193542
0.40261515974998474
0.5017154216766357
0.4285085201263428
0.4516158103942871
0.7034478187561035
1.008315920829773
0.7223179340362549
0.813201904296875
0.5625429153442383
0.930260181427002
1.3486331701278687
0.5375884771347046
0.5561656951904297
0.8728019595146179
0.6839560270309448
0.407645046710968
0.6723793148994446
0.5093502998352051
0.6229616403579712
0.7590295076370239
0.4718903601169586
0.5359182953834534
0.6489108204841614
0.5024536848068237
0.6493277549743652
0.9038583040237427
0.520487904548645
0.7101258635520935
0.6687801480293274
1.09120512008667
0.48301464319229126
0.44862908124923706
0.5250016450881958
0.713405430316925
1.046060562133789
0.8515819311141968
0.6550806760787964
0.41044655442237854
0.5252757668495178
0.5540374517440796
0.6847573518753052
0.31885260343551636
0.8049948811531067
0.7638022899627686
0.3944057524204254
0.7203752398490906
0.7059015035629272
0.6480662822723389
0.5043736696243286
0.37679189443588257
0.4244360327720642
0.9480253458023071
0.6732972860336304
0.3721265196800232
0.45237231254577637
0.792363703250885
0.4922328591346741
0.2216707020998001
0.46413055062294006
0.566921591758728
0.5782150626182556
0.49027711153030396
0.8002988696098328
0.710037887096405
0.5794559121131897
0.42541733384132385
0.37732601165771484
0.881720244884491
1.0445098876953125
1.051356315612793
0.6360040903091431
1.0882436037063599
0.9208795428276062
0.6151394248008728
1.1804336309432983
0.44390445947647095
0.5876384377479553
0.8534991145133972
0.5421457290649414
0.7465329170227051
0.7453659176826477
