0.36999374628067017
0.7028728723526001
0.4676890969276428
0.5020108819007874
0.6118786931037903
1.1605075597763062
0.37700745463371277
0.9114688634872437
1.0961815118789673
0.653030514717102
0.26483649015426636
0.742031455039978
0.29906439781188965
0.6010020971298218
0.3266693651676178
0.49305400252342224
0.7386783361434937
0.4799157977104187
0.6243789792060852
0.29006147384643555
0.4861198365688324
0.19680306315422058
0.41965731978416443
0.36534085869789124
0.34299707412719727
0.5130683183670044
0.8335413932800293
0.603714108467102
0.6634542346000671
0.3606443405151367
0.7770659327507019
0.8730108141899109
0.31425970792770386
0.6718798279762268
0.5173390507698059
0.6186293959617615
0.31536513566970825
0.5898504853248596
0.5225375890731812
0.5950852632522583
0.6203513145446777
0.45353373885154724
0.4419185519218445
0.32902055978775024
0.8507605791091919
0.5554155111312866
0.624376118183136
0.4537646174430847
0.48459935188293457
0.8139752149581909
0.7603586912155151
0.6609082818031311
0.39724263548851013
0.5325688123703003
0.9346408843994141
0.5475085973739624
0.6237789988517761
0.48712626099586487
0.7779366970062256
0.5320812463760376
0.5836033821105957
0.4121949076652527
0.8445222973823547
0.2259889543056488
0.46834054589271545
0.8473200798034668
0.3749178946018219
0.75843346118927
0.7923675179481506
0.45347681641578674
0.5150143504142761
0.29763394594192505
0.6133324503898621
0.7409160137176514
1.2452672719955444
0.832588791847229
0.7857376337051392
0.9793018102645874
0.45621687173843384
0.5653527975082397
0.7522825002670288
0.5643726587295532
0.7716583013534546
1.1858651638031006
0.5151475667953491
0.6301456689834595
0.8413337469100952
0.2707454562187195
0.41725611686706543
1.1538527011871338
0.2293892353773117
0.4084414839744568
0.4015273153781891
0.29749706387519836
0.48363733291625977
0.5175024271011353
0.9954824447631836
0.614439070224762
0.1863318383693695
0.5837580561637878
0.8697905540466309
0.36050617694854736
0.4796201288700104
0.4591154158115387
0.37120646238327026
0.40944305062294006
0.30188626050949097
0.5363374948501587
0.6720765829086304
0.5941722989082336
0.2683436870574951
0.5377935171127319
0.7442149519920349
0.345432311296463
0.34251171350479126
0.5228527188301086
0.8071053624153137
0.6607221961021423
0.5548704862594604
0.3015821874141693
0.44540897011756897
0.37018269300460815
0.5667386651039124
0.8857834935188293
0.6843675374984741
0.31039679050445557
0.25728556513786316
0.3769586980342865
0.43331044912338257
0.3263912796974182
0.30423349142074585
0.8141216039657593
0.2694724500179291
0.6975538730621338
0.7421345710754395
0.32220694422721863
0.38098496198654175
0.5280315279960632
0.9425692558288574
1.4309629201889038
0.5859665870666504
0.9641404151916504
0.5078761577606201
0.3273816704750061
0.40119487047195435
0.8519048690795898
0.42992672324180603
0.7024443745613098
0.548241913318634
0.4372657835483551
0.5948891639709473
0.397158145904541
0.3674107491970062
0.5365042686462402
0.38197970390319824
0.45440155267715454
0.9255889654159546
0.6374666690826416
0.9320259094238281
0.7456903457641602
0.1709546446800232
0.4425002932548523
0.5539120435714722
0.6010260581970215
0.5775179266929626
0.3967415392398834
0.44787320494651794
0.725159764289856
0.33816757798194885
0.5306710004806519
0.6994808912277222
0.5034885406494141
0.5307095050811768
0.40540704131126404
0.4856260418891907
0.3383963704109192
0.6979395151138306
0.7056554555892944
0.2428061068058014
0.9697378277778625
0.36109790205955505
0.7917568683624268
0.35662856698036194
0.2611691653728485
0.5746310949325562
0.5624582171440125
0.2472579926252365
0.48217010498046875
0.25058507919311523
1.0691956281661987
0.3235289454460144
0.6530693769454956
0.24772360920906067
0.6423525214195251
0.29786187410354614
0.6697679758071899
0.594957709312439
0.5350740551948547
0.2748658061027527
0.603251039981842
0.8666993975639343
0.7858748435974121
0.7956981062889099
0.3479539453983307
0.34617629647254944
0.3604510724544525
0.39762887358665466
0.6025558114051819
0.34614673256874084
0.4960393011569977
0.2757202088832855
0.5820922255516052
0.8036662936210632
1.074384331703186
0.37340047955513
0.5382734537124634
0.4688738286495209
0.5249122381210327
0.345414936542511
0.4829809069633484
0.7543433904647827
0.5094894766807556
0.4335862696170807
1.1008479595184326
0.3711851239204407
0.8236907124519348
0.49636340141296387
0.6083956956863403
0.47181349992752075
0.8302839994430542
0.5224146246910095
0.8480350375175476
0.4540410041809082
0.3723045885562897
0.30265527963638306
0.3979703187942505
0.30043530464172363
0.7870061993598938
0.44987839460372925
0.28599292039871216
0.3447602391242981
0.4864206314086914
0.5204821228981018
0.172529399394989
0.22541451454162598
0.9725282788276672
0.9649885892868042
0.23054532706737518
0.7394112348556519
0.24085073173046112
0.30507636070251465
0.7944470047950745
0.7159261703491211
0.36952194571495056
1.074312448501587
0.32253000140190125
0.5030425190925598
0.469700425863266
0.5092980861663818
0.5868247747421265
0.4341525137424469
1.282379388809204
0.47947415709495544
0.44934821128845215
0.8147882223129272
0.6890437602996826
0.664371132850647
0.8662673830986023
0.4405794143676758
0.5109972953796387
0.7181352376937866
0.6167658567428589
0.3374190330505371
0.4265664517879486
0.4743722379207611
0.39015865325927734
0.48557788133621216
0.5742879509925842
0.4975888133049011
0.6755592823028564
0.4196511209011078
0.9236154556274414
0.7123678922653198
0.58018958568573
0.21968886256217957
0.23715898394584656
0.8761547207832336
0.3170263171195984
0.3484368920326233
0.487971693277359
0.4330385625362396
0.5062320828437805
1.287740707397461
0.5928055644035339
0.6139678955078125
1.0947129726409912
0.3235342502593994
0.7336071133613586
0.40256160497665405
0.5300583243370056
0.5119189023971558
0.35561251640319824
0.6072433590888977
0.6732738614082336
0.5716726779937744
0.6100082397460938
0.48024073243141174
0.6708292365074158
0.23784863948822021
0.5122458338737488
0.5802220106124878
0.6547486186027527
0.4746417999267578
0.503707766532898
0.9399499893188477
0.2501259744167328
0.697650134563446
0.7530331015586853
0.44874605536460876
0.2398267239332199
0.35775333642959595
0.46750515699386597
0.4624996781349182
0.46694594621658325
0.24461019039154053
0.17618897557258606
0.3954918384552002
0.293662965297699
0.5663648843765259
0.757799506187439
0.5447252988815308
1.3346468210220337
1.1414124965667725
0.2514956295490265
0.17192918062210083
0.17830519378185272
0.5567025542259216
0.37773945927619934
