0.6536133289337158
0.21276286244392395
0.6845520734786987
0.7877585887908936
0.2540057897567749
1.0989896059036255
0.4371452331542969
0.4446995258331299
0.38141125440597534
0.6914248466491699
0.5932108163833618
0.5230246782302856
0.4822549819946289
0.4266321659088135
0.745486855506897
0.5344743728637695
0.3889675736427307
0.42989206314086914
0.41691064834594727
0.5239368081092834
0.5898772478103638
0.6523455381393433
0.43429452180862427
0.36425304412841797
0.2994222939014435
0.3012530207633972
0.4612344205379486
0.36989477276802063
0.4605039656162262
0.4104008674621582
0.32052376866340637
1.0449936389923096
0.40146350860595703
0.8053690791130066
0.48761099576950073
0.29913491010665894
1.3999545574188232
0.7783679962158203
0.4983595907688141
0.9007960557937622
0.7164802551269531
0.4011000096797943
0.5707535147666931
0.3689614534378052
0.1456272304058075
1.094710111618042
0.9632508158683777
0.526506781578064
0.8098675608634949
0.9238425493240356
0.5139795541763306
0.4800998568534851
0.37431299686431885
0.6514676213264465
0.738817572593689
0.45259982347488403
0.3447244465351105
0.43573054671287537
0.7682225108146667
0.17035076022148132
0.7167512774467468
0.3097347021102905
0.31952542066574097
0.33309364318847656
0.4538033604621887
0.6131950616836548
0.22812700271606445
0.2553336024284363
0.4411177635192871
0.4417193830013275
0.4506203532218933
0.5692726969718933
0.38714927434921265
0.48493918776512146
0.4082791209220886
1.0338705778121948
0.5783370733261108
0.3943183422088623
0.4482426643371582
0.5258016586303711
0.4523661732673645
0.3939208984375
0.3757668137550354
0.16085311770439148
0.7926093935966492
0.3480912744998932
1.610135793685913
0.2616828978061676
0.28072986006736755
0.3525388836860657
0.5979167819023132
0.3285953402519226
0.6376113891601562
0.9259918332099915
0.5547677278518677
0.6877133250236511
0.4377317428588867
0.4752236306667328
0.49558448791503906
0.3437073528766632
0.31006917357444763
0.4086530804634094
0.6067283749580383
0.6303125619888306
0.6598443388938904
0.5552622079849243
0.2323928326368332
0.2843630313873291
0.9964450597763062
0.6393482089042664
0.5687103271484375
0.5824232697486877
0.35915523767471313
0.5712640881538391
0.1401604413986206
0.5766558647155762
0.30360496044158936
0.5626302361488342
0.37209343910217285
0.6712909936904907
0.5354499816894531
0.3514019548892975
0.32610735297203064
0.4579125940799713
0.8503526449203491
0.3041718602180481
0.4676542282104492
0.528800368309021
0.18744947016239166
0.7547255754470825
0.42289671301841736
0.20451131463050842
0.3322581648826599
0.6187320947647095
0.25862017273902893
0.41064000129699707
0.6218851804733276
0.3378027677536011
0.35171547532081604
0.7623152136802673
0.4826385974884033
0.7441335916519165
0.3067149221897125
0.8392289280891418
0.47102174162864685
0.9183464050292969
0.9220970273017883
0.5647137761116028
0.4882621169090271
0.3786683678627014
0.7008084058761597
1.0294700860977173
0.17676430940628052
0.8239530324935913
0.7270798087120056
0.46430349349975586
0.35575437545776367
0.7352474927902222
0.4951976239681244
0.7845627665519714
0.3726452589035034
0.3440876007080078
0.36510348320007324
0.8003972172737122
0.8608554005622864
0.7319830060005188
0.31877413392066956
0.5686340928077698
0.5201210379600525
0.42831841111183167
0.39596766233444214
0.54875248670578
0.44905272126197815
0.3707605302333832
0.9475942850112915
0.4236268401145935
0.3017141819000244
0.3882884383201599
0.6496894359588623
0.7745174169540405
1.33335280418396
0.36826208233833313
0.6533632278442383
0.6267618536949158
0.43734073638916016
0.5972321629524231
0.8046237230300903
0.2636946439743042
0.6937324404716492
0.7606672048568726
0.2944488227367401
0.6823291778564453
0.6312190890312195
0.6881778836250305
0.7469107508659363
0.41261735558509827
0.5840436816215515
0.5107563734054565
0.753731369972229
0.3118171691894531
0.2566981017589569
0.2535426914691925
0.6408475637435913
0.46736425161361694
0.796380877494812
0.6173532009124756
0.6937705874443054
0.24887481331825256
0.3397684097290039
0.49693331122398376
0.5204217433929443
0.5507593750953674
0.5107527375221252
0.3989384174346924
0.15295787155628204
0.32378119230270386
0.7032021284103394
0.6141324639320374
0.9567211270332336
0.6292039155960083
0.4334801733493805
0.4162231385707855
0.812347412109375
0.1563286930322647
0.9029527902603149
0.28515321016311646
0.6572002172470093
0.31398624181747437
0.73285973072052
0.5393325686454773
0.3534151613712311
0.6446775794029236
0.3875844478607178
0.5798120498657227
0.39784103631973267
0.541218638420105
0.627224326133728
0.5159787535667419
0.49270740151405334
0.4488101899623871
0.5297616720199585
0.7201187014579773
0.5770148038864136
0.6765657663345337
0.24154183268547058
0.896064281463623
0.2941778302192688
0.777706503868103
0.7797381281852722
0.5105111598968506
0.7554587721824646
0.686928391456604
0.7853885889053345
0.6833772659301758
0.2185729444026947
0.4950360655784607
0.5832930207252502
1.2400397062301636
0.44282326102256775
0.3266752362251282
0.6183211207389832
0.6300314664840698
0.6061037182807922
1.1166988611221313
0.20743083953857422
0.18216297030448914
1.0173351764678955
0.9550720453262329
0.4602583050727844
0.7843320965766907
0.3978005051612854
0.46148985624313354
1.0242042541503906
0.47583064436912537
0.3639775812625885
0.9337282180786133
0.791358470916748
0.16349723935127258
0.4262773394584656
0.37512776255607605
0.5085179805755615
0.5230865478515625
0.3807450830936432
0.5030239820480347
0.6952459216117859
0.6886010766029358
0.7406072616577148
0.5050932168960571
0.43628138303756714
0.48794326186180115
0.524246335029602
0.46614083647727966
0.2634841799736023
0.5218294858932495
0.4227955937385559
0.2848639190196991
0.23234152793884277
0.699356198310852
0.5402199029922485
0.5146267414093018
0.49860626459121704
0.5976431965827942
0.5287034511566162
0.947801411151886
0.43519726395606995
0.32201018929481506
0.5424363017082214
0.6511632204055786
0.6229415535926819
0.35593125224113464
0.5731533169746399
0.23010165989398956
0.4105079770088196
0.5499789714813232
0.6558881998062134
0.4185488820075989
0.41568082571029663
0.5038064122200012
0.7521421313285828
0.36079829931259155
0.9793795347213745
0.5343373417854309
0.37562355399131775
0.6813443303108215
0.6033332943916321
0.33830326795578003
0.4635758399963379
0.6156560182571411
0.44468241930007935
0.2906135022640228
0.3704117238521576
0.3414938449859619
0.4701390862464905
0.4755933880805969
0.7067232728004456
0.468406617641449
0.3159700036048889
2.0851857662200928
