0.2261296510696411
0.3972334563732147
0.6379584670066833
0.3655262589454651
0.59493088722229
0.7412364482879639
0.48089033365249634
0.5159863233566284
0.3148833215236664
0.5783408284187317
0.4544548988342285
1.019456148147583
0.7755772471427917
0.6360774040222168
0.4507712423801422
0.4014167785644531
0.46369513869285583
0.637648344039917
0.813454806804657
0.7393519282341003
0.686719536781311
0.32288140058517456
0.3669348657131195
0.4415212571620941
0.3399604856967926
0.3634515106678009
0.4286659359931946
0.31151044368743896
0.3308689594268799
0.5321017503738403
1.0227930545806885
0.8560546636581421
0.46200743317604065
0.19309809803962708
0.605966329574585
1.2894978523254395
1.5319184064865112
0.46918588876724243
0.7716220617294312
0.3984568119049072
0.6649463176727295
0.9140315055847168
0.3315938115119934
0.37709054350852966
0.6266533136367798
0.2176561802625656
0.4991743564605713
0.8058837652206421
0.406522274017334
0.5663133263587952
0.6557953953742981
0.3911901116371155
0.5448118448257446
0.5864412784576416
0.8373592495918274
0.6356053948402405
0.6010547876358032
0.36737343668937683
0.43061700463294983
1.1758239269256592
0.546263575553894
0.3853476047515869
0.6743999719619751
0.3938315212726593
0.8624127507209778
0.8076459765434265
0.4557310938835144
0.39273515343666077
0.7215780019760132
0.509494423866272
0.23903007805347443
0.8708764910697937
0.4146116375923157
0.3829411566257477
0.44523534178733826
0.7371441125869751
1.2005892992019653
0.38813120126724243
0.7071041464805603
0.3995167315006256
0.26120445132255554
0.6025933623313904
0.4675918221473694
0.3058584928512573
0.19521915912628174
0.5576214790344238
0.6270997524261475
0.86021888256073
1.287122368812561
0.5102416276931763
0.6502330899238586
0.39134904742240906
0.358846515417099
0.6134561896324158
0.5937672257423401
0.25540679693222046
0.376412570476532
0.5571077466011047
0.39421772956848145
0.4798404574394226
0.365225613117218
0.30678606033325195
0.4106295704841614
0.6050931215286255
0.7245827317237854
0.7940452694892883
0.2804264426231384
0.12957145273685455
0.5505670309066772
0.5035449862480164
0.3878323435783386
0.39034372568130493
0.14037001132965088
0.6901437640190125
0.667003333568573
0.6332829594612122
0.5603834390640259
0.5893220901489258
0.6170049905776978
0.3267199397087097
0.7205766439437866
0.4100984036922455
0.3209817409515381
0.966080367565155
1.0293503999710083
0.4425390362739563
0.26515427231788635
0.7896726131439209
0.3219417631626129
0.3434632122516632
0.5665382146835327
0.40983375906944275
0.6551564335823059
0.6472231149673462
0.5827831029891968
0.7867432832717896
0.35708075761795044
0.4822982847690582
0.6119969487190247
0.5372964143753052
0.4718485474586487
0.47987884283065796
0.44862452149391174
0.3493104875087738
0.3080599904060364
0.29945486783981323
0.6534244418144226
0.3643421232700348
0.694710373878479
0.33859652280807495
0.25764673948287964
0.11935243755578995
0.494729220867157
0.6062077283859253
0.5898043513298035
0.4133172929286957
0.5780048370361328
0.4700988233089447
0.8849506378173828
0.8368666768074036
0.8062915802001953
0.4516598582267761
0.2722535729408264
0.4737324118614197
0.4925118386745453
0.5838537216186523
0.5514397621154785
0.6022635698318481
0.5495141744613647
0.40315747261047363
0.6785901784896851
0.22377312183380127
0.4711027145385742
0.6440407633781433
0.6117314696311951
0.4425131380558014
0.1838148832321167
0.3471883535385132
0.5287531614303589
0.5793217420578003
0.33421453833580017
0.4386965334415436
0.4632997512817383
1.3418885469436646
0.34019559621810913
0.5744540095329285
0.2914678752422333
0.6904864311218262
0.4896523356437683
0.5281183123588562
0.8380180597305298
0.4152304232120514
0.4588788151741028
0.17742130160331726
0.2380739152431488
0.49197283387184143
0.41595929861068726
0.8142706155776978
0.8007147908210754
0.6821738481521606
0.7088696360588074
0.44038233160972595
0.3104206919670105
0.4242416024208069
0.5819122195243835
0.30419474840164185
0.493141233921051
0.48581838607788086
0.6239073872566223
0.8388749957084656
0.6788409948348999
0.3981004059314728
0.30105286836624146
1.01724374294281
0.8212114572525024
0.6072114109992981
0.40800803899765015
0.4165741801261902
0.756131649017334
0.6493874788284302
0.4329359531402588
0.46609973907470703
0.238509863615036
0.9760481119155884
0.5823434591293335
0.2147720754146576
0.5580204129219055
1.0473899841308594
0.4680885374546051
0.2625095248222351
0.833397388458252
0.4992523193359375
0.4944825768470764
0.7968169450759888
0.3904150128364563
0.2719310224056244
0.39041370153427124
0.5893914103507996
0.46513357758522034
0.38337165117263794
0.7637604475021362
0.4947125315666199
0.5903741717338562
0.38338613510131836
0.5453333854675293
0.9887953996658325
0.21839646995067596
0.4614187777042389
0.2217947542667389
0.2823179364204407
0.7083113193511963
0.4586140513420105
0.48953157663345337
0.4918678402900696
0.5163002610206604
0.42711544036865234
0.3254454731941223
0.6846760511398315
0.19949428737163544
0.7536141276359558
0.3184661269187927
0.646551251411438
0.37587007880210876
0.9041966199874878
0.37244585156440735
0.48483380675315857
0.9467028379440308
0.6366702318191528
0.3085302412509918
0.5873692631721497
0.685564398765564
0.5676103234291077
0.39108115434646606
0.6244120597839355
0.532563328742981
0.917352020740509
0.31681740283966064
0.4928115904331207
0.5462820529937744
0.6041551828384399
0.49582186341285706
0.598388135433197
0.6016696691513062
0.4824696481227875
0.5742563605308533
1.0138089656829834
0.37309810519218445
0.7374493479728699
0.34364545345306396
0.7124221324920654
0.47935885190963745
0.5080941915512085
0.8047329187393188
0.8249150514602661
0.42931222915649414
0.3829399645328522
0.5798836350440979
0.21497264504432678
0.6449642181396484
0.5721887350082397
0.4333832859992981
0.2760292887687683
0.4600297808647156
0.21417370438575745
0.4769003391265869
0.2677135467529297
0.7240219712257385
0.559339165687561
0.3291814923286438
0.6566919684410095
0.24250729382038116
0.5566744804382324
0.539334774017334
0.3909616768360138
0.7077757120132446
0.8473676443099976
0.15168496966362
0.44732245802879333
0.7079881429672241
0.6384154558181763
0.3447408676147461
0.3154909014701843
0.7776981592178345
0.4269651770591736
0.582053005695343
0.6483579277992249
0.6564754247665405
0.24895334243774414
0.3700466752052307
0.535401463508606
0.3041650354862213
0.5695794224739075
0.5896084308624268
0.3608962595462799
0.47851675748825073
0.5088974237442017
0.44485005736351013
0.2923145592212677
