0.5135015845298767
0.3379073739051819
0.6764494776725769
0.5642398595809937
0.420332133769989
0.8171695470809937
0.2798386216163635
0.41665974259376526
0.38414254784584045
0.4408027231693268
0.388728529214859
0.9117591977119446
0.45195168256759644
0.9215642809867859
0.7888312339782715
0.6862547993659973
0.3523579239845276
0.5747731328010559
0.6341370940208435
0.43487709760665894
0.6331418752670288
0.6508227586746216
0.4572882652282715
0.5049635767936707
0.8234178423881531
0.24526408314704895
0.5234590768814087
0.4970284402370453
0.8635505437850952
0.44991549849510193
0.3685852885246277
0.7401517629623413
0.3065502345561981
0.5138739943504333
0.3182559609413147
0.7820117473602295
0.4997860789299011
0.3593534529209137
0.26944711804389954
0.35714951157569885
0.2638537287712097
0.3483472168445587
0.6719200611114502
0.4433479309082031
0.6632117033004761
0.34518691897392273
0.7099317312240601
0.2624216675758362
0.4379156231880188
0.3212520182132721
0.6076968312263489
0.5274512767791748
0.3558272421360016
0.5905725359916687
0.8768553733825684
0.2563804090023041
0.3185785412788391
0.4860226511955261
0.46368294954299927
0.5229093432426453
0.6474169492721558
0.45014524459838867
0.3545367121696472
0.9196304082870483
0.7436152696609497
0.5324998497962952
0.4452168047428131
0.4752199053764343
0.5531085133552551
0.3344459533691406
0.5937844514846802
0.5042010545730591
0.4610670506954193
0.5675361752510071
0.3127615451812744
0.5540584325790405
0.4899294972419739
0.3526269495487213
0.6177619695663452
0.8082388639450073
0.1989409625530243
0.8734086751937866
0.42019063234329224
0.5158394575119019
0.34170886874198914
0.585296630859375
1.0578886270523071
0.6157867312431335
0.47091835737228394
0.6778193712234497
0.3596755862236023
0.5566876530647278
0.604336142539978
0.9885988235473633
0.43950405716896057
0.6436685919761658
0.5172160267829895
0.8246854543685913
0.6547882556915283
0.4368751049041748
1.0082842111587524
0.7376986145973206
0.41275525093078613
0.5813933610916138
0.5366717576980591
0.46067914366722107
0.45196324586868286
0.44123345613479614
0.6616131067276001
0.9705217480659485
0.3379254639148712
0.7259845733642578
0.4409659504890442
0.5511595606803894
0.5417253375053406
0.7824673056602478
0.4571863114833832
0.6351169347763062
0.5837734937667847
0.3876607418060303
0.43801289796829224
0.6409966349601746
0.3891375660896301
0.9420779347419739
0.22577223181724548
0.6082318425178528
0.686375081539154
0.5113357305526733
0.42742642760276794
0.3474719524383545
0.35963064432144165
0.9795122146606445
0.39712321758270264
0.9715387225151062
0.3349245488643646
0.5132417678833008
0.5894826650619507
0.6869320869445801
0.28696373105049133
0.31679582595825195
0.42496615648269653
0.4631526470184326
0.3910551071166992
0.26200002431869507
0.7498196959495544
0.272006630897522
0.15582522749900818
0.3873276710510254
0.381527841091156
0.39179617166519165
0.804153561592102
0.5188789367675781
0.6162826418876648
0.5594990849494934
0.3806357979774475
0.822908878326416
0.6274222731590271
0.40195050835609436
1.084324598312378
0.17948296666145325
0.9611150622367859
0.9757407307624817
0.7051998376846313
0.7458425760269165
0.5614721179008484
0.3081243932247162
0.8733327984809875
0.4069994390010834
0.681780993938446
0.6633872389793396
0.38044896721839905
0.7296374440193176
0.9191482663154602
0.6442119479179382
0.6124793291091919
0.40757888555526733
0.43076831102371216
0.9198983907699585
0.5109416246414185
0.465320885181427
0.3717491626739502
0.3447597920894623
0.17528611421585083
1.1021119356155396
0.3105928599834442
0.4611791670322418
0.5107027292251587
0.5462728142738342
0.4779275357723236
0.24773378670215607
0.5750171542167664
0.6586358547210693
0.26874321699142456
0.6024407744407654
0.5483890771865845
0.5290543437004089
0.6468876004219055
0.8053723573684692
0.8097842335700989
1.0012028217315674
0.5892053842544556
0.460618257522583
0.603174090385437
0.18297496438026428
0.43599700927734375
0.6219388246536255
0.33985617756843567
0.47614678740501404
0.4273363947868347
0.23660555481910706
0.46617403626441956
0.36074796319007874
0.7171765565872192
0.6605631113052368
0.2763744294643402
0.4689922332763672
0.4568127691745758
0.5638724565505981
0.6073498725891113
0.14024114608764648
0.435066282749176
0.32759031653404236
0.5266026258468628
0.781497597694397
0.571918785572052
0.45686283707618713
0.3155822157859802
0.5315858721733093
0.41347432136535645
0.5384666919708252
0.6455889344215393
0.3486868441104889
0.8225030899047852
0.586854875087738
0.4713623523712158
0.5110589861869812
0.8236966133117676
0.39311856031417847
0.17770640552043915
0.48441630601882935
0.35362744331359863
0.6315644383430481
0.3937799334526062
0.7101690173149109
0.9272695779800415
0.8169105648994446
0.5472415685653687
0.677966296672821
0.8364402055740356
0.4597283899784088
0.42313069105148315
0.39067453145980835
0.7759421467781067
0.5394495725631714
0.570975124835968
0.5988265872001648
0.44392848014831543
0.3238432705402374
0.6272918581962585
0.5329538583755493
1.0648226737976074
0.35952258110046387
0.9387432932853699
0.281730979681015
0.6378266215324402
0.9591071009635925
1.1252517700195312
0.2041923552751541
0.6030830144882202
0.47407227754592896
0.35660895705223083
0.5729644298553467
0.6887523531913757
0.3347024619579315
0.29718008637428284
0.5906740427017212
0.3567149043083191
0.46666526794433594
0.42628413438796997
0.6693359017372131
0.6123943328857422
0.7257869839668274
0.6838720440864563
0.5436217188835144
0.2813436686992645
0.4963766634464264
0.49116912484169006
0.5053341388702393
0.3770108222961426
0.6444017291069031
0.6741458773612976
0.21946319937705994
0.37952858209609985
0.39279499650001526
0.9493762254714966
0.3063320219516754
0.2708054184913635
0.3778371214866638
0.5522002577781677
0.42904549837112427
0.462007999420166
0.36784619092941284
0.7567538022994995
0.339183509349823
0.37291303277015686
0.25887948274612427
0.6536204218864441
0.9002359509468079
0.6536054611206055
0.4473271369934082
0.7986575365066528
0.5273768901824951
0.35351163148880005
0.4782775044441223
0.5776926279067993
0.1452215313911438
0.32611793279647827
0.7652662992477417
0.6304779052734375
0.6416614055633545
0.4544340968132019
0.3855871856212616
0.3130987882614136
0.624909520149231
0.6070514917373657
0.8154972195625305
0.5486729145050049
0.23158228397369385
0.3024342656135559
0.7026411294937134
0.43342137336730957
0.724170982837677
0.6710498332977295
0.9008822441101074
0.46976223587989807
0.4549682140350342
0.42010432481765747
0.8134722113609314
