0.3234606087207794
0.44409289956092834
0.5670720934867859
0.6270115971565247
0.6334072351455688
0.4333537220954895
1.349120020866394
0.42761045694351196
0.3717234432697296
0.5870040655136108
0.9090536236763
0.4747943878173828
0.31833115220069885
0.7356017231941223
0.5605072379112244
0.4025915265083313
0.3200567662715912
0.4467991888523102
0.41385048627853394
0.5850220918655396
0.45125943422317505
0.4490090310573578
0.7881537675857544
0.43386077880859375
0.4428982138633728
0.611223042011261
1.0267937183380127
0.3534550368785858
0.46706637740135193
1.0169299840927124
0.6495457887649536
0.2840324342250824
0.49570268392562866
0.5579623579978943
0.775070309638977
0.5344157814979553
0.45372122526168823
0.28300052881240845
0.5116453170776367
0.41890963912010193
0.645161509513855
0.24627511203289032
0.297347754240036
0.41928163170814514
0.493633896112442
1.0269644260406494
0.7813409566879272
0.5800352692604065
0.3440757393836975
0.3634171485900879
1.1271750926971436
0.6643986701965332
0.5916123390197754
0.6235279440879822
0.661618173122406
0.7817436456680298
0.3210875391960144
0.6198444366455078
0.9388419985771179
0.5499869585037231
0.5317634344100952
0.33826836943626404
0.3504083752632141
0.42323416471481323
0.7831754684448242
0.27538594603538513
0.26781344413757324
1.2996025085449219
0.45108938217163086
0.6182779669761658
0.43789124488830566
0.28552740812301636
0.2278245985507965
0.44127774238586426
0.2259267121553421
0.2374490201473236
0.5154165029525757
0.541681170463562
0.2064921110868454
0.6078428626060486
0.6883217692375183
0.43028974533081055
0.6609169840812683
0.3406651020050049
0.5141315460205078
0.8138825297355652
0.4362514019012451
0.44651395082473755
0.4208955764770508
0.8002921938896179
0.6499558687210083
0.6557579636573792
0.530742347240448
0.7372691035270691
0.6523956060409546
1.1185969114303589
0.5059282779693604
0.7864670753479004
0.9182845950126648
0.3072095811367035
0.776120662689209
0.4364830553531647
0.41338634490966797
0.49472546577453613
0.5109160542488098
0.5181015729904175
0.5662721395492554
0.4061105251312256
0.608363687992096
0.14322689175605774
0.5027645230293274
1.2548854351043701
0.4599417746067047
0.8612096905708313
1.1335517168045044
1.0438826084136963
0.7128263711929321
0.6402537226676941
0.8210718035697937
0.22692474722862244
0.3173812925815582
0.2690352201461792
0.3502947986125946
0.673335075378418
0.33586376905441284
0.47823095321655273
1.6556103229522705
0.5601463913917542
0.3606494069099426
0.6319046020507812
0.8810338973999023
0.7446277141571045
0.43451404571533203
0.39093026518821716
0.93724125623703
0.48816147446632385
0.22515277564525604
0.22750124335289001
0.7142735719680786
0.7437527775764465
0.5310269594192505
0.2623317241668701
0.7745035886764526
0.8286060094833374
0.4649885594844818
0.42464932799339294
0.7304217219352722
1.016991376876831
0.8450315594673157
0.5195266604423523
0.29666513204574585
0.6871815919876099
0.5617467164993286
0.20573513209819794
0.7477257251739502
0.4268917143344879
0.20222416520118713
0.4309229850769043
0.7701271772384644
0.5519288778305054
0.7093933820724487
0.45923328399658203
0.6687439680099487
0.14027658104896545
0.7261581420898438
0.49478617310523987
0.4586303234100342
0.658376157283783
0.73408043384552
0.4396369457244873
0.36214619874954224
0.49297866225242615
0.5014005303382874
0.2885470986366272
0.9143897294998169
0.3762403428554535
0.4142819344997406
0.4578150808811188
0.5982645153999329
0.3087192475795746
0.7725446224212646
0.45709314942359924
0.533833384513855
0.413142591714859
0.3528671860694885
0.8044993281364441
0.5697634816169739
0.17052751779556274
0.5471444725990295
0.18476168811321259
0.7711820602416992
0.5271466970443726
0.5734272003173828
0.3900061249732971
0.6289632320404053
1.0914348363876343
0.8704239726066589
0.2582273781299591
0.37860435247421265
0.5676440000534058
0.2965865135192871
0.5380098223686218
0.3418724238872528
0.9177625775337219
0.30763086676597595
0.09685207903385162
0.5187937021255493
0.8430013656616211
0.6173735857009888
0.5988183617591858
0.47656145691871643
0.6201430559158325
0.7689977884292603
0.34053006768226624
1.254033088684082
0.8535059094429016
0.644137978553772
0.4625115990638733
0.41434773802757263
0.45784759521484375
0.5513434410095215
0.2483839988708496
0.6347797513008118
0.3930870294570923
1.0624712705612183
0.6436651945114136
0.5714605450630188
0.5443952679634094
0.45178890228271484
0.5716327428817749
0.5450302362442017
0.8730058670043945
0.5311706066131592
0.3509867787361145
0.7170758247375488
0.3287873864173889
0.7021988034248352
0.3703750669956207
0.6071258783340454
0.4391873776912689
0.4191165864467621
0.8682864904403687
0.5759015083312988
0.7419706583023071
0.2984238266944885
0.5652298927307129
0.3050226867198944
0.5010310411453247
0.5091626644134521
0.533237636089325
0.49630922079086304
0.6702116131782532
0.6366122364997864
0.7159349322319031
0.22877581417560577
0.3927513659000397
0.4689786434173584
1.118175745010376
0.6438528299331665
0.20988841354846954
0.34388917684555054
0.6247539520263672
0.5576890110969543
0.663298487663269
0.6518689393997192
0.5727744698524475
0.7225868701934814
0.7981873154640198
0.7363107800483704
0.797775149345398
0.4209882616996765
0.1729552447795868
0.14066658914089203
0.513924777507782
1.2290912866592407
0.6904010772705078
0.5050841569900513
0.43895307183265686
0.6169773936271667
0.4902110993862152
0.31314122676849365
0.3955320417881012
0.878500759601593
0.522009015083313
0.20766019821166992
0.6261960864067078
0.6121735572814941
0.3831886947154999
0.4029318690299988
0.5458993911743164
0.7112075686454773
0.5972458720207214
0.32175248861312866
0.6951326131820679
0.5252542495727539
0.4184935688972473
0.6288101077079773
0.4085010588169098
0.7749265432357788
0.8164387941360474
0.34076911211013794
0.6756642460823059
0.41154804825782776
0.1701621562242508
0.5324001312255859
0.37463006377220154
0.5430576205253601
0.381682813167572
0.4451207220554352
0.4926148056983948
0.9282094836235046
0.31694120168685913
0.7340579628944397
0.18914823234081268
0.36270445585250854
0.48418015241622925
0.31074920296669006
0.9585508108139038
0.5189380645751953
0.4155001640319824
0.27374228835105896
0.2677369713783264
0.5304040908813477
0.6488237977027893
0.6537812352180481
0.2571727931499481
0.8137010335922241
0.5101708173751831
0.5185378789901733
0.5654236674308777
0.47057396173477173
0.25338369607925415
0.5349730253219604
0.6741415858268738
0.9942887425422668
0.886023223400116
0.2078409641981125
1.4167689085006714
