0.5670596361160278
0.3738590180873871
0.470818430185318
0.5228708982467651
0.5425469279289246
0.4882253110408783
0.25198930501937866
0.17400869727134705
0.8530253171920776
0.3048604130744934
0.7409164309501648
0.642279326915741
0.31090036034584045
0.7323693037033081
0.48922309279441833
0.6344158053398132
1.0016692876815796
0.8803089261054993
0.4761621057987213
0.5616782903671265
0.4957955479621887
0.6110385060310364
0.4893924295902252
0.32460683584213257
0.6922256350517273
0.7541300058364868
0.35867395997047424
0.4072825014591217
0.33818984031677246
0.5962569117546082
1.4186172485351562
0.7374445796012878
0.6694130897521973
0.7091934084892273
0.3133431077003479
0.3932109773159027
0.5916666388511658
0.22424951195716858
0.834924042224884
0.4929823875427246
0.7661110162734985
0.4695352613925934
0.42078274488449097
0.40360140800476074
0.7283192276954651
0.30693453550338745
0.22974379360675812
0.5702477693557739
0.433786004781723
1.000291347503662
0.5505234003067017
0.7707460522651672
0.7475508451461792
0.19798976182937622
0.5038268566131592
0.4062575399875641
0.8908454179763794
0.33038419485092163
0.5751661062240601
0.1857924908399582
0.6000211238861084
0.687064528465271
0.8370908498764038
0.6959408521652222
0.6385806798934937
0.821017861366272
0.27433356642723083
0.3808629512786865
1.1262415647506714
0.45541685819625854
0.6861644983291626
0.6340793967247009
0.7162799835205078
0.23291873931884766
0.8163987398147583
0.4746602177619934
0.4508897662162781
0.7623790502548218
0.7608402967453003
0.8056734204292297
0.5331099629402161
0.5048812031745911
0.47659873962402344
0.7220927476882935
0.2773689329624176
0.3695830702781677
0.6722825169563293
0.5465571284294128
0.44328755140304565
0.4794522225856781
0.5765289664268494
0.5202113389968872
0.41763800382614136
0.2504400610923767
0.2848668098449707
0.5040286183357239
0.28876224160194397
0.2564980685710907
1.0259236097335815
0.8414816856384277
0.6406391263008118
0.2757081985473633
0.3040083348751068
0.3205666244029999
0.3330058753490448
0.5781764984130859
0.3848973512649536
0.4405342936515808
0.29797035455703735
0.23724432289600372
1.1262524127960205
0.4606984555721283
0.8991504907608032
0.5629165172576904
0.514951229095459
0.3598911166191101
0.36481428146362305
0.2667667269706726
0.25341325998306274
0.4087347984313965
0.8409349322319031
0.5439856648445129
0.665472149848938
0.2417813092470169
0.6295239925384521
0.28451183438301086
0.7028218507766724
0.6188687086105347
0.3737289309501648
0.567393958568573
0.7036022543907166
0.5388678312301636
0.5599949955940247
0.3026706874370575
0.49806469678878784
0.5600690245628357
0.3955448269844055
0.9136070013046265
0.46505117416381836
0.8524430990219116
0.7656468152999878
0.6536833047866821
1.022226333618164
0.3254929184913635
0.8313029408454895
1.2302865982055664
0.7669622898101807
0.6264486312866211
0.4907536506652832
0.5089222192764282
0.5188012719154358
0.29288554191589355
1.0377098321914673
0.5911538600921631
0.46265068650245667
0.2806183397769928
0.41772061586380005
0.6056352853775024
0.3749825954437256
0.573738694190979
0.38559916615486145
0.5433477163314819
0.23944397270679474
0.5202071070671082
0.8018850088119507
0.706499457359314
0.6763973236083984
0.2950693368911743
0.8825179934501648
1.0140002965927124
0.41106051206588745
0.5301140546798706
1.1066420078277588
0.6588269472122192
0.18029487133026123
0.3785257339477539
0.5860337615013123
0.714018702507019
0.7667933106422424
0.25288480520248413
0.41158923506736755
0.666944682598114
0.28700539469718933
0.5931481122970581
0.47969740629196167
0.611774742603302
0.26558685302734375
0.7151911854743958
0.6182240843772888
0.8045244216918945
2.0182204246520996
0.537726104259491
0.30972009897232056
0.8192542195320129
0.32937270402908325
0.7587767839431763
0.7130154967308044
0.47437629103660583
0.4084940552711487
0.759137749671936
0.3771034777164459
0.5061941742897034
0.4749540388584137
0.5926434397697449
0.5048225522041321
0.8793686032295227
0.34871038794517517
0.6175851821899414
0.6797654628753662
0.7920257449150085
0.5758501291275024
0.4733683466911316
0.6745408177375793
0.32342827320098877
0.46930378675460815
0.5061373710632324
0.4071248173713684
0.6470605134963989
0.6484333872795105
0.9367600679397583
0.28898411989212036
0.3215499818325043
0.8254971504211426
0.6131726503372192
0.3358820080757141
0.2874557673931122
0.4003022313117981
0.7668272256851196
0.296231746673584
0.1878325343132019
0.33298712968826294
0.31890684366226196
0.3616519868373871
0.3660343289375305
0.5621393322944641
0.4240052103996277
0.5394523739814758
0.6080945730209351
0.4489176273345947
0.6768898367881775
1.0238416194915771
0.31300193071365356
0.6948391199111938
0.28705328702926636
0.5125185251235962
0.24446794390678406
0.7715352773666382
0.34120050072669983
0.5244247317314148
0.5059166550636292
0.4678293764591217
0.7033748626708984
0.7146467566490173
0.4882071614265442
0.4430936872959137
0.47992706298828125
0.5836652517318726
0.525691032409668
0.7462164163589478
0.3551637530326843
0.9129613041877747
0.43943482637405396
0.5873638391494751
0.30904287099838257
0.6053910255432129
0.42586594820022583
0.36929553747177124
0.6286085844039917
0.508115291595459
0.547153651714325
0.5137270092964172
0.5076133012771606
0.48653072118759155
0.8399532437324524
0.4352976381778717
0.29400986433029175
0.8809701800346375
0.5013850927352905
0.4008949398994446
0.7650214433670044
0.4270712733268738
0.8438708186149597
0.271639883518219
0.4951712489128113
0.821369469165802
0.5190168619155884
0.475775808095932
0.23872843384742737
0.5641816258430481
0.5124383568763733
0.21592196822166443
0.9636373519897461
0.4872472882270813
0.45294085144996643
0.6938474774360657
0.6237607002258301
0.6187950968742371
0.6654275059700012
0.539172351360321
0.4515530467033386
0.7870104908943176
0.5864706039428711
0.28297051787376404
0.9302829504013062
0.26623961329460144
0.26817116141319275
0.477755606174469
0.5954440832138062
0.2892742156982422
0.4444267153739929
0.6947722434997559
0.8218067288398743
0.9636338949203491
0.24992509186267853
0.445936381816864
0.412515252828598
0.3044477105140686
0.5629900097846985
0.3698621690273285
0.6515476107597351
0.44227924942970276
0.5664036273956299
0.714105486869812
0.45120733976364136
0.4558367133140564
0.5034809112548828
0.721908688545227
0.3222639262676239
0.366424024105072
0.41784730553627014
1.146898627281189
0.6661455631256104
0.5023831129074097
0.36998942494392395
0.6121260523796082
0.36190325021743774
0.4977889955043793
0.18550850450992584
