0.2763780951499939
0.5039272904396057
0.3285537362098694
0.5235121250152588
0.37938567996025085
0.3959381878376007
0.32620057463645935
0.7648242115974426
0.3434196710586548
0.2694770395755768
0.2865230441093445
0.325989305973053
0.21064969897270203
0.31383416056632996
0.444403737783432
0.3396952748298645
0.43015116453170776
0.46818917989730835
0.7493581771850586
0.17246156930923462
0.4625009000301361
0.8051501512527466
0.5138117074966431
0.3930269777774811
0.3698679208755493
0.4148499369621277
0.6138596534729004
0.6683030128479004
0.5731450319290161
0.44268304109573364
0.4213787615299225
1.0235958099365234
0.6108747720718384
0.6035580039024353
0.3349400460720062
0.5725333094596863
0.5505679845809937
0.5507997274398804
0.6529966592788696
0.6400309801101685
0.3638026714324951
0.6635305881500244
0.3294781744480133
0.6035832762718201
0.650335431098938
0.7432543039321899
0.6875468492507935
0.4774831235408783
1.7105789184570312
0.569884181022644
0.7005946636199951
0.47418713569641113
0.5626939535140991
0.7205885648727417
0.45859307050704956
0.39225131273269653
0.538619339466095
0.45965367555618286
0.7884370684623718
0.35104453563690186
0.9305387735366821
0.695414662361145
0.4958100914955139
0.7833740711212158
0.4469786584377289
0.2937931418418884
1.0268747806549072
0.41445761919021606
0.2612130641937256
0.3161171078681946
0.4691830575466156
0.6923078298568726
0.9425182342529297
0.5647956132888794
0.8470183610916138
0.7504006624221802
0.3883097767829895
0.5354183912277222
0.7529756426811218
0.5235175490379333
0.6225895881652832
0.7402611970901489
0.5268999338150024
0.6752296686172485
0.3270990252494812
0.3263404071331024
0.5686389207839966
0.3904383182525635
0.32857978343963623
0.19417783617973328
0.6754083633422852
0.26544931530952454
0.3271036446094513
1.2065093517303467
0.26011160016059875
0.46672648191452026
1.0419926643371582
0.9427593350410461
0.47505682706832886
0.6336137056350708
0.3306995928287506
0.5089806318283081
0.0766914114356041
0.5210267901420593
0.5204455852508545
0.27440816164016724
0.3249885141849518
0.49827414751052856
0.7920956611633301
0.30131644010543823
0.5944458842277527
0.4534849524497986
0.5167217254638672
0.5280094146728516
0.7210747003555298
0.7139464616775513
0.4225997030735016
0.7572968602180481
0.37081247568130493
0.5744797587394714
0.47534507513046265
0.7048632502555847
0.46591001749038696
0.6190099716186523
0.8760665059089661
0.28582367300987244
0.5447849035263062
1.0095878839492798
0.3554137349128723
0.4633156657218933
0.6248099207878113
0.704760730266571
0.5156288146972656
0.5741685032844543
0.6055502891540527
0.2775712013244629
0.3964712619781494
0.8272053003311157
0.24449829757213593
0.4314950108528137
0.593238890171051
0.35783398151397705
0.6904057264328003
0.6213541626930237
0.28334423899650574
0.6327438950538635
0.8502995371818542
0.4525016248226166
0.30970627069473267
0.4155215322971344
0.2821851968765259
0.5252794623374939
0.5653666853904724
0.3249588906764984
0.6416794657707214
0.6773127317428589
0.9981886744499207
0.4500048756599426
0.4717646539211273
0.4745885729789734
0.576815128326416
0.17745071649551392
1.3980662822723389
0.454371839761734
0.5934165716171265
0.7315918207168579
0.626438319683075
0.24267475306987762
0.2511327862739563
0.8500381708145142
1.0584534406661987
0.421394020318985
0.3250672221183777
0.7333210110664368
0.6407522559165955
0.9761154055595398
0.39966991543769836
0.31629547476768494
0.46403759717941284
0.41080743074417114
0.6493712663650513
0.46271228790283203
0.2075357884168625
0.22559061646461487
0.6625791788101196
0.8128076791763306
0.43543609976768494
1.3115633726119995
0.5685551762580872
0.6467739343643188
0.2781795561313629
0.3704385757446289
0.37010863423347473
0.39483752846717834
0.41779717803001404
0.44393810629844666
0.4463326334953308
0.40349525213241577
0.4746679365634918
0.8007146716117859
0.254131019115448
0.3875105679035187
0.9593654870986938
0.3861001133918762
0.831523597240448
0.6221693754196167
0.4964561462402344
0.4174545407295227
0.3067292869091034
0.3943951725959778
1.0457764863967896
0.1948997676372528
1.0959211587905884
0.8413365483283997
0.5707493424415588
0.39509156346321106
0.6891080737113953
0.579568088054657
0.5929714441299438
0.5084317922592163
0.46762341260910034
0.4051540791988373
0.3781445324420929
0.373282253742218
0.7061700820922852
0.7577844858169556
0.8450273275375366
0.6714690923690796
0.44177907705307007
0.42088183760643005
0.21928581595420837
0.4721182882785797
0.3015000820159912
0.6983513236045837
0.31393617391586304
0.4224990904331207
0.5051569938659668
0.4786227345466614
0.8190908432006836
0.41650527715682983
1.008155345916748
0.6087848544120789
0.3880457878112793
0.5684307813644409
0.6907451152801514
0.37587636709213257
0.4722927510738373
0.7502977252006531
0.4020497798919678
0.1637040078639984
0.6784893274307251
0.4651743769645691
0.2707273066043854
0.39473456144332886
0.6095790863037109
0.6399213671684265
0.522055447101593
0.7677331566810608
0.4596395492553711
0.25119680166244507
1.2289552688598633
0.35512104630470276
0.4209361970424652
0.5059987306594849
0.5942607522010803
0.3782109022140503
0.8593126535415649
0.6361740231513977
0.24893364310264587
0.5135475993156433
0.2502710223197937
0.5549942851066589
0.4493619501590729
0.3272835314273834
0.4318295419216156
0.3974291682243347
0.6614289879798889
0.36660346388816833
0.5728780627250671
0.4569620192050934
0.355243980884552
0.4008862376213074
0.4079844355583191
0.31684738397598267
0.548778772354126
0.41929951310157776
0.5537925958633423
0.3964124023914337
0.5188441276550293
0.579196572303772
0.7802778482437134
0.4677394926548004
0.45790404081344604
0.43536415696144104
0.3491765856742859
0.49934321641921997
0.3184579312801361
0.3315039575099945
0.47737520933151245
0.5109618902206421
0.4550032615661621
0.3071591258049011
0.3256233036518097
0.8721067309379578
0.7859615087509155
0.5229294896125793
0.26919886469841003
0.46199750900268555
0.5186998248100281
0.48574668169021606
0.5079034566879272
0.7030290365219116
0.3913794159889221
0.36483263969421387
0.3433614671230316
0.8288892507553101
0.4250079095363617
0.7408535480499268
0.753470242023468
0.3221047520637512
0.1984046995639801
0.7304493188858032
0.8182476162910461
1.0561696290969849
0.23665611445903778
0.4667488634586334
0.6254112124443054
0.49420371651649475
0.5071485638618469
0.49055129289627075
0.45451173186302185
0.31713348627090454
0.5328822135925293
0.7356561422348022
0.5513824224472046
0.2710121273994446
0.7052369713783264
1.3241537809371948
