0.8322964906692505
0.9707767367362976
0.17196625471115112
0.4973021149635315
0.6301546692848206
0.8433796763420105
0.5834353566169739
0.47363242506980896
0.4770289361476898
0.3306264281272888
0.5281388163566589
0.8605403900146484
0.4079729914665222
0.6146248579025269
1.261123776435852
0.6554007530212402
0.4468374252319336
0.2620067298412323
0.48402395844459534
0.37702861428260803
0.39118918776512146
0.30456990003585815
0.3109719455242157
0.28824692964553833
0.7749428153038025
0.3132213354110718
0.6911816596984863
1.2484724521636963
0.3525603413581848
0.4750749468803406
0.35860902070999146
0.5064635872840881
0.7149294018745422
0.4609273374080658
0.29863402247428894
0.3155249059200287
0.7298454642295837
0.26130804419517517
0.5382744669914246
0.3365103304386139
0.37282830476760864
0.41700345277786255
0.7115181684494019
0.8405184745788574
0.7810045480728149
0.32110723853111267
0.46412354707717896
0.360779732465744
0.19188377261161804
0.7146307229995728
0.3363749384880066
0.7853608727455139
0.9057331085205078
0.8270605206489563
0.350761353969574
0.9987376928329468
0.47943979501724243
0.5239846110343933
0.37573903799057007
0.7248415946960449
0.6151568293571472
0.5667468309402466
0.25730815529823303
0.6502789258956909
0.45346584916114807
0.6733255386352539
0.4269130825996399
0.41288042068481445
0.5159088969230652
0.6766851544380188
0.4776015281677246
0.35765767097473145
0.8834818005561829
0.5628923773765564
0.5459214448928833
0.3270859718322754
0.42415881156921387
0.44480782747268677
0.23781879246234894
0.5527297258377075
0.18357810378074646
0.7572116851806641
0.35758155584335327
0.6868483424186707
0.7201545238494873
0.512939989566803
0.49727803468704224
0.849177360534668
0.5343211889266968
0.5588800311088562
0.3694397509098053
0.2748851180076599
0.7384318709373474
0.44277524948120117
0.5314578413963318
0.6272352933883667
0.4177495837211609
0.6588061451911926
0.9865971803665161
0.36630529165267944
0.5214138031005859
0.675900936126709
1.00162672996521
0.47191372513771057
0.7721023559570312
0.6544869542121887
0.4381672441959381
1.054592490196228
0.9145756959915161
0.3489796817302704
0.6740235090255737
0.29633253812789917
0.565130352973938
0.6876097321510315
0.3881157338619232
0.6568114757537842
0.7965764999389648
0.2518664002418518
0.472067654132843
0.8753629922866821
0.756071150302887
0.6184607744216919
0.5622372031211853
0.509845495223999
0.8104836344718933
0.4908905625343323
0.6592051982879639
0.4498055577278137
0.49492207169532776
0.48829135298728943
0.49855414032936096
0.4558040499687195
0.617095410823822
0.652163028717041
1.0004281997680664
0.8001554608345032
0.8914035558700562
0.3952029049396515
0.46263760328292847
0.38458091020584106
0.9384790658950806
0.32248908281326294
0.3671760857105255
0.6237514019012451
0.8654090762138367
0.8028477430343628
0.6721926331520081
0.38808000087738037
0.36488229036331177
0.34540992975234985
0.3271614909172058
0.306077241897583
0.24419701099395752
0.4417288303375244
0.5803868770599365
0.4260315001010895
0.5017741322517395
0.28470274806022644
0.44689470529556274
0.4879921078681946
0.5767649412155151
0.38509055972099304
1.2469853162765503
0.774653434753418
0.3005962371826172
0.27122625708580017
0.1760057508945465
0.5284279584884644
0.901263415813446
0.4444595277309418
0.5262511968612671
0.9698368310928345
0.9011090993881226
0.4483518600463867
0.35076478123664856
0.330890417098999
0.35372161865234375
0.6646418571472168
0.548726499080658
0.7152001857757568
0.2697836458683014
0.662519097328186
0.829432487487793
0.5669398903846741
1.6167218685150146
0.27215856313705444
0.36579224467277527
0.38226237893104553
0.3201789855957031
0.5187438726425171
0.5312553644180298
1.0045522451400757
0.38378316164016724
0.33154183626174927
0.8218377232551575
0.4374687075614929
1.2839860916137695
1.1586631536483765
0.3194761276245117
0.37844449281692505
0.3322095572948456
0.8129474520683289
0.6863988041877747
0.6261807680130005
0.4497535824775696
0.4935910105705261
0.27663975954055786
0.406637966632843
0.6921868324279785
0.6452555060386658
0.2883028984069824
1.035583257675171
0.4530927538871765
0.4790349006652832
0.31702685356140137
0.3182598054409027
0.6640872955322266
0.7794625163078308
0.5612075328826904
0.4990960955619812
1.12905752658844
0.30585426092147827
0.564518928527832
0.5880439877510071
0.947222888469696
0.46226930618286133
0.32388561964035034
0.7315298318862915
0.3445187211036682
0.3257131278514862
0.7695341110229492
0.5477699041366577
0.48826879262924194
1.0142492055892944
0.11682640016078949
0.4404805600643158
0.5839679837226868
0.48651543259620667
0.24177339673042297
0.672023594379425
1.1711320877075195
0.33461102843284607
0.31322166323661804
0.516514241695404
0.5278594493865967
1.3518147468566895
0.23262889683246613
1.0938647985458374
0.46487703919410706
0.2881709039211273
0.45577535033226013
0.4573214054107666
0.20751702785491943
0.4831123352050781
0.30272340774536133
0.5605823993682861
0.5943745374679565
1.019757866859436
0.4704663157463074
0.44072192907333374
0.28099504113197327
0.2108496129512787
1.2459529638290405
0.3168930411338806
0.7350872755050659
0.46127328276634216
0.8433473706245422
0.42685049772262573
0.4445455074310303
0.8252953290939331
0.6567742228507996
0.45619478821754456
0.7882772088050842
0.8828290104866028
0.6767308115959167
0.2654523551464081
0.8527321815490723
0.39178377389907837
1.265444040298462
0.1786995828151703
0.48891744017601013
0.30107223987579346
0.5195364952087402
0.8012720942497253
0.914120078086853
0.948581337928772
0.5098080635070801
0.5598435997962952
0.43158531188964844
0.6415292620658875
1.0891146659851074
0.3516462445259094
0.4914451539516449
0.48855000734329224
0.5980609655380249
0.7164578437805176
0.23106905817985535
0.5364651679992676
0.9194821119308472
0.44703665375709534
0.6160216927528381
0.5694350004196167
0.45955196022987366
0.6241154670715332
0.4310111105442047
0.7922701835632324
0.46416670083999634
0.5169402956962585
0.5436198115348816
0.6688635945320129
0.4968155026435852
1.0898866653442383
0.44489750266075134
0.7910387516021729
0.6340896487236023
0.6965160369873047
0.6237145066261292
0.3323620855808258
0.6548657417297363
0.7488324642181396
0.6835127472877502
0.4021925926208496
0.40613871812820435
0.27378425002098083
0.6246256828308105
0.29765263199806213
0.3992905616760254
0.580090343952179
0.26226916909217834
0.524416446685791
0.4609900414943695
0.3297366797924042
0.47020554542541504
0.8749354481697083
0.3962595760822296
0.692680835723877
0.4578486382961273
0.5589784979820251
