0.44820961356163025
0.7439066767692566
0.820996880531311
0.43181362748146057
0.35963132977485657
0.6021171808242798
0.2637874186038971
0.7770853638648987
0.34792327880859375
0.28740280866622925
0.32135209441185
0.23394832015037537
0.2430451363325119
0.8665014505386353
0.8630464673042297
0.7459962964057922
0.3927042484283447
1.3989617824554443
0.2890130281448364
0.5224708318710327
0.6428092122077942
0.3743607997894287
0.2296658456325531
0.344714492559433
0.6762105822563171
0.7346952557563782
0.4796523451805115
0.6267377138137817
0.8442900776863098
0.4060732424259186
0.924789309501648
0.3627792298793793
0.36174049973487854
0.5947707891464233
1.815761923789978
0.8965177536010742
0.2591535151004791
0.7399616241455078
1.2567696571350098
0.7575733661651611
0.3999332785606384
0.8052576184272766
0.30875664949417114
0.9721318483352661
0.4511137902736664
0.4109460711479187
0.2060406655073166
0.6557947397232056
0.5585480332374573
0.462277352809906
0.43725696206092834
0.6029658317565918
0.43975400924682617
0.37396347522735596
0.967931866645813
0.8008213043212891
0.47383585572242737
0.5420966148376465
0.5051307082176208
0.633851170539856
0.40288108587265015
0.9972038269042969
0.8002351522445679
0.40430188179016113
0.39366859197616577
0.46825113892555237
0.4211093783378601
0.3124763071537018
0.7297236323356628
0.7566919326782227
0.5169826745986938
0.8764244914054871
0.6452850699424744
0.4117274284362793
0.2793046534061432
0.754569411277771
0.8180989027023315
0.27974098920822144
0.732302725315094
0.5379645228385925
1.2709999084472656
0.8140046000480652
0.29313868284225464
0.33022427558898926
0.45201411843299866
0.3001731336116791
0.3539348840713501
0.32713454961776733
0.21193453669548035
1.152613639831543
0.7880046963691711
0.4668627381324768
0.13561178743839264
0.4371752142906189
0.1992221623659134
0.31328728795051575
0.6510262489318848
0.41110482811927795
0.4131712019443512
0.3186573386192322
0.4851750433444977
0.6270327568054199
0.3268361985683441
0.5262621641159058
0.5510185360908508
0.4126429557800293
0.7279458045959473
1.1224949359893799
0.9028035402297974
0.3670278787612915
0.36984074115753174
0.38357120752334595
0.387410968542099
0.512226939201355
0.2820418179035187
0.4627193510532379
0.44845056533813477
0.8920490145683289
0.6234705448150635
0.36546236276626587
0.5068991780281067
0.5304576754570007
0.568774402141571
0.5081557035446167
0.6049750447273254
0.7134912610054016
0.4562763273715973
0.3319619297981262
0.28903597593307495
0.6759384870529175
0.25587642192840576
0.32895150780677795
0.4967609941959381
0.7840301990509033
0.5909433960914612
0.5314657092094421
0.6967284083366394
0.31880518794059753
0.1865811049938202
0.45330357551574707
1.5158195495605469
0.1418934166431427
0.5632472634315491
0.6530214548110962
0.36499136686325073
0.7505295872688293
0.44715291261672974
0.5344277024269104
1.4459826946258545
0.5988585352897644
0.40758219361305237
0.38911551237106323
0.5818090438842773
0.8843792676925659
0.26424914598464966
0.3820705711841583
0.4918171763420105
0.7777316570281982
0.4526025652885437
0.4453642964363098
0.5995007157325745
0.9333471059799194
0.487693727016449
0.58314049243927
0.6389743089675903
1.3623769283294678
0.6164668798446655
0.5146278142929077
0.2557808756828308
0.6027716398239136
0.6950721740722656
0.6887578368186951
0.36422643065452576
0.5148190855979919
0.29220420122146606
0.6272357106208801
0.32624906301498413
1.0299595594406128
0.7236279249191284
0.6175523996353149
0.6570947766304016
1.006813883781433
0.15798437595367432
0.7650744318962097
0.7043777108192444
0.8117550015449524
0.5396503806114197
0.49565887451171875
0.604049563407898
0.3098330497741699
0.9811834096908569
0.32695335149765015
0.6130657196044922
0.2057921588420868
0.6923536062240601
0.7818072438240051
0.965558648109436
0.3650960922241211
0.5071929693222046
0.6444587707519531
0.3741864860057831
0.11043329536914825
0.2838834524154663
0.5003848075866699
0.49120578169822693
0.5314545631408691
0.2962692379951477
0.72260981798172
0.7569664716720581
0.3528704047203064
0.5693689584732056
0.6430342793464661
0.39733070135116577
0.26035940647125244
0.5113478899002075
0.4480663239955902
0.3856392502784729
0.27747607231140137
0.4283842146396637
0.2777506113052368
0.29134446382522583
0.5409412384033203
0.41579771041870117
0.5406566262245178
0.37795013189315796
0.44907474517822266
0.5889584422111511
0.5189331769943237
0.434506893157959
0.7878296971321106
0.4169129729270935
0.3158780336380005
0.39668458700180054
1.2179100513458252
0.36083513498306274
0.5360556840896606
0.39186105132102966
0.5568820834159851
0.2838408052921295
0.5078643560409546
0.2263708859682083
0.263522207736969
0.979357123374939
0.22073450684547424
0.5203773379325867
0.22740022838115692
0.37606745958328247
0.46376878023147583
0.6544332504272461
0.360718309879303
0.7063190340995789
0.7539872527122498
0.5716058015823364
0.7675571441650391
0.4474358558654785
0.4463302493095398
0.5742010474205017
0.5518344044685364
1.0701262950897217
0.43551796674728394
0.7140295505523682
0.32337483763694763
0.5968742370605469
0.404594749212265
0.3029572367668152
0.5099870562553406
0.44136935472488403
0.43110260367393494
0.8909652829170227
0.35080456733703613
0.6782952547073364
0.6021115779876709
0.7543960809707642
0.7024542093276978
0.7510414123535156
0.6367494463920593
0.5214946269989014
0.648023784160614
0.6219348311424255
0.38815733790397644
0.40760573744773865
0.5149002075195312
0.20319679379463196
0.7487233281135559
0.426704466342926
0.2751016318798065
0.3614116609096527
0.8779706954956055
0.29348766803741455
0.13434669375419617
0.9006956219673157
0.393714964389801
0.3288385570049286
0.6128770709037781
0.7369651794433594
0.5287114381790161
0.597453236579895
0.5600476264953613
0.3427426517009735
0.7104305028915405
0.5198525190353394
0.5697821378707886
0.9048124551773071
0.6269437074661255
0.9217146635055542
0.7013449668884277
0.9482965469360352
0.6621196866035461
0.3946249485015869
0.5085536241531372
0.31213563680648804
0.651174783706665
0.5822098851203918
0.33908775448799133
0.5203207731246948
0.5716549158096313
0.5971149206161499
0.38462796807289124
0.598190188407898
0.5698730945587158
0.8137288093566895
0.444009006023407
0.5819247961044312
0.6523420214653015
0.8443723917007446
0.1950935423374176
0.5212146639823914
1.2301093339920044
0.5078734159469604
0.48260751366615295
0.5043788552284241
0.7654482126235962
0.21959051489830017
0.27264919877052307
0.7375820875167847
0.4894174039363861
0.5274278521537781
1.3082168102264404
