0.9296447038650513
0.5960665941238403
0.5435253381729126
0.4364757537841797
0.42798271775245667
0.6418315172195435
0.6850405931472778
0.7100014686584473
0.6803807020187378
0.5822245478630066
1.105053186416626
0.485323429107666
0.4243956506252289
0.6065191626548767
0.8009576797485352
0.8510732650756836
0.4467043876647949
0.576722264289856
0.9501264691352844
0.8051843643188477
1.069227933883667
0.9391182661056519
0.7982372045516968
0.5610686540603638
0.36167606711387634
0.8545624613761902
1.2096166610717773
1.1713250875473022
0.7576655149459839
0.610531210899353
0.6487074494361877
0.8541072607040405
0.7142408490180969
0.6622346639633179
0.7706276178359985
0.51860111951828
0.4758376479148865
1.0094367265701294
0.8494885563850403
0.9941984415054321
0.5468348264694214
0.5421711802482605
0.6977540254592896
0.8514739274978638
0.7293788194656372
0.7497562170028687
0.5828763246536255
1.0336278676986694
0.7320941090583801
0.5514421463012695
0.7732597589492798
0.4033004641532898
0.5321269631385803
0.6467791795730591
0.5473023653030396
0.431782066822052
0.5926395654678345
0.4347671568393707
0.5425258874893188
0.2740717828273773
0.9013761281967163
0.8522471189498901
0.46856966614723206
0.8205342292785645
0.8533273935317993
0.7090538740158081
0.6705539226531982
0.5810702443122864
0.5910221934318542
1.0549075603485107
0.6686930656433105
1.0308513641357422
0.7729824185371399
0.8519867062568665
0.32165926694869995
1.7765992879867554
0.4927346110343933
0.6774210929870605
0.49989160895347595
0.9538415670394897
0.7162459492683411
0.6961245536804199
0.5681283473968506
0.5963096618652344
1.3215503692626953
0.4432200491428375
0.6082925796508789
0.7344781756401062
0.9893385767936707
0.8873092532157898
0.84723299741745
0.5862478017807007
0.4110747277736664
0.492097944021225
0.872010350227356
0.7169002294540405
0.7674930095672607
1.0683619976043701
0.6552199721336365
0.5231281518936157
0.5422937870025635
0.630133867263794
0.41211724281311035
0.8439685106277466
0.48054319620132446
0.9563060998916626
0.5319696068763733
0.5537564158439636
0.7565652132034302
0.517004132270813
0.5426059365272522
0.552616536617279
1.392799735069275
0.4957861304283142
0.5624849200248718
0.6328384876251221
0.9290889501571655
0.5286928415298462
0.698488712310791
0.8149420022964478
0.6305708885192871
0.5085586905479431
0.6835444569587708
1.0005137920379639
0.5184587836265564
0.4437296986579895
0.8724943995475769
0.4739115834236145
0.3602606952190399
0.4762808382511139
1.0016522407531738
0.545332670211792
0.6646974682807922
0.500768780708313
0.6511493921279907
0.7973363995552063
0.5652903914451599
0.8957120180130005
0.5480717420578003
1.4498169422149658
0.42100420594215393
0.7031172513961792
0.45682257413864136
0.36994367837905884
0.9054625630378723
1.056601881980896
0.8118723034858704
0.8193667531013489
0.6695332527160645
1.0867640972137451
0.5174537301063538
0.536128580570221
0.9101354479789734
0.44811534881591797
0.8496717214584351
0.5926826596260071
0.5500618815422058
0.7681847810745239
0.72271329164505
0.7439411878585815
0.9716610908508301
0.5424867868423462
0.34052014350891113
0.2871589660644531
0.645063579082489
0.7598608732223511
0.5891677141189575
0.4319946765899658
0.5612720847129822
0.6690000295639038
0.43210524320602417
0.4888070523738861
0.41822949051856995
1.007836103439331
0.45392903685569763
0.6432583928108215
0.7429932355880737
0.4542888104915619
0.7986202239990234
0.3594406545162201
0.607520341873169
1.1625617742538452
0.7409600019454956
0.477902352809906
0.6050203442573547
0.7007259130477905
0.5355376601219177
0.6850205659866333
0.4499221742153168
0.5564767122268677
0.5708895921707153
1.1968506574630737
0.43110713362693787
0.6419686079025269
0.5124137997627258
0.739498496055603
0.8255647420883179
0.6458775401115417
0.6405112147331238
0.398124098777771
0.3339151442050934
0.7912334203720093
0.6485589742660522
0.5940855741500854
0.3453955352306366
0.9970456957817078
0.503280520439148
0.45203113555908203
0.35513702034950256
0.6222314834594727
1.1849217414855957
0.7259835600852966
1.4245526790618896
0.6369336843490601
0.6491471529006958
0.515737771987915
0.7310357093811035
0.5258187651634216
0.7304660081863403
0.5231884121894836
0.6062234044075012
0.34549710154533386
1.0960948467254639
0.647699236869812
0.6474373936653137
0.5379005074501038
0.7787767052650452
1.4842017889022827
1.7611443996429443
0.7347787618637085
0.9652388691902161
0.604179322719574
0.7404216527938843
1.0264359712600708
0.6382589340209961
0.6027072072029114
1.3140939474105835
0.58330237865448
0.27046144008636475
0.6658716797828674
0.614780068397522
0.5518447756767273
0.5990685224533081
0.6142944097518921
0.7597362399101257
0.4786381125450134
0.8582579493522644
0.8310725092887878
0.5073647499084473
1.1410175561904907
0.6373258829116821
0.9237353205680847
0.633041262626648
0.5430439114570618
0.8042563199996948
0.42253509163856506
0.6660958528518677
0.8736213445663452
0.7113147974014282
0.3921811580657959
0.6755682229995728
0.7798765897750854
0.5880999565124512
0.6414651870727539
0.7454242706298828
0.5777094960212708
0.31684428453445435
0.48159193992614746
0.9141832590103149
0.9202917218208313
1.0257186889648438
0.38546162843704224
0.4898063540458679
1.241743803024292
0.8801506757736206
0.9418643712997437
0.76520836353302
0.37643054127693176
0.8275907635688782
0.6269571781158447
0.5477328300476074
0.5211082696914673
0.45399999618530273
0.704747200012207
0.647457480430603
0.5014058947563171
0.7836057543754578
0.55445396900177
0.6919358968734741
0.6779009699821472
0.8160794377326965
1.0039743185043335
1.6042464971542358
0.7675829529762268
0.7293317914009094
0.908460795879364
0.6530799865722656
0.8028268814086914
0.37630096077919006
0.6191402673721313
1.2375797033309937
0.6201447248458862
0.46833962202072144
0.7661393284797668
0.7424800395965576
1.114309549331665
0.6080202460289001
0.5665023922920227
0.5068482160568237
0.48444777727127075
0.49607962369918823
0.5491460561752319
0.7003785371780396
1.0105619430541992
0.9851642847061157
0.5001837611198425
0.69974285364151
0.5993121862411499
0.6970418691635132
0.9972219467163086
0.8757647275924683
0.5720615386962891
0.6920548677444458
0.9823786020278931
1.3341882228851318
0.9360259771347046
0.6228466033935547
0.9551175832748413
0.8905231356620789
0.7946957349777222
0.32489901781082153
0.7058828473091125
0.4951157569885254
1.0234181880950928
0.5157938003540039
0.4695708155632019
0.9484761357307434
0.5859847664833069
