0.45642662048339844
0.6344454884529114
0.5214731097221375
0.4107395112514496
0.9982911944389343
0.271725594997406
0.7642210721969604
0.28602135181427
0.8057948350906372
0.43669503927230835
0.5683872699737549
0.7525972127914429
0.5545013546943665
0.48839226365089417
0.6775840520858765
0.7768245935440063
0.6581787467002869
0.3952192962169647
0.30492323637008667
0.8970609903335571
0.38115206360816956
0.8042576909065247
0.41315755248069763
0.5415936708450317
0.5200220346450806
0.6075931191444397
0.34493106603622437
0.6746898889541626
0.5280554890632629
0.3472897410392761
0.36502373218536377
0.9086664319038391
0.8455533981323242
0.7234084010124207
0.691360592842102
0.5809105634689331
0.3962344527244568
0.34281080961227417
1.1269406080245972
0.7227494120597839
0.8627109527587891
0.6136180758476257
0.46149128675460815
0.5762540698051453
0.3623073399066925
0.2501574158668518
0.5891674160957336
0.39007478952407837
0.9323251843452454
0.37080883979797363
0.5841119885444641
0.8490356206893921
0.6985539197921753
0.410118967294693
1.0312038660049438
1.5737929344177246
0.2868232727050781
0.7248709797859192
0.947439968585968
0.6749399304389954
0.9297226071357727
0.6922988295555115
0.23160775005817413
0.6392304301261902
0.852164626121521
0.3677961230278015
0.490896612405777
0.6626009941101074
0.6519206762313843
0.42414361238479614
0.37813812494277954
0.8291054964065552
0.9145857095718384
0.6598339080810547
0.37920325994491577
0.6372717618942261
0.5047473907470703
0.4998929500579834
0.29684072732925415
0.5833014249801636
0.42287740111351013
0.31186097860336304
0.9687740206718445
0.8596048355102539
0.3755304515361786
0.26914018392562866
0.31244799494743347
0.9525293111801147
0.5227444767951965
0.45213183760643005
0.3993108868598938
0.2878352105617523
0.5298866033554077
0.48458194732666016
0.6591384410858154
0.7615960240364075
0.9240387678146362
0.2805696129798889
0.5276759266853333
0.4793010354042053
0.33042365312576294
0.490454763174057
0.27364903688430786
0.338793009519577
0.29396963119506836
0.5491399765014648
0.3939172327518463
0.4080987572669983
0.5698710680007935
0.38172072172164917
0.8040339350700378
1.3327003717422485
0.7910601496696472
0.3390682339668274
0.6019295454025269
0.8795572519302368
0.6087468266487122
0.5378326773643494
0.5003634691238403
0.46767109632492065
0.3194412589073181
0.515379011631012
0.38917872309684753
0.7210478782653809
0.7735133767127991
0.41566044092178345
0.5936800241470337
0.36549827456474304
1.063805341720581
0.22396834194660187
0.675691545009613
0.952170193195343
0.24191470444202423
0.4550076127052307
0.6700105667114258
0.6894582509994507
0.3052518963813782
0.4406096339225769
0.6879172325134277
0.35595911741256714
0.385293185710907
0.5582360029220581
1.0420072078704834
1.0878428220748901
0.4165564477443695
0.4438299536705017
0.4037441611289978
0.3732554614543915
0.18680204451084137
0.45191627740859985
0.2700253129005432
0.6738689541816711
0.22692593932151794
0.3926070034503937
0.20224663615226746
0.5271689891815186
0.7299078702926636
0.3993305265903473
0.38058504462242126
0.3437550365924835
0.5538536906242371
0.6755831837654114
0.5954011082649231
0.22009189426898956
0.43975991010665894
1.021649956703186
0.4176589846611023
0.5903969407081604
0.4206709861755371
0.4377526342868805
0.49235621094703674
0.770614743232727
0.6492268443107605
0.2451990842819214
0.4083186089992523
0.2417326420545578
0.4522843360900879
0.4989622235298157
0.3502987325191498
0.5743020176887512
0.603286623954773
0.5526564121246338
0.4829484820365906
0.4304507374763489
0.5291717052459717
0.26209476590156555
0.30710721015930176
0.27483707666397095
0.3426041603088379
0.37590283155441284
0.3552488386631012
0.8479355573654175
0.9401955604553223
0.4327266812324524
0.5018889307975769
0.7561437487602234
0.2701585590839386
0.5863672494888306
0.5927869081497192
0.425811767578125
0.3650352954864502
0.22777995467185974
0.45524588227272034
0.5335468053817749
0.8713067770004272
0.658820629119873
0.7207921743392944
0.5479633808135986
0.5935744047164917
0.31494396924972534
0.36535829305648804
0.47540083527565
0.3849353790283203
0.5007715821266174
0.7345919609069824
0.22104692459106445
0.5196241140365601
0.3141053318977356
0.3217657506465912
0.5667780637741089
0.9197306632995605
1.6389013528823853
0.46652474999427795
0.6321879029273987
0.20904412865638733
0.427390992641449
0.4548203945159912
0.6545014381408691
0.31525540351867676
0.3580797612667084
0.6052497029304504
0.7990816831588745
0.28900015354156494
0.4660281240940094
0.4985286295413971
0.6401040554046631
0.27032679319381714
1.0695288181304932
0.5213004946708679
0.7926944494247437
0.8514919281005859
0.6246234774589539
0.5864930152893066
0.3259331285953522
0.5829739570617676
0.57891446352005
0.4590563178062439
0.26849856972694397
0.5530974864959717
0.39351391792297363
0.3829190135002136
0.6295348405838013
0.4259757101535797
0.2785508930683136
1.0021939277648926
0.7482940554618835
0.5486116409301758
0.4661867618560791
0.5419343709945679
0.547548234462738
0.9157432317733765
0.3805345892906189
0.3348983824253082
1.8964745998382568
0.9699061512947083
0.5714629888534546
0.41676297783851624
0.4688255786895752
0.8719810247421265
0.3810316026210785
0.45018434524536133
0.4035646319389343
0.439056396484375
0.46805062890052795
0.31234854459762573
0.9883882403373718
0.6892207264900208
0.6379448175430298
0.3286116421222687
0.5022681355476379
0.3803861141204834
0.6962607502937317
1.0246425867080688
0.2762417495250702
0.4153050482273102
0.550014078617096
0.22471439838409424
0.4830411374568939
1.0290706157684326
0.6936656832695007
0.9786435961723328
0.7421879172325134
0.6764968633651733
0.6048623919487
0.1439676135778427
0.6015437245368958
0.29198113083839417
0.7135024070739746
0.4750525951385498
0.3932340443134308
0.4036378860473633
0.2788952887058258
0.45657920837402344
0.2884931266307831
0.9324952960014343
0.36798033118247986
0.2663746774196625
0.6714632511138916
0.35283389687538147
0.2867240905761719
0.44034504890441895
1.1448343992233276
0.8552345037460327
0.6937199831008911
0.920638382434845
0.48211902379989624
0.3826053738594055
0.3587656319141388
0.34013742208480835
0.38457268476486206
0.26583433151245117
0.33970510959625244
0.532017171382904
0.3764015734195709
0.6564584970474243
0.5057648420333862
1.306292176246643
0.77393639087677
0.8290573358535767
0.961587131023407
0.397781103849411
0.879199206829071
0.33318832516670227
0.886229395866394
0.7388509511947632
0.46276170015335083
0.6015788316726685
0.47442829608917236
