0.36679068207740784
0.6283144950866699
0.5507575273513794
0.5073765516281128
0.4049232602119446
0.3719314932823181
0.47547444701194763
0.30869850516319275
0.5974544286727905
0.4867210388183594
1.0182453393936157
0.5748261213302612
1.0227969884872437
0.5785284638404846
0.3859228193759918
0.42437347769737244
0.5391453504562378
0.44197502732276917
0.966687798500061
0.8051192164421082
0.36255398392677307
0.7210747599601746
0.5367763042449951
0.385719358921051
0.36166781187057495
0.4834009110927582
0.4497225880622864
0.6129264235496521
0.8956313133239746
0.5545850396156311
0.3923342227935791
0.31406480073928833
0.415536105632782
1.0934325456619263
0.5570454597473145
0.6866839528083801
0.448085218667984
0.2956504821777344
0.18055365979671478
0.5574949979782104
0.5572394132614136
0.2872573137283325
0.2089630663394928
0.709692120552063
0.7450670003890991
0.5941969752311707
0.4552786946296692
0.4699115753173828
0.7244857549667358
0.6807835698127747
0.5790676474571228
0.42468857765197754
0.4763471484184265
0.3772352337837219
0.4420873522758484
0.33996573090553284
0.36489200592041016
0.41644930839538574
0.8574159741401672
1.060118317604065
0.5137632489204407
0.3811453580856323
0.46128925681114197
0.3678249418735504
0.6132951974868774
0.8043575286865234
0.7462355494499207
0.3917466998100281
0.789702296257019
0.853610634803772
0.9484134912490845
0.2715059816837311
0.34336429834365845
0.6505521535873413
0.7508182525634766
0.6385917663574219
0.4947868287563324
0.16496118903160095
0.4813203811645508
0.4733491837978363
0.4228813052177429
1.2422503232955933
0.6680925488471985
0.36273959279060364
0.7142224907875061
1.0251142978668213
0.39304691553115845
0.3747822344303131
0.8780120015144348
0.3628535866737366
0.3020398020744324
0.18457375466823578
0.504022479057312
0.6245341300964355
0.5218147039413452
0.37158066034317017
0.9672794342041016
0.547601044178009
0.433086097240448
0.2740403115749359
0.586410641670227
0.3685694932937622
0.6882497072219849
0.25944429636001587
0.6999022364616394
0.4729023575782776
0.45739832520484924
0.1289518177509308
0.376028835773468
0.2575034499168396
0.40383070707321167
0.16950061917304993
0.5120131969451904
0.30023393034935
0.25099968910217285
0.556077778339386
0.4000674784183502
0.42718154191970825
0.6788700222969055
0.26501035690307617
1.4321225881576538
0.7594980001449585
0.21108560264110565
0.3287959694862366
0.7481895685195923
0.1942240595817566
0.7276386022567749
0.2735764980316162
0.579139232635498
0.4650952219963074
0.6272681355476379
0.35201868414878845
0.4534575343132019
0.45114436745643616
0.27646106481552124
0.5243214964866638
0.6008033752441406
0.6707769632339478
0.4430042803287506
0.3931678831577301
0.4812718331813812
0.8131615519523621
0.6230615377426147
0.5539326667785645
0.4495590627193451
0.6010593771934509
0.6794356107711792
0.40080493688583374
0.5438038110733032
0.5019387602806091
0.8327237963676453
1.4350597858428955
0.7182928919792175
1.0465298891067505
0.46074384450912476
0.5826959609985352
0.8523674011230469
0.4708011746406555
0.5444260835647583
0.7058411836624146
0.21886125206947327
0.6614371538162231
0.3989490568637848
0.37925538420677185
0.3581259846687317
0.27782541513442993
0.532037615776062
0.705475926399231
0.16560319066047668
0.6673355102539062
1.0582740306854248
0.6691905856132507
0.24476289749145508
1.0664589405059814
0.5569661855697632
0.3978394865989685
0.45220908522605896
0.33740025758743286
0.20356695353984833
0.3327215313911438
0.2175692319869995
0.7972573041915894
0.6019264459609985
0.34264007210731506
0.5224902629852295
0.2869507670402527
0.3282321095466614
0.980712890625
0.23682823777198792
0.753079354763031
0.5954176187515259
0.34329190850257874
0.27544504404067993
0.3555414080619812
0.6882408857345581
0.49518221616744995
0.7592012286186218
0.5474462509155273
0.6671246290206909
0.3689223527908325
0.6228476166725159
1.1191918849945068
0.5036002993583679
0.8121742010116577
0.45648327469825745
0.8246533274650574
0.5475002527236938
0.6291931867599487
0.4853759706020355
0.34904271364212036
0.39293524622917175
0.674237847328186
1.0409780740737915
0.7391079664230347
0.38804489374160767
0.5320327281951904
0.381608784198761
0.2913666367530823
0.9995500445365906
0.3602430820465088
0.4265832304954529
0.3921876847743988
0.4955016076564789
0.8564688563346863
0.5343257784843445
0.5366331338882446
0.6926175355911255
0.6476126313209534
0.41380271315574646
0.6854428052902222
0.41473856568336487
0.31494197249412537
0.4456063210964203
0.7066131234169006
0.40630608797073364
0.5330036878585815
0.17631332576274872
0.45370668172836304
0.2847588062286377
0.666582465171814
0.6157092452049255
1.2476807832717896
0.3566189110279083
0.37087079882621765
0.7866159081459045
1.165481448173523
0.37629425525665283
0.5887181162834167
0.42022809386253357
0.34883832931518555
0.6366454362869263
0.33208924531936646
0.41720086336135864
0.3441707491874695
0.6547860503196716
0.5317814350128174
0.38174891471862793
0.928111732006073
0.40071573853492737
0.40734148025512695
0.6357628703117371
0.6348637342453003
0.7151429057121277
0.31372466683387756
0.5231788158416748
0.6688574552536011
0.41386404633522034
0.7358473539352417
0.6743919849395752
0.6353253722190857
0.40373802185058594
0.3667997717857361
0.34188491106033325
0.7494478225708008
0.35907354950904846
0.630370020866394
0.4523773193359375
0.405888170003891
0.3805491328239441
0.6814818382263184
0.5731413960456848
0.7872581481933594
0.7580001950263977
0.49183693528175354
1.0514404773712158
0.5527870655059814
0.2639429569244385
0.44144612550735474
0.24708931148052216
0.7767305970191956
0.5087721943855286
0.5840244889259338
0.30930009484291077
0.23023951053619385
0.7779406905174255
0.30697906017303467
0.30463260412216187
0.47536295652389526
0.6570889353752136
0.3922731578350067
0.31185418367385864
0.49950820207595825
0.7670164704322815
0.7032036781311035
0.4165710508823395
0.6772721409797668
0.519039511680603
0.5403313040733337
0.9235372543334961
0.7842509150505066
0.6468867063522339
0.5973723530769348
0.4279508590698242
0.2457292377948761
0.43803101778030396
0.8374665379524231
0.520480215549469
0.797393798828125
0.1664222925901413
1.0259597301483154
0.5949426889419556
0.29530996084213257
0.39449256658554077
0.769930362701416
0.2777075469493866
0.514816164970398
0.23575517535209656
0.5618430376052856
0.5568601489067078
0.8541023135185242
1.1088025569915771
0.7348705530166626
0.2508775591850281
1.0528966188430786
0.8039029240608215
0.5294421911239624
0.296383261680603
2.223198413848877
