0.5464671850204468
0.6986022591590881
0.7776492834091187
0.8235248327255249
0.34697431325912476
0.8588613271713257
0.8382942080497742
0.5554090738296509
0.6482704281806946
0.3960832953453064
0.4290195107460022
0.30960628390312195
0.1957034468650818
0.5084344744682312
0.3918807804584503
0.543129563331604
0.5053800344467163
0.6554268002510071
0.5896409749984741
0.38967365026474
0.517259955406189
0.3206920623779297
0.5615965127944946
0.308503121137619
0.3734685778617859
0.5582028031349182
0.4002704620361328
0.445065975189209
0.6253136396408081
0.46740293502807617
0.3068450391292572
0.5141986608505249
0.4019124507904053
0.4187106192111969
0.36785486340522766
0.6567834615707397
0.28008538484573364
0.5325870513916016
0.5967303514480591
0.685693621635437
0.38869354128837585
0.39126965403556824
0.6243885159492493
0.5554124116897583
0.3360913097858429
0.4377366900444031
0.6773198843002319
0.6427828073501587
0.42454320192337036
0.11408887058496475
0.3035009503364563
0.4639531075954437
0.46355757117271423
0.2946988642215729
0.43070220947265625
0.3930286765098572
0.6619484424591064
0.3851756453514099
0.3618957996368408
0.3573587238788605
0.27659136056900024
0.16691742837429047
0.45212283730506897
1.0866508483886719
0.36485204100608826
0.25053784251213074
0.7148769497871399
0.8658267259597778
0.4310895800590515
0.363421767950058
0.6181953549385071
0.3230932652950287
0.25458160042762756
0.41692429780960083
0.8572095632553101
0.6648861765861511
0.26526302099227905
0.6593891382217407
0.5370758175849915
0.6735992431640625
0.6537453532218933
0.5902701616287231
0.5834225416183472
0.5281618237495422
0.7353321313858032
0.5805227160453796
0.536639392375946
0.6397514343261719
0.5534254312515259
0.30694833397865295
0.3449380397796631
1.1514458656311035
0.2007705271244049
0.2503710687160492
0.4257414937019348
1.2823148965835571
0.8282703161239624
0.22159406542778015
0.6006836295127869
0.4512477517127991
0.5354484915733337
0.5449848771095276
0.871273398399353
1.0601674318313599
0.7385495901107788
0.2164442092180252
0.783125102519989
0.39414507150650024
0.23213088512420654
0.32382506132125854
0.43999022245407104
0.7173473238945007
0.2599627375602722
1.153397560119629
0.33285805583000183
0.693884551525116
0.40005141496658325
0.6440327763557434
0.7418714761734009
0.7508374452590942
0.540359377861023
0.5022449493408203
0.541527271270752
0.3084189295768738
0.35257047414779663
0.29659542441368103
1.1841866970062256
0.5187112092971802
0.5990591049194336
0.9257132411003113
0.6422213315963745
0.5394034385681152
0.8136587142944336
0.5416926741600037
0.42244988679885864
0.3992842733860016
0.3431202471256256
0.6836371421813965
0.2518295645713806
0.4413691461086273
0.33616700768470764
0.623089611530304
0.6953737139701843
0.5885818600654602
0.5331434011459351
0.5824392437934875
0.570020318031311
0.13113386929035187
0.5051674246788025
0.5897286534309387
0.6364755630493164
0.8347312808036804
0.41744789481163025
0.7426437735557556
0.36152130365371704
0.4832923412322998
0.27398091554641724
0.8602893948554993
0.4745696187019348
0.5973061919212341
0.5362686514854431
0.43312302231788635
0.396939218044281
0.9755568504333496
0.3812011480331421
0.22136831283569336
0.7709618210792542
0.4180707037448883
0.7950717806816101
0.7646110653877258
0.45794883370399475
0.8081066012382507
1.043312430381775
0.37927359342575073
0.8173921704292297
0.5270947217941284
0.7266754508018494
0.6268961429595947
0.8485696911811829
0.2527845501899719
0.4581314027309418
0.6137264966964722
0.3164252042770386
0.3797625005245209
0.268907368183136
0.22572310268878937
0.6363860368728638
0.34576520323753357
0.21709522604942322
0.47357097268104553
0.8810915946960449
0.7916345596313477
0.9069603085517883
0.6390341520309448
0.7164409160614014
0.25563883781433105
0.3835848569869995
0.6399775743484497
0.30429407954216003
0.8619210124015808
0.5348960161209106
0.5376223921775818
1.0213066339492798
0.790296196937561
0.8981888890266418
0.5917919278144836
0.7097918391227722
0.4006574749946594
0.4165915548801422
0.6353185176849365
0.4405113160610199
0.7251650094985962
0.7690668702125549
0.3006170094013214
0.5480460524559021
0.1857205331325531
0.7022713422775269
0.5987390279769897
1.1913642883300781
0.29504722356796265
0.5329903364181519
1.5482354164123535
0.7322032451629639
0.7524929642677307
0.5871155261993408
0.8487639427185059
1.0546488761901855
0.40462368726730347
0.26173871755599976
0.32834726572036743
0.6387550830841064
0.21736033260822296
0.3815915882587433
0.3643255829811096
0.36131250858306885
0.5396999716758728
0.8810288310050964
0.6987622976303101
0.21831302344799042
0.6269317865371704
0.2614431381225586
0.738744854927063
0.34505796432495117
0.6604112982749939
0.5092576742172241
0.911636471748352
0.5483130216598511
0.9218317270278931
0.6169130206108093
0.507925808429718
0.6472625732421875
0.3621784746646881
0.4535220265388489
0.8638866543769836
0.7907253503799438
0.4037565290927887
0.2754141092300415
0.28008073568344116
0.4614124298095703
0.9407705068588257
0.45133838057518005
0.7513047456741333
0.426797479391098
0.5517210364341736
0.4937516152858734
0.44452032446861267
0.43253833055496216
0.3297220468521118
0.3375229239463806
0.9052857160568237
0.41897445917129517
0.5149968862533569
0.8668953776359558
0.5763334035873413
0.34042122960090637
0.8109142184257507
0.6133543848991394
0.770426869392395
0.4483988881111145
0.22401683032512665
0.3470873236656189
0.4941321313381195
0.34145355224609375
0.9996240735054016
0.9436233639717102
0.3551735281944275
0.8797464370727539
0.859224796295166
0.47080498933792114
0.8209821581840515
0.3525325655937195
0.6578145027160645
0.48736053705215454
0.3670003414154053
0.5935472846031189
0.8488128781318665
0.624808669090271
0.8294577598571777
0.5866236090660095
0.717656135559082
0.6033445000648499
0.3680740296840668
0.5683268308639526
2.1999943256378174
0.7349039316177368
0.4042598307132721
0.39930397272109985
0.5044633746147156
0.4045504927635193
0.369682252407074
0.544924259185791
0.9158836603164673
0.4141201972961426
0.2680225372314453
0.6730209589004517
0.42825251817703247
0.6521151661872864
0.5498095750808716
0.30232948064804077
0.7647882699966431
0.555029571056366
0.6291428804397583
0.5828825235366821
0.4747379422187805
0.2400101125240326
0.2165902554988861
0.431386798620224
0.4225161671638489
0.40439119935035706
1.0913193225860596
0.3547284007072449
0.7304582595825195
0.625145435333252
0.9747335314750671
0.4773556590080261
0.43550199270248413
0.34662696719169617
0.9299399256706238
