0.5676957368850708
0.7101618051528931
0.46196380257606506
0.35973554849624634
0.2426968514919281
0.5184810161590576
0.40847593545913696
0.5520382523536682
0.47599315643310547
0.7945499420166016
0.21320679783821106
0.8025674819946289
0.5830178260803223
0.7533121705055237
0.2663509249687195
0.4240141808986664
0.4997881054878235
0.614079475402832
0.4187406897544861
0.5225589871406555
0.8136954307556152
0.6047202348709106
0.717335045337677
0.4806802272796631
0.5238732695579529
0.575028121471405
0.3766525685787201
0.6621107459068298
0.46830183267593384
0.2557285726070404
0.5525869131088257
0.3487775921821594
0.4380008280277252
0.1999446153640747
0.17058642208576202
0.7457951307296753
0.6158275604248047
0.8518068194389343
0.2337397336959839
0.5241531133651733
1.0957615375518799
1.1370840072631836
0.5970267653465271
0.3265337646007538
0.2222049981355667
1.1370576620101929
0.47261229157447815
0.26564300060272217
0.19049254059791565
0.4974357485771179
0.5201549530029297
0.3319222927093506
0.6798211336135864
0.5869778394699097
0.32993394136428833
0.5716861486434937
0.7306574583053589
0.7054460644721985
0.8436727523803711
0.4903564453125
0.6091419458389282
0.6666303873062134
0.5403448343276978
0.3021923005580902
0.6987506151199341
0.7749158143997192
0.4272342324256897
0.33479970693588257
0.3671790063381195
0.2818693518638611
1.0004570484161377
0.7709081768989563
0.44586825370788574
0.48366695642471313
0.601114809513092
0.5579037070274353
0.5105763673782349
0.6729937195777893
0.5310863852500916
0.5827153325080872
0.41126641631126404
0.7381996512413025
0.9079583287239075
0.741539716720581
0.7101528644561768
0.2593921422958374
0.46696385741233826
0.7894071340560913
0.21060243248939514
0.11148843914270401
0.9331027865409851
0.5720547437667847
0.5456205606460571
0.40402454137802124
0.3068687319755554
0.3539963364601135
0.7257265448570251
0.3393142819404602
0.5225580930709839
0.5229693055152893
0.40672898292541504
0.4057996869087219
0.5369437336921692
1.1400489807128906
0.4239979684352875
0.7642694711685181
0.7213808298110962
0.7826348543167114
0.4116564691066742
0.5064290165901184
0.33548611402511597
0.3279670774936676
0.4256303310394287
0.7150231599807739
0.41656360030174255
0.7867751717567444
0.5324946641921997
0.8098016977310181
0.6987075209617615
0.45227041840553284
0.4557119309902191
0.31133443117141724
0.437993586063385
0.5410279631614685
0.7883036732673645
0.3126611113548279
0.5209132432937622
0.5689764022827148
0.4842289984226227
1.0060784816741943
0.229000523686409
0.5350992679595947
0.17792782187461853
0.5190905928611755
0.3645622432231903
0.7584816813468933
0.27822357416152954
0.2443934977054596
0.8665628433227539
0.43168869614601135
0.916530966758728
0.6966392397880554
0.527830958366394
0.7661933898925781
0.3795757293701172
0.6171939373016357
0.5196524858474731
0.6805989742279053
0.2851777672767639
0.9699440002441406
0.4689289629459381
0.5279249548912048
1.0060093402862549
0.4898349344730377
0.3620721995830536
0.47328633069992065
0.27272048592567444
0.7214921116828918
0.4649103283882141
1.337355613708496
0.6448711156845093
0.4530450701713562
0.3349479138851166
0.35244160890579224
0.5105887651443481
0.4251181483268738
0.8063970804214478
0.6276994347572327
0.71648108959198
0.138498917222023
0.33296269178390503
0.3871321380138397
0.5699213743209839
0.4138656258583069
0.6333712339401245
0.36586952209472656
0.5721170902252197
0.8483377695083618
0.7393159866333008
0.5981026887893677
0.6981959342956543
0.1954357922077179
0.795038104057312
0.3979604244232178
0.4267045855522156
0.5577109456062317
0.7056809663772583
0.5990501642227173
0.4874778687953949
0.4425407946109772
0.7604406476020813
0.5423000454902649
0.28954237699508667
0.6830145716667175
0.4974011778831482
0.26819711923599243
0.7493427395820618
0.594694972038269
0.4129088521003723
0.362936794757843
0.27616560459136963
0.8142603635787964
0.4744006097316742
0.4463462233543396
0.40667247772216797
0.2947767376899719
0.5817154049873352
0.3772352933883667
0.7390791177749634
0.5956972241401672
0.5345534086227417
0.16440866887569427
0.649634063243866
0.689508318901062
0.2190336287021637
0.5342146754264832
0.592060387134552
0.5575010180473328
0.7377602458000183
0.6206060647964478
0.9586665034294128
0.4515380263328552
0.4176604151725769
0.6719738841056824
0.25942739844322205
0.48500028252601624
0.24531324207782745
0.38271579146385193
0.681598961353302
0.4020877778530121
0.6048919558525085
0.8324190974235535
0.6055132746696472
0.45661482214927673
0.1845414936542511
0.7045336961746216
0.5195642709732056
0.31372731924057007
0.5806292295455933
0.706304132938385
1.0142223834991455
0.7697757482528687
0.3483029901981354
1.044448733329773
0.5977804064750671
0.6790237426757812
0.32042282819747925
0.2573244571685791
0.7744558453559875
1.1338474750518799
0.364057332277298
0.530781090259552
0.35515475273132324
0.5955058932304382
0.4255898892879486
0.4843435287475586
0.5228988528251648
0.2593054175376892
0.637246310710907
0.4497615694999695
1.212750792503357
0.28554612398147583
0.3801562488079071
1.0484685897827148
0.17070280015468597
0.6609252691268921
0.5895434617996216
0.6709447503089905
0.5857224464416504
0.44361329078674316
0.33198636770248413
0.581475019454956
0.33180928230285645
0.9365239143371582
0.5940178632736206
0.379883736371994
0.4275897145271301
0.4225022792816162
0.4995552897453308
0.6306625604629517
1.2160667181015015
0.3923018276691437
0.7613707184791565
0.4691484570503235
1.1773077249526978
0.434985876083374
0.7885331511497498
0.739398181438446
0.6104318499565125
0.46186119318008423
0.9588186144828796
1.1124283075332642
0.46094805002212524
0.4799303114414215
0.44088631868362427
0.4944736361503601
0.4632622301578522
0.4194035530090332
0.554351270198822
0.4369192123413086
0.59255051612854
0.4766696095466614
0.5914944410324097
0.4021947383880615
0.49412140250205994
0.3229352831840515
0.2722069025039673
0.4891822934150696
0.6100836992263794
0.8289043307304382
1.2917777299880981
0.5306781530380249
0.39276358485221863
0.48224419355392456
0.6099982261657715
0.5662122964859009
0.7599102258682251
0.33367466926574707
0.4829452931880951
0.5648993253707886
0.42921075224876404
0.39391130208969116
0.8772820234298706
0.6210504174232483
0.6614950299263
0.5089967250823975
0.2818813621997833
0.7444932460784912
1.7056248188018799
0.5171539783477783
1.2519744634628296
0.28286221623420715
0.7010287046432495
0.7452701926231384
0.3469630181789398
0.5695277452468872
0.7325285077095032
0.8579625487327576
