0.40712517499923706
0.2564336657524109
0.6893101930618286
0.3798832297325134
0.3070670962333679
0.44899147748947144
0.5110896825790405
0.39132389426231384
0.4666286110877991
0.22113542258739471
0.41572847962379456
0.3375493884086609
0.6767085790634155
0.44109684228897095
0.7023248076438904
0.5576251745223999
0.5825209617614746
0.7428008317947388
0.36779266595840454
0.7485665678977966
0.3627454340457916
0.6694334745407104
1.1952364444732666
0.9976507425308228
0.3879673182964325
0.6757490038871765
0.6667655110359192
0.4431721270084381
1.03741455078125
0.6132455468177795
0.736974835395813
0.4527251720428467
0.2920626997947693
0.5312325954437256
0.25093069672584534
0.31127557158470154
0.6146395802497864
0.4592841565608978
0.44542020559310913
0.18410232663154602
0.38054585456848145
0.37709841132164
0.5855039358139038
0.6006754636764526
0.5335311889648438
0.3633285462856293
0.5678997039794922
0.5349147915840149
1.1891043186187744
0.6776434779167175
0.4301072061061859
0.360726535320282
0.4726882874965668
0.48582491278648376
0.5953699350357056
0.4377451539039612
0.2622533440589905
0.3344825208187103
0.5817059278488159
0.2787313461303711
0.3813954293727875
0.7215848565101624
0.6910414695739746
0.7252715826034546
0.49142417311668396
0.338367223739624
0.3414209485054016
0.45054197311401367
0.4842614531517029
0.3310423791408539
0.5520408749580383
0.5522626638412476
0.4130670428276062
0.35338401794433594
0.6520160436630249
0.42203593254089355
1.323203206062317
0.6831933259963989
0.4509587287902832
0.5075045824050903
0.8326085209846497
0.4052085876464844
1.1737468242645264
0.2385806292295456
0.6439489722251892
0.3845559060573578
0.31724706292152405
0.6641317009925842
0.7788668870925903
0.36617782711982727
0.6417281031608582
0.47688785195350647
0.33538687229156494
0.41212520003318787
0.47913283109664917
0.7807636260986328
0.5040689706802368
0.3459330201148987
0.4576801359653473
0.2989169955253601
0.5193691253662109
0.9228843450546265
0.7425915002822876
0.45858097076416016
0.5525256991386414
0.273987740278244
0.4969619810581207
0.5907981991767883
0.25425106287002563
0.36555156111717224
0.8574622869491577
0.5214630365371704
0.3129836916923523
0.32528558373451233
0.8186851739883423
0.5650888681411743
0.4528464674949646
0.32404911518096924
0.42290249466896057
0.5163229703903198
0.2936112582683563
0.5466830730438232
0.746675431728363
0.5261589884757996
0.7877699136734009
0.3768617510795593
0.1810053586959839
0.6731194257736206
0.8501688838005066
0.4924807548522949
0.8193618655204773
0.46208658814430237
0.3530380427837372
0.31984230875968933
0.29522883892059326
0.4037678837776184
0.1853490173816681
0.38892871141433716
0.7293766736984253
0.3855108320713043
0.41459617018699646
0.746956467628479
0.3825529217720032
0.6562866568565369
0.5048319697380066
0.26276612281799316
0.42739278078079224
0.3792862296104431
0.460893452167511
0.3389627933502197
0.2751244902610779
0.33469635248184204
0.8322640657424927
0.21256940066814423
0.3390160799026489
0.32023563981056213
0.36226025223731995
0.6287797689437866
0.9453319311141968
0.33482664823532104
0.8256715536117554
0.5764268636703491
0.33618587255477905
0.6394268274307251
0.6455491781234741
0.2512498199939728
0.287885844707489
0.47965794801712036
0.25248411297798157
0.4805358946323395
0.6126806139945984
0.4769328236579895
0.44211119413375854
0.3103395104408264
1.143456220626831
0.622923731803894
0.43765801191329956
0.4051032066345215
0.22584927082061768
0.6142576336860657
1.0016138553619385
0.734343409538269
0.5964040756225586
0.7826488614082336
0.5075658559799194
0.5014914274215698
0.28041112422943115
0.2545378506183624
0.37889671325683594
0.24429111182689667
0.5802537798881531
0.5162162780761719
0.6698077917098999
0.37003085017204285
0.2537856101989746
0.8932476043701172
0.7199696898460388
0.48099803924560547
0.34714823961257935
0.3175540566444397
0.654266893863678
0.5875626802444458
0.4688913822174072
0.2649388611316681
0.24552974104881287
0.5840978026390076
0.4538334906101227
0.554218590259552
0.3436664938926697
0.3527769446372986
0.46521443128585815
0.7470698356628418
0.5984230637550354
0.6954752802848816
0.8198423385620117
0.8941347002983093
0.17761382460594177
0.2936069071292877
0.5736360549926758
0.43481627106666565
0.6439095735549927
0.31597235798835754
0.6569386720657349
0.8459416627883911
1.0940735340118408
0.6551843881607056
0.4166724681854248
0.6566058397293091
0.6183025240898132
0.1797793209552765
0.4653449058532715
0.3587814271450043
0.7290308475494385
0.2590249478816986
0.2751012444496155
0.4911467432975769
0.5388587117195129
0.7965179681777954
0.43847960233688354
0.30155307054519653
0.46129292249679565
0.28178998827934265
0.7068740129470825
0.7345808744430542
0.884875476360321
0.403057336807251
0.7574741244316101
0.5291481018066406
0.31532198190689087
0.35430222749710083
0.7805376052856445
0.6074934601783752
0.7380083799362183
0.596440315246582
0.6760183572769165
0.9933300018310547
0.5036107301712036
0.5951394438743591
0.24220415949821472
0.37624475359916687
0.459292471408844
0.3616487681865692
0.4846231937408447
0.5822446942329407
0.2806638181209564
0.3902316987514496
0.5445413589477539
0.6960157155990601
0.9319621920585632
0.5832705497741699
0.3151591718196869
0.30378594994544983
1.0089620351791382
0.4651053547859192
0.41200417280197144
0.6803143620491028
0.5835675001144409
0.7259771227836609
0.4169856905937195
0.37687358260154724
0.5313221216201782
0.8012000918388367
0.42654457688331604
0.9701898694038391
0.35463911294937134
0.49863991141319275
0.7755236029624939
0.4811297357082367
0.5464736223220825
0.4725114703178406
0.8474462628364563
0.6586862206459045
0.600455641746521
0.4858469069004059
0.7424792647361755
0.3542017638683319
0.2768673300743103
0.5487290024757385
0.7148245573043823
1.4582017660140991
0.4285329282283783
0.23094601929187775
0.61756432056427
0.45487815141677856
0.3761686384677887
0.41308799386024475
0.4275926947593689
0.44752049446105957
0.5392903089523315
0.36427968740463257
0.6981253027915955
1.0995367765426636
0.26414626836776733
1.0032356977462769
0.7312121987342834
0.5378168225288391
0.5080713033676147
0.171489417552948
0.9321357011795044
0.28437864780426025
0.5844007730484009
0.5454753041267395
0.5269668698310852
0.623120903968811
0.5309560894966125
0.4466770589351654
0.29982227087020874
0.38589152693748474
0.43249091506004333
0.5984798669815063
0.36317867040634155
0.27901455760002136
0.5132094025611877
0.3216147720813751
0.3338914215564728
0.2346131056547165
0.2774776220321655
0.2589975595474243
