0.9299991726875305
0.7335306406021118
0.5026232004165649
0.6242534518241882
0.21852092444896698
0.49985307455062866
0.46355000138282776
0.40185222029685974
0.43917685747146606
0.34187349677085876
1.0728477239608765
0.583532452583313
0.40029439330101013
0.7048324346542358
0.24851688742637634
0.5060017704963684
0.8365122079849243
0.633381724357605
0.22307738661766052
0.3285326063632965
0.2868212163448334
0.5978256464004517
0.6782927513122559
0.6552721858024597
0.46108633279800415
0.5613631010055542
0.35437077283859253
0.417062371969223
0.5541461706161499
0.3349745571613312
0.6075366735458374
0.6315819025039673
0.3640306293964386
0.6936070919036865
0.3654162883758545
0.5515090823173523
0.3949999213218689
0.5510141253471375
0.3506147265434265
0.5908511877059937
0.3810234069824219
0.6462716460227966
0.4613551199436188
0.6381858587265015
0.5662490129470825
0.19670429825782776
0.8217869997024536
0.7538033723831177
0.33689001202583313
0.44328635931015015
0.3374645411968231
1.1461443901062012
0.2547036111354828
0.5460758209228516
0.9862319231033325
0.33330631256103516
0.358955979347229
0.7729836702346802
0.8667546510696411
0.3956683278083801
0.7368395924568176
0.4430159032344818
0.4680032730102539
0.42574363946914673
1.113534688949585
1.1866068840026855
0.5338078141212463
0.584571361541748
1.203439474105835
0.5921667814254761
0.6965302228927612
0.45896148681640625
0.3815430998802185
0.39516839385032654
0.31201833486557007
0.390173077583313
0.7674571871757507
0.4765428900718689
0.21589437127113342
0.5955303311347961
0.21402719616889954
0.4470154345035553
0.6310285329818726
0.39421385526657104
0.6579198241233826
0.3862164616584778
0.8959411382675171
0.31911271810531616
0.5866162180900574
0.3707042336463928
0.30216366052627563
0.34043025970458984
0.7389618158340454
0.26005250215530396
0.3543936014175415
0.39789843559265137
0.5245290398597717
0.3058796525001526
0.3104565739631653
0.8862934112548828
0.9433666467666626
0.9819995164871216
0.5623614192008972
0.4043605327606201
0.8238300085067749
0.37076425552368164
0.8396684527397156
0.6309322118759155
0.9679500460624695
0.9117892384529114
0.3482579290866852
0.6294924020767212
0.46592673659324646
0.5353745222091675
0.5136733651161194
0.5809299945831299
0.7050632238388062
0.5126184225082397
0.7456244826316833
0.38820573687553406
1.0464125871658325
0.5934655666351318
0.5847347378730774
0.36196497082710266
0.8332856893539429
0.30418744683265686
0.5793488621711731
0.7872861623764038
0.4372168183326721
0.34059974551200867
0.3701976239681244
0.5111640691757202
0.5421834588050842
0.38035470247268677
0.501449465751648
0.4645833969116211
0.3197561800479889
0.5701435804367065
0.4925161302089691
0.6207402944564819
0.5183572769165039
0.394771933555603
0.5864444375038147
0.3490564823150635
0.40368810296058655
0.41480302810668945
0.6171551942825317
0.6587432622909546
0.2974364757537842
0.2856198251247406
0.30657070875167847
0.5181690454483032
0.7183204293251038
0.45739251375198364
0.3570338785648346
0.14747580885887146
0.6347146034240723
0.580854058265686
0.9397540092468262
1.1038696765899658
0.5994201898574829
0.5134048461914062
0.5412952303886414
0.29186496138572693
0.21229985356330872
0.2424864023923874
0.3789585530757904
0.4706326425075531
0.5788255929946899
0.30617576837539673
0.6653175950050354
0.6115864515304565
0.6961957216262817
0.5330533981323242
0.9290744662284851
0.740838885307312
0.5562273263931274
0.4688740670681
0.5925208330154419
0.26393312215805054
0.38671451807022095
0.27209925651550293
0.4811098575592041
0.5474263429641724
0.6229144930839539
0.5058954954147339
0.5327188372612
0.44553565979003906
0.7155802845954895
0.9134773015975952
0.3932188153266907
0.2847963273525238
0.4837443232536316
0.8487042188644409
0.7302732467651367
0.7967803478240967
0.2612474858760834
0.3431876301765442
0.9894942045211792
0.321587473154068
0.2977439761161804
0.7036243677139282
1.369612455368042
1.0055315494537354
0.344323992729187
0.3899522125720978
0.6655080914497375
0.36167779564857483
0.3057228922843933
0.25900664925575256
0.7181732058525085
0.9792102575302124
0.5824291706085205
0.2518114447593689
0.5164922475814819
0.45711565017700195
0.8748006820678711
0.6382204294204712
0.6019544005393982
0.44401273131370544
0.4808170199394226
0.5358549356460571
0.21922054886817932
0.37101054191589355
0.7645604014396667
0.8468826413154602
0.32476821541786194
0.7379884719848633
0.5438346266746521
0.4217594563961029
1.0975888967514038
0.5813913941383362
0.9981702566146851
0.5147135257720947
0.40799611806869507
0.3116999566555023
0.6477137804031372
0.24309246242046356
0.9656440615653992
0.9489544630050659
0.5142902135848999
0.5825632810592651
0.47864145040512085
0.5193578004837036
0.43740034103393555
0.6567202806472778
0.271383672952652
0.5645351409912109
1.0109212398529053
0.7861276268959045
0.3163378834724426
0.6931183934211731
0.32890933752059937
0.5963363647460938
0.3069169223308563
0.5529010891914368
0.7172015905380249
0.36859625577926636
0.7446026802062988
0.7590413093566895
0.47018471360206604
0.5378360152244568
0.4409104287624359
0.34727227687835693
0.9245706796646118
0.34566593170166016
0.7738152146339417
0.32239484786987305
0.4930914044380188
0.5276898145675659
1.0629758834838867
0.5551554560661316
0.7265622615814209
0.9940475225448608
0.7759286165237427
0.5894862413406372
0.36050114035606384
0.4207708239555359
1.1746643781661987
0.3975607454776764
0.13345745205879211
0.34285077452659607
0.3881014883518219
0.18701393902301788
0.9415626525878906
1.042258620262146
0.9557647705078125
0.7994571328163147
0.20445775985717773
0.6638811826705933
0.3656880259513855
0.24803662300109863
0.36075446009635925
1.0712902545928955
0.4026806950569153
0.4657982289791107
0.2982064187526703
0.1934490203857422
0.6293861269950867
0.4316144585609436
0.575645923614502
0.4470754563808441
0.8638299703598022
0.3019450008869171
0.4855369031429291
0.414936363697052
0.5031969547271729
0.7674251794815063
0.5105788111686707
0.27659034729003906
0.3864317834377289
0.3534070551395416
0.8892048001289368
0.3123803734779358
0.48022907972335815
0.2444332093000412
0.4284561276435852
0.4403937757015228
0.678094744682312
0.4345269203186035
0.6863981485366821
0.6643034219741821
0.29440802335739136
0.28956812620162964
0.350999653339386
0.5559655427932739
0.37539467215538025
0.6043108701705933
0.2640610337257385
0.35292452573776245
0.3264983594417572
0.3797193169593811
0.5274425745010376
0.7897229790687561
0.2841655910015106
0.7049734592437744
0.5428433418273926
1.532026767730713
