0.21073909103870392
0.35266053676605225
0.537812352180481
1.0147374868392944
0.7922572493553162
0.3948915898799896
0.7698294520378113
1.038151741027832
0.8058053255081177
0.26851654052734375
0.5017136335372925
0.5540564656257629
0.29064813256263733
0.6640759110450745
0.9548207521438599
0.3603193163871765
0.47269731760025024
0.44328221678733826
0.43812721967697144
0.8477819561958313
0.6398504972457886
0.5186077356338501
0.3885863721370697
0.6239069104194641
0.6643865704536438
0.8036332130432129
0.5578063130378723
0.37582603096961975
0.6036624312400818
0.632427990436554
0.22466936707496643
0.23602326214313507
0.5757802128791809
0.28954845666885376
0.5140079259872437
0.49539536237716675
0.6199809312820435
0.4398983120918274
0.4889466166496277
0.6538883447647095
0.1990969181060791
0.22043219208717346
1.0781605243682861
0.6396899223327637
0.6766898036003113
0.5617278814315796
0.5948579907417297
0.5146113634109497
0.47194260358810425
0.36291930079460144
0.8037735819816589
0.3216278553009033
0.4981416165828705
0.8813806772232056
0.3188563883304596
0.47545021772384644
0.7279230952262878
0.5046842694282532
0.6446437239646912
0.6732792258262634
0.44645166397094727
0.6258609890937805
0.794244110584259
0.27537909150123596
1.0311636924743652
0.5166813731193542
0.45430755615234375
0.5334128141403198
0.232950359582901
0.5786550641059875
0.2630365788936615
0.4403921961784363
0.7107842564582825
0.18074993789196014
0.2780263125896454
0.2902754843235016
0.5445091128349304
0.4988831579685211
0.47872647643089294
0.338599294424057
0.4991764426231384
0.6705207824707031
0.8821868896484375
0.5277013182640076
0.33327656984329224
0.4546899199485779
0.4438992142677307
1.2257483005523682
0.7370161414146423
1.02254319190979
0.3313690721988678
0.29194751381874084
0.5937033891677856
0.15458928048610687
0.7132945656776428
0.531174898147583
0.5397752523422241
0.4510999619960785
0.8173403739929199
1.2679497003555298
0.8542167544364929
0.6154789328575134
0.5594764947891235
0.7302716970443726
0.4253159463405609
0.5753918886184692
0.61735999584198
0.45298948884010315
0.7168793082237244
0.2870972752571106
0.5103294253349304
0.6261641383171082
1.2493654489517212
0.48010730743408203
0.6266400814056396
0.7023340463638306
0.46128225326538086
0.829551100730896
0.6967720985412598
0.2003696858882904
0.24882230162620544
0.4486742615699768
0.443541944026947
0.28012681007385254
0.6754384636878967
0.3489401936531067
0.707504153251648
0.3119622468948364
0.40888816118240356
0.19125595688819885
0.17260004580020905
0.907337486743927
0.4423367381095886
0.38163942098617554
0.49904727935791016
0.5256419777870178
0.4569854140281677
0.6584616303443909
0.9211248159408569
0.2824467718601227
0.4909185469150543
0.48664212226867676
0.63758385181427
0.6781908869743347
0.525060772895813
0.42771655321121216
0.23598957061767578
0.5454074144363403
0.710650622844696
0.2276688814163208
0.7454280853271484
0.20521584153175354
0.6819589734077454
0.46207356452941895
1.0408539772033691
0.6140172481536865
0.5089696049690247
0.5941957235336304
0.43794769048690796
0.5259588360786438
0.7257651090621948
0.8245893716812134
0.5257165431976318
0.22229568660259247
1.0189335346221924
0.328138530254364
0.3322784900665283
0.7597006559371948
0.5694417953491211
0.5254882574081421
0.34569382667541504
0.7791861891746521
0.6502909064292908
0.1724063754081726
0.5630477070808411
0.8119716644287109
0.5516360402107239
0.5488365292549133
0.27836236357688904
0.5909451246261597
0.17303232848644257
0.803726851940155
0.4558955132961273
0.5805827379226685
0.2941112220287323
0.5379518270492554
0.624219536781311
0.35058897733688354
0.9915438890457153
0.5476592779159546
0.29921168088912964
0.9474781155586243
0.728545606136322
0.917291522026062
1.0554578304290771
0.8003560304641724
0.46041542291641235
0.668695330619812
0.6613854765892029
0.8375253677368164
0.35457494854927063
0.40874844789505005
0.9335092306137085
0.44896212220191956
0.5535635948181152
0.4858524799346924
0.7807444930076599
0.8167123794555664
0.7873276472091675
0.8056442141532898
0.7131341695785522
0.668318510055542
0.6976430416107178
0.45134562253952026
1.0387780666351318
0.7369141578674316
0.3676469027996063
0.2567580044269562
0.8541293144226074
0.7061210870742798
0.5570007562637329
0.2324133813381195
0.3927052319049835
1.2438616752624512
0.5664647221565247
0.4820718765258789
0.36850032210350037
0.456040620803833
0.2782354950904846
0.9185686111450195
0.4597284197807312
0.26963934302330017
0.4554828703403473
0.2845507860183716
0.46052631735801697
0.3998604416847229
0.6053694486618042
0.4365972578525543
0.37367743253707886
0.21493737399578094
0.41305452585220337
0.7754077911376953
0.573302686214447
0.7899869680404663
0.17220227420330048
0.42427077889442444
0.2384985387325287
0.27746567130088806
0.5775443911552429
0.6360170245170593
0.2283177375793457
0.7306408286094666
0.32829567790031433
0.63666170835495
0.6681876182556152
0.12779781222343445
0.25955939292907715
0.7243114709854126
0.5461267232894897
1.2112503051757812
0.472059428691864
0.36358657479286194
0.5216101408004761
0.5520612597465515
0.44243431091308594
0.2741837203502655
0.49216920137405396
0.8058900833129883
0.5078433156013489
0.667986273765564
0.47022610902786255
0.7030307054519653
0.8040770292282104
0.37823352217674255
0.6554971933364868
1.0415751934051514
0.5565246343612671
0.5507386326789856
0.27792948484420776
0.2656014561653137
0.1550634354352951
0.3486531674861908
0.14921627938747406
0.43487605452537537
0.7573183178901672
0.8339790105819702
0.7955260276794434
0.3517087996006012
0.3720187842845917
0.887082576751709
0.2529633939266205
0.5654498338699341
0.48827043175697327
0.5348174571990967
0.6051962971687317
0.3323172628879547
0.6206944584846497
0.4782613217830658
0.5798868536949158
1.0754878520965576
0.6404462456703186
0.7050116062164307
0.6123123168945312
0.49999627470970154
0.9210956692695618
0.2844540476799011
0.6661149263381958
0.4421461522579193
0.6646751165390015
1.01347017288208
0.4728713929653168
0.5756309628486633
0.7321203947067261
0.20916838943958282
0.6385623216629028
0.9922325015068054
0.9055224657058716
0.3496116101741791
0.5660051703453064
0.5217100381851196
0.35293668508529663
0.9202157855033875
0.21328334510326385
0.5462461709976196
0.3786225914955139
0.3253208100795746
1.130666732788086
0.7855125665664673
0.35130348801612854
0.4313405156135559
0.8563785552978516
1.0327255725860596
0.5422239303588867
0.7940942049026489
0.27528777718544006
0.3802347779273987
0.3540920615196228
0.3588910400867462
