0.6046067476272583
0.7962902784347534
0.19968655705451965
0.6831622123718262
0.46837863326072693
0.5418470501899719
0.667751669883728
0.7812945246696472
0.30880358815193176
0.6729445457458496
0.3648836016654968
0.4156329035758972
0.32491225004196167
0.6927124261856079
1.6429946422576904
0.8331378102302551
0.7045111656188965
0.2588551640510559
0.32452455163002014
0.3432078957557678
0.7625447511672974
0.4647272229194641
0.41725683212280273
0.8557295799255371
0.22868409752845764
0.6331993341445923
0.6740806698799133
0.5649917721748352
0.7590035200119019
0.3705724775791168
0.7077445983886719
0.6075401306152344
0.3120597302913666
0.46252909302711487
0.7574344873428345
0.2869008183479309
0.37670472264289856
0.7323126792907715
0.7077172994613647
0.45258331298828125
0.4863054156303406
0.48583489656448364
0.29271334409713745
0.6082439422607422
0.555517315864563
0.835746169090271
0.19841931760311127
0.29877498745918274
0.46588391065597534
0.8301871418952942
0.3744902014732361
0.33689823746681213
0.5814842581748962
0.7441082000732422
0.317130982875824
0.34435170888900757
0.46373051404953003
0.4716956615447998
0.7514961957931519
0.2845216691493988
0.7113105058670044
1.0640432834625244
0.3628239035606384
0.7638620138168335
0.4543817639350891
0.6655333042144775
0.4078354239463806
1.0406309366226196
0.3645406663417816
0.5409342050552368
0.440070778131485
1.3311636447906494
0.35626548528671265
0.9211050868034363
0.5795284509658813
0.6327258348464966
0.5353963375091553
0.5475271344184875
0.21593303978443146
0.388264000415802
0.4736126959323883
0.660606861114502
0.47553038597106934
0.36854881048202515
0.470589816570282
0.7123743295669556
0.5107086300849915
0.4777745306491852
0.47347956895828247
0.4693581461906433
0.2999274730682373
0.641682505607605
0.6992201209068298
0.5125500559806824
0.43311136960983276
0.30362510681152344
0.466144859790802
0.941418468952179
0.6114931702613831
0.6320482492446899
0.43113160133361816
0.32369905710220337
0.28440260887145996
0.4760236144065857
0.6189696788787842
0.8152279853820801
0.4803495407104492
0.24209074676036835
0.40663403272628784
0.19785507023334503
0.3827829957008362
0.6873477101325989
0.29635509848594666
0.3550657331943512
0.45376595854759216
0.49864229559898376
0.5140516757965088
0.4155910015106201
0.31377893686294556
0.4151402413845062
0.9488118290901184
0.6317430734634399
0.5894924402236938
1.342287302017212
0.4849027991294861
0.34878402948379517
0.16903789341449738
0.7734267115592957
0.48563361167907715
0.3487851023674011
0.460660845041275
0.8333657383918762
0.41608771681785583
0.7333024144172668
0.6952046155929565
0.6213908195495605
0.49200087785720825
0.754662036895752
0.4917234480381012
0.6983460187911987
0.37216025590896606
0.5689438581466675
1.2619091272354126
0.29376527667045593
0.4519962668418884
0.3554420471191406
0.2481682300567627
0.34418871998786926
0.6068223714828491
0.9052236676216125
0.40781712532043457
0.7637272477149963
0.43263810873031616
0.7838643193244934
0.21889595687389374
0.5716915726661682
0.6100188493728638
0.6046627163887024
0.23923306167125702
0.586514949798584
0.5040014386177063
0.513802170753479
0.659046471118927
0.6935843229293823
0.3010978102684021
0.48528042435646057
0.6561354398727417
0.4980166554450989
0.5229410529136658
1.5878381729125977
0.5518245100975037
0.4739345610141754
0.35874199867248535
0.6662232279777527
0.7612977027893066
0.29574263095855713
0.5558703541755676
0.8848068118095398
0.9046295881271362
0.9623006582260132
0.6139684915542603
0.5508908629417419
0.46714577078819275
0.553985595703125
0.7164448499679565
0.5328049063682556
0.40445518493652344
0.27799689769744873
0.6476221084594727
0.5276480317115784
0.6910432577133179
0.9222755432128906
0.49467429518699646
0.5965933799743652
0.7779661417007446
0.41245537996292114
0.5510023832321167
0.5127853751182556
0.5269445776939392
0.9630090594291687
0.3501659333705902
0.8655611276626587
0.4407274127006531
0.42996707558631897
0.3922300934791565
0.7082024812698364
0.23216097056865692
0.2573682367801666
0.5122845768928528
0.7612631320953369
0.3574542999267578
0.4964115023612976
0.3869839608669281
0.5027841329574585
0.30486711859703064
0.3182139992713928
1.2470557689666748
0.33593878149986267
0.830384373664856
0.4706606864929199
0.3287045359611511
0.426579087972641
0.5243887305259705
0.201553076505661
0.4443936347961426
0.47106117010116577
0.4654025137424469
0.4977859556674957
0.48099231719970703
0.51875239610672
0.457211971282959
0.4849763810634613
0.9455812573432922
0.3797348439693451
0.4545976519584656
0.5902621746063232
0.26434460282325745
0.8749187588691711
0.6514427065849304
0.566146194934845
0.5989431142807007
0.3518112599849701
1.2956997156143188
0.5555604696273804
0.36699384450912476
0.23781970143318176
0.7066344022750854
0.6082707643508911
0.34567487239837646
0.5922155380249023
0.769546389579773
0.4687424600124359
0.7519645094871521
0.6705474853515625
0.6533355712890625
0.353698194026947
1.0290379524230957
0.7709556818008423
0.4681324064731598
1.0096290111541748
0.819357693195343
0.3667911887168884
0.5655025243759155
0.3903295397758484
0.7340426445007324
0.34088873863220215
0.438075453042984
0.5527504086494446
0.602864682674408
0.768716037273407
0.6778908967971802
0.6370909810066223
0.3371555209159851
0.30244380235671997
0.25689697265625
0.39644384384155273
0.35593006014823914
0.35157692432403564
0.7605839371681213
0.3320786654949188
0.5313777327537537
0.5451031923294067
0.18010404706001282
0.6793376803398132
0.23253974318504333
0.423126757144928
0.4840880036354065
0.4296145439147949
0.6419113874435425
0.28923845291137695
0.4430365562438965
0.5351831316947937
0.9073969125747681
0.3929939866065979
0.398470938205719
0.5975952744483948
0.5486572980880737
0.31636008620262146
0.547646164894104
0.4129268229007721
0.4688872694969177
0.7001826167106628
0.6834506988525391
1.3126941919326782
0.5653743743896484
0.2718021869659424
0.7554336786270142
0.6164556741714478
0.5655584931373596
0.4718237519264221
0.25732049345970154
0.7870946526527405
0.39099445939064026
0.5336888432502747
0.6333163976669312
1.2670296430587769
0.42460575699806213
0.4520401954650879
0.8303777575492859
0.4663059115409851
0.35293588042259216
0.8080728650093079
0.8368450999259949
0.515579879283905
0.4305322766304016
0.22236129641532898
0.38953953981399536
0.8824582099914551
0.28916293382644653
1.7730964422225952
0.44955191016197205
0.2389904260635376
0.609575092792511
0.5109971761703491
0.51014244556427
1.1995794773101807
0.5162290930747986
0.2319936752319336
