0.3348533511161804
0.43861597776412964
0.602068305015564
0.5364130139350891
0.4343615472316742
0.3975468575954437
0.40900811553001404
0.3515605926513672
0.3659416139125824
0.7038667798042297
1.2190234661102295
0.4078204035758972
0.3545020520687103
0.34459617733955383
0.5042508244514465
0.32833847403526306
1.1288374662399292
0.6809691190719604
0.4033239483833313
0.7866414785385132
0.43378734588623047
0.3201466202735901
0.45379701256752014
0.6872596740722656
0.4064468443393707
0.24664369225502014
0.6521084904670715
0.5978384017944336
0.5094643831253052
0.5801692008972168
0.7836675643920898
0.2893628478050232
0.6621590852737427
0.4603930413722992
0.48900508880615234
0.5311561822891235
0.34363919496536255
0.46772879362106323
0.4170854687690735
0.23729915916919708
0.385368674993515
0.8710216283798218
0.580048680305481
0.5127929449081421
0.4077802300453186
0.8435865640640259
0.45652180910110474
0.4306994378566742
0.5491861701011658
0.12837979197502136
0.5848812460899353
0.4881508946418762
0.7308953404426575
0.47341060638427734
0.40981417894363403
0.3701697289943695
0.2024153769016266
0.27144670486450195
0.5379495620727539
0.42016297578811646
0.20075488090515137
0.28305909037590027
0.43210649490356445
0.6341439485549927
0.6340862512588501
0.5837358236312866
0.6342979669570923
0.28119683265686035
0.5146440267562866
0.3666701912879944
0.3418664038181305
0.3653351664543152
0.37488141655921936
0.3073280453681946
0.9956623315811157
0.3945736587047577
0.3812510371208191
0.442236989736557
0.46908506751060486
0.4252452850341797
0.5982929468154907
0.340573251247406
0.37546682357788086
0.5060112476348877
0.5557118654251099
0.46077805757522583
0.2154761254787445
0.4666835367679596
0.3996194899082184
0.39800912141799927
0.30309662222862244
0.4627006947994232
0.6954458951950073
0.5967015027999878
0.8602245450019836
0.2963346838951111
0.6417651176452637
0.5876972079277039
0.3522804379463196
1.4401843547821045
0.7337101101875305
0.333655446767807
0.40147915482521057
0.7902896404266357
0.6217907071113586
0.559913694858551
0.7707804441452026
0.4463798403739929
0.654985785484314
0.5446522235870361
0.5919126272201538
0.2902621924877167
0.8873264193534851
0.615472674369812
0.68878573179245
0.2603040039539337
0.5834181904792786
0.674892783164978
0.4434540271759033
0.41824817657470703
0.6929109692573547
0.7209031581878662
0.351193904876709
0.9530225992202759
0.32237377762794495
0.5940922498703003
0.6482419967651367
0.36461108922958374
0.19671417772769928
0.8015630841255188
0.3368445038795471
0.46255597472190857
0.9794452786445618
0.5572543144226074
0.24790480732917786
0.9643845558166504
0.4763966202735901
0.44012993574142456
0.2967053949832916
0.4603636860847473
0.5432189106941223
0.2528213560581207
0.3091607987880707
0.7812360525131226
0.4777471125125885
0.22510990500450134
0.4308948516845703
0.7675324082374573
1.2119340896606445
0.4893394410610199
0.9970993995666504
0.4901089668273926
0.41349974274635315
0.5192707180976868
0.6132756471633911
0.44418102502822876
0.22870390117168427
0.18233047425746918
0.6645185351371765
0.5425957441329956
0.31258001923561096
0.5578818321228027
0.3693086802959442
0.6375812292098999
0.5634626150131226
0.5316072702407837
0.40218058228492737
0.5122791528701782
0.9806183576583862
0.23451368510723114
0.5818544626235962
0.4533485770225525
0.8057578802108765
0.6591454148292542
0.5864911079406738
0.8898488283157349
0.7825806736946106
0.47125372290611267
0.5907531380653381
1.2630293369293213
0.43039289116859436
0.3963669240474701
0.3216833770275116
0.6229881048202515
0.8441237211227417
0.3993121385574341
0.31616267561912537
0.5020152926445007
0.5298965573310852
0.5722113847732544
0.7925136685371399
0.30887165665626526
0.588934063911438
0.23851382732391357
0.5157884955406189
0.5467272996902466
0.9238220453262329
0.27404361963272095
0.6850446462631226
0.6022186279296875
0.7613542675971985
0.6855212450027466
0.3994346261024475
0.59881192445755
0.6395274996757507
0.7604404091835022
0.6560357809066772
0.22816963493824005
0.5124589800834656
0.3464791476726532
0.6962170600891113
0.3581913113594055
0.5145105123519897
0.34816280007362366
0.5596423745155334
0.39425837993621826
0.6951661109924316
0.6174248456954956
0.37015777826309204
0.3687816262245178
0.24089673161506653
0.7989617586135864
0.37013596296310425
0.6036807298660278
0.2687990069389343
0.45505720376968384
0.5061334371566772
0.5210904479026794
0.49408555030822754
1.2303398847579956
0.2931126058101654
1.3586738109588623
0.39420217275619507
0.398613840341568
0.4645702838897705
0.480602890253067
0.30039384961128235
0.5131295919418335
0.7316452860832214
0.48258548974990845
0.44798049330711365
0.45798712968826294
0.5257657766342163
0.37780800461769104
0.40284961462020874
0.815777599811554
0.7272876501083374
0.9685236811637878
0.589750349521637
0.6355396509170532
0.8323919177055359
0.7102802395820618
0.586380660533905
0.39792197942733765
0.8667393922805786
0.7299036979675293
0.4135161340236664
0.5926259756088257
0.4970923066139221
0.42114099860191345
0.9145695567131042
0.5613036155700684
0.3381078839302063
0.46208325028419495
0.526626706123352
0.6922835111618042
0.5146870613098145
0.5091913938522339
0.6280765533447266
0.15386930108070374
0.37864479422569275
0.4827198386192322
0.4543886184692383
0.5061308145523071
0.6053251028060913
0.4453934133052826
1.186699628829956
1.015541672706604
0.5069574117660522
0.7667728066444397
0.7285478711128235
0.7037748694419861
0.201371431350708
0.42851290106773376
0.21050432324409485
0.4011138379573822
0.5430426597595215
0.46072325110435486
0.6898564100265503
0.26571884751319885
0.38693925738334656
0.1740654557943344
0.8057138323783875
0.9881850481033325
0.5281699895858765
0.6848750114440918
0.738608181476593
0.563316285610199
0.4727984368801117
0.47432199120521545
0.39665764570236206
0.28646260499954224
1.1839802265167236
0.45195358991622925
0.9655002355575562
1.4167438745498657
0.5491304397583008
0.39896708726882935
0.19915956258773804
0.3274553120136261
0.7248794436454773
0.42104873061180115
0.5119978785514832
0.7508649230003357
0.3756210207939148
0.38802585005760193
0.7736216187477112
0.6839035749435425
0.4053685665130615
0.7876901626586914
0.6825568675994873
0.39480361342430115
0.5615726709365845
0.5619756579399109
0.5087794661521912
0.5162990689277649
0.2955775260925293
0.41077566146850586
0.4521704614162445
0.3144785761833191
0.5674133896827698
0.6799938082695007
0.591715931892395
0.5871620774269104
0.725854218006134
0.40948930382728577
0.21523785591125488
1.5974994897842407
