0.5693793296813965
1.0090621709823608
0.7188145518302917
0.4814991056919098
0.5492056608200073
0.4737544059753418
0.41040247678756714
0.7581430673599243
0.5644988417625427
0.988693356513977
0.8154650926589966
0.8043332099914551
1.2434604167938232
0.9687274098396301
0.7225834131240845
0.8739259839057922
0.3949679732322693
0.47347480058670044
0.6257263422012329
1.0275907516479492
0.4871436059474945
0.5824971795082092
0.4605952203273773
1.0035691261291504
0.7800841927528381
0.5498181581497192
0.8012078404426575
1.0716559886932373
1.2611711025238037
0.5570619702339172
0.4489192068576813
0.7765922546386719
0.559384286403656
0.8607250452041626
0.8138816952705383
0.6441177129745483
0.49090129137039185
0.42648592591285706
0.6194435954093933
0.5204372406005859
0.8211811780929565
0.7025569081306458
0.7106703519821167
0.7221337556838989
0.6529583930969238
0.5486393570899963
0.9165047407150269
0.6444464325904846
0.40171122550964355
0.580054759979248
0.6384878158569336
0.47015300393104553
0.6213846802711487
0.9482715725898743
1.0002076625823975
0.6134985089302063
0.7659894227981567
0.8728889226913452
1.3771921396255493
0.500400185585022
0.7957206964492798
0.740403950214386
0.622219443321228
0.7836825847625732
0.7557545900344849
0.9984556436538696
0.6523414254188538
0.5818489789962769
0.7108829021453857
1.0285089015960693
0.6080897450447083
0.7543262243270874
0.5075550079345703
0.6609963774681091
0.6303288340568542
0.7230250239372253
0.6596649885177612
0.48566800355911255
0.7975355386734009
0.8866440653800964
0.30979031324386597
0.8670489192008972
0.4381847381591797
0.492474228143692
0.7035846710205078
0.8361772298812866
0.48587197065353394
0.5750519037246704
0.4191587567329407
1.2632458209991455
0.8173552751541138
0.6980353593826294
0.40399155020713806
0.45920246839523315
1.0347875356674194
0.6306284666061401
0.576513409614563
0.7524105310440063
0.9087650179862976
1.0085747241973877
0.8159714937210083
0.5853158235549927
1.0737025737762451
0.358699232339859
0.8501720428466797
0.979683518409729
0.7816931009292603
0.4428665041923523
0.7735327482223511
0.522591233253479
0.6926199793815613
0.7700141072273254
0.6923795938491821
0.5217896699905396
0.7283934354782104
0.788287878036499
0.5259812474250793
0.5075698494911194
1.0724914073944092
0.6379185318946838
0.7075304985046387
0.7626265287399292
1.0860748291015625
0.8781728744506836
0.5479078888893127
0.60009765625
0.5811748504638672
0.8596278429031372
0.772722065448761
0.4383454918861389
0.8566840291023254
1.013092041015625
0.7255299687385559
0.53447026014328
0.6637859344482422
1.0414865016937256
0.4224932789802551
0.5966228246688843
0.7684229612350464
0.4957432746887207
0.537082314491272
0.5817514061927795
0.4614061415195465
0.6946858167648315
0.5241143107414246
0.8158601522445679
0.5746307969093323
0.7174704670906067
0.7273455858230591
0.3934481739997864
0.8187058568000793
0.6631531715393066
0.5785040855407715
0.4153718054294586
1.2182737588882446
0.6333731412887573
0.45303258299827576
0.49396616220474243
0.5709548592567444
0.6182047724723816
0.6979779005050659
0.49209803342819214
0.367026150226593
0.6053887605667114
0.5172117352485657
0.7342300415039062
1.068135380744934
0.8142368197441101
1.1776090860366821
0.9667754173278809
0.7572066187858582
0.7818304896354675
0.8371356129646301
0.40602993965148926
1.1241176128387451
0.5011084675788879
0.6953110098838806
0.8186290860176086
0.4320456087589264
0.4204944670200348
0.7406283020973206
0.6131719350814819
0.5141313672065735
0.6064443588256836
0.6215095520019531
0.7981154322624207
0.894474983215332
0.5043393969535828
0.5123216509819031
0.3800680637359619
1.362180471420288
0.37890586256980896
0.5115145444869995
0.7244319915771484
1.1920325756072998
0.4968743324279785
0.386129766702652
0.9122589230537415
0.7701140642166138
0.8539180755615234
0.33101218938827515
0.5162898302078247
1.0639748573303223
0.4492626190185547
0.4929887354373932
0.6266030073165894
0.7447068095207214
0.6869956851005554
0.6090591549873352
0.7893710136413574
0.5267268419265747
0.32959750294685364
0.7604314088821411
1.0644252300262451
0.8541080355644226
0.7739425897598267
0.6115196943283081
0.7717342376708984
0.828018069267273
0.6069642305374146
0.7443604469299316
0.46588268876075745
0.6820350289344788
1.187495470046997
0.633914053440094
0.5662875175476074
0.7223972082138062
0.9717168807983398
0.4565359055995941
0.5311648845672607
0.8872541189193726
0.5942829847335815
0.5260418057441711
0.47178584337234497
0.32551759481430054
0.4392310082912445
0.5780138969421387
1.3501365184783936
0.725921094417572
0.9141508340835571
0.5295406579971313
0.7987093925476074
0.5345784425735474
0.8316150903701782
0.6716440916061401
0.8487423658370972
0.6596655249595642
0.551295280456543
0.5763296484947205
0.6925754547119141
0.9406458139419556
0.7602902054786682
0.8187479972839355
0.5463768839836121
0.539251446723938
0.7331272959709167
0.7666091918945312
0.6408511400222778
0.6342398524284363
0.6071553230285645
0.5330032110214233
0.40679866075515747
0.6027601957321167
0.7279431223869324
0.5312093496322632
0.8464147448539734
0.751180112361908
0.39171525835990906
0.4679858088493347
0.9968732595443726
0.43929585814476013
0.6755865216255188
0.3616708517074585
0.7804971933364868
0.7875138521194458
0.3983529210090637
0.8326320648193359
0.3616366982460022
0.6916813850402832
0.6654528379440308
0.9833217859268188
0.46992453932762146
0.5519808530807495
0.7044891119003296
0.5157486200332642
0.3881608843803406
0.7714999914169312
0.5804672241210938
0.5606705546379089
0.5701032876968384
1.1907844543457031
0.6055840253829956
0.5943496823310852
1.0003223419189453
0.5318209528923035
0.45667535066604614
0.37828508019447327
1.1251362562179565
1.130634069442749
0.6582683324813843
0.523472249507904
1.1134347915649414
0.47606831789016724
0.4698910713195801
0.42043012380599976
0.4992217421531677
0.8435436487197876
0.6426385045051575
0.6017951965332031
0.6761109828948975
0.46674737334251404
0.7187482714653015
0.6873775124549866
1.0788660049438477
1.0428550243377686
0.5191782712936401
1.5190478563308716
0.6795576214790344
0.6884007453918457
0.9751093983650208
0.5119801759719849
0.8895093202590942
0.7813653945922852
0.9824464917182922
0.5916168093681335
0.5175135731697083
0.42435258626937866
0.5725747346878052
1.0097167491912842
0.9010277986526489
0.7243191599845886
0.5217721462249756
0.8836961984634399
0.6857156157493591
0.5159779787063599
0.7003520131111145
0.737188458442688
1.384171485900879
