0.3345620632171631
0.43878182768821716
0.32432928681373596
0.3893321752548218
0.6392823457717896
0.4902220666408539
0.3373158276081085
0.5999287366867065
1.0169576406478882
0.5470340847969055
0.4942544996738434
0.5349310636520386
0.695443332195282
0.8935028314590454
0.561059296131134
0.45007166266441345
0.9300482869148254
0.38045734167099
0.4521007537841797
0.687628448009491
0.38875749707221985
0.5694249868392944
0.41636529564857483
0.23803380131721497
0.415290504693985
0.3898020386695862
0.6190758943557739
0.5302757024765015
0.7559125423431396
0.3928213119506836
0.15624350309371948
0.5697137713432312
0.6076100468635559
0.8057001233100891
0.8130435943603516
0.8805361986160278
0.3501768708229065
0.6128072738647461
0.45444369316101074
0.6749601364135742
0.6494137048721313
0.8720344305038452
0.6097778081893921
0.4236520826816559
0.22775903344154358
0.821247398853302
1.1591366529464722
0.7798827886581421
0.6192840337753296
0.5913130640983582
0.37434902787208557
0.623163104057312
0.5836861729621887
0.33344000577926636
0.37404006719589233
0.42803898453712463
0.4275585114955902
0.25877004861831665
0.32781684398651123
0.44546404480934143
1.3533343076705933
0.8038957715034485
0.8383682370185852
0.6070815920829773
0.5458161234855652
0.4320240020751953
0.5031248927116394
0.26574811339378357
0.46292704343795776
0.37037768959999084
0.4631308913230896
0.627784252166748
0.13097451627254486
0.6210763454437256
0.662960410118103
0.7062753438949585
0.7635606527328491
0.3656722605228424
0.3983905613422394
0.9006586074829102
0.29816383123397827
0.2376258373260498
0.43319129943847656
0.40042704343795776
0.4670947194099426
0.5682356357574463
0.7139208912849426
0.5014119148254395
0.5351005792617798
0.8602239489555359
0.6258913278579712
0.6426379680633545
0.39408549666404724
0.7128751873970032
0.7363598346710205
0.7093960046768188
0.5057773590087891
0.45857125520706177
0.6675483584403992
0.4111635088920593
0.4346853196620941
0.3872814476490021
0.4508171081542969
0.93250972032547
0.9770452380180359
0.603243350982666
0.7303788065910339
0.9111631512641907
0.6728196144104004
0.6517205238342285
0.3819097578525543
0.3872968852519989
0.46840715408325195
0.489365816116333
0.5382382273674011
0.4566262662410736
0.8013902902603149
0.4213036894798279
0.37601229548454285
0.6895524263381958
0.4487495422363281
0.5964607000350952
0.2926439642906189
0.6349665522575378
0.5194713473320007
0.5943869352340698
0.3830719292163849
0.4339386522769928
0.3050312399864197
0.3797004222869873
0.9676002264022827
0.4995655119419098
0.521298348903656
0.42418622970581055
0.7016401886940002
0.30441367626190186
0.4403190612792969
0.588300347328186
0.37301522493362427
0.7659854888916016
0.4927336275577545
0.6683806777000427
0.6509994864463806
0.6268671751022339
0.7589818835258484
0.47626572847366333
1.106777548789978
0.7819045186042786
0.3214607238769531
1.0091466903686523
1.0927200317382812
0.47695931792259216
0.6500860452651978
0.5818578004837036
1.0343786478042603
1.0998436212539673
0.45514926314353943
0.8393474817276001
0.4183817505836487
0.3712456226348877
0.5109978318214417
0.38453030586242676
0.3368528485298157
0.8443475961685181
0.40059351921081543
0.7924093008041382
0.8263683319091797
0.4235411584377289
0.7085427641868591
0.6540942192077637
0.6252368092536926
0.41167181730270386
0.8398296236991882
0.9013301134109497
0.5158030390739441
0.40125760436058044
0.39029988646507263
0.26560503244400024
0.31905966997146606
0.5184367895126343
0.6482940316200256
0.5743480324745178
0.6784932017326355
0.39454397559165955
0.39930957555770874
0.6839531064033508
0.3140859603881836
0.4967864453792572
0.5181368589401245
0.41693806648254395
0.25813859701156616
0.5762534737586975
0.5846209526062012
0.5075269341468811
0.6074745655059814
0.2392285317182541
0.3184526562690735
0.603244960308075
0.6784505844116211
0.4227963387966156
0.7825857400894165
0.38198521733283997
0.6315475702285767
0.12457921355962753
0.6209366917610168
0.45434433221817017
0.5205439925193787
0.44118279218673706
0.549572765827179
0.9975125193595886
0.4474417269229889
0.4062425494194031
0.5992091298103333
0.6429380178451538
0.34870487451553345
0.22232630848884583
0.2905499041080475
0.9241788983345032
0.8574278950691223
1.1982380151748657
0.22043469548225403
0.634509801864624
0.38986217975616455
0.3539404273033142
0.6203725934028625
0.5591748356819153
0.3384867310523987
0.2999569773674011
0.3881210684776306
0.29167065024375916
0.6361211538314819
0.231366366147995
1.3371375799179077
0.5544237494468689
0.26375722885131836
0.5269239544868469
0.5336740016937256
0.5905205607414246
0.5112510919570923
0.5680681467056274
0.5662505626678467
0.167099729180336
0.16876593232154846
0.3053073287010193
0.3017910122871399
0.7626373767852783
0.4963511526584625
0.7958613634109497
0.6702398061752319
0.7658464312553406
0.5807968974113464
0.6876822710037231
0.5338267087936401
0.6095892190933228
0.38695502281188965
0.5904054641723633
0.3077213764190674
0.6829206347465515
0.6105268597602844
0.4059291481971741
0.3761308193206787
0.4280824661254883
0.5432842969894409
0.7857874631881714
0.4658692479133606
0.8652841448783875
0.5110272169113159
0.32959821820259094
0.2585965692996979
0.38282984495162964
0.18034295737743378
0.6896117329597473
0.5986052751541138
0.7689661383628845
0.7028493881225586
0.3772818446159363
0.4759519696235657
0.41094040870666504
0.5497854948043823
0.6627569794654846
0.9281400442123413
0.5760506391525269
0.6070990562438965
0.47636789083480835
0.4773098826408386
0.43334460258483887
0.6043769717216492
0.6224696040153503
0.9865344762802124
0.3471798300743103
0.21835669875144958
0.5548707842826843
0.4801669120788574
1.4710661172866821
0.18757463991641998
0.361042320728302
0.605933666229248
0.6480242013931274
0.7053548097610474
0.4244120121002197
0.5295438766479492
0.4185712933540344
0.411832332611084
0.5601035356521606
0.5656388401985168
0.48565807938575745
0.41687291860580444
0.3692654073238373
0.531265377998352
0.4594711363315582
0.327181339263916
0.4525670111179352
0.44801321625709534
0.33623722195625305
0.19722190499305725
0.7707790732383728
0.6154645681381226
0.4068329930305481
0.3883054256439209
0.4419410824775696
0.5797609686851501
0.4899342656135559
0.47103404998779297
0.5267937779426575
0.4621315002441406
0.35956043004989624
0.40165549516677856
0.788441002368927
0.5655730366706848
0.6333479285240173
1.3964908123016357
0.6827636361122131
0.3778199255466461
0.7186274528503418
0.6070069074630737
0.28690919280052185
0.5257552266120911
0.7057576179504395
