1.059460997581482
0.5588486194610596
0.9420334100723267
0.7518213987350464
0.4624328017234802
0.5827239751815796
0.3592599034309387
1.270785927772522
0.6921596527099609
0.5508553981781006
0.7974815964698792
0.7101176381111145
0.5031373500823975
0.8555447459220886
0.6618699431419373
0.4356376528739929
0.2925102114677429
0.8471535444259644
0.4918793737888336
0.7705200910568237
0.6041491627693176
0.43760108947753906
0.5846899151802063
0.6779760122299194
0.5716082453727722
0.5633775591850281
0.2562522292137146
0.5429144501686096
0.5296795964241028
0.39066654443740845
0.526341438293457
0.4713214039802551
0.5581754446029663
0.4576988220214844
0.30391186475753784
0.22900739312171936
0.6125613451004028
0.43925824761390686
0.5429056286811829
0.4386805593967438
0.34209832549095154
0.6193873882293701
0.48786765336990356
0.31540924310684204
0.568263053894043
0.5118038058280945
0.7945992350578308
0.24534916877746582
0.3074619174003601
0.2676796317100525
0.32511666417121887
0.3700576424598694
0.36934423446655273
0.6028105616569519
0.4235435128211975
0.3653240501880646
0.5130618214607239
0.7693251371383667
0.36698564887046814
0.5092324018478394
0.7708302736282349
0.5548732876777649
0.5578659772872925
0.4626164436340332
0.6489249467849731
0.5088642835617065
0.8584690093994141
0.27129411697387695
0.28592216968536377
0.2336280792951584
0.49665528535842896
0.6692289710044861
0.7399237751960754
0.6371392011642456
0.3133693337440491
0.35305124521255493
1.4840514659881592
0.7420687675476074
1.1396400928497314
0.33567866683006287
0.3043655753135681
0.6518558263778687
0.39297476410865784
0.495934396982193
0.39121103286743164
0.33780938386917114
0.9757394790649414
0.5831709504127502
0.15891143679618835
0.24846291542053223
0.5300764441490173
0.517087459564209
0.40153735876083374
0.24568025767803192
0.3940791189670563
0.42238473892211914
0.6007548570632935
0.5264278650283813
0.4741155207157135
0.4581748843193054
0.5336505770683289
0.6515196561813354
0.6067845225334167
1.7615123987197876
0.5425636172294617
0.3513105809688568
0.48397698998451233
0.878169059753418
0.7181863784790039
0.24933841824531555
0.3728382885456085
0.43059125542640686
0.5645986795425415
0.6822119355201721
0.43120160698890686
0.4240376353263855
0.41941529512405396
0.393418550491333
0.45666614174842834
0.4239373803138733
1.1386210918426514
0.5872052907943726
0.15390360355377197
0.39559412002563477
0.15991194546222687
0.43094688653945923
0.7959668040275574
0.3866341710090637
1.1237355470657349
0.737154483795166
0.7226519584655762
0.5178176760673523
0.4665931761264801
0.3349103331565857
0.3849477171897888
0.25827667117118835
0.23824664950370789
0.6991621255874634
0.386037677526474
0.7740103602409363
0.445650190114975
0.32808294892311096
0.38266903162002563
0.5728055238723755
0.8896110653877258
0.5584903955459595
0.41650208830833435
0.6225853562355042
1.0309512615203857
0.46783480048179626
0.30208104848861694
1.1091084480285645
1.2359886169433594
0.5590453147888184
0.5916205644607544
0.43456020951271057
0.4695374071598053
0.2898562550544739
0.7003037333488464
0.5591555833816528
0.43809404969215393
0.5388571619987488
0.6322057247161865
0.8634458780288696
1.496938943862915
0.8184016346931458
0.7558889389038086
0.37422889471054077
0.3188632130622864
0.4595291018486023
0.609587550163269
0.5962287187576294
0.5417248606681824
0.650809645652771
0.43821173906326294
0.4862566590309143
0.38084107637405396
0.43374091386795044
0.15050239861011505
0.6528529524803162
0.5492235422134399
0.2444746047258377
0.3925932049751282
0.2923506498336792
0.6912919878959656
0.8089116215705872
0.5417710542678833
0.41675806045532227
0.344835102558136
0.5802748799324036
0.7779458165168762
0.23279166221618652
0.4361359477043152
0.3369998335838318
0.4463879466056824
0.2836402356624603
0.3254443109035492
0.4979165196418762
0.5096596479415894
0.363216757774353
0.4465915560722351
0.525621771812439
0.6263860464096069
0.5184367299079895
0.5482990145683289
0.3512860834598541
0.5392940640449524
0.8041923642158508
0.7636987566947937
0.2834406793117523
0.39626866579055786
0.4089353084564209
0.5032343864440918
0.4770345687866211
0.4270198345184326
0.3823094367980957
0.24061402678489685
0.5158588290214539
0.21996371448040009
0.24659588932991028
0.3560321033000946
0.6403881311416626
0.3936680257320404
0.44339972734451294
0.7360398173332214
0.30434662103652954
0.43386897444725037
0.4760558605194092
0.3328569531440735
0.5365602374076843
0.6559933423995972
0.5753971934318542
0.4427850842475891
0.7130516767501831
0.4402499198913574
0.4746006429195404
0.4013547897338867
0.4275156557559967
0.4203888773918152
0.3980802893638611
0.2672893702983856
0.38460102677345276
0.8252409100532532
0.3171886205673218
0.3724856972694397
0.4220089316368103
0.3953761160373688
0.806910514831543
0.3667803406715393
0.4900246262550354
0.38898521661758423
0.5502122640609741
0.36624452471733093
0.5936498045921326
0.573975682258606
0.6149411201477051
0.5596632957458496
0.699073076248169
0.38707661628723145
0.2778621017932892
0.8742855191230774
0.36740589141845703
0.15945926308631897
0.4639914929866791
0.4984506666660309
0.20571203529834747
0.800395131111145
0.44446372985839844
0.49929389357566833
0.5995979309082031
0.4519408643245697
0.5113135576248169
0.9006036520004272
1.045759916305542
0.5664180517196655
0.37079328298568726
0.7743029594421387
0.4674373269081116
0.5271860361099243
0.2374413013458252
0.23995999991893768
0.8623003959655762
0.45237112045288086
0.5748540759086609
1.0342655181884766
0.4947192072868347
0.5046443343162537
0.3675912618637085
0.7597605586051941
0.39474964141845703
0.9630910158157349
0.3330194354057312
0.9815923571586609
1.4075056314468384
0.8090803027153015
0.3480260968208313
0.9980800747871399
0.6072821617126465
0.4732334017753601
0.49546313285827637
0.47858744859695435
0.6161504983901978
0.3603266179561615
0.39188912510871887
0.5121835470199585
0.39964157342910767
0.7787109613418579
0.4353361129760742
0.7593247294425964
0.7486120462417603
1.2089674472808838
0.33778172731399536
0.30268001556396484
0.9000899195671082
0.26942044496536255
0.6593782305717468
0.461803138256073
0.28906363248825073
0.6482354402542114
0.34317898750305176
0.9597867727279663
0.4333001673221588
0.8959967494010925
0.5518122911453247
0.4536287784576416
0.6353026628494263
0.3202196955680847
0.371600478887558
0.399604469537735
0.5431619882583618
0.8917406797409058
0.289105087518692
0.756469190120697
0.2950589060783386
0.5762560963630676
0.31897398829460144
0.9145944714546204
0.2885318696498871
