0.32108548283576965
0.7073212265968323
0.4444964826107025
0.47528210282325745
0.37115323543548584
0.8126446604728699
0.4756409227848053
0.6536632180213928
0.777408242225647
0.7998183369636536
0.7280120849609375
0.38629552721977234
0.5430924296379089
0.7546085119247437
0.23212973773479462
0.3308022618293762
0.4847353994846344
0.34792932868003845
0.41355863213539124
0.4863053858280182
1.530128002166748
0.4531059265136719
0.368729829788208
0.6729682683944702
0.7976707220077515
0.4639974534511566
0.7530732154846191
0.33981072902679443
0.555097758769989
0.521157443523407
0.30912262201309204
0.5528925657272339
0.7376891374588013
0.6332579851150513
1.2005263566970825
0.48001980781555176
1.0347716808319092
0.4772365093231201
0.34680232405662537
0.38315874338150024
0.5289804339408875
0.5268355011940002
0.25407782196998596
0.8239893913269043
0.4818502366542816
0.42629948258399963
0.48476696014404297
0.336112916469574
0.45515888929367065
1.1331100463867188
0.21427014470100403
0.6159207224845886
1.2817373275756836
0.412436306476593
0.541999101638794
0.6972156763076782
0.36020296812057495
0.4696411192417145
0.30924224853515625
0.4980090260505676
0.6694804430007935
0.5783035159111023
0.4945606291294098
1.058852195739746
0.4122406542301178
0.7265595197677612
0.30448538064956665
0.44815167784690857
0.5954931378364563
0.6699044704437256
0.6445144414901733
0.7505344748497009
0.5408723950386047
0.696916937828064
0.6649325489997864
0.20036807656288147
0.6394922137260437
0.7411373257637024
0.45616063475608826
0.30957335233688354
0.4089570939540863
0.3100344240665436
0.6231892704963684
1.376291036605835
0.17169716954231262
0.6185314059257507
0.2888941168785095
1.2800166606903076
0.4066508412361145
0.47242069244384766
0.27388301491737366
0.32599177956581116
0.4191799759864807
0.40320834517478943
1.1926915645599365
0.7731360197067261
0.49157682061195374
0.49168795347213745
0.6074628233909607
0.4597232937812805
0.33858293294906616
0.2758243680000305
0.2411249428987503
0.4734833240509033
0.4243025779724121
0.9697030782699585
0.47937875986099243
0.4525696337223053
0.48659294843673706
0.4364663064479828
0.2636314034461975
0.5322929620742798
0.24923329055309296
0.21690449118614197
0.1788899451494217
0.5943726301193237
0.2188693732023239
0.4435237944126129
0.571153998374939
0.573428750038147
0.27004334330558777
0.8764573335647583
0.48511409759521484
0.6928249597549438
0.97637939453125
0.5709065198898315
0.5021244883537292
0.6831995248794556
1.2262458801269531
0.7013736963272095
0.3269774615764618
0.7796446681022644
0.47467365860939026
0.5069772601127625
0.43323785066604614
1.1314586400985718
0.29854896664619446
0.41457852721214294
0.4834405779838562
0.25380057096481323
0.5057884454727173
0.42768892645835876
0.5589398145675659
0.3983350992202759
0.711635947227478
0.580813467502594
1.1019370555877686
0.4338688850402832
0.4950644075870514
0.1963832676410675
0.5877466201782227
0.42046794295310974
0.4722982347011566
0.4642120897769928
0.38043925166130066
1.056191086769104
0.34251129627227783
0.38497984409332275
1.38948392868042
1.0669862031936646
0.3529564440250397
0.6244080662727356
0.7178913950920105
0.570501446723938
1.754631757736206
0.4896673262119293
0.2233109027147293
0.23899562656879425
0.44721895456314087
0.1998617798089981
0.41438382863998413
0.3314698338508606
0.37031495571136475
0.5206345319747925
1.1036638021469116
0.8826432228088379
0.3603070378303528
0.7335870862007141
0.5550001263618469
0.7227098345756531
0.6257415413856506
0.6860368847846985
0.3734660744667053
0.46150001883506775
0.4410489499568939
0.44688424468040466
0.3656262457370758
0.4939274191856384
0.4335905909538269
0.45038533210754395
0.5409161448478699
0.588955283164978
0.1928931027650833
1.0704129934310913
0.6545057892799377
0.4634030759334564
0.6906630992889404
0.8956430554389954
0.6645512580871582
0.17443743348121643
0.38197246193885803
0.3839128613471985
0.7379286885261536
0.36153826117515564
0.510008692741394
0.2958352565765381
0.40148305892944336
0.2795969843864441
0.7402666211128235
0.4889523386955261
0.7313570976257324
0.30624645948410034
0.389756977558136
0.321988970041275
0.4710133969783783
0.2506278455257416
0.23543667793273926
0.6303337812423706
0.43883538246154785
0.4578629434108734
0.5340523719787598
0.38536110520362854
0.43724536895751953
0.45841774344444275
0.40591222047805786
0.6463967561721802
0.6705738306045532
0.3243665099143982
0.7573026418685913
0.45568299293518066
0.30454689264297485
0.3468027114868164
0.22933094203472137
0.8825041055679321
0.45243293046951294
0.6493791937828064
0.5674512386322021
0.3426164984703064
0.580455482006073
0.5152207612991333
0.30636364221572876
1.1316097974777222
0.4659750461578369
0.2752748727798462
0.5481246709823608
0.6676433086395264
0.3696603775024414
0.5226680636405945
0.5438939332962036
0.483492910861969
0.8636142611503601
0.4814175069332123
0.4929594099521637
0.44326668977737427
0.8284519910812378
0.5860816240310669
0.47414708137512207
0.4492858052253723
0.6826080679893494
0.6239112615585327
0.8115230798721313
0.149250328540802
0.5822961926460266
0.6372275948524475
0.9168112874031067
0.5149668455123901
0.5025092363357544
0.13017258048057556
0.47536301612854004
0.8480132818222046
0.16432389616966248
0.7859956622123718
0.5727967023849487
0.665892481803894
0.41949573159217834
0.5925523042678833
0.6529356241226196
0.8007481694221497
0.845233142375946
0.28978556394577026
0.5695422291755676
0.4117862582206726
0.3752807378768921
0.8827883005142212
0.42651158571243286
0.35504627227783203
0.5213521122932434
0.7339274883270264
0.7411810159683228
0.21616165339946747
0.08964768797159195
0.7376018762588501
0.254248708486557
0.5674344897270203
0.2603967785835266
0.6566582918167114
0.6734634637832642
0.20121356844902039
0.3346971869468689
0.2530975937843323
0.43593651056289673
1.0113186836242676
0.5044295787811279
0.6878300905227661
0.8237687945365906
0.540220320224762
0.6524416208267212
0.9015463590621948
0.5681744813919067
0.6104148626327515
0.4593360424041748
0.5156742334365845
0.5445267558097839
0.816379725933075
0.18080124258995056
0.4127843379974365
0.6069909930229187
0.6573888063430786
0.2621024250984192
0.46178779006004333
0.4793913960456848
0.5609315633773804
0.5946469306945801
0.3593330383300781
0.3578946888446808
0.5644188523292542
1.2394919395446777
0.5360792875289917
0.5679457783699036
0.20435626804828644
0.26440149545669556
1.41135835647583
0.5878279805183411
0.1850144863128662
0.3925667405128479
0.3271739184856415
0.469508558511734
2.312937021255493
