0.442471981048584
0.6344823241233826
0.2833367884159088
0.2761015295982361
1.0184890031814575
0.34426349401474
0.42967718839645386
1.0627046823501587
0.3747781813144684
0.4550226330757141
0.4819818139076233
0.6838213205337524
0.9087703824043274
0.49172258377075195
0.6551936864852905
0.4225672781467438
0.32825082540512085
0.5060451030731201
0.45485156774520874
0.5065165758132935
0.6260771155357361
0.7167666554450989
0.691463828086853
0.6215256452560425
0.4365631937980652
0.6615628004074097
0.42668095231056213
0.7095450162887573
0.7424072027206421
0.3245387375354767
0.43120527267456055
0.47892895340919495
0.6261069774627686
0.5052748322486877
0.29648202657699585
0.23536424338817596
0.36588698625564575
0.5080578327178955
0.4370358884334564
0.5578014850616455
0.5256060361862183
0.51833575963974
0.3772681653499603
0.4638846516609192
0.662652850151062
0.47885942459106445
0.7088562250137329
0.3299717903137207
0.5103556513786316
0.8947477340698242
0.42637938261032104
0.4929932653903961
0.45164766907691956
0.5441945195198059
1.018946886062622
0.5291680097579956
0.4960673451423645
0.4696805477142334
0.23944973945617676
0.49890899658203125
0.27248477935791016
0.8293482065200806
0.6258246302604675
0.3929407596588135
0.22311730682849884
0.338994562625885
0.28163233399391174
0.6688193082809448
0.43299731612205505
0.3108759820461273
0.7178040146827698
0.38989952206611633
0.6387588977813721
0.880622386932373
0.5525931119918823
0.5521754026412964
0.23951324820518494
0.36847740411758423
0.7737612724304199
0.3808468282222748
0.4702475666999817
0.4607963562011719
0.4660741686820984
0.31013450026512146
0.3281453549861908
0.5246986150741577
0.2709975838661194
0.43478211760520935
0.38047513365745544
0.7190486788749695
0.5576850175857544
0.7211427092552185
0.42854946851730347
0.23296833038330078
0.2826601266860962
0.25627726316452026
1.3110746145248413
0.6058350205421448
0.66731196641922
0.3284837305545807
1.0660043954849243
0.3344882130622864
1.0194858312606812
0.40554189682006836
0.3052337169647217
0.5333874225616455
0.8623420596122742
0.3934268057346344
0.43275943398475647
0.6271985769271851
0.45183879137039185
0.46517476439476013
0.6723960638046265
0.7892286777496338
0.3267670273780823
0.36433249711990356
0.3414278030395508
0.5002132654190063
0.6246246099472046
0.3270740211009979
0.3818204998970032
0.5307482481002808
0.39449942111968994
0.8338053822517395
0.6418339014053345
0.4720391631126404
0.44082045555114746
0.5387895703315735
0.37314969301223755
0.8845871686935425
0.634689450263977
0.5760208964347839
0.19821466505527496
0.8991716504096985
0.36421212553977966
0.9085580706596375
0.387317419052124
0.555823028087616
0.2856180965900421
0.7758153080940247
0.5773093104362488
0.25829312205314636
0.42290982604026794
0.3823237419128418
0.18038466572761536
0.4373551309108734
0.5049381256103516
0.43075960874557495
0.33034396171569824
0.8099285364151001
0.858819842338562
0.4688552916049957
0.33915913105010986
0.31232795119285583
0.3738899827003479
0.6398469805717468
0.2907361388206482
0.45777010917663574
0.4958817958831787
0.4094526767730713
0.4316158890724182
1.3416383266448975
0.6370773315429688
0.6636931896209717
0.40384331345558167
0.2764606475830078
0.4476560950279236
0.4576590955257416
0.4479369521141052
1.2977659702301025
0.7680431604385376
0.5614397525787354
0.4442729353904724
0.4644806981086731
0.2506869435310364
0.6190768480300903
0.3543885052204132
0.3339031934738159
0.5669759511947632
0.7026476860046387
0.6301649808883667
0.33329933881759644
0.7572734355926514
1.067604422569275
0.5104079246520996
0.948800265789032
0.6496649980545044
0.5759148597717285
0.8578446507453918
0.7750540971755981
0.2821834683418274
0.8618911504745483
0.5056399703025818
0.3901051878929138
0.42918506264686584
0.4205625057220459
0.7974295020103455
0.34009915590286255
1.0118372440338135
0.2516383230686188
0.5612556338310242
0.7471833825111389
0.15876072645187378
0.4917725622653961
0.27477189898490906
0.4788176417350769
0.6544114351272583
0.4207375645637512
0.23234684765338898
0.4401255249977112
0.994566798210144
0.8368343114852905
0.5265854001045227
0.28261464834213257
0.3440466523170471
0.47657448053359985
0.6009045839309692
0.704852283000946
0.29960936307907104
0.21556147933006287
0.43569454550743103
0.4863339364528656
0.6769164800643921
0.2844794988632202
0.23492249846458435
0.2215011864900589
0.5619966387748718
0.30632609128952026
0.6251447200775146
0.3490796685218811
0.3672270178794861
0.5521643757820129
0.4642620086669922
0.3319723904132843
0.49287134408950806
0.44887295365333557
0.7872605323791504
0.5359230041503906
0.3487568795681
0.6182368993759155
0.33989423513412476
0.7021865844726562
0.6206687688827515
1.0835084915161133
0.40143877267837524
0.38373738527297974
0.7024261355400085
0.8808094263076782
0.25156527757644653
0.37872999906539917
0.4429796636104584
0.253028929233551
0.40775051712989807
0.9923585653305054
0.6206032633781433
0.19519931077957153
1.0506564378738403
0.45541125535964966
0.4399788975715637
0.3652072548866272
0.44093212485313416
0.7863847017288208
0.5051620006561279
0.5308744311332703
0.45162588357925415
0.3319137990474701
0.24428264796733856
0.8600965738296509
0.6562002897262573
0.6090565919876099
0.2992238402366638
0.43546000123023987
0.44853392243385315
0.540957510471344
0.268435001373291
0.36573326587677
0.5834341049194336
0.4082622528076172
0.544117271900177
0.6360140442848206
0.4114086627960205
0.36983048915863037
0.9142804145812988
0.35963982343673706
0.7529407739639282
0.6015924215316772
0.5728278756141663
0.5302214622497559
0.5528863668441772
0.7479267120361328
0.3526400923728943
0.5918868780136108
0.26327061653137207
0.3823879361152649
0.5880181789398193
0.3374879062175751
0.39854681491851807
0.738344669342041
0.7155860662460327
0.5424233675003052
0.20825333893299103
0.5837655067443848
0.5031852722167969
0.5180419683456421
1.1637184619903564
0.6591336131095886
0.5307884216308594
0.41919708251953125
0.5984330773353577
0.7983522415161133
0.404291570186615
0.5361443758010864
0.9719524383544922
0.3562007546424866
0.8347557187080383
0.5376989245414734
0.6053970456123352
0.35661664605140686
0.16845615208148956
0.25334492325782776
0.34142032265663147
0.5699073076248169
0.3036648631095886
0.42622098326683044
0.3566269278526306
0.22265413403511047
0.4936038851737976
0.5576702952384949
0.8606281280517578
0.3011404871940613
0.5909665822982788
0.38260766863822937
0.7461897730827332
0.9770368337631226
0.7036276459693909
0.4622613787651062
0.5733113288879395
1.0864806175231934
