0.4760410785675049
0.4964326322078705
0.27131086587905884
0.5253301858901978
0.36155614256858826
0.5851990580558777
0.38980117440223694
0.4169907569885254
0.292616605758667
0.4845631718635559
0.8431184887886047
0.3743065893650055
0.48603591322898865
0.7296016812324524
0.6902915239334106
0.771501898765564
0.5935028791427612
1.3257695436477661
0.7376207709312439
0.34475475549697876
0.3880482614040375
0.5509246587753296
0.6043968796730042
0.4342486262321472
0.5248882174491882
0.323734313249588
0.4232912063598633
0.8046706914901733
0.531220555305481
0.13763514161109924
0.6233413815498352
0.6376597285270691
0.6785398721694946
0.410128653049469
0.9414386749267578
0.39173418283462524
0.29250431060791016
0.6138913035392761
0.7123107314109802
0.38362425565719604
0.33982211351394653
0.7030082941055298
0.41072240471839905
0.37278419733047485
0.6942733526229858
0.7444631457328796
0.8948206901550293
0.7715235352516174
0.7940105199813843
1.2232519388198853
0.3519998788833618
0.8347731828689575
0.6491377949714661
0.33714011311531067
0.3536328673362732
0.4509722590446472
0.48639869689941406
0.5224137306213379
0.474954754114151
0.5191554427146912
0.9280421137809753
0.46019038558006287
0.7828923463821411
0.5626810789108276
0.5042840838432312
0.4033755362033844
0.7785264849662781
0.30873289704322815
0.7127320766448975
0.6460645794868469
0.4568297863006592
0.46633443236351013
0.6959692239761353
0.5298967957496643
0.22098183631896973
0.6399686932563782
0.2757680118083954
0.7687610387802124
1.0093244314193726
0.651323676109314
0.2550770342350006
0.31860238313674927
0.4009242057800293
0.5207529067993164
0.4554831087589264
0.48377639055252075
0.4175899922847748
0.9415103793144226
0.33380255103111267
0.3435688018798828
0.292631059885025
0.3559390902519226
0.5149723887443542
0.6145350337028503
0.7572053670883179
0.6172498464584351
0.7769535779953003
0.3220134377479553
1.0098745822906494
0.4610101580619812
0.5226778388023376
0.3373236060142517
0.8209303617477417
0.6803492307662964
0.5385870933532715
0.760873019695282
0.40787798166275024
0.43408268690109253
0.3466607630252838
0.5814225673675537
0.3283913731575012
0.8474180102348328
0.323920875787735
1.2318928241729736
0.44988590478897095
0.663196325302124
0.3717053532600403
0.4877068102359772
0.3717586398124695
0.3827483057975769
0.528612494468689
0.2554764449596405
0.8007837533950806
0.4633338451385498
0.4389168322086334
0.7970772981643677
0.7319921255111694
0.5864030718803406
0.7993125915527344
0.6002854704856873
0.6764455437660217
0.35418468713760376
1.0741599798202515
0.44752568006515503
0.3423299491405487
0.6529432535171509
0.6419151425361633
0.34798622131347656
0.4927038252353668
0.5186008214950562
0.6001678705215454
0.3010014295578003
0.18039608001708984
0.4533771574497223
0.45516377687454224
0.5460124611854553
0.37969914078712463
0.40638428926467896
0.4714451730251312
0.646975040435791
0.38703030347824097
0.5334467887878418
0.3142349123954773
0.3972585201263428
0.7248281240463257
0.39444106817245483
0.7225858569145203
1.1154825687408447
0.33389005064964294
0.6369033455848694
0.37658169865608215
0.35281825065612793
1.2268221378326416
0.16552169620990753
0.39842599630355835
0.3690972328186035
0.4734683036804199
0.7012087106704712
0.27392441034317017
0.9174765348434448
1.0624569654464722
0.7151148319244385
0.3228086233139038
0.47643622756004333
0.9769678115844727
0.7110985517501831
0.3310287594795227
0.5967508554458618
0.8349730372428894
0.4623965322971344
0.5895692706108093
0.240168958902359
0.5250310301780701
0.4564915597438812
0.22322702407836914
0.35167115926742554
0.4438115060329437
0.28520458936691284
0.8456932306289673
0.404336541891098
0.5635037422180176
0.340365469455719
0.6514639854431152
0.23320651054382324
0.5547612309455872
0.7068504691123962
0.4889117181301117
0.681167483329773
0.804339587688446
0.32454928755760193
0.9272465705871582
0.4515419900417328
0.5912783741950989
0.5383033752441406
0.8538544774055481
0.5809372067451477
0.30362552404403687
0.42790594696998596
0.6402897238731384
0.7641791105270386
0.7207366228103638
0.5425041913986206
0.5944721698760986
0.331290066242218
0.41582995653152466
0.5650835037231445
0.2671789526939392
0.45443668961524963
0.7737075090408325
0.5205207467079163
0.4252190589904785
0.40690430998802185
0.7132026553153992
0.689350962638855
0.41831541061401367
0.14220064878463745
0.22513523697853088
0.8452842831611633
0.3741721510887146
0.7477579712867737
0.6672096252441406
0.9222480058670044
0.4651927947998047
0.562890350818634
0.8234752416610718
0.3029620349407196
0.6358247995376587
0.40084630250930786
0.5376864671707153
0.7578951716423035
0.5584041476249695
0.5638030171394348
1.6714340448379517
0.37557634711265564
0.5557694435119629
0.6561511754989624
0.4795691967010498
0.5007680654525757
0.7472771406173706
0.510976254940033
0.34164881706237793
0.6456124782562256
0.43348202109336853
0.5237535834312439
0.4427066743373871
0.6792522668838501
0.3286571502685547
0.8237700462341309
0.3152875006198883
0.7995904684066772
0.8796272277832031
0.4685783386230469
0.7827651500701904
0.4687708020210266
0.43905574083328247
0.3489517271518707
0.5851261019706726
0.6924796104431152
0.6020984649658203
0.6533521413803101
0.4616897702217102
0.40823450684547424
1.0452220439910889
0.9569154977798462
0.6624647974967957
0.6783259510993958
0.45414239168167114
0.3811119496822357
0.8330489993095398
0.28393298387527466
0.35638126730918884
1.3414220809936523
0.27239546179771423
0.6703518033027649
0.3214007019996643
0.3492699861526489
0.7581767439842224
1.1750987768173218
0.3335360586643219
0.25886446237564087
0.34265679121017456
1.5243749618530273
0.4965670704841614
0.3971930146217346
0.8451126217842102
1.0174357891082764
0.4216099679470062
0.25711917877197266
0.45930346846580505
0.2489512413740158
0.6621646881103516
0.5799909830093384
0.461320161819458
0.6340904235839844
0.6541950702667236
0.36217546463012695
0.5173052549362183
0.5602502822875977
0.2907736301422119
0.7975075840950012
0.6061111688613892
0.3903326392173767
0.43571168184280396
0.27140212059020996
0.23526355624198914
0.3751257061958313
0.5722595453262329
0.4096563458442688
0.3102925419807434
0.4901120066642761
0.30712103843688965
0.8078902959823608
0.9335964918136597
0.4872245788574219
0.4597397744655609
0.6699904203414917
0.47970613837242126
0.44508227705955505
0.6344112157821655
0.9085529446601868
0.7194758057594299
0.810533881187439
0.9556511044502258
0.659061074256897
0.3566226661205292
0.2552875876426697
0.38998472690582275
0.18685315549373627
