0.23219594359397888
0.768932044506073
0.9007611274719238
0.2612854838371277
0.36406758427619934
0.36983513832092285
0.4573124051094055
0.3519454598426819
0.44665199518203735
0.5284156203269958
0.8418163061141968
0.286529004573822
1.104557991027832
0.44730639457702637
0.29840201139450073
0.3376389145851135
0.4625595211982727
0.45764103531837463
0.3861129879951477
0.5205975770950317
0.8437660932540894
0.45047321915626526
0.49933701753616333
0.45835837721824646
0.5170083045959473
0.5622194409370422
0.7681221961975098
0.7607158422470093
0.4125572144985199
0.33011868596076965
0.4290880262851715
0.63444983959198
0.44924554228782654
0.33173736929893494
0.42456546425819397
0.27157580852508545
0.4014970362186432
0.937760055065155
0.4908920228481293
0.5607384443283081
0.3035457730293274
0.5158065557479858
0.39952895045280457
0.2088967263698578
0.39316752552986145
0.5053690075874329
0.47148385643959045
0.3435441851615906
0.46014341711997986
0.4394955635070801
0.5782132744789124
0.7721832990646362
0.8377124667167664
0.35663577914237976
1.1169939041137695
0.6816282868385315
0.41097697615623474
0.600556492805481
0.3554232120513916
0.353238046169281
0.24952641129493713
0.4347805082798004
0.3526003062725067
0.47794240713119507
0.5119261145591736
0.2801784574985504
0.24966982007026672
0.2959931492805481
0.4210503101348877
0.6039968729019165
1.0305265188217163
0.37492209672927856
0.7170113325119019
0.8233879804611206
0.7322055101394653
0.6257501840591431
0.4614097476005554
0.4943665564060211
0.5520297288894653
0.5615452527999878
0.6904062032699585
0.5524760484695435
0.5027958750724792
0.5117378830909729
0.5347274541854858
0.5172003507614136
0.38641685247421265
0.8221474885940552
0.38081902265548706
0.584972083568573
0.5383903980255127
0.27746349573135376
0.47985538840293884
0.3419366478919983
0.9729076623916626
0.26779821515083313
0.3429505228996277
0.5098250508308411
0.43035992980003357
0.7021200060844421
0.5566301941871643
0.3028274178504944
0.6758769154548645
0.8562532663345337
1.0402714014053345
0.44959717988967896
0.4530962407588959
0.35161277651786804
0.4734271466732025
0.13418832421302795
0.4960513114929199
0.5481913685798645
0.708526611328125
0.2613126337528229
0.5135263800621033
0.5447441935539246
0.7483487725257874
0.4710516333580017
0.18835671246051788
0.3518839478492737
0.30792027711868286
0.8366220593452454
0.8820759057998657
0.8380653262138367
0.727537214756012
0.2605610489845276
0.2807352542877197
0.5440564155578613
0.660750150680542
0.34893906116485596
0.9039883613586426
0.22217102348804474
0.49002188444137573
0.7519779205322266
0.5687377452850342
0.56810462474823
0.70164555311203
0.9164844751358032
0.36566871404647827
0.3601660430431366
0.6966525316238403
1.0588725805282593
0.4764096736907959
0.5915010571479797
0.3750978112220764
0.8001660108566284
1.0021755695343018
0.7467628717422485
0.19601117074489594
1.269289255142212
0.5724547505378723
0.37481406331062317
0.6814619302749634
0.5121323466300964
0.6716455221176147
0.17699465155601501
0.34210777282714844
0.24626655876636505
0.6572994589805603
0.6866065859794617
0.4982186257839203
0.34318414330482483
0.42196112871170044
0.7971461415290833
0.6701394319534302
0.4739895462989807
0.2935044765472412
0.21862706542015076
0.2840575575828552
0.6985275149345398
0.20333293080329895
0.41547688841819763
0.546457052230835
0.6241434216499329
0.41132575273513794
0.5332818031311035
0.42715921998023987
0.5644446611404419
0.453064501285553
0.2798672020435333
0.7448590993881226
0.4689496159553528
0.525694727897644
0.3988417088985443
0.5713580846786499
0.7105928659439087
0.31956344842910767
0.26328861713409424
0.6732888221740723
0.38947051763534546
0.6777786016464233
1.0045188665390015
0.3959302306175232
0.541671633720398
0.4095364511013031
0.4594007432460785
0.4808713495731354
0.7237246036529541
1.0681159496307373
0.2680753171443939
0.4053523540496826
0.34731489419937134
0.30087050795555115
0.2898581027984619
0.4970782399177551
0.48462948203086853
0.4515330195426941
0.4404527544975281
0.47706717252731323
0.4078555703163147
0.5786520838737488
0.4833122193813324
0.25902724266052246
0.570898711681366
1.0116236209869385
0.9415574073791504
1.1080853939056396
0.35922321677207947
0.6846097707748413
0.4602445960044861
1.0703370571136475
0.36602357029914856
0.46220484375953674
0.2019667625427246
0.47209280729293823
0.20209407806396484
0.5119982957839966
0.4438590109348297
0.5463930368423462
0.6188743114471436
0.2633378505706787
0.21507449448108673
0.4911336302757263
0.534429669380188
0.844704270362854
0.4325634837150574
0.4464232325553894
0.9164025187492371
0.5241950750350952
0.6388474106788635
0.8004248738288879
0.5002937316894531
0.28019455075263977
0.4784410893917084
0.5045807957649231
1.388728380203247
0.502396285533905
0.46204251050949097
0.7526418566703796
0.47971758246421814
0.5513745546340942
0.4012112617492676
0.49583935737609863
0.9797120094299316
0.16163404285907745
0.5537935495376587
0.43988579511642456
0.5141615271568298
0.5670648217201233
0.4621848165988922
0.6696556806564331
0.5600618720054626
0.3525153696537018
0.49976620078086853
0.8284069299697876
0.4220699369907379
0.6181106567382812
0.48220816254615784
0.2584535479545593
0.47678232192993164
0.20974445343017578
0.6056706309318542
0.5061451196670532
0.47854533791542053
0.28370267152786255
0.7379467487335205
0.349857896566391
0.7136917114257812
0.7257031202316284
0.4173116087913513
0.16502991318702698
0.8022682070732117
0.2956012189388275
0.3385130763053894
0.5791704654693604
0.7465559244155884
0.6658462285995483
0.5246847867965698
0.4625219404697418
0.6504291296005249
0.2803717851638794
0.44674578309059143
0.45324283838272095
0.8337134122848511
0.3592427372932434
1.3485122919082642
0.5556484460830688
0.4542918801307678
0.7936846613883972
0.7289354801177979
0.4449999928474426
0.6892147660255432
0.32635772228240967
0.3528127670288086
0.5185501575469971
0.29874953627586365
0.41511815786361694
0.2568671405315399
0.6782850623130798
0.5147978663444519
0.7749488949775696
0.8246191143989563
1.1245461702346802
0.3023524880409241
0.5738612413406372
0.4871811866760254
0.2692910134792328
0.45798665285110474
0.8794940114021301
0.6359421610832214
0.7193400263786316
0.4004596769809723
0.48612791299819946
0.6496151685714722
0.4942459166049957
0.32093319296836853
0.5784040093421936
0.40615010261535645
0.8835698962211609
0.9338299632072449
0.616275429725647
0.37101060152053833
0.5718561410903931
0.8186116218566895
0.5371371507644653
0.5906201601028442
0.47655946016311646
0.7378795742988586
