0.2267378568649292
0.8408147692680359
0.8429048657417297
0.5646528601646423
0.3923094570636749
0.36460810899734497
0.427071750164032
0.6932836771011353
0.9421541094779968
0.36807408928871155
0.7005881071090698
0.9136596918106079
0.44536080956459045
0.29735177755355835
0.27259761095046997
0.40370503067970276
0.5760926604270935
0.9574213027954102
0.3745812177658081
0.20449499785900116
0.2876054644584656
0.5256320834159851
0.7944350242614746
0.3130212128162384
0.7323273420333862
0.3384714722633362
0.5271719098091125
0.9886318445205688
0.5915688872337341
0.49416691064834595
0.33733367919921875
0.405271053314209
0.8843168020248413
0.8326816558837891
0.5128585696220398
0.47249436378479004
0.47443968057632446
0.3910512328147888
0.5955721139907837
0.43052738904953003
0.5864094495773315
0.3832814693450928
0.3969048261642456
0.46776875853538513
0.5745500326156616
0.6089144945144653
0.5355430841445923
0.5670003890991211
1.13070809841156
0.6918777823448181
0.9672244191169739
0.19609880447387695
0.8314976692199707
0.8022201657295227
0.6468774080276489
0.8300384283065796
0.5634801983833313
0.6051679849624634
0.6123571991920471
0.4632797837257385
0.48348069190979004
0.3473964333534241
1.061963677406311
0.8373764157295227
0.2173568457365036
0.35311347246170044
0.4368770718574524
0.2474716603755951
0.5626403093338013
1.0586456060409546
0.44685062766075134
0.38540610671043396
0.6791843175888062
0.7914234399795532
0.35627642273902893
0.3792729377746582
0.37746772170066833
0.4366988241672516
0.5290592908859253
0.9084490537643433
0.24970383942127228
0.6692098379135132
0.6454659104347229
0.5788882374763489
0.566791832447052
0.7450651526451111
0.27254265546798706
0.4585992395877838
0.6958321928977966
0.614418089389801
0.487689733505249
0.22281427681446075
0.8736974000930786
1.045789361000061
0.7377287149429321
0.5782407522201538
0.7429893016815186
0.2700924873352051
0.13824114203453064
0.37745827436447144
0.6703885793685913
0.3757933974266052
0.9043371081352234
0.8744720220565796
0.48596811294555664
0.46341198682785034
0.681437611579895
0.30222123861312866
0.9170979261398315
0.5141992568969727
0.44837990403175354
0.3128938674926758
0.3599945604801178
0.7830547094345093
0.338266521692276
0.24995696544647217
1.0657756328582764
0.46653565764427185
0.5906040072441101
0.6456090807914734
1.1033437252044678
1.0703364610671997
0.6941314935684204
0.4845093786716461
1.0341956615447998
0.6366339325904846
0.4651048183441162
0.2351064682006836
0.7141631841659546
0.5920181274414062
0.3215499520301819
0.9247665405273438
0.5791322588920593
0.5322042107582092
0.6271408796310425
0.4269026815891266
0.32320913672447205
0.9262765645980835
0.4943658411502838
0.26775115728378296
0.5030642747879028
0.30232611298561096
0.4965056777000427
0.6556389331817627
0.6380943059921265
0.8558070063591003
0.386038601398468
0.6651861071586609
0.5454039573669434
0.7695100903511047
0.4776407778263092
0.7596341967582703
0.5884977579116821
0.23315906524658203
0.3043278455734253
0.4412180483341217
0.486079603433609
0.5000665783882141
0.6069773435592651
0.8023042678833008
1.0135900974273682
0.4543467164039612
0.6001065373420715
0.5344674587249756
0.41278570890426636
0.4419979453086853
0.4914347529411316
0.6674991250038147
0.3817850649356842
0.39346376061439514
0.44402608275413513
0.36698776483535767
0.35010188817977905
0.6951566934585571
0.7286643981933594
0.5486959218978882
0.691893458366394
0.5751518607139587
0.31167978048324585
0.1651456207036972
0.4759654104709625
0.2563111186027527
0.12165862321853638
0.6142884492874146
0.94599848985672
0.7764157652854919
0.5795464515686035
0.8235594034194946
0.46427327394485474
0.25930994749069214
0.36609017848968506
0.4869067072868347
0.8598217964172363
0.35482126474380493
0.6917663216590881
0.38251733779907227
0.8593176007270813
0.5477119088172913
0.23349511623382568
0.47046828269958496
0.42630118131637573
0.776158332824707
0.3662366271018982
0.4361588954925537
0.8765271902084351
0.5179812908172607
0.20104292035102844
0.39409852027893066
0.8154220581054688
0.8121646642684937
0.4667614996433258
0.49959415197372437
0.3805130124092102
0.4130951762199402
1.1494146585464478
0.8248254060745239
0.6416720151901245
0.6595054864883423
0.847705066204071
0.7777335047721863
0.6568421125411987
0.5564783811569214
0.3959217965602875
0.4226764738559723
0.685306191444397
0.39367780089378357
0.6404528021812439
0.3035247325897217
0.9739998579025269
0.49052315950393677
1.3508435487747192
0.6842968463897705
0.6838932633399963
0.2618652880191803
1.0889158248901367
1.140131950378418
0.29361674189567566
0.45184096693992615
0.34837204217910767
1.648029088973999
0.47750863432884216
0.5572552680969238
0.8246430158615112
0.4572063386440277
0.441642701625824
0.4516666531562805
0.4463875889778137
0.3568890690803528
0.6177943348884583
0.7480865716934204
0.36805039644241333
0.8772783279418945
0.4008486866950989
0.2613528072834015
0.4726608395576477
0.43411198258399963
0.3400115966796875
0.29740971326828003
0.4423028826713562
1.0920579433441162
1.3813095092773438
0.2786170244216919
0.7310420274734497
0.5541045069694519
0.3333997428417206
0.45316046476364136
0.6474963426589966
0.41410350799560547
0.35347095131874084
0.6533927917480469
0.4116286337375641
0.3972485363483429
0.653523862361908
0.5593532919883728
0.40868425369262695
0.5099952816963196
0.905052661895752
0.3480818569660187
0.4574147164821625
0.5541342496871948
0.4860917031764984
0.6104635000228882
0.4345770478248596
0.2856298089027405
0.4802161753177643
0.701888382434845
0.4366774559020996
0.7164272665977478
0.6034585237503052
0.5367817878723145
0.35148629546165466
0.5548321604728699
0.5383005142211914
0.4791610836982727
0.3711121678352356
0.46073228120803833
0.13758589327335358
0.49092721939086914
0.2722249925136566
0.6757041811943054
0.6075078248977661
0.3415168821811676
0.574688732624054
0.4555940628051758
0.4281925559043884
0.5746030807495117
0.48144739866256714
0.5224118828773499
0.5686453580856323
0.44071894884109497
0.7087868452072144
1.0935990810394287
0.2630128860473633
0.676409900188446
0.49854421615600586
0.5620928406715393
0.5559493899345398
0.45085400342941284
0.7911604046821594
0.7383109331130981
0.46141472458839417
0.7295421361923218
0.2280993014574051
0.8082566261291504
0.3710319399833679
0.2924821972846985
0.7869768142700195
0.9360977411270142
0.33717823028564453
0.5518107414245605
0.28284716606140137
0.6322683095932007
0.38910865783691406
0.67766273021698
0.2680667042732239
0.4786669611930847
0.35274896025657654
0.860614001750946
