0.691700279712677
0.49298229813575745
0.8714884519577026
0.432331383228302
0.15322190523147583
0.4548637270927429
0.6430965662002563
1.0137265920639038
0.38417571783065796
0.6397121548652649
0.3261752128601074
0.3188524842262268
0.6149083971977234
0.5973963737487793
0.48843511939048767
0.8264937400817871
0.4525618553161621
0.4993343949317932
0.7239737510681152
0.5946305394172668
1.4041818380355835
0.33373379707336426
0.24166622757911682
0.23874279856681824
0.16565026342868805
0.6799077391624451
0.55660080909729
0.5703138709068298
0.7921333909034729
0.5056771636009216
0.44801291823387146
0.40391358733177185
0.4172635078430176
0.556351900100708
0.5927696824073792
0.6531727910041809
0.20630629360675812
0.4465881884098053
0.4700530469417572
0.4670136868953705
0.6005145907402039
0.25364869832992554
0.37406429648399353
0.46706876158714294
0.5179926156997681
0.4349549412727356
0.45371565222740173
0.640041708946228
0.7261644601821899
1.330438256263733
0.5632792115211487
0.9755748510360718
0.38563108444213867
1.2126741409301758
0.2742930054664612
0.8382431864738464
0.42170968651771545
0.9161233901977539
0.6318156123161316
0.3276597857475281
0.33708518743515015
0.3507801294326782
0.46529293060302734
0.3316427767276764
0.5037428140640259
0.9634111523628235
0.527286171913147
0.6307451725006104
0.638898491859436
0.20165181159973145
0.2707766890525818
0.684777557849884
0.4788583815097809
0.22529324889183044
1.4826183319091797
0.7566683888435364
0.37864524126052856
0.30134788155555725
0.9088370203971863
0.7830004692077637
0.45214909315109253
0.42248374223709106
0.6627632975578308
0.2880202829837799
1.4568555355072021
0.3812265992164612
0.49255189299583435
0.3601258397102356
0.3773685097694397
0.492290198802948
0.5162318348884583
0.5608271360397339
1.193734884262085
1.0404713153839111
0.26128730177879333
0.37904733419418335
0.5465060472488403
0.740869402885437
0.27329549193382263
0.15233713388442993
0.3110799789428711
0.7408307790756226
0.40331774950027466
0.37882938981056213
0.3857994079589844
0.7808281183242798
1.0586453676223755
0.45898333191871643
0.6593929529190063
0.29197531938552856
0.4102804660797119
0.7540508508682251
0.7986024022102356
0.4680597186088562
0.2626183331012726
0.5352123379707336
0.9577641487121582
0.7542755603790283
0.71829754114151
0.49714890122413635
0.7359730005264282
0.23219990730285645
0.646537184715271
0.7009336948394775
0.7501398324966431
0.7833921313285828
0.8081396818161011
0.42258524894714355
0.5198888778686523
0.4465385377407074
0.45783576369285583
0.6647384762763977
0.42218342423439026
0.6049946546554565
0.44651174545288086
0.2984239161014557
0.4850648045539856
0.30796390771865845
0.6407524943351746
0.6161800622940063
0.27945780754089355
0.3836878836154938
0.4499637186527252
0.4821847379207611
0.5844734907150269
0.5560815930366516
0.3684091567993164
0.7103692889213562
0.24907836318016052
0.4280650019645691
0.2596951425075531
1.5405839681625366
0.2176162302494049
0.6704017519950867
0.6309671401977539
0.8606550097465515
0.2537827491760254
0.4215185046195984
0.5659383535385132
0.8958638310432434
0.45893627405166626
0.3471367359161377
0.3313496708869934
0.8449638485908508
0.3431357741355896
0.4954097270965576
0.30386167764663696
0.4768145680427551
0.1895148903131485
1.0073972940444946
0.6730201840400696
0.2894282042980194
0.4850981831550598
0.6981486082077026
0.6535021066665649
0.6132493019104004
1.0426483154296875
0.6662777662277222
0.33316269516944885
0.5813241600990295
0.5294791460037231
0.3573106825351715
0.5507873892784119
0.6116108894348145
0.5324398279190063
0.5104930996894836
0.6314888000488281
0.597039520740509
0.3093978762626648
0.6052462458610535
0.4675617218017578
0.4763735830783844
0.39870285987854004
0.7103737592697144
0.32215043902397156
0.4781877100467682
0.9668981432914734
0.43115076422691345
0.2817849814891815
0.5912765860557556
0.5607503056526184
0.924172580242157
0.8258388638496399
0.2566925287246704
0.8037319183349609
0.6584067940711975
1.0991971492767334
0.5511265993118286
0.7439767122268677
0.4633449614048004
0.37275996804237366
0.38935843110084534
0.897541344165802
0.48152828216552734
0.35342511534690857
0.3565797805786133
0.25262609124183655
0.3861561119556427
0.36530429124832153
0.5511524677276611
0.17880676686763763
0.6971973180770874
0.3348219394683838
0.6295920610427856
0.36419421434402466
0.5973851084709167
0.42126941680908203
0.5584760904312134
0.653403639793396
0.3811330795288086
0.3045507073402405
1.1574788093566895
0.3720443844795227
0.6026129722595215
0.9152889251708984
0.3800102770328522
1.4429619312286377
0.34535789489746094
0.3429127335548401
0.53541499376297
0.4057193696498871
0.6419060230255127
0.2879379093647003
0.5435515642166138
0.3758288621902466
0.7469433546066284
0.3974657356739044
0.44095009565353394
0.4391627907752991
0.3508419394493103
0.4534183442592621
0.36799439787864685
0.565518319606781
0.42805805802345276
0.3245820105075836
0.6878064274787903
0.549917995929718
1.0258595943450928
0.7553366422653198
0.5920926332473755
0.3970482349395752
0.27620822191238403
0.20822903513908386
0.9289343953132629
0.532416820526123
0.9058281779289246
0.30505475401878357
0.5361186265945435
0.6104191541671753
0.5577680468559265
0.3773048520088196
0.46990686655044556
0.3429144024848938
0.5011411309242249
0.5679438710212708
0.4177168905735016
0.41515836119651794
0.30698952078819275
0.36687201261520386
0.4317384362220764
0.3574298322200775
0.8939805030822754
0.4836600720882416
0.39714622497558594
0.2825942635536194
0.4930484890937805
0.7866266369819641
0.34423744678497314
0.5169459581375122
0.5272130370140076
0.43606576323509216
0.9845181703567505
0.5267652273178101
0.3113723695278168
0.4876842498779297
0.6785582304000854
0.2782573103904724
0.5066685676574707
0.7244178056716919
0.542742908000946
0.3890121579170227
0.44044607877731323
0.7263122797012329
0.9633001089096069
0.5930511951446533
0.41347771883010864
0.42170363664627075
0.23078592121601105
0.6786316633224487
0.4668501913547516
0.27804961800575256
0.39964231848716736
0.32065945863723755
0.5462336540222168
0.4761137068271637
0.7279667258262634
0.3359842896461487
0.5029301643371582
1.0420737266540527
0.6116418838500977
0.6920682191848755
0.9082921147346497
0.3554232716560364
0.8361881375312805
0.2692738175392151
0.9220272302627563
0.42944732308387756
0.5116106271743774
0.4618551731109619
0.3585206866264343
0.5132891535758972
0.7968491315841675
0.20478740334510803
0.7379838228225708
0.4826604723930359
0.36106395721435547
0.43495216965675354
2.1508166790008545
