0.7479750514030457
0.21578040719032288
0.1316942423582077
0.2366381585597992
0.32885944843292236
0.4218460023403168
0.1992715746164322
0.8950501680374146
0.5583934783935547
0.3318999707698822
0.5519061088562012
0.5505853891372681
0.19467946887016296
1.033160924911499
0.5472138524055481
0.43536487221717834
0.8001923561096191
0.2857580780982971
0.5875218510627747
0.5144150257110596
0.517262876033783
0.21963104605674744
0.5649210214614868
0.3902773857116699
0.23899726569652557
0.47230157256126404
0.522183358669281
0.6300981640815735
0.563301682472229
0.37164536118507385
0.5719723701477051
0.46697258949279785
0.806005597114563
1.02036452293396
0.8517799377441406
0.7717268466949463
0.2683281898498535
0.47905483841896057
0.6921293139457703
0.5034815073013306
0.3499283492565155
0.4452793002128601
0.44996172189712524
0.7446339726448059
0.7455402612686157
0.5931823253631592
0.2890681326389313
1.9502109289169312
0.7480533719062805
0.5865908861160278
0.2727152407169342
0.6176482439041138
0.7933717370033264
0.36416447162628174
1.0581717491149902
0.9329277276992798
0.9084646105766296
0.4975929260253906
0.7624276876449585
0.37614625692367554
0.7160049080848694
0.8953396081924438
0.30183959007263184
0.3206383287906647
0.7274962663650513
0.5452731847763062
0.6141106486320496
0.6492728590965271
0.47032609581947327
0.5719268918037415
1.1135213375091553
0.3331148624420166
0.6038130521774292
0.5839279294013977
0.9038642644882202
0.59388267993927
0.5631893873214722
0.46030598878860474
0.4826016426086426
0.5579553842544556
0.3253794312477112
0.3389413058757782
0.40594902634620667
0.3498534560203552
0.23152832686901093
0.7736929655075073
0.7512363195419312
0.505595862865448
0.7396270036697388
0.9469246864318848
0.34973233938217163
0.5174804925918579
0.8099230527877808
0.4861457347869873
0.35085374116897583
0.897397518157959
0.39538270235061646
0.5321861505508423
0.6963292360305786
0.9096051454544067
0.24455828964710236
0.49774447083473206
0.6412125825881958
0.2868899703025818
0.6697401404380798
0.6549144983291626
0.19637148082256317
0.5880833864212036
0.4413815438747406
0.6573491096496582
0.6921817660331726
0.31918835639953613
0.47982341051101685
1.1482549905776978
0.2293647825717926
0.5483384132385254
0.30120712518692017
0.8967288732528687
0.45736151933670044
0.43792691826820374
0.9403050541877747
0.9475002288818359
0.3958292007446289
0.26052185893058777
0.8003190755844116
0.6265626549720764
0.5679221749305725
0.19643378257751465
0.5051811933517456
0.5338242053985596
0.4674201011657715
0.6193214654922485
0.9090646505355835
0.486930787563324
0.3850904703140259
0.4203745424747467
0.7197323441505432
0.5424348711967468
0.6453108787536621
0.2530105710029602
0.9428068399429321
0.2868788242340088
0.375718891620636
0.5979342460632324
0.3154603838920593
0.2881928086280823
0.36526748538017273
0.5751273036003113
0.4228641092777252
0.3674386441707611
0.42011427879333496
0.5365294218063354
0.4245297312736511
0.3551766872406006
0.37186890840530396
0.44724464416503906
0.36098238825798035
0.4784385561943054
0.43431633710861206
0.5064715147018433
0.4095410704612732
0.3346593976020813
0.635417640209198
0.35695967078208923
0.5443810820579529
0.2141226828098297
0.7613374590873718
0.6797627806663513
0.8129853010177612
0.9119285345077515
0.8736249804496765
0.3713971674442291
0.43992796540260315
0.2566896080970764
0.27016451954841614
0.247956320643425
0.2757008969783783
0.6884263157844543
0.32267770171165466
0.7073544263839722
1.056216835975647
0.26630815863609314
0.6330944299697876
0.5603963732719421
0.7365522980690002
0.35523661971092224
0.7974327802658081
0.5631174445152283
0.3890987038612366
0.4581637382507324
0.35694998502731323
0.3087805211544037
1.0037966966629028
0.6188109517097473
0.4971678853034973
0.7378193736076355
0.38230761885643005
0.5065350532531738
0.3995511531829834
0.24543532729148865
0.6701613664627075
0.605634868144989
0.3040809631347656
0.2526130676269531
0.5882800221443176
0.554305374622345
0.18377576768398285
0.9452048540115356
0.5449525713920593
0.35310056805610657
0.5769591927528381
0.5221365690231323
0.6970314979553223
0.30001717805862427
0.7256414294242859
0.46496835350990295
0.49598369002342224
0.34452706575393677
0.8278101682662964
0.5242134928703308
0.3959806561470032
0.2216564118862152
0.49341878294944763
0.9128944277763367
0.23568885028362274
0.42109212279319763
0.6408579349517822
0.5534024834632874
0.26143473386764526
0.5466794967651367
0.29053419828414917
0.48445019125938416
0.47218504548072815
0.9107009172439575
0.28542596101760864
0.4051794111728668
0.4921492636203766
0.4644976556301117
0.3297528624534607
0.6010054349899292
0.4787416458129883
0.5215412378311157
0.4898020625114441
0.46861210465431213
0.4880608022212982
0.4040222764015198
0.4058493673801422
0.68610680103302
0.3024898171424866
0.5571824908256531
0.2711717188358307
0.8922088742256165
0.5244355201721191
0.5015550851821899
0.46691983938217163
0.5178694725036621
0.9644109010696411
0.37584927678108215
0.6807238459587097
0.6620014905929565
0.9531410932540894
0.9141632914543152
0.45684733986854553
0.47738519310951233
0.7093933820724487
0.5117977261543274
0.6614478230476379
0.46378248929977417
0.6301105618476868
1.2593919038772583
0.27515751123428345
0.7858123183250427
0.5347068905830383
0.33601200580596924
0.3714723587036133
0.5786396265029907
0.5452402234077454
0.8756325840950012
0.4392372965812683
0.4272402822971344
0.4597640931606293
0.5749768018722534
0.4752159118652344
0.37016111612319946
0.7435121536254883
0.35620349645614624
0.9214900732040405
0.3505764901638031
0.3178660571575165
0.8232437968254089
1.0369962453842163
1.3231704235076904
0.30869394540786743
0.9250887036323547
0.21814875304698944
0.5652508735656738
0.44852885603904724
0.409889280796051
0.32315441966056824
0.44997358322143555
0.302286833524704
0.44929593801498413
0.3940504491329193
0.5246270895004272
0.2220676690340042
1.4337236881256104
0.6364167332649231
0.31747835874557495
0.5938203930854797
0.5845902562141418
0.39300888776779175
0.5368267297744751
0.7851766347885132
0.2741251587867737
0.6183179616928101
0.36153948307037354
0.19767019152641296
0.6086716651916504
0.8984414935112
0.4068208336830139
0.40656423568725586
0.6007188558578491
0.62757408618927
0.859998881816864
1.0847995281219482
0.3996812105178833
0.6404464840888977
0.3684155344963074
0.2984030246734619
0.5701326727867126
0.3467028737068176
0.34001368284225464
0.5050862431526184
0.5319291949272156
0.8786697387695312
1.0417386293411255
0.15564335882663727
1.4201797246932983
