0.4982510209083557
0.640742838382721
0.5248792767524719
0.6208038926124573
0.8472579717636108
0.33035385608673096
0.8483641743659973
0.5858339071273804
0.7359308004379272
0.6678763628005981
0.5721012949943542
0.34630876779556274
0.432528018951416
0.7940102815628052
0.5164345502853394
0.3856194019317627
0.6492416262626648
0.7010239362716675
0.5841003656387329
0.3700633943080902
0.49383655190467834
0.5639678239822388
0.25933486223220825
0.463228315114975
0.5341383814811707
0.9812030792236328
0.8542793393135071
0.3577326238155365
0.48528558015823364
0.39854297041893005
0.8295022249221802
0.7653504610061646
0.3326422870159149
0.49792423844337463
0.7118632793426514
0.6804035902023315
0.36615315079689026
0.6838228106498718
0.3270031809806824
0.42786216735839844
0.3458178639411926
0.7271772623062134
0.737636923789978
0.8138467669487
0.3935653567314148
0.7740062475204468
0.8837896585464478
0.3627524673938751
0.5382100939750671
0.7771288156509399
0.32848384976387024
0.9568122625350952
0.7004402875900269
0.27615442872047424
0.5812215805053711
0.471301406621933
0.7836582064628601
0.5019683241844177
0.5452507734298706
0.6810826063156128
0.8930314183235168
0.6797897815704346
0.2432025671005249
0.20506910979747772
0.5011729598045349
0.40209609270095825
0.8292873501777649
0.7021924257278442
0.3960133194923401
0.6467963457107544
0.506851077079773
0.5106295347213745
0.6922789812088013
0.8076798319816589
0.5296357274055481
0.5784294009208679
0.40239396691322327
0.44749435782432556
0.47606372833251953
0.4880770742893219
0.1660325974225998
0.2721441090106964
0.30983710289001465
0.5633221864700317
0.6975094676017761
0.9251325726509094
0.3491593301296234
0.7538461089134216
0.4733353555202484
0.842032790184021
0.5669372081756592
0.5217519998550415
0.5778678059577942
0.26476922631263733
0.5945561528205872
0.6139806509017944
0.2800382077693939
0.546347439289093
0.46575403213500977
0.7056254744529724
0.5576578378677368
0.4198320806026459
0.76478511095047
0.4820910096168518
0.7595988512039185
0.7796334028244019
0.27297359704971313
0.3474251925945282
0.9480155110359192
0.38832584023475647
0.2694358825683594
0.43817466497421265
0.5516282320022583
0.9187267422676086
0.5076239705085754
0.2595091462135315
0.7443075776100159
0.5651437044143677
0.6841062307357788
0.9956222772598267
0.6051069498062134
0.15754754841327667
0.6391701102256775
0.691470742225647
0.33693617582321167
1.13372802734375
0.7806633710861206
0.44358235597610474
0.48050612211227417
0.5791298151016235
0.44441309571266174
0.7816187739372253
0.4931977391242981
0.5154526233673096
0.6042667031288147
0.6487610936164856
0.45355480909347534
0.7698923349380493
1.2035460472106934
0.4516872763633728
0.5439532995223999
1.0654304027557373
0.557002604007721
0.9925227165222168
0.27242571115493774
0.6112852096557617
0.33303701877593994
0.7009797096252441
0.3244504928588867
0.367595911026001
0.6639735102653503
0.6376372575759888
0.2467714548110962
0.41442155838012695
0.49105024337768555
0.37144047021865845
0.3482667803764343
0.2302752286195755
0.6867893934249878
0.6726773381233215
0.40048328042030334
0.45531994104385376
0.6716989278793335
0.2500014901161194
0.6227853894233704
0.8565906286239624
0.7700190544128418
0.5547237992286682
0.28105080127716064
0.9868572950363159
0.40533533692359924
0.24309353530406952
0.5658193230628967
0.35650044679641724
1.176926851272583
0.22204908728599548
0.294212281703949
0.22303473949432373
0.6435022354125977
0.26418596506118774
0.7711440324783325
0.3940768837928772
0.6341880559921265
0.5367853045463562
0.7190895080566406
1.088636040687561
0.24115881323814392
0.4098007082939148
0.5520109534263611
0.29915252327919006
0.365163654088974
0.5177116990089417
0.8580777049064636
0.5673477053642273
0.32886171340942383
0.4347487986087799
0.5321760177612305
0.6223480105400085
0.675929605960846
0.35230496525764465
0.47816604375839233
0.5163341760635376
0.20071816444396973
0.6940411925315857
0.33697181940078735
0.42877301573753357
0.29383307695388794
0.4438043534755707
0.492407888174057
0.4487180709838867
0.7862759828567505
0.6365513801574707
0.7378751039505005
0.7927964329719543
0.38818472623825073
0.6854376792907715
0.3594251275062561
0.2713196873664856
0.647868275642395
0.33084800839424133
0.233799546957016
0.779440701007843
0.4166833758354187
0.4825412631034851
0.4962534010410309
0.7059437036514282
0.9185584187507629
0.7792399525642395
0.5567539930343628
0.5308330059051514
0.3522641956806183
0.23315005004405975
0.3609229028224945
0.8169158101081848
0.6543436050415039
0.29184120893478394
0.70831298828125
0.36330103874206543
0.6713384389877319
0.4796980917453766
0.6123005151748657
0.48557859659194946
0.412720263004303
0.43161362409591675
0.5490360260009766
0.6555295586585999
0.6352248191833496
1.0685808658599854
0.6364301443099976
0.6754777431488037
0.4807698726654053
0.6447580456733704
0.3014718294143677
0.6297028660774231
0.6143421530723572
0.5150586366653442
1.4864641427993774
0.3209141790866852
0.4576786160469055
0.40325289964675903
0.29261207580566406
0.43585824966430664
1.0429843664169312
0.17938289046287537
0.2962847352027893
0.6841673851013184
0.6480889320373535
0.5861037373542786
0.2825086712837219
0.5204695463180542
0.4628474712371826
0.7192460298538208
0.5042130351066589
0.8175592422485352
0.8456796407699585
0.38252735137939453
0.5655030608177185
0.6367777585983276
0.3102802634239197
0.5313143134117126
0.5797609686851501
0.7096686363220215
0.724328339099884
0.5316449999809265
0.5049893260002136
0.5855560898780823
0.7233583927154541
0.7157456874847412
0.4642651677131653
0.963782012462616
0.4391213357448578
0.3600485920906067
0.7953502535820007
0.4607592523097992
0.24258363246917725
0.582267165184021
0.6265150308609009
0.6932438611984253
0.50962233543396
0.6267637014389038
0.4328473210334778
0.8926340341567993
0.37759241461753845
0.6836244463920593
0.9086655378341675
0.6573108434677124
0.46260419487953186
0.3249596655368805
0.5672826766967773
0.7556856870651245
0.5502163767814636
0.6178796887397766
0.4127420485019684
0.28788894414901733
0.2677690386772156
0.24064898490905762
0.26718536019325256
0.3459939956665039
0.386525958776474
0.5221564173698425
0.40679359436035156
0.32231956720352173
0.6357659697532654
0.3376007378101349
0.5532962679862976
0.6065198183059692
0.9343565702438354
0.845379650592804
0.5200830698013306
0.6956784129142761
0.7639932632446289
0.3015064299106598
0.2586821913719177
0.546587347984314
0.9048318862915039
0.23269550502300262
0.5424898862838745
0.22226375341415405
