0.7869955897331238
0.2221716195344925
0.23618653416633606
0.6786751747131348
0.61353600025177
0.9041663408279419
0.4132916331291199
0.446831613779068
0.17207057774066925
0.5586057305335999
0.7125173807144165
0.4650765359401703
0.472529798746109
0.43768978118896484
0.5061737895011902
0.41233009099960327
0.31377261877059937
0.5079983472824097
0.6802910566329956
0.33249107003211975
1.0775197744369507
0.4819658398628235
0.7478870153427124
0.7880086898803711
0.6241669654846191
0.5628911852836609
0.3464035093784332
0.3096117377281189
0.319449245929718
0.276460736989975
0.3180045485496521
0.35972458124160767
0.39550143480300903
0.40028518438339233
0.5069867968559265
0.5129927396774292
0.6181154251098633
0.5099300146102905
0.4922974705696106
0.30302131175994873
0.726905882358551
0.8182272911071777
0.6703484654426575
1.470412015914917
0.7075453996658325
0.766674816608429
0.6306521892547607
0.49383020401000977
0.4538365304470062
0.9176484942436218
0.6630929112434387
0.7134588360786438
0.34478336572647095
0.4722837805747986
0.5953758955001831
0.3641849160194397
0.38037678599357605
0.33541104197502136
0.19201895594596863
0.42931097745895386
0.4767199158668518
0.5297912359237671
0.4240962564945221
0.5537043809890747
0.4598551392555237
0.5397254824638367
0.25864869356155396
0.4430363178253174
0.549822986125946
0.473116397857666
0.4290299415588379
0.3172958195209503
0.19347257912158966
0.34925681352615356
0.3451533913612366
0.6492232084274292
1.3259648084640503
0.5102919340133667
0.5282846689224243
0.3485051989555359
0.4027612805366516
0.5369351506233215
0.6506754755973816
0.3180738091468811
0.682222306728363
0.6184951066970825
0.5038387179374695
0.49589529633522034
0.6247259378433228
0.6171266436576843
0.3816373944282532
0.8722134828567505
0.7596132755279541
0.26959481835365295
0.29740285873413086
0.46683311462402344
0.5505854487419128
0.5115594863891602
0.39780527353286743
0.37979185581207275
0.62201988697052
0.2241171896457672
0.5746004581451416
0.45992183685302734
0.28314897418022156
0.5664185881614685
0.3459209203720093
0.7479953765869141
0.48148998618125916
0.8624979257583618
0.7230662107467651
0.6734587550163269
0.8777327537536621
0.5274094343185425
0.24300727248191833
1.082493543624878
0.3157517910003662
0.6274516582489014
1.2071349620819092
0.169157475233078
0.6201330423355103
0.8187174797058105
0.35539692640304565
1.1775286197662354
0.8945352435112
0.3401269316673279
0.8565217852592468
0.5296956300735474
0.5852505564689636
0.46495550870895386
1.140083909034729
0.38795846700668335
0.21828016638755798
0.5487738847732544
0.5716441869735718
0.7975653409957886
0.5034970045089722
0.6867889165878296
0.6927037835121155
0.8133920431137085
0.6750392913818359
1.2283663749694824
0.6238807439804077
0.38444948196411133
0.5555330514907837
0.4019525647163391
0.8413938283920288
0.16278770565986633
0.7739266753196716
0.9272236824035645
0.5193719863891602
0.38768401741981506
0.29207825660705566
0.4443899691104889
0.33177122473716736
0.3009660243988037
0.4690954089164734
0.2710638642311096
0.4681335389614105
0.48405909538269043
1.1787290573120117
0.3270958364009857
0.7549470663070679
0.3072429299354553
0.5120275020599365
0.5659541487693787
0.2995566427707672
0.6293250322341919
0.4390057623386383
0.5201933979988098
0.32356542348861694
0.35255780816078186
0.8063896298408508
0.7739616632461548
0.6948941349983215
0.464283287525177
0.4781753420829773
0.7495755553245544
0.4206826090812683
0.6156474351882935
0.4264562726020813
0.6148289442062378
0.47727060317993164
0.591922402381897
0.4633329510688782
0.18799328804016113
0.7214105725288391
0.4911873936653137
0.5621790885925293
0.5248178839683533
0.523486852645874
0.38623538613319397
0.26447176933288574
0.3171197474002838
0.349741667509079
0.6108070015907288
0.29606837034225464
0.5198785066604614
0.11139831691980362
0.591921865940094
0.39039114117622375
0.3812045454978943
0.4590136408805847
0.7622034549713135
0.3763293921947479
0.44309982657432556
0.4292794167995453
0.9659498929977417
0.4276103377342224
0.4053862988948822
0.5918821692466736
0.4561283588409424
0.3783860504627228
0.8684602975845337
0.6308757066726685
0.3798500597476959
0.6152104735374451
0.5156365633010864
0.2673494219779968
0.24967649579048157
0.9895182847976685
0.4584779739379883
0.8456777334213257
0.2078327238559723
0.7345913648605347
0.3004150390625
0.6058151721954346
0.4630141258239746
1.0918779373168945
0.46200069785118103
0.809886634349823
0.20829744637012482
1.1798433065414429
0.47814470529556274
0.40512293577194214
0.5176331400871277
0.3909929692745209
0.5356249809265137
0.5912519693374634
0.6182699203491211
0.5587929487228394
0.8199003338813782
0.34628620743751526
0.21370339393615723
0.4137217402458191
0.520285427570343
0.3612244129180908
0.545207142829895
0.5249249935150146
0.4035932421684265
0.6445683836936951
0.2403106391429901
0.45185375213623047
0.40822163224220276
1.1197134256362915
0.5135114192962646
1.0023853778839111
0.5209376215934753
0.9038769602775574
0.8605340719223022
0.9614288210868835
0.42264947295188904
0.36521631479263306
0.9388374090194702
0.39464035630226135
0.8802688717842102
0.43281835317611694
0.239985853433609
0.20975251495838165
0.5186885595321655
0.5955920219421387
0.500313401222229
0.7885324954986572
1.092130422592163
0.8393502235412598
0.7288786172866821
0.39311647415161133
0.3110188841819763
0.4966784417629242
0.6476681232452393
0.384644091129303
0.562667965888977
0.6328955888748169
0.9021256566047668
0.5406590700149536
0.7812644243240356
0.4404018521308899
0.577854335308075
0.8534486889839172
0.4070766866207123
0.7904022336006165
0.32554906606674194
0.3724784851074219
0.7192939519882202
0.7574235200881958
0.31916847825050354
0.7797127366065979
0.3931904435157776
0.3726133704185486
0.6182441115379333
0.5002304911613464
0.6127396821975708
0.5279847383499146
0.3659791350364685
0.5789251923561096
0.5628082752227783
0.7795462012290955
0.7427008748054504
1.1022965908050537
0.5392773151397705
0.3616064488887787
0.9234603047370911
0.15700490772724152
0.4840472638607025
0.30770760774612427
0.4724559783935547
0.48060861229896545
0.4239138662815094
0.34700244665145874
0.2992127239704132
0.6247397661209106
0.31567853689193726
0.24549846351146698
0.3193393349647522
0.7752410173416138
1.1008355617523193
1.0241872072219849
1.0369218587875366
0.5595136880874634
0.5674759149551392
0.8157637715339661
0.39341631531715393
0.42756128311157227
0.45010146498680115
0.637789249420166
0.27689215540885925
0.9140397906303406
1.162853717803955
