0.13213182985782623
0.5658623576164246
0.43476027250289917
0.6183064579963684
0.45339536666870117
0.6769086122512817
0.8229742050170898
0.48379334807395935
0.7499235272407532
0.9249072074890137
0.8542210459709167
1.2920385599136353
0.8319048881530762
0.3493802845478058
0.3740062415599823
0.6576857566833496
0.4444507658481598
0.7072940468788147
0.29877692461013794
0.4475286602973938
0.6920326948165894
0.36323487758636475
0.42252302169799805
0.5270148515701294
0.5253068208694458
0.4158988893032074
0.48497700691223145
0.30649101734161377
0.6626589894294739
0.25399819016456604
1.298095941543579
1.2795584201812744
0.3649035096168518
0.3910638689994812
0.7521004676818848
0.32552024722099304
0.30602288246154785
0.5971183180809021
0.19532671570777893
0.5289905071258545
1.001172661781311
0.4819648861885071
0.3214573264122009
0.41121378540992737
0.28066113591194153
0.65428626537323
0.7232846021652222
0.6263055205345154
0.8210235834121704
0.3412259817123413
0.6913283467292786
0.7489444017410278
0.8058043718338013
0.513002336025238
0.8595929145812988
0.2952417731285095
0.3342273533344269
0.7360643148422241
0.349815309047699
0.6727633476257324
0.5029246211051941
0.5787233114242554
0.550423264503479
0.38212260603904724
0.3997077941894531
0.3979201912879944
0.7436295747756958
0.3247491717338562
0.3018879294395447
0.6625027656555176
0.6676413416862488
0.4914553761482239
0.8125426173210144
0.5988770723342896
0.8157188296318054
0.7237926721572876
0.7306209802627563
0.6903387308120728
0.3647294044494629
0.3712581396102905
0.5309797525405884
0.38143786787986755
0.6841012239456177
0.266559362411499
0.410601943731308
0.5575075149536133
0.3179432451725006
0.7212855219841003
0.3435623049736023
0.27442148327827454
0.3018714487552643
0.45236414670944214
0.19217349588871002
0.33247166872024536
0.8367162942886353
0.28340038657188416
0.8660842776298523
1.0008809566497803
0.4296993315219879
0.7675729990005493
0.34266918897628784
0.3350306749343872
0.48810750246047974
0.9037379026412964
0.30014440417289734
0.5084765553474426
0.4691270887851715
0.4224418103694916
0.6055137515068054
0.8396937251091003
0.33968183398246765
0.3094422519207001
0.6960976719856262
0.4014909863471985
0.2787295877933502
0.5993872880935669
0.29361215233802795
0.18007734417915344
0.17460735142230988
0.3957356810569763
1.0119702816009521
0.7436601519584656
0.3805737793445587
0.47573670744895935
0.28797832131385803
0.3518804609775543
0.693306565284729
1.033247709274292
0.3359287679195404
0.39769530296325684
1.0589485168457031
0.2834717631340027
0.5007217526435852
0.32512760162353516
0.592323899269104
0.3699534833431244
0.21927404403686523
1.1574097871780396
0.44303593039512634
0.4105069041252136
0.20978887379169464
0.46046972274780273
0.5310713648796082
0.46286970376968384
0.45743507146835327
0.6289005279541016
0.7248624563217163
0.5283545255661011
0.5409661531448364
0.3344690203666687
0.600380539894104
0.30945804715156555
0.16604986786842346
0.41224440932273865
0.4663614332675934
0.43004077672958374
0.4100845754146576
0.3647044599056244
0.49350929260253906
0.31268957257270813
0.6962169408798218
0.448432058095932
0.34035608172416687
0.33203765749931335
0.9309133291244507
0.4783415198326111
0.5684370994567871
0.8733717799186707
0.541580080986023
0.45804300904273987
0.5334888696670532
0.49173301458358765
0.5231619477272034
0.3822099566459656
0.918958306312561
0.7441441416740417
0.482072651386261
0.6373946070671082
0.5685653686523438
1.0256198644638062
0.3485378623008728
0.5344646573066711
0.4749833047389984
0.6591557264328003
0.4563581347465515
0.3279041647911072
0.3817800283432007
0.692360520362854
0.35687142610549927
0.21280315518379211
0.4502514898777008
0.5443991422653198
0.6218856573104858
0.2419288605451584
0.7881239056587219
0.8458234667778015
0.549115777015686
0.8553575277328491
0.5982975363731384
0.4710012376308441
0.409496009349823
1.147668480873108
0.36952176690101624
0.5949926376342773
0.26465553045272827
0.38416844606399536
0.3779371380805969
0.5150638818740845
0.49482065439224243
0.5547250509262085
0.5851470232009888
0.5373843908309937
0.7086090445518494
0.8627755045890808
0.5625619292259216
0.5470966100692749
0.48354220390319824
0.43013253808021545
0.31039291620254517
0.43037065863609314
0.660555899143219
0.5414960980415344
0.4499678611755371
0.796908974647522
0.38663774728775024
0.40556758642196655
0.43274861574172974
0.4227222502231598
0.36382240056991577
0.24600812792778015
0.5915558934211731
0.7199373245239258
0.49485787749290466
0.8715769052505493
0.5683590173721313
0.9469144940376282
0.6624940633773804
0.46645861864089966
0.6025380492210388
0.6442063450813293
0.30809444189071655
0.2781609296798706
0.7269051671028137
0.3127599358558655
0.2521741986274719
0.36233845353126526
0.47610944509506226
0.7804688215255737
0.3633442521095276
0.614578127861023
0.3508405089378357
0.9204743504524231
0.7922236323356628
0.3721315860748291
0.5816260576248169
0.349639892578125
0.28877729177474976
0.8525985479354858
0.5335257649421692
0.3104807734489441
0.42776036262512207
0.7431453466415405
0.4936026930809021
0.3693813979625702
0.5276161432266235
0.5495177507400513
0.372431218624115
0.2577225863933563
1.017756700515747
0.2958419919013977
0.412156879901886
0.4350837171077728
0.7170494794845581
0.8662060499191284
0.3084692358970642
0.42404261231422424
0.3008066415786743
0.2921588122844696
0.48253440856933594
0.7572216391563416
0.354153037071228
0.3744388520717621
0.26700282096862793
0.3289347290992737
0.3829500675201416
0.8577564358711243
0.7432871460914612
0.8621267080307007
0.1633758842945099
0.5005146265029907
0.21483512222766876
0.29392188787460327
0.8348892331123352
0.7420997619628906
0.4263271391391754
0.37021321058273315
0.21164646744728088
0.4908296465873718
0.6539729237556458
0.7804311513900757
0.5266183614730835
0.6362044811248779
0.38677674531936646
0.5742356777191162
0.4273761808872223
0.5394375324249268
0.5056544542312622
0.447346031665802
0.6360949277877808
0.43829450011253357
0.48119688034057617
0.28997117280960083
0.6640156507492065
0.3456299901008606
0.9850866198539734
0.9319537281990051
0.48321062326431274
0.9435558319091797
0.3613513112068176
0.6035778522491455
0.9267048835754395
0.22629067301750183
0.3796403110027313
0.46487465500831604
0.6345441937446594
0.5279572606086731
0.39317211508750916
1.0116585493087769
0.5613219141960144
0.5754996538162231
0.28935083746910095
0.3951888680458069
0.16450132429599762
0.3970675468444824
0.21685299277305603
0.49321216344833374
0.6793411374092102
0.4088011682033539
