0.6622959971427917
0.3423939645290375
0.6909056901931763
0.345112144947052
0.6758790016174316
1.1856637001037598
0.8387479782104492
0.4770932197570801
0.39557772874832153
0.18008631467819214
0.5918871164321899
0.4331885278224945
0.7179127931594849
0.4557902216911316
0.41053324937820435
0.44824162125587463
0.6891605257987976
0.21452832221984863
0.438190758228302
0.32480788230895996
0.5732502937316895
0.6248787641525269
0.7651668787002563
0.6526753306388855
0.2006402313709259
0.5878964066505432
0.3958493769168854
0.6266613006591797
0.9284383058547974
0.4937995970249176
0.4092361330986023
0.8814644813537598
1.4387950897216797
0.3046266436576843
0.3842005133628845
0.33964118361473083
0.3654889762401581
0.6599525213241577
1.1035196781158447
0.6010667085647583
0.9293239712715149
0.39465099573135376
0.618157684803009
0.821799635887146
0.4614177644252777
0.5519158840179443
0.3015149235725403
0.2966904044151306
0.3870042562484741
0.3363204300403595
0.4108899235725403
0.5378406643867493
0.259630411863327
0.7707900404930115
0.5481578707695007
1.3418184518814087
0.9769010543823242
0.6475527882575989
0.5243907570838928
0.5541906356811523
0.32441848516464233
0.6471962332725525
0.7416771650314331
0.35507670044898987
0.4527965486049652
0.2817126214504242
0.7754516005516052
0.6920557022094727
0.4329366683959961
1.1153066158294678
0.31436091661453247
0.2836124300956726
0.5151289701461792
0.866133987903595
0.962193489074707
0.42669686675071716
0.7221480011940002
0.43258920311927795
0.7883599400520325
0.34974831342697144
0.4147765636444092
0.5704060792922974
0.6274407505989075
0.751193642616272
0.5475900769233704
0.5208860635757446
0.6965134739875793
0.5456636548042297
0.3598968982696533
0.29234927892684937
0.4112647473812103
0.44840049743652344
0.2742927372455597
0.3670569956302643
0.5506946444511414
0.4170455038547516
0.39747241139411926
0.5673466920852661
0.4001954197883606
1.0164833068847656
0.2833065092563629
0.5935249328613281
0.2382567822933197
0.250752329826355
0.6782323122024536
0.4712161123752594
0.6848837733268738
1.008986473083496
0.44809991121292114
0.5923726558685303
0.6680970788002014
0.7113360166549683
0.4751785695552826
0.7277318239212036
0.522731602191925
0.34477490186691284
0.22434373199939728
0.745673418045044
0.6374016404151917
1.5631763935089111
0.558589518070221
0.353414922952652
0.5362323522567749
0.2966938316822052
0.42839354276657104
1.024103045463562
0.4654635488986969
0.29713818430900574
0.22595366835594177
0.7660272121429443
0.6764148473739624
0.41603875160217285
0.4364253580570221
0.5948842167854309
0.4824424386024475
0.33820661902427673
0.22067853808403015
0.8507000803947449
0.7350901961326599
0.4396771490573883
0.3577665388584137
0.48649531602859497
0.5427441596984863
0.5645357966423035
0.841280460357666
0.741104781627655
0.1998438537120819
0.6105768084526062
0.5818087458610535
0.3881552815437317
0.7981910705566406
0.6572240591049194
0.2649218440055847
0.583519458770752
0.503127932548523
0.4446623921394348
0.7346056699752808
0.6209478378295898
0.36693328619003296
0.6185816526412964
1.285254716873169
0.7042253017425537
0.6599223017692566
0.3925965428352356
0.36369767785072327
0.5823662877082825
0.5916829109191895
0.5595503449440002
0.4151362478733063
0.4265218675136566
0.6347323060035706
0.9139714241027832
0.27713561058044434
1.1286323070526123
0.2320670187473297
0.18808633089065552
0.35055649280548096
0.6530646085739136
0.4984312057495117
0.49955493211746216
0.4008137583732605
0.28670400381088257
0.6852043867111206
0.6204268932342529
0.19834432005882263
0.45529261231422424
0.40327757596969604
0.5239374041557312
0.472957044839859
0.16386981308460236
0.7646477222442627
0.4949561059474945
0.3633430600166321
0.3948292136192322
0.6108571290969849
0.31312301754951477
0.2961287796497345
0.568975567817688
0.22488465905189514
0.4879675507545471
0.16738300025463104
0.4011407494544983
0.747821569442749
0.6656268239021301
0.9495307803153992
0.3195032477378845
0.5067121386528015
0.5297222137451172
0.6674923300743103
0.5478437542915344
0.17792253196239471
0.35199978947639465
1.0649802684783936
0.6747710108757019
0.276666522026062
0.7316888570785522
0.47552257776260376
0.24677586555480957
0.4670640528202057
0.3718993663787842
0.6420890688896179
0.3021632432937622
0.6417016386985779
0.4732755720615387
0.35721683502197266
0.6851380467414856
0.2810576260089874
0.8144715428352356
0.408074289560318
0.3032997250556946
0.37962642312049866
0.4534364640712738
0.45971018075942993
0.6604481339454651
0.3211229145526886
0.5516559481620789
0.36894816160202026
0.777317225933075
0.3495746850967407
0.6296942830085754
0.40849074721336365
1.0938339233398438
0.2279047966003418
0.7749173641204834
0.462932288646698
0.7823575735092163
0.534795880317688
0.2841692268848419
0.4412279725074768
0.8334587216377258
1.0341517925262451
0.434772789478302
0.522558867931366
0.7809287309646606
0.4739682674407959
0.5289020538330078
0.3370557427406311
0.7422208786010742
0.6972635388374329
0.8089150190353394
0.5166882276535034
0.5076320767402649
0.4574449062347412
0.38854533433914185
0.5944699048995972
0.25223055481910706
0.6669961214065552
0.42390602827072144
0.3704304099082947
0.33673346042633057
0.25361090898513794
0.40201979875564575
0.6670201420783997
0.538165271282196
0.42756423354148865
0.6938033103942871
0.6585291028022766
0.8207225799560547
0.44471925497055054
0.8226211667060852
0.32786327600479126
0.23847100138664246
0.38273435831069946
0.5325988531112671
0.31834110617637634
0.19564437866210938
0.6467555165290833
0.6361161470413208
0.5121814012527466
0.7736482620239258
0.6289723515510559
0.4343486726284027
0.8596212267875671
1.748548150062561
0.5733016729354858
0.5984041094779968
0.8086463212966919
0.5165438652038574
0.40706929564476013
0.5791088938713074
0.6863576173782349
0.5695162415504456
0.09651640802621841
0.5740882158279419
0.5256986021995544
0.2151741087436676
0.6084572076797485
0.4203842580318451
0.3725842237472534
0.36741429567337036
0.5067682266235352
0.7673197984695435
0.3655044436454773
0.42840805649757385
0.8554964065551758
0.3617590367794037
0.9634338617324829
0.4896112382411957
0.2601075768470764
0.19835957884788513
0.3117515742778778
0.534946620464325
0.5821928977966309
0.3408016264438629
0.438642680644989
0.8498921394348145
0.4962431788444519
0.5021483302116394
0.4792359471321106
0.47518110275268555
0.5054545998573303
0.5559322237968445
0.8869854807853699
0.7163978219032288
0.8987830877304077
0.5042442083358765
0.9043177366256714
0.42249932885169983
