0.21833539009094238
0.3067600131034851
0.47235217690467834
0.42375391721725464
0.47549599409103394
0.6067046523094177
0.4509195387363434
0.5796948671340942
0.7303560376167297
0.35583963990211487
0.49475517868995667
0.6203062534332275
0.4101225733757019
0.5695528984069824
0.7625662088394165
0.4657670855522156
0.3155897557735443
0.5920858979225159
0.47092708945274353
0.47937124967575073
0.5365383625030518
0.2555628716945648
0.7360323667526245
1.0845199823379517
0.7176042795181274
0.12380705028772354
0.5526553988456726
0.4266553819179535
0.6012454032897949
0.33914580941200256
0.3345620632171631
0.46972399950027466
0.7538769841194153
0.4850415289402008
0.5972533822059631
0.6072155237197876
0.3801020681858063
0.5404343605041504
0.49721041321754456
0.1367308795452118
0.2504350244998932
0.5768202543258667
0.6556196808815002
0.7460991740226746
0.3033350706100464
1.1628618240356445
0.6360282897949219
0.28809723258018494
0.333549827337265
0.4693741202354431
0.32486671209335327
0.46272698044776917
1.070155382156372
0.6246277689933777
0.854910671710968
0.6076053977012634
0.5303190350532532
0.7417209148406982
0.3306390643119812
0.2998432517051697
0.5144344568252563
0.7500348091125488
0.8259924054145813
0.7287119626998901
0.3379407525062561
0.6372154951095581
0.5832841992378235
0.5114442110061646
1.229066252708435
0.7289819717407227
0.43927130103111267
0.5796698927879333
0.8761230707168579
0.2889641225337982
0.3705456256866455
0.3793923854827881
0.8700335621833801
0.6729704737663269
0.36990660429000854
0.6610977053642273
0.4940320551395416
0.6324609518051147
0.26862633228302
0.1744377464056015
0.31565985083580017
0.547345757484436
0.7627204060554504
0.3477117121219635
0.3323958218097687
0.8681710362434387
0.3277418911457062
0.5819718241691589
0.4091619551181793
0.6727496981620789
0.2817683517932892
0.7256463766098022
0.29757508635520935
0.6776140332221985
0.3851275146007538
0.39270704984664917
0.5724350214004517
0.6359282732009888
0.5837877988815308
0.25685304403305054
0.6670430898666382
0.5962201952934265
0.24307915568351746
0.607000470161438
0.5450696349143982
0.8267971873283386
0.9194040298461914
0.7968064546585083
0.6186650395393372
0.23729541897773743
0.600649893283844
0.36354753375053406
0.25027358531951904
0.5523772239685059
0.3351478576660156
0.5001161694526672
0.5709877610206604
0.40316134691238403
0.25231441855430603
0.286560595035553
0.2918010652065277
0.7139151692390442
0.28247755765914917
0.3770936131477356
0.3498240113258362
0.689545750617981
0.24145770072937012
0.4253920912742615
0.4262069761753082
0.5173776745796204
0.7807413935661316
0.4196217656135559
0.3827814757823944
0.4357924461364746
0.46651774644851685
0.1414313167333603
0.3885292708873749
0.34532296657562256
0.532568097114563
0.322418749332428
0.3077489137649536
0.5485851168632507
0.4978025555610657
0.5736035108566284
0.3863583207130432
0.39544928073883057
0.7156751751899719
0.5376631617546082
0.4213687479496002
0.23161368072032928
0.4168063700199127
0.7726247310638428
0.33621418476104736
0.5460367798805237
0.6393062472343445
0.6921808123588562
0.6367066502571106
0.8354061841964722
0.7201135158538818
0.6230869293212891
0.5536461472511292
0.45464810729026794
0.856894850730896
0.31387168169021606
0.7331587076187134
0.35218700766563416
0.7058826684951782
0.2250099629163742
0.3748224675655365
0.48973146080970764
0.7311426401138306
0.41529351472854614
0.4638904929161072
0.5581542253494263
0.9088939428329468
0.7407870888710022
0.9257125854492188
0.9050318002700806
0.38608551025390625
0.3657512962818146
0.4744003415107727
0.5595251321792603
0.3313536047935486
0.7318572998046875
0.4075036644935608
0.910352349281311
1.5856473445892334
1.2662936449050903
0.6684519648551941
0.5754500031471252
0.4135414659976959
0.3246362805366516
0.4872683584690094
0.6866496801376343
0.5464123487472534
0.25035223364830017
0.8214150667190552
0.4030083119869232
0.4891185164451599
0.7240917086601257
0.4870975911617279
0.47608286142349243
0.3659542202949524
0.4659809470176697
0.5431482195854187
1.3751734495162964
0.600721001625061
0.4749480187892914
0.5018326640129089
0.6915717124938965
0.60089111328125
0.6917762756347656
0.5094175934791565
1.0244115591049194
0.3222408890724182
0.8506767153739929
0.28812235593795776
0.33117640018463135
0.4292275011539459
0.517437219619751
0.9167144894599915
0.47268810868263245
0.27861282229423523
0.5637235641479492
0.518566370010376
0.27134689688682556
0.8810612559318542
0.6130592226982117
0.5266042351722717
0.9019797444343567
0.8514949679374695
0.4577963948249817
0.7960712313652039
0.7417532205581665
1.1119098663330078
1.0338914394378662
0.31625649333000183
0.47250786423683167
0.8839189410209656
0.40583834052085876
0.36079803109169006
0.24308037757873535
0.503688633441925
0.19933585822582245
0.48925989866256714
0.34274938702583313
0.5650726556777954
0.36715009808540344
0.32283928990364075
0.7632814645767212
0.24453115463256836
0.5685980916023254
1.2046726942062378
0.8173691630363464
0.6669012308120728
0.6443876624107361
0.5333479642868042
0.20527377724647522
0.4902849793434143
0.4490818381309509
0.44186878204345703
0.7212736010551453
1.1094496250152588
0.721908450126648
0.4771856665611267
0.729138195514679
0.627995491027832
0.20353083312511444
0.5522071719169617
0.26129552721977234
0.5347161293029785
0.39408522844314575
0.45644980669021606
0.4620737135410309
0.24388387799263
0.7430676221847534
0.42953038215637207
0.24991407990455627
0.67816162109375
0.603839099407196
0.707060694694519
0.5608826279640198
0.6559065580368042
0.4105702340602875
0.37206071615219116
1.64240300655365
0.32063740491867065
0.5531903505325317
0.598076581954956
0.192369744181633
0.7918416261672974
0.4200429320335388
0.3586798310279846
0.38725584745407104
0.6525083780288696
0.265878826379776
0.6365574598312378
2.0753421783447266
0.6373805999755859
0.38190731406211853
0.678135097026825
1.4234771728515625
1.0711467266082764
0.32283520698547363
0.4803897738456726
0.8833371996879578
0.7458853721618652
0.40467414259910583
0.40875521302223206
0.379406601190567
0.9499519467353821
0.6587802767753601
0.48691922426223755
1.0387235879898071
0.7766168713569641
0.7099398374557495
0.13654491305351257
0.841732382774353
0.5010431408882141
0.576919674873352
0.4175035059452057
0.5413113832473755
0.7000086307525635
0.724094569683075
0.5935243368148804
0.6308988332748413
0.3368508219718933
0.7226840257644653
0.6093939542770386
0.6639038324356079
0.7460840940475464
0.3325653672218323
0.30134764313697815
0.3704351484775543
