0.4997444748878479
1.0638177394866943
0.36670154333114624
0.44684702157974243
0.6878554224967957
0.16478891670703888
0.5330060124397278
1.016852617263794
0.5849486589431763
0.5150811672210693
0.6853502988815308
0.1631855070590973
0.42351365089416504
0.2215680181980133
0.5716501474380493
0.8936946988105774
0.4566683769226074
0.41706520318984985
0.361197829246521
0.5118052363395691
0.7722841501235962
0.6899040341377258
0.4911887049674988
0.39094114303588867
0.9317027926445007
0.35001835227012634
0.6706905961036682
0.19227656722068787
0.7508195042610168
0.3519338071346283
0.5372864603996277
0.5658289790153503
0.6067261695861816
0.20799455046653748
0.1592642366886139
0.7936605215072632
0.5226758122444153
0.711718738079071
0.442294180393219
0.6145257949829102
0.21017789840698242
0.6506550908088684
0.530202329158783
0.4848019480705261
0.28984612226486206
0.2718077301979065
0.5191458463668823
0.7517868280410767
0.8345372080802917
0.799807071685791
0.995174765586853
0.8851316571235657
0.18758320808410645
0.7830259799957275
0.5565098524093628
0.2548653483390808
0.4827941358089447
0.6512875556945801
0.4326673150062561
0.34066683053970337
0.6065444946289062
0.3366638720035553
0.7014225125312805
0.695617139339447
0.8062368631362915
0.4881928861141205
0.7119997143745422
0.4965573251247406
0.5560702085494995
0.46416062116622925
0.3005753457546234
0.3857397735118866
0.45243018865585327
0.391811728477478
0.6230357885360718
0.5651600360870361
0.3381114602088928
0.5165321230888367
0.6824695467948914
0.4759295582771301
0.35567766427993774
0.6141843199729919
0.3918604254722595
0.3442038893699646
0.37776079773902893
0.8123553991317749
0.39368873834609985
0.6783270835876465
0.8660993576049805
0.4828104078769684
0.45840921998023987
1.0729256868362427
0.43885618448257446
0.5054599046707153
0.4680590033531189
0.5279573798179626
0.6552214622497559
0.9909575581550598
0.5889900326728821
0.45251280069351196
0.54944908618927
0.2590276598930359
0.4653112292289734
0.8391027450561523
0.44221973419189453
1.0509824752807617
0.409475713968277
0.4195684492588043
0.3503066897392273
0.4305320680141449
0.8216450810432434
0.9309329986572266
0.7341201901435852
0.39472588896751404
1.099156141281128
0.45118483901023865
0.5119884610176086
0.5101602077484131
0.4641437530517578
0.536431610584259
0.36089974641799927
0.31609487533569336
0.454323947429657
0.5627779960632324
0.5202752351760864
0.2892560362815857
0.4268224239349365
0.5455127954483032
0.4265337884426117
0.6290103197097778
0.8362350463867188
0.530215859413147
0.6242143511772156
0.44063884019851685
0.2281351387500763
1.1081143617630005
0.6761276721954346
0.616142749786377
0.36479344964027405
0.3945923447608948
0.6517254710197449
0.9184051752090454
0.5496705174446106
0.5121559500694275
0.47375816106796265
0.48958325386047363
0.3650777041912079
0.35497087240219116
0.40859875082969666
0.5075433850288391
0.8881084322929382
0.4484618604183197
0.4541238844394684
0.3384055197238922
0.4337860643863678
0.3567751348018646
0.6596147418022156
0.8439420461654663
0.5120755434036255
0.7881902456283569
0.6550339460372925
0.4543507993221283
0.2611667215824127
0.3347466289997101
0.5091555714607239
0.4085460603237152
0.3748132586479187
0.47252368927001953
0.533319354057312
0.36458608508110046
0.9896925687789917
0.40829429030418396
0.649168074131012
0.3218403458595276
0.3624940514564514
0.27935469150543213
0.5769739151000977
0.5987650156021118
0.4142337739467621
0.637593150138855
0.5407533645629883
0.1260298788547516
0.7117686867713928
0.4744221568107605
0.5924327969551086
0.7130914330482483
0.6323037147521973
0.2861481308937073
0.392757773399353
0.8382459878921509
0.6397956609725952
0.7165268063545227
0.3230225145816803
1.2498981952667236
0.6735693216323853
0.6373236775398254
0.4642404615879059
0.31324902176856995
0.4082298278808594
0.579649031162262
0.541391909122467
0.84968501329422
0.34123557806015015
0.6212204694747925
0.6969558000564575
0.5634745359420776
0.49774008989334106
0.46136417984962463
0.4850384294986725
0.8848182559013367
0.47977644205093384
0.24464568495750427
0.40476474165916443
0.7832481861114502
0.4331614375114441
0.3157798647880554
0.40260300040245056
0.5331005454063416
0.9617651104927063
0.4136066436767578
0.6976393461227417
0.2927098870277405
0.6668119430541992
0.9711053967475891
0.4808969497680664
0.7408236265182495
0.5432077050209045
0.9577749371528625
0.5424874424934387
0.4385300576686859
0.5511021614074707
0.5293947458267212
0.5065229535102844
0.8686406016349792
0.48223796486854553
0.3789193034172058
0.36508500576019287
0.5731061100959778
0.43905162811279297
0.299037367105484
0.3930211663246155
0.636810839176178
0.1748141348361969
0.4492880702018738
0.6534436941146851
0.6410479545593262
0.5084871053695679
0.43388137221336365
0.6042433977127075
0.47457438707351685
0.2652761936187744
0.3162750005722046
0.29691123962402344
0.630046010017395
0.5222128629684448
0.7780295610427856
0.6586825847625732
0.7904373407363892
0.407843679189682
0.7098121643066406
0.19867083430290222
0.5314242243766785
0.6878623962402344
0.2924041450023651
0.45406144857406616
0.39558836817741394
0.6715736389160156
1.0983291864395142
0.5991805791854858
0.6892479658126831
0.3060510754585266
0.5633763074874878
0.4339352548122406
0.7333583831787109
0.38184183835983276
0.8745854496955872
0.6413527131080627
0.7949520945549011
0.5362793207168579
0.33532896637916565
0.8004130125045776
0.7159603834152222
0.4221777319908142
0.8848310708999634
0.7410751581192017
0.6347079277038574
0.5846875905990601
0.41823115944862366
0.31111669540405273
0.5465643405914307
0.34685635566711426
0.5233715772628784
0.7182006239891052
0.24144940078258514
0.23052260279655457
0.6746182441711426
0.43269413709640503
0.5484710931777954
0.30847829580307007
0.41897326707839966
0.6101407408714294
0.32563793659210205
0.26257508993148804
0.414607435464859
0.6971935629844666
0.9530905485153198
0.3377850651741028
0.3896043002605438
0.6134878993034363
0.32914549112319946
0.3823678493499756
0.6409665942192078
0.4549841284751892
0.6082335710525513
0.5484915971755981
0.43734320998191833
0.6073358058929443
0.6680903434753418
0.5632076263427734
0.5072104334831238
0.2234559953212738
0.4435165524482727
0.5368998050689697
0.5555591583251953
0.6086347103118896
0.53488689661026
0.6760824918746948
0.636034369468689
0.542863130569458
0.5745714902877808
0.6245214939117432
0.7587561011314392
0.3246493935585022
0.5419856309890747
0.5572060346603394
0.4968339800834656
0.8121432065963745
1.1502541303634644
