0.5565491914749146
0.6420589685440063
0.7061150670051575
0.28650206327438354
0.7199194431304932
0.28482842445373535
0.5575087070465088
0.3153914213180542
0.5528134107589722
0.6174350380897522
0.6049836277961731
0.47281789779663086
0.4007684588432312
0.40389126539230347
0.4701387882232666
0.43290987610816956
0.46900519728660583
0.7410728931427002
0.792249858379364
0.22377128899097443
0.6567002534866333
0.6603100895881653
0.42234259843826294
0.37608322501182556
0.3846319317817688
0.45016002655029297
0.8258154988288879
0.9880824089050293
0.4509827196598053
0.5627923011779785
0.3999241888523102
0.546909511089325
0.7983772158622742
0.581139087677002
0.6120613813400269
0.7236731052398682
0.4752133786678314
0.7366346120834351
0.3949138820171356
0.44163674116134644
0.5247238278388977
0.343128502368927
0.5587587356567383
0.44000619649887085
0.8779411315917969
0.5328704118728638
0.5606628656387329
1.0074553489685059
0.30549463629722595
0.6499098539352417
0.4050211012363434
0.396361768245697
0.9373959302902222
0.35982009768486023
0.2631634771823883
0.7792753577232361
0.7384141087532043
0.3695574402809143
0.4726789593696594
0.42066478729248047
0.40577030181884766
1.3579342365264893
0.43914079666137695
0.9334386587142944
0.7396087050437927
0.6027548909187317
0.8330732583999634
0.3481210768222809
0.5428290367126465
0.38055840134620667
0.3774794936180115
0.30922454595565796
0.40915703773498535
0.21236470341682434
0.8884028196334839
0.4800880551338196
0.36013585329055786
0.46240267157554626
0.6271406412124634
0.5200799107551575
0.2718551754951477
0.28462472558021545
0.5499264001846313
0.6413567662239075
0.7921421527862549
0.3624889850616455
1.28401780128479
0.5647074580192566
0.16379477083683014
1.251150369644165
0.37455812096595764
0.30516889691352844
0.3624331057071686
1.060617208480835
0.7727909684181213
0.6644498705863953
0.4271799623966217
0.6138733625411987
0.3532070517539978
0.3234006464481354
0.5588301420211792
0.2806500792503357
0.5660290718078613
0.41749390959739685
0.8036824464797974
0.3690564036369324
0.3726140856742859
0.7765499353408813
1.1344702243804932
0.5120340585708618
0.6043626070022583
0.5127733945846558
0.436901718378067
0.46299076080322266
0.42556634545326233
0.6731489896774292
1.0965858697891235
0.6182135343551636
0.4188705086708069
0.3830219507217407
0.61363285779953
0.34388700127601624
0.8855546712875366
0.5896849632263184
0.4093833863735199
0.32830309867858887
0.754765510559082
0.3040533661842346
0.3290629982948303
0.8070685267448425
0.40773850679397583
0.4459596574306488
0.6018884778022766
1.2635270357131958
0.30243444442749023
0.3674890100955963
0.7277086973190308
0.3919810354709625
0.4166809618473053
0.4306110441684723
0.9340237379074097
0.6094290614128113
0.4346190392971039
0.6870835423469543
0.3742825984954834
0.687200665473938
0.7837505340576172
0.5926227569580078
0.5821124315261841
0.3925999402999878
0.580586314201355
0.3346264064311981
0.891950786113739
0.3786087930202484
0.7535463571548462
0.17885370552539825
0.3549900949001312
0.3076367974281311
0.47994714975357056
0.5661858916282654
0.7563043832778931
0.5694319605827332
0.4169136881828308
0.19020037353038788
0.49276646971702576
0.9957613945007324
0.7935037016868591
0.346487820148468
0.3043973743915558
0.8749955296516418
0.504191517829895
0.5192170739173889
0.8722758293151855
1.0902410745620728
0.813064455986023
0.9326516389846802
0.7873903512954712
0.3908042311668396
0.890774130821228
0.5902565121650696
0.48384207487106323
0.3891920745372772
0.6918669939041138
0.6287356615066528
0.43957647681236267
0.5242673754692078
0.38610705733299255
0.4749998152256012
0.37962278723716736
0.37162405252456665
0.8316718935966492
0.5167418718338013
0.39686551690101624
0.18919602036476135
0.6052097082138062
0.39736413955688477
0.416835218667984
0.4120994508266449
0.20443108677864075
0.6475697755813599
0.3048344850540161
0.44230908155441284
0.41094741225242615
0.8050189018249512
0.8325315713882446
0.611853301525116
0.3938100039958954
0.291601300239563
0.2783835530281067
0.9278367757797241
0.6102604866027832
1.0795894861221313
0.5169097781181335
0.40752583742141724
0.3180878758430481
0.43327245116233826
0.5462668538093567
0.41772976517677307
0.9187512397766113
0.4942850172519684
0.7281757593154907
0.4596808850765228
0.49478572607040405
0.26945024728775024
0.7024105787277222
0.5503292083740234
0.5163676142692566
0.5748066902160645
0.2534375488758087
0.30929291248321533
0.5100640654563904
0.5139176845550537
0.3211418390274048
0.383419930934906
0.8052692413330078
0.6070258021354675
0.4690414071083069
1.0847692489624023
0.4651595950126648
0.5880570411682129
0.3099387288093567
0.8198113441467285
0.45858749747276306
0.27856770157814026
0.5342648029327393
0.4167960584163666
1.1444038152694702
0.5380496978759766
1.2124354839324951
0.6607208251953125
0.14020869135856628
0.3331051766872406
0.3725598156452179
0.7111403346061707
0.540671706199646
0.6868590116500854
0.39781418442726135
0.5639923810958862
0.13160768151283264
0.2908642292022705
0.5112859010696411
0.3005393445491791
0.2636539936065674
0.7627946734428406
0.29576247930526733
0.5858224034309387
0.48334717750549316
0.3421368896961212
0.634353518486023
0.971507728099823
0.4702923893928528
0.5802881717681885
0.6746760606765747
0.4130116403102875
0.5291455388069153
0.372233510017395
0.4119402766227722
0.5721193552017212
0.47725266218185425
0.7654743790626526
0.45069628953933716
0.39819514751434326
0.6646550893783569
0.29443058371543884
0.521283745765686
0.6871680617332458
0.7138894200325012
0.5154181718826294
0.75547856092453
0.6116975545883179
0.3210088312625885
0.4279446601867676
0.5800144672393799
0.9191986322402954
0.38867253065109253
0.5008045434951782
0.675857663154602
0.36403459310531616
0.44915977120399475
0.648640513420105
0.49020618200302124
0.50152188539505
0.4070654511451721
0.5485934019088745
0.47553378343582153
0.3774140477180481
0.5145623683929443
0.5184644460678101
0.6811119914054871
0.45084676146507263
0.67363041639328
0.7931450605392456
1.0480220317840576
0.6029543280601501
0.4159594178199768
0.41097569465637207
0.677860677242279
0.38629961013793945
0.4048604965209961
0.5542250871658325
0.603044867515564
0.4273250997066498
0.30663979053497314
0.38818126916885376
0.2395809143781662
0.4408959448337555
0.765238344669342
0.3220468759536743
0.5613599419593811
0.6244551539421082
0.3949509561061859
0.45120301842689514
0.7218923568725586
0.6078780889511108
0.8797466158866882
0.6021580696105957
0.5187082290649414
0.3686196506023407
