0.331723690032959
0.5869324803352356
0.41686326265335083
1.0723707675933838
0.382224977016449
0.35927677154541016
1.2241986989974976
0.913448691368103
0.38729384541511536
0.5405332446098328
0.5176039338111877
0.39762404561042786
0.7923930883407593
0.6905259490013123
0.44014111161231995
0.9950885772705078
0.37955373525619507
0.46332985162734985
0.38696879148483276
0.5903204679489136
0.4536837935447693
0.48836421966552734
0.43045487999916077
0.321030855178833
0.9745379686355591
0.6020653247833252
0.18639203906059265
0.5204893350601196
0.7553690671920776
0.5589406490325928
0.5809550285339355
0.763202965259552
0.47685232758522034
0.4692734181880951
0.32795754075050354
0.5806763768196106
0.846204400062561
0.7234092950820923
0.5293245911598206
0.2831017076969147
0.6021221876144409
1.0526529550552368
0.5584329962730408
0.7156699299812317
0.38308683037757874
0.318231463432312
0.639818012714386
0.635800838470459
0.5633927583694458
0.598236083984375
0.8323884010314941
0.2251826971769333
0.33173927664756775
0.5415515899658203
0.7006327509880066
0.7522145509719849
0.40304622054100037
0.25766316056251526
0.619477391242981
0.3360178768634796
0.5534684062004089
0.45585519075393677
0.27780652046203613
0.3200475871562958
0.23035430908203125
0.39329615235328674
0.6754144430160522
0.46590861678123474
0.29092395305633545
0.7058395743370056
0.7798070907592773
0.45710715651512146
0.5659583210945129
0.46816033124923706
0.7119594812393188
1.1913827657699585
0.8109501600265503
0.6920508742332458
1.2044135332107544
0.3440380096435547
0.40731945633888245
0.37959957122802734
0.6155300140380859
0.3282551169395447
0.4547024667263031
0.36127179861068726
0.46337971091270447
0.41619738936424255
0.5594390630722046
0.7932876348495483
0.45589226484298706
0.968626856803894
0.7018153071403503
0.8185597658157349
1.1762913465499878
0.7772012948989868
0.3611082434654236
0.8031458854675293
0.37162691354751587
0.7720434069633484
0.36475902795791626
0.3415983319282532
0.24517282843589783
0.5572931170463562
0.5372120141983032
0.6287405490875244
0.3651205599308014
0.4113324284553528
0.6077098846435547
0.6303362846374512
0.5102981925010681
0.6238201856613159
0.46840763092041016
0.4053877890110016
0.3829086422920227
0.8298551440238953
0.24547281861305237
0.6215183734893799
0.2887018620967865
0.5532029271125793
0.3322054445743561
0.47206467390060425
0.12940116226673126
0.5678917169570923
0.3992100954055786
1.0323246717453003
0.6288682222366333
0.7360787391662598
0.4586678445339203
0.5175668001174927
0.831525981426239
0.40354329347610474
0.24877795577049255
0.7717767953872681
0.44986143708229065
0.4892606735229492
0.4289014935493469
0.5350160598754883
0.7226600050926208
0.7015964984893799
0.3532543182373047
0.49434423446655273
0.6586183309555054
1.0242784023284912
0.27628952264785767
0.33328333497047424
1.1900286674499512
0.7180078029632568
1.0091673135757446
1.0445091724395752
0.462287038564682
0.6471509337425232
0.3199339509010315
0.3118295669555664
0.6639196872711182
0.4685550630092621
0.6085830926895142
0.739389181137085
0.6357059478759766
0.8228886723518372
0.38162761926651
0.3438540995121002
0.4597818851470947
0.5271930694580078
0.4074915945529938
0.43794554471969604
0.27550092339515686
0.2428082972764969
0.593403160572052
0.30573296546936035
0.6139395236968994
0.41762199997901917
1.136042833328247
0.6548577547073364
0.21085087954998016
0.17086631059646606
0.6683036684989929
0.5039032101631165
0.20182693004608154
0.47485217452049255
1.1306830644607544
0.41406378149986267
0.4491891860961914
0.49704036116600037
0.6698650121688843
0.4228737950325012
0.4118703007698059
0.8301247358322144
0.4684377610683441
0.7921854257583618
0.3095594644546509
0.3666306138038635
0.4701530337333679
0.4411068856716156
0.6429423093795776
0.40171951055526733
0.9574516415596008
0.5557700395584106
0.45023995637893677
0.2233055830001831
0.7146137952804565
0.33419927954673767
0.5837644338607788
0.3229956328868866
0.26517602801322937
0.4218076765537262
0.3697079122066498
0.24187509715557098
0.28701135516166687
0.7454856634140015
0.4406206011772156
0.5168094635009766
0.23486509919166565
0.756432831287384
0.4043416976928711
0.9198204278945923
0.5499707460403442
0.6260095238685608
0.5361902117729187
0.3975426256656647
0.4827883839607239
0.8156415820121765
0.4515703320503235
0.4759763777256012
0.9954513311386108
0.4419255256652832
0.5167460441589355
0.2838333547115326
0.8009570240974426
0.5823463201522827
0.33467531204223633
0.7967171669006348
0.5955504179000854
0.41321229934692383
1.463031530380249
0.3086199164390564
0.7086808085441589
0.5607465505599976
0.4050448536872864
0.6554602384567261
0.6260195374488831
0.799956202507019
0.4152641296386719
0.33752670884132385
0.7384449243545532
0.4682843089103699
0.151095911860466
0.871986985206604
0.6262099146842957
0.39623457193374634
0.5546485185623169
0.529660701751709
0.3211285471916199
0.24731847643852234
0.7323005795478821
1.007134199142456
0.608030378818512
0.5437273979187012
0.6643811464309692
0.45936232805252075
0.6852540969848633
0.7246397137641907
0.3440656065940857
1.1001218557357788
0.1569792926311493
0.46163827180862427
0.4919986128807068
0.42645731568336487
0.35236692428588867
0.44998446106910706
0.5034588575363159
0.6297492980957031
0.49561262130737305
0.7261699438095093
0.7524563074111938
0.7069067358970642
0.5308663249015808
0.24731774628162384
0.46040505170822144
0.3395845890045166
0.2676393985748291
0.5922737121582031
0.2999088764190674
0.5743257999420166
0.5888697504997253
0.7446761131286621
0.565934956073761
0.7073232531547546
0.6743553876876831
0.9666786193847656
0.3759099543094635
0.49697941541671753
0.31716179847717285
0.59028559923172
0.310163676738739
0.303514301776886
0.46941012144088745
0.78238445520401
0.5355378985404968
0.4260581135749817
0.9171953201293945
0.5130677819252014
0.6075268983840942
0.8991096615791321
0.3925926387310028
0.3115183413028717
0.8989909291267395
0.25031834840774536
0.42550039291381836
0.5185862183570862
0.46015986800193787
0.5797151327133179
0.6024633646011353
0.3598247170448303
0.9873605966567993
0.6982182264328003
0.5328516960144043
0.7382122874259949
0.23880314826965332
0.26818886399269104
0.35115915536880493
0.3255021274089813
0.6135699152946472
0.6878223419189453
0.3911549150943756
0.33993595838546753
0.884349524974823
0.29683059453964233
0.432528555393219
0.36889225244522095
0.7799965143203735
0.4713626801967621
0.6074374914169312
0.7280088663101196
0.5738517642021179
0.7464491128921509
1.0061429738998413
0.9087174534797668
