0.5162047147750854
0.3517104387283325
0.7103103399276733
0.23497524857521057
0.572975754737854
0.4303147792816162
0.6068784594535828
0.45804744958877563
0.5508132576942444
0.6083532571792603
0.8157614469528198
0.5000044107437134
0.5999938249588013
0.6906406283378601
0.4188461899757385
0.46634459495544434
0.38301101326942444
0.4289473593235016
0.41864079236984253
0.569253146648407
0.6787477731704712
0.39209961891174316
0.6955642700195312
0.4011291563510895
0.5487165451049805
0.3715667724609375
0.8235920667648315
0.26983508467674255
0.532482385635376
0.634867787361145
0.5230101346969604
0.7887500524520874
0.6419337391853333
0.5844336152076721
0.8887810707092285
0.6711550951004028
0.7668410539627075
0.30466827750205994
0.4369589388370514
0.39609700441360474
0.5229484438896179
0.619572639465332
1.158212661743164
0.3294643461704254
0.36550650000572205
0.355743944644928
0.8536493182182312
0.30354082584381104
0.4326363503932953
0.5513932704925537
0.25775834918022156
0.3459986746311188
0.4860847592353821
0.7618581056594849
0.6689243316650391
0.43357306718826294
0.48537713289260864
0.27019205689430237
0.3995562195777893
0.5175918340682983
0.6634033918380737
0.7303786277770996
0.4705704152584076
0.30870816111564636
0.46768254041671753
0.15013951063156128
0.6981850266456604
0.44439101219177246
0.5736481547355652
0.48434561491012573
0.598176121711731
0.32371222972869873
0.7075060606002808
0.4248434603214264
0.4421877861022949
0.6786478161811829
0.9576916694641113
0.5942932963371277
0.584264874458313
0.4044782519340515
0.30882352590560913
0.7416590452194214
0.3323497772216797
0.5861354470252991
0.7712925672531128
0.4050045907497406
0.20127363502979279
0.6403014659881592
0.5306296348571777
0.4741838872432709
0.22190174460411072
0.7378097176551819
0.32013827562332153
0.3762803077697754
0.4968181550502777
0.22940334677696228
1.0368106365203857
0.6534972190856934
0.7486366629600525
0.2308860570192337
0.5377128720283508
0.4467255473136902
0.35381796956062317
0.554148256778717
0.18349304795265198
0.5611733794212341
0.4883650839328766
0.5440666079521179
0.3396039307117462
0.9656076431274414
0.4548005163669586
0.7389792799949646
0.49143093824386597
0.6347342729568481
0.47642236948013306
0.3675420880317688
0.4290367066860199
0.5344566702842712
0.1467917263507843
0.8943616151809692
0.3686707615852356
0.6417205929756165
0.3328803479671478
0.739607036113739
0.8802706003189087
0.601626992225647
0.5151375532150269
0.6845666766166687
0.3585739731788635
0.46124067902565
0.4121538996696472
0.3520851135253906
0.4244905114173889
0.7874882817268372
0.2987367510795593
0.8890737295150757
0.2508290112018585
0.44583606719970703
0.4042769968509674
0.7319375872612
0.2901805341243744
0.5554850697517395
0.7879616618156433
0.729277491569519
0.37787318229675293
0.3226500153541565
0.6011698246002197
0.4729807376861572
0.6921026706695557
0.39563697576522827
0.7128830552101135
0.19908317923545837
0.37098878622055054
0.4669128954410553
0.2738523781299591
0.3347601294517517
0.6713097095489502
0.782808780670166
0.7758947610855103
0.9637597799301147
0.33427006006240845
0.6113254427909851
0.3584751486778259
0.5441047549247742
0.7879824638366699
0.394976407289505
0.6178248524665833
0.38989025354385376
0.7753639221191406
0.5760154128074646
0.5757545232772827
0.3904570937156677
0.23468363285064697
0.36926549673080444
0.7871099710464478
0.5621981620788574
0.36275166273117065
0.2902103066444397
0.5836833119392395
0.31845420598983765
1.1255989074707031
0.30573761463165283
0.4467686116695404
0.5370503664016724
0.5621578693389893
0.3957586884498596
0.4504201412200928
0.628873348236084
0.27050530910491943
0.5713723301887512
0.9475261569023132
0.41366443037986755
0.6903499364852905
1.2930383682250977
0.6051286458969116
0.4443391263484955
0.2808775007724762
0.8508003354072571
0.9307891130447388
0.5501965284347534
0.35683244466781616
0.5188575983047485
0.3575846552848816
0.37399205565452576
0.36455783247947693
0.8764780759811401
0.44950222969055176
0.2628033757209778
0.44728001952171326
0.5785225033760071
0.7747327089309692
0.7078608870506287
0.4717777669429779
0.6201678514480591
0.555247962474823
0.4100768566131592
0.6090649366378784
0.7302311062812805
0.5207780599594116
0.2021678239107132
0.603217363357544
0.8481853604316711
0.32734763622283936
0.7071937322616577
0.42549267411231995
0.5092204213142395
0.2013840675354004
0.554582953453064
0.9339828491210938
0.30674755573272705
0.5854575037956238
0.5534647703170776
0.5701249837875366
0.97221440076828
0.2942601442337036
0.42232900857925415
0.6180300712585449
0.2743038535118103
0.18278329074382782
0.430560439825058
0.517718493938446
0.6732825636863708
0.5283423066139221
0.8426340818405151
0.39019039273262024
0.5979300737380981
0.6742755770683289
0.6842214465141296
0.3521149158477783
0.7630913853645325
0.721915602684021
0.6782571077346802
0.47367343306541443
0.43900924921035767
0.7297797203063965
0.7006164789199829
0.7165802717208862
0.9007245898246765
0.7972291707992554
0.328691691160202
0.28423914313316345
0.583580493927002
0.48138412833213806
0.4890875816345215
0.941016674041748
0.6014497876167297
0.357665091753006
0.26809030771255493
0.37363293766975403
0.5458978414535522
0.6255306005477905
0.8347481489181519
0.26205864548683167
0.32392868399620056
0.35362401604652405
0.3064989447593689
0.544127881526947
0.7170637845993042
0.468366801738739
0.6064642071723938
0.6235795021057129
0.5142453908920288
1.3170397281646729
0.30926313996315
0.40159958600997925
0.3233364224433899
0.7895413637161255
0.6929656863212585
0.3110239505767822
0.4555252194404602
0.43981534242630005
0.3459920883178711
0.7854711413383484
0.3075931966304779
0.6148824095726013
0.35703983902931213
0.6798045039176941
0.24532365798950195
0.4887281358242035
0.4864102303981781
0.3535573482513428
0.40644487738609314
0.2500627040863037
1.0028810501098633
0.22992710769176483
0.5217800736427307
0.990223228931427
0.5187277793884277
0.511971652507782
0.5295308232307434
0.5215660333633423
0.39520159363746643
0.32948511838912964
0.8853410482406616
0.3834591805934906
0.7709022164344788
0.4314047694206238
0.642372727394104
0.5303269624710083
0.7134507298469543
0.32084333896636963
0.5681511759757996
0.5993524789810181
0.14971542358398438
0.26288554072380066
0.540681004524231
0.3089381754398346
0.282076895236969
0.48158398270606995
0.3080199658870697
0.824701189994812
1.2808431386947632
0.5264065265655518
0.4828336834907532
0.7963451147079468
0.2944321036338806
0.9508091807365417
0.595121443271637
