0.3020167648792267
0.5128790736198425
0.31750625371932983
0.35206618905067444
0.4397088587284088
0.7819197773933411
0.6323835253715515
0.6189002990722656
0.6001898646354675
0.30133795738220215
0.5709022283554077
0.3231472969055176
0.3712303042411804
0.937718391418457
0.32473239302635193
0.3150720000267029
0.5965381264686584
0.558455765247345
0.5073020458221436
0.8895882368087769
0.7154037952423096
0.4766826033592224
0.25374728441238403
0.3869645893573761
0.47228938341140747
0.30771633982658386
0.36861178278923035
0.4046749174594879
0.46684640645980835
0.342040479183197
0.17441901564598083
0.26008766889572144
0.6245521306991577
0.6704156994819641
0.3789418637752533
0.531394362449646
0.7022448182106018
0.2573320269584656
0.6740937232971191
0.4260905385017395
0.32824769616127014
0.7553551197052002
0.5003937482833862
1.2062513828277588
0.6191509962081909
0.47615233063697815
0.38649648427963257
0.39216727018356323
0.46601438522338867
0.32838675379753113
0.44395700097084045
0.48802000284194946
0.5129238963127136
0.6840065121650696
0.5148123502731323
0.29666316509246826
0.4428870677947998
0.32241693139076233
1.0473573207855225
0.4367232322692871
0.32243186235427856
0.659046471118927
0.2776913344860077
0.5531686544418335
0.8593555688858032
0.4098799228668213
0.7352743744850159
0.47367238998413086
0.4543307423591614
0.6488953828811646
0.46264833211898804
0.32330751419067383
0.6659594774246216
0.3338291049003601
0.3520786464214325
0.673233151435852
1.0338428020477295
0.657167911529541
0.41145244240760803
0.597586452960968
0.5346767902374268
1.1208724975585938
0.17680993676185608
0.6845462322235107
0.6243419647216797
0.38296177983283997
0.48327046632766724
0.22405311465263367
0.29036083817481995
0.46781522035598755
0.6150100827217102
0.5522050261497498
0.6652483344078064
0.691400408744812
0.8220080137252808
0.2699737250804901
0.4932654798030853
1.2016047239303589
0.2806004285812378
0.5639835000038147
0.5616642832756042
0.8029367327690125
0.35705143213272095
0.7911514639854431
0.44450855255126953
0.4595986306667328
0.5210118889808655
0.26902738213539124
0.47522106766700745
0.48305922746658325
0.36517253518104553
0.4560123383998871
0.5432325005531311
0.5379294157028198
0.26711782813072205
0.7641101479530334
0.5357404947280884
0.6217758655548096
0.6214617490768433
0.9122762680053711
0.3471580147743225
0.4286278784275055
0.5823560357093811
0.7755802273750305
0.42684492468833923
0.7336973547935486
0.8391682505607605
0.32647278904914856
0.7033858895301819
0.5159627199172974
0.21283960342407227
0.6885193586349487
0.7594337463378906
0.7920315265655518
0.3102278709411621
0.5154167413711548
0.26675647497177124
0.4289108216762543
0.4876946806907654
0.35244494676589966
1.1859657764434814
0.46969571709632874
0.4955969452857971
0.6399232149124146
0.27878838777542114
0.38039225339889526
0.5341542959213257
0.734584629535675
0.6290171146392822
0.6981905102729797
0.26610004901885986
0.4459420144557953
0.3584985136985779
0.9860313534736633
0.39258241653442383
0.6694442629814148
0.3425171375274658
1.407867670059204
0.3556692600250244
0.5983971953392029
0.49641743302345276
0.6688259840011597
0.4662627577781677
0.4597410261631012
0.47096672654151917
0.38341039419174194
0.5596535205841064
0.9243589639663696
0.9673650860786438
0.5653207302093506
0.33399897813796997
0.24007460474967957
0.800449013710022
0.643292248249054
0.2070539891719818
0.87640780210495
0.17010535299777985
0.7184975147247314
0.3497368097305298
0.4579369127750397
0.40406370162963867
0.5886911749839783
0.6596363186836243
0.8697126507759094
0.6112315058708191
0.27502205967903137
0.42676353454589844
0.7174237966537476
0.3590150773525238
0.4990907609462738
0.34407052397727966
0.6852044463157654
0.4460392892360687
0.7185675501823425
0.7197410464286804
0.525567352771759
0.2795012891292572
0.24149560928344727
0.6101018190383911
0.6507822871208191
0.66816645860672
0.660018265247345
0.494124174118042
0.37385094165802
0.7870152592658997
0.28804486989974976
0.24938717484474182
0.5520130395889282
1.0572917461395264
0.45020318031311035
0.5511781573295593
0.6500533819198608
0.49608421325683594
1.5624423027038574
0.609455943107605
0.3533216714859009
0.7663609385490417
0.34079089760780334
0.6527295112609863
0.4386571943759918
0.6536546945571899
0.6128751635551453
0.42667287588119507
0.44306087493896484
0.5879251956939697
0.4713195860385895
0.3785284757614136
0.5242242217063904
1.0921523571014404
0.686297595500946
0.3207896947860718
1.2576402425765991
0.37541231513023376
0.49260473251342773
0.4029083251953125
0.5087540745735168
0.7582014203071594
0.8341129422187805
0.44266277551651
0.39389005303382874
0.5996044874191284
0.7194398045539856
0.27806490659713745
0.9687395095825195
1.0379687547683716
0.5430816411972046
0.17841483652591705
0.35246482491493225
0.5207771062850952
0.3226529061794281
0.6428073048591614
1.1126543283462524
0.7213211059570312
0.5824322700500488
0.2627679109573364
0.5239635705947876
0.7198696136474609
0.589505672454834
0.7504976987838745
0.3319671154022217
0.6685357093811035
0.4406376779079437
0.6118147969245911
0.37393054366111755
1.024591326713562
0.2740231156349182
0.7292394638061523
0.38667887449264526
0.29292842745780945
0.3254093527793884
0.30144673585891724
0.3036611080169678
0.35426750779151917
0.4194386601448059
0.5631223917007446
0.4733513295650482
0.9585930109024048
0.8714579343795776
0.586829662322998
0.86370849609375
0.20717568695545197
0.4235367774963379
0.5659018158912659
0.6577423810958862
0.9730848073959351
0.8087587356567383
0.6279899477958679
0.4824361801147461
0.8952798843383789
0.9137595891952515
0.40588754415512085
0.7716253399848938
0.6104630827903748
0.23841030895709991
0.5175361633300781
0.3625928461551666
0.4787449240684509
0.3071073889732361
0.2785937786102295
0.7287600636482239
1.290381669998169
0.2720310091972351
0.24070468544960022
0.8472627401351929
0.9498627781867981
0.4155321717262268
0.21401290595531464
0.2489227056503296
0.5282412767410278
0.3941914737224579
0.5588670372962952
0.2528046667575836
0.6074532866477966
0.9163680076599121
0.4139852523803711
0.3806108236312866
0.2829247713088989
0.4562033712863922
0.5423734784126282
0.4395557940006256
0.626368522644043
0.2967141568660736
0.2303682118654251
0.5748685002326965
0.6234623789787292
0.622492790222168
0.48818087577819824
0.24198167026042938
0.3662748336791992
1.0165307521820068
0.4382098317146301
0.5381542444229126
0.6852768063545227
0.6651811599731445
0.5660656690597534
0.2969835698604584
0.2710517346858978
0.8127143383026123
