0.32354655861854553
0.49438372254371643
0.7411876916885376
0.8509648442268372
0.47213658690452576
0.4107864499092102
0.6701492071151733
0.8605756759643555
0.5246809720993042
0.5127975344657898
0.5150022506713867
0.3584260940551758
1.018263578414917
0.2556028664112091
0.5372239947319031
0.7859576344490051
0.5488342642784119
0.8392711877822876
0.8840815424919128
0.9825757145881653
0.37125977873802185
1.0081923007965088
0.6691187024116516
0.6793786287307739
0.7919033765792847
0.3663542866706848
0.5564776659011841
0.40246886014938354
0.3776751458644867
1.1654365062713623
0.4748139977455139
0.5363234877586365
0.9850909113883972
0.9026296734809875
0.3685327172279358
0.4869949221611023
0.6749576330184937
0.45672035217285156
0.7993152141571045
0.6959633827209473
0.6910117268562317
1.3527061939239502
0.8168171644210815
1.1256842613220215
0.43607884645462036
0.5364080667495728
0.600479006767273
0.8849282264709473
0.8919121026992798
0.7438483238220215
0.408958375453949
0.4997193217277527
0.6613157987594604
0.7926687002182007
0.5614864230155945
0.8816146850585938
0.8420714139938354
0.46270570158958435
0.8716909289360046
0.5363022089004517
0.9655466079711914
0.6685260534286499
0.509079098701477
0.3699943423271179
0.855708122253418
0.6282433271408081
0.9203888177871704
0.781377911567688
0.7525984048843384
0.5041688680648804
0.945469856262207
0.6346176862716675
1.4953924417495728
0.4326058328151703
0.8545266389846802
0.8032299280166626
0.9371973872184753
0.8204215168952942
0.8683969378471375
0.92329341173172
0.664038896560669
1.1510634422302246
0.8853802680969238
0.3094012141227722
0.6560242176055908
0.5137559771537781
0.39834675192832947
0.6975583434104919
0.63605135679245
0.7281945943832397
0.6407257914543152
0.6970241665840149
0.9169880747795105
0.4297737181186676
0.8447820544242859
0.38080301880836487
0.7473070025444031
0.47482770681381226
0.9620353579521179
0.6209385991096497
0.7986874580383301
0.6455317139625549
1.2193495035171509
0.44692593812942505
0.5737756490707397
1.07492995262146
1.1438319683074951
0.8882067799568176
0.44532451033592224
0.48129862546920776
0.4068463444709778
0.44012975692749023
0.7415669560432434
0.6109094619750977
0.6150100827217102
0.8152491450309753
0.9154987335205078
0.5788517594337463
0.6557552218437195
0.38857001066207886
0.6895359754562378
0.8384464979171753
0.4512881338596344
0.4706474840641022
0.7995120286941528
0.6163173913955688
0.5330719947814941
0.3875063955783844
0.5419033765792847
0.7147997617721558
0.4281095564365387
0.4935131072998047
0.6033948659896851
0.9708648920059204
0.5111554861068726
0.7613599896430969
0.9433396458625793
0.43703651428222656
0.8039655685424805
0.5215836763381958
0.3140784800052643
0.6426368951797485
0.6083002686500549
1.122232437133789
1.6715412139892578
0.9823923110961914
0.43744635581970215
0.2911830544471741
0.5904768705368042
1.4574170112609863
0.5469399094581604
0.7803739309310913
0.8324295282363892
0.6885589361190796
0.4416565001010895
0.49750104546546936
1.0701576471328735
0.9453489184379578
0.7394384145736694
0.3825281262397766
0.39898043870925903
0.6372098326683044
0.8122965097427368
0.421067476272583
0.636610209941864
0.9651843309402466
0.6731323003768921
0.7369688153266907
0.5114750862121582
0.5381087064743042
0.5708515644073486
0.862819492816925
0.3984134793281555
0.39581799507141113
0.5999935865402222
0.695984423160553
0.8428703546524048
0.6537052392959595
1.4989670515060425
0.5390441417694092
0.8515461683273315
0.9659696817398071
0.873167872428894
0.4896358549594879
0.5529851317405701
0.7322217226028442
0.44290289282798767
0.8008427619934082
0.9516350030899048
0.34278932213783264
0.8251547813415527
0.6413438320159912
0.629540205001831
0.8890200853347778
1.369105339050293
1.0569038391113281
1.286030888557434
0.574578583240509
0.46580973267555237
0.5944908261299133
0.6856986880302429
0.5244070887565613
0.9953629374504089
0.3175658583641052
0.7370327115058899
0.5864249467849731
1.0004684925079346
0.7324891090393066
0.8265700340270996
0.556724488735199
0.7509728074073792
0.6875266432762146
0.6157722473144531
0.608322024345398
0.7309216260910034
0.9826672673225403
0.6882230639457703
0.9823625683784485
0.38119783997535706
0.8449066281318665
0.7761950492858887
0.47122734785079956
0.4635653495788574
0.7710382342338562
0.6696597933769226
0.4465157389640808
0.6706917881965637
0.6132848858833313
0.25286656618118286
0.7136934995651245
0.22426871955394745
0.5244307518005371
0.7404791116714478
0.26961982250213623
0.5921549797058105
0.39421194791793823
0.9630597233772278
0.5690435767173767
0.7268809080123901
0.7707875370979309
0.527125358581543
1.0598204135894775
0.8552829623222351
0.4379914700984955
1.018258810043335
0.5312825441360474
0.9596636891365051
0.31264057755470276
0.6904522180557251
0.9385452270507812
0.2868386209011078
0.9554756283760071
0.7832646369934082
0.4339767396450043
0.6998942494392395
0.8587528467178345
1.796796441078186
0.9092334508895874
0.922110915184021
0.7078813314437866
0.5983136296272278
0.7300403714179993
1.3182713985443115
0.4012843072414398
0.5714924931526184
0.657437801361084
0.8933917880058289
0.5024241805076599
0.6974231004714966
0.7542662620544434
1.0513859987258911
0.5566621422767639
0.6934812664985657
0.5802702307701111
0.6469685435295105
1.3510184288024902
0.8349562883377075
0.5984377264976501
0.5136533975601196
0.4534674286842346
1.166754126548767
0.7176288366317749
0.6761029362678528
0.7894840836524963
0.6544659733772278
0.4158404469490051
0.7249314785003662
0.6062817573547363
0.6223107576370239
0.4912659525871277
1.3469252586364746
0.7568143606185913
0.9819282293319702
0.6638172268867493
0.7298446893692017
0.5309895277023315
0.8318763971328735
0.839063823223114
0.7731960415840149
0.6408470869064331
0.5574873089790344
0.7584249973297119
0.34147384762763977
0.5120876431465149
0.8707531094551086
0.5366220474243164
0.8829059600830078
0.8527669906616211
0.289642333984375
0.6796802878379822
0.9980864524841309
1.045112133026123
0.645006000995636
0.8007636070251465
0.43556761741638184
0.6576321721076965
0.8031655550003052
0.3985307812690735
0.6491958498954773
0.9056512713432312
0.7880397439002991
0.38130608201026917
0.8640087246894836
0.5329174399375916
0.9433656930923462
0.7153157591819763
0.42762207984924316
0.9127339124679565
0.885799765586853
0.3634944558143616
1.0328295230865479
0.9477171897888184
1.1179877519607544
0.6033727526664734
0.5641781687736511
0.6101313829421997
0.9485518336296082
0.6606382727622986
