0.5265051126480103
0.9840810894966125
1.1368706226348877
0.634328305721283
0.37376612424850464
0.6602528691291809
0.43174314498901367
0.6992948651313782
0.48678240180015564
0.5274440050125122
0.657654345035553
0.4770740866661072
0.6067672371864319
0.4538472592830658
0.5483909845352173
0.514380156993866
0.6192139983177185
0.695992648601532
0.9130455851554871
0.24016299843788147
0.3291778862476349
0.5163244009017944
0.8916231393814087
0.4018559455871582
0.5107527375221252
0.5792657732963562
1.1075280904769897
0.5545498728752136
0.5362218618392944
0.9613001942634583
0.7112811803817749
0.4859658181667328
0.7178819179534912
0.29137808084487915
0.466409832239151
0.8625157475471497
0.5301925539970398
0.494058221578598
0.4297456741333008
0.4320247769355774
0.3715210258960724
0.6223905086517334
0.33431071043014526
0.2760884463787079
0.4504781663417816
0.4378468096256256
0.3154926002025604
0.8406160473823547
0.4591459333896637
0.5209611654281616
0.2582142651081085
1.0134289264678955
0.556989848613739
0.7844287753105164
0.5152907371520996
0.8598229289054871
0.725185751914978
0.3304522633552551
0.44362154603004456
0.48969388008117676
0.34632641077041626
0.2754632234573364
0.5960527658462524
0.8330292701721191
0.46104106307029724
0.6135736703872681
0.596387505531311
0.7940230965614319
0.44074779748916626
0.7867568135261536
0.2648666501045227
0.612817108631134
0.4302489161491394
0.45147523283958435
0.45569485425949097
0.5911051630973816
0.6591464281082153
0.16509675979614258
0.6316157579421997
0.3882277011871338
0.25416046380996704
0.5493696928024292
0.8961734771728516
0.9176298379898071
0.8498899340629578
0.4203997552394867
0.44548502564430237
0.5804159641265869
0.6003457307815552
0.46303480863571167
0.5641489624977112
0.6774648427963257
0.5016391277313232
0.7243633270263672
0.5379085540771484
0.8065465688705444
0.39669886231422424
0.5342181921005249
0.38794320821762085
0.31092339754104614
0.35749515891075134
0.3366713225841522
0.5524052977561951
0.48074930906295776
1.0713449716567993
0.4538561701774597
0.27398350834846497
0.6565462350845337
0.8041577339172363
0.445103257894516
0.5894170999526978
0.730218231678009
1.2409852743148804
0.2710210978984833
0.730940043926239
0.5392702221870422
0.495991051197052
0.5329486727714539
0.4116275906562805
0.34370288252830505
0.42726317048072815
0.6322993040084839
0.8907790184020996
0.2735289931297302
0.546481728553772
0.8893664479255676
0.5651484727859497
0.35076433420181274
0.5094205141067505
0.43072301149368286
0.6646612286567688
0.5814535021781921
0.46479710936546326
0.263553261756897
0.5943297147750854
0.5120962858200073
0.4204789996147156
0.9137714505195618
0.5911824703216553
0.2949322760105133
1.0006935596466064
0.5485400557518005
0.6394259929656982
0.5643279552459717
0.32719025015830994
0.5841667056083679
0.37088286876678467
0.3612823784351349
0.463076651096344
0.5017223954200745
0.8081766366958618
0.2653310000896454
0.6385475397109985
0.3743654191493988
0.6082765460014343
0.7065044641494751
0.5889990329742432
0.24811263382434845
0.6578317284584045
0.6534214019775391
0.31038957834243774
0.3534102439880371
0.5931973457336426
0.5134376287460327
0.5063725709915161
0.490394651889801
0.43173831701278687
0.9148372411727905
1.0238488912582397
0.3957139551639557
0.5805432200431824
0.90809565782547
0.10366742312908173
0.3155261278152466
0.2231195718050003
0.563606321811676
0.40753597021102905
0.554354727268219
0.28013890981674194
0.7714979648590088
0.4248201251029968
0.5561864972114563
0.7067981958389282
0.31363892555236816
0.8112332224845886
0.6435766220092773
0.4514384865760803
0.6277258396148682
0.4570377469062805
0.8891279101371765
0.3683903217315674
0.5087292194366455
0.44804081320762634
0.5252317190170288
0.4718257486820221
0.2729906737804413
0.5191181898117065
0.2662314772605896
0.42780837416648865
0.2795780599117279
0.46087345480918884
0.6375136971473694
0.40049391984939575
0.5408583879470825
0.4652886986732483
0.501831591129303
0.46471863985061646
1.0772300958633423
0.3589591085910797
0.6101759672164917
0.24127788841724396
0.3357113301753998
0.6952739953994751
0.6315919160842896
1.0829994678497314
0.327259361743927
0.47264331579208374
0.5589298009872437
0.3290882706642151
0.781793475151062
0.5278620719909668
0.5469865798950195
0.26146599650382996
0.3591960072517395
0.44748562574386597
0.33920198678970337
0.44296836853027344
0.6220914125442505
0.6454087495803833
0.24401450157165527
0.47935348749160767
0.5974475741386414
0.7044645547866821
0.5591146349906921
0.48316097259521484
0.49936795234680176
0.5050472617149353
0.6213897466659546
0.4996616840362549
0.25983673334121704
0.5996586084365845
0.5133196115493774
0.3843890130519867
0.30561548471450806
0.5973239541053772
0.3843887746334076
0.3077525496482849
0.8993134498596191
0.31347399950027466
0.8212100267410278
0.9030791521072388
0.3015511631965637
0.7701395153999329
0.6586567759513855
0.6311712265014648
0.21866998076438904
0.7711559534072876
0.6866245865821838
1.021944522857666
0.4394718110561371
0.4418066442012787
0.35310837626457214
0.6936054825782776
0.6162196397781372
0.6597038507461548
0.35449403524398804
0.8240305781364441
0.7373152375221252
0.29304057359695435
0.6794790029525757
1.102653980255127
0.1611834466457367
0.6618632078170776
1.0259273052215576
0.6330275535583496
0.15777620673179626
0.6202640533447266
0.5000190734863281
0.31062549352645874
0.6098706126213074
0.5977708101272583
0.5515047311782837
0.4829162657260895
0.4023799002170563
0.5224621891975403
0.6446961760520935
0.4422011971473694
0.6626527309417725
0.37739691138267517
0.5716148614883423
0.17935927212238312
0.587058424949646
0.29222989082336426
1.0693085193634033
0.15022394061088562
0.6772218942642212
0.3781016767024994
0.5615841150283813
1.000250220298767
0.35638147592544556
0.6809762716293335
0.4406868815422058
0.6948198080062866
0.5029974579811096
0.35392633080482483
0.7563778162002563
0.8304744958877563
0.36617511510849
0.5163156390190125
0.6048887968063354
0.541655421257019
0.16771283745765686
0.3122269809246063
0.2741315960884094
0.3936119079589844
1.043261170387268
1.1452291011810303
0.5445784330368042
0.369100958108902
0.5030393004417419
0.8376960754394531
0.49032488465309143
0.441066175699234
0.44422444701194763
0.3832911252975464
0.38262876868247986
0.43767738342285156
0.7035906314849854
1.2438777685165405
0.6020326614379883
0.5659381151199341
0.47639399766921997
0.2829643189907074
0.30207115411758423
0.6444182991981506
0.44564199447631836
0.8340536952018738
0.30045703053474426
