0.5093033313751221
0.3059357702732086
0.3820820748806
0.5887053608894348
0.5581914186477661
0.26264411211013794
0.6603585481643677
0.9054210782051086
0.6209977269172668
0.3760738968849182
0.8844763040542603
0.36075636744499207
0.6690163016319275
0.9434654116630554
0.3269668221473694
0.6680134534835815
0.7046356797218323
0.5285671353340149
0.5431047081947327
0.3667009770870209
0.30561867356300354
0.6924575567245483
0.5125288963317871
0.570539653301239
0.24939171969890594
0.5689922571182251
0.2670690417289734
0.5774329304695129
0.617747962474823
0.2785247266292572
0.6553030610084534
0.501423716545105
0.7828323245048523
0.5333415269851685
0.9167929887771606
1.2674953937530518
0.467001348733902
0.5963031053543091
0.5087082982063293
0.700363039970398
0.43987855315208435
0.3560970425605774
0.7693766951560974
0.18086126446723938
0.6663681268692017
0.5190308094024658
0.5092961192131042
0.414497435092926
0.22224850952625275
0.521260142326355
0.30582958459854126
0.21485185623168945
0.7013991475105286
1.2267024517059326
0.46312403678894043
0.49197450280189514
0.2639235258102417
0.4206298887729645
0.21255609393119812
0.5671311616897583
0.16516521573066711
0.43139204382896423
0.7405579090118408
0.3435283303260803
0.5092290639877319
0.6524502635002136
0.357755184173584
1.0110198259353638
0.6258338093757629
0.8297171592712402
0.7334109544754028
0.4419946074485779
0.4488825798034668
0.32634225487709045
0.26067396998405457
0.36178165674209595
0.877322793006897
0.5841652154922485
0.3946227431297302
0.46711286902427673
0.5744341611862183
0.7645455598831177
0.480139821767807
0.5995157361030579
0.824454665184021
0.37064695358276367
1.0989296436309814
0.5075101852416992
0.41067975759506226
0.6836861968040466
1.197274088859558
0.7293223738670349
0.5470398664474487
0.19044777750968933
0.41966819763183594
0.5447674989700317
0.3290940821170807
0.46705693006515503
0.37302982807159424
0.399613618850708
0.4166194498538971
0.3500855267047882
0.42589884996414185
0.22961458563804626
0.3738464117050171
0.41973963379859924
0.5301300287246704
0.386993408203125
0.24411967396736145
0.26774150133132935
0.4157399535179138
0.32450544834136963
0.8121059536933899
0.7584090232849121
0.7431367635726929
0.5644823908805847
0.718861997127533
0.15907812118530273
0.3955245912075043
0.5420694351196289
0.7225191593170166
0.2729254364967346
0.4353230595588684
0.37749749422073364
0.4342687726020813
0.6804143786430359
0.30131810903549194
0.3416934609413147
0.4743098318576813
0.7490828037261963
0.2782827317714691
0.32210540771484375
0.9938265085220337
0.6833769083023071
0.3811064660549164
0.4167376458644867
0.6139271855354309
0.3713141083717346
0.33327096700668335
0.5518136024475098
0.48325663805007935
0.3392930328845978
0.8713134527206421
0.7208679914474487
1.0914844274520874
0.581436276435852
0.633205235004425
0.5694648623466492
0.26641616225242615
0.3297315537929535
0.3069199323654175
0.32631993293762207
0.6084635853767395
0.7370542883872986
0.4993340075016022
0.342186838388443
0.42837342619895935
0.43272966146469116
0.6047948002815247
0.4944639205932617
0.5410904884338379
0.3945164680480957
0.6794421672821045
1.1431986093521118
0.4066711366176605
0.42851242423057556
0.2707177400588989
0.5778639912605286
0.8268222808837891
0.5422703623771667
1.0197210311889648
0.3523246645927429
0.46806010603904724
0.5591158866882324
0.6503227949142456
0.57745361328125
0.2975270748138428
0.3688150644302368
0.2434055507183075
0.6599405407905579
0.30841726064682007
0.4895164966583252
0.6789582967758179
0.2766959071159363
0.4560829997062683
0.25582319498062134
0.6110201478004456
0.16238324344158173
0.8200173377990723
0.4966398775577545
0.39722272753715515
0.7569059133529663
0.5268036127090454
0.7002252340316772
1.0474481582641602
0.5086178183555603
0.2445293366909027
0.298081636428833
0.596617579460144
1.2457804679870605
0.4636539816856384
0.3176882863044739
0.228551983833313
0.580583930015564
0.9132795333862305
0.5970501899719238
0.3631913661956787
0.667208731174469
0.6133366823196411
0.5973860025405884
0.47132307291030884
0.28034520149230957
0.34622734785079956
0.9058060646057129
0.30202576518058777
0.39604437351226807
0.6639705896377563
0.387756884098053
0.5878071784973145
0.565944254398346
0.34030789136886597
0.604263961315155
0.8145351409912109
0.43818432092666626
0.30340567231178284
0.4482685923576355
0.5497913360595703
0.2551634907722473
0.5384171605110168
0.6419172286987305
0.2700576186180115
0.4082126021385193
0.6695197224617004
0.7476595044136047
0.5557898283004761
0.3149186670780182
0.4374353289604187
0.34675484895706177
0.6423251032829285
0.42860737442970276
0.5913883447647095
0.272414892911911
0.8222762942314148
0.42574605345726013
0.47307854890823364
0.5733369588851929
0.49040117859840393
0.5017461776733398
0.5763550996780396
0.34283679723739624
0.6203780174255371
0.6629140973091125
0.49456533789634705
0.33191633224487305
0.40806809067726135
0.662641167640686
0.49337178468704224
0.3724392056465149
0.49758195877075195
0.4192027151584625
0.3822680413722992
0.34814995527267456
1.0085430145263672
0.2960686683654785
0.9887713193893433
0.44150510430336
0.5102648735046387
0.8466514348983765
0.5018330812454224
0.8110172152519226
0.220650315284729
0.5338586568832397
0.8513096570968628
0.36623916029930115
0.3649064898490906
0.9273096323013306
0.4253144860267639
0.36120185256004333
0.2660287916660309
0.5730885863304138
0.8323896527290344
0.5062839388847351
0.6961748600006104
0.36215099692344666
0.519950270652771
0.6748539805412292
0.5824286341667175
0.7120764255523682
0.6140640377998352
0.22715254127979279
0.6976562738418579
0.45582810044288635
0.7922627329826355
0.7707103490829468
1.163118839263916
0.8692814707756042
0.6562289595603943
0.7029327750205994
0.49775227904319763
0.2657436430454254
0.5008912682533264
0.7716495394706726
0.6217097043991089
0.7078627943992615
0.5386587977409363
0.4837121069431305
0.5189301371574402
0.3706604242324829
0.210255429148674
0.293090283870697
0.41239485144615173
0.4554752707481384
0.8667013049125671
0.5524338483810425
0.48694485425949097
0.5929540395736694
0.3809385895729065
0.5034456253051758
0.31851649284362793
0.5757308602333069
0.6141780018806458
0.3743547797203064
0.5711589455604553
0.3142360746860504
1.1452215909957886
0.7209210991859436
0.6667919158935547
0.4646698832511902
0.9164463877677917
0.39133358001708984
0.4839763045310974
0.466982364654541
0.17496605217456818
0.2913145124912262
1.0543227195739746
0.6939301490783691
0.5022757649421692
1.0175156593322754
