0.5529162287712097
0.6928321123123169
0.3986976146697998
0.4698328971862793
0.2927623689174652
0.7005950808525085
0.4776934087276459
0.8611920475959778
0.3561113774776459
0.6797407865524292
0.39945846796035767
0.6683245301246643
0.4255073666572571
0.32870739698410034
0.28844714164733887
0.5514770746231079
0.44735294580459595
0.4235321879386902
0.603742778301239
0.8162990808486938
0.5823593139648438
0.6102389097213745
0.8868834376335144
0.18324366211891174
0.41228732466697693
0.8269504308700562
0.6572043299674988
1.000503659248352
0.5519196391105652
0.8594173192977905
0.40536919236183167
0.33763134479522705
0.6362140774726868
0.6353721618652344
0.27935007214546204
0.2565543055534363
0.8412063717842102
0.7859071493148804
0.5373767614364624
0.4757576882839203
0.38520461320877075
0.45132631063461304
0.8498388528823853
0.5587008595466614
0.6267560720443726
0.38224220275878906
0.36258119344711304
0.6356168985366821
0.3350059986114502
0.5633360147476196
0.45525115728378296
0.6888611316680908
0.25282740592956543
0.2193259298801422
0.5271069407463074
0.6869556307792664
0.5967805981636047
0.650542140007019
0.6051313877105713
0.7624240517616272
0.27069804072380066
0.32836487889289856
0.6791172027587891
1.101515531539917
0.6239097714424133
0.4081035256385803
0.4853001534938812
0.9332383275032043
0.677279531955719
0.45151394605636597
0.5219113826751709
0.42001229524612427
0.7500872611999512
0.6231051683425903
0.2601080536842346
0.6913204193115234
0.2639555037021637
1.08293616771698
0.4556419253349304
0.39440619945526123
0.5803236961364746
0.8281543850898743
0.27981629967689514
0.7674683332443237
0.3121035695075989
0.2782401740550995
0.6261029839515686
0.2722015082836151
0.8533188700675964
0.3820345997810364
0.7872524261474609
0.5633209943771362
0.3643053472042084
0.3214920461177826
0.7438532710075378
0.3338134288787842
0.6490878462791443
0.5440196990966797
0.49242669343948364
0.4386480450630188
0.29354339838027954
0.4693894386291504
0.412557989358902
0.3849210739135742
0.3275597095489502
0.4239839017391205
0.6691374778747559
0.4406941831111908
0.3649801015853882
0.8738916516304016
0.3608086109161377
0.5162851810455322
0.3727511465549469
0.38742226362228394
0.4561287760734558
0.5317972898483276
0.5160834789276123
0.363057941198349
0.7344304919242859
0.9085441827774048
0.45301809906959534
0.4749167561531067
0.23420396447181702
0.8739458322525024
0.4719258248806
0.4404023587703705
0.251722514629364
0.9580097198486328
0.5140312314033508
0.8447475433349609
0.32121413946151733
0.5052713751792908
0.648247241973877
1.037750482559204
0.6523200273513794
0.38528889417648315
0.6724072694778442
0.5457735061645508
0.5360560417175293
0.519823431968689
0.5494551062583923
0.3735342025756836
0.6298429369926453
0.13303036987781525
0.7493212223052979
0.4067465662956238
1.1732006072998047
0.4165113866329193
0.6168538928031921
0.6163541078567505
0.4435315728187561
0.5129612684249878
0.7451203465461731
0.6902364492416382
0.5480706095695496
0.6012296080589294
0.8200253248214722
0.6087152361869812
0.7599669694900513
0.540554940700531
0.6449910402297974
0.7930783033370972
0.3371598720550537
0.5799664258956909
0.3652900755405426
0.3915417492389679
0.22202685475349426
1.018251657485962
0.3188394010066986
0.38834673166275024
0.49517107009887695
0.6774765849113464
0.5691679120063782
0.7886068224906921
0.321054071187973
0.7196353673934937
0.4518509805202484
0.5008043050765991
0.416065514087677
0.32468026876449585
1.0125820636749268
0.4751078486442566
0.6430598497390747
0.5177997350692749
0.8828872442245483
0.752116322517395
0.4844083786010742
0.6910490989685059
0.26553505659103394
0.31449180841445923
0.2830495238304138
0.769472599029541
0.5547416806221008
0.4001513421535492
0.28877177834510803
0.4528006613254547
0.31127169728279114
0.2546396851539612
0.4816882610321045
0.32584306597709656
0.6031683683395386
0.3818233013153076
0.31662431359291077
0.7718952894210815
0.659843921661377
0.40311700105667114
0.6015896797180176
0.42036980390548706
0.44839248061180115
0.5498298406600952
1.2140684127807617
0.6058647036552429
0.24549070000648499
0.45300406217575073
1.4261939525604248
0.24061396718025208
0.6591083407402039
0.9120451211929321
0.3524065911769867
0.3666020929813385
0.6148189306259155
0.3189457058906555
0.3386133313179016
0.4255850315093994
0.584365725517273
0.8532876968383789
0.28390228748321533
0.39309513568878174
1.2855029106140137
0.5702695846557617
0.3919014036655426
0.3613033592700958
0.3609931468963623
0.46369248628616333
0.5947064161300659
0.6615806221961975
0.5106016397476196
0.35646313428878784
0.7575170397758484
0.45815014839172363
0.3531509041786194
0.5384311676025391
0.5336467623710632
1.7399709224700928
0.5489857792854309
0.6347745060920715
0.5229319334030151
0.40875405073165894
0.27119261026382446
0.4084501266479492
0.343461811542511
0.5127605199813843
0.6299430131912231
0.42561110854148865
0.26063746213912964
0.6996858716011047
0.38134118914604187
0.5483304858207703
0.5230808258056641
0.4985595643520355
0.562510073184967
0.3430728018283844
0.5908618569374084
0.31027278304100037
0.3875907063484192
0.4131210446357727
0.4311027526855469
0.40241679549217224
0.27596569061279297
0.27143293619155884
0.6951867341995239
0.3104191720485687
1.0299549102783203
0.4284122586250305
0.7279729843139648
0.7135770320892334
0.4457114338874817
1.2508786916732788
0.5762116312980652
0.7164736986160278
0.4534369111061096
0.6669418811798096
0.562675952911377
0.5743080973625183
0.448096364736557
0.301238477230072
1.6567459106445312
0.5067180395126343
0.40548548102378845
0.7304672002792358
0.40489500761032104
0.45787668228149414
0.5337092280387878
0.3313341736793518
0.6889246702194214
1.0489710569381714
0.2537364065647125
0.35997092723846436
0.6999309062957764
0.7179218530654907
0.4319247305393219
0.21384771168231964
0.9832307696342468
0.9344318509101868
0.6158638000488281
0.4721601903438568
0.4564143717288971
1.1577774286270142
0.26899996399879456
0.319779634475708
0.42023149132728577
0.40715736150741577
0.3942478895187378
0.37714308500289917
0.20504553616046906
0.23549067974090576
0.24253955483436584
0.9052644968032837
0.796819269657135
0.7539436221122742
0.8914399147033691
0.340327650308609
0.4605969488620758
0.26307374238967896
0.42060837149620056
0.8669998049736023
0.6929515600204468
0.431674063205719
0.4330839216709137
0.5351591110229492
0.3796066641807556
0.6175801157951355
0.4970950186252594
0.28114643692970276
0.4258115887641907
0.29851704835891724
0.40031394362449646
0.7409054636955261
