1.0190837383270264
0.4019218981266022
0.6877202391624451
0.5824828743934631
0.2610965371131897
0.93635493516922
0.5013481974601746
0.5078697204589844
1.044455885887146
0.6072556376457214
0.3774242401123047
0.6219247579574585
0.6403455138206482
0.25494319200515747
0.6157051920890808
0.716522216796875
0.5091767311096191
0.5537774562835693
0.24445366859436035
0.35449132323265076
0.3880844712257385
0.7494431734085083
0.4862057566642761
0.6489006280899048
0.758608341217041
0.2764735221862793
0.5848361253738403
0.5753394365310669
0.737587571144104
0.726030170917511
0.3194763958454132
0.5336310267448425
0.4954751133918762
0.30940932035446167
0.767130434513092
0.6216784715652466
0.41161808371543884
1.0999724864959717
0.41809457540512085
0.7853174805641174
0.3241787850856781
0.505161464214325
0.5720741152763367
0.3913230001926422
0.7749043703079224
0.6406599283218384
0.561423122882843
0.4114300310611725
0.49896082282066345
0.18014176189899445
0.4911581575870514
0.36867135763168335
0.4388781487941742
0.6994871497154236
0.46770232915878296
0.5629873275756836
0.49616748094558716
0.39520153403282166
0.5106374025344849
0.5220927000045776
0.38890746235847473
0.9081835746765137
0.44633182883262634
0.3808535039424896
0.8555669784545898
0.6436039209365845
0.5668309926986694
0.6609818339347839
0.2951054573059082
0.4718930125236511
0.853366494178772
0.5836745500564575
0.6514611840248108
0.4401298463344574
0.416787326335907
0.5367224812507629
0.5400022864341736
0.2759632468223572
0.3666302561759949
0.595358669757843
0.6573451161384583
0.4363093376159668
0.697248101234436
0.5813128352165222
0.3220290541648865
0.663209855556488
0.532957911491394
0.23398330807685852
0.49495697021484375
0.33768370747566223
0.7094609141349792
0.548430323600769
0.35146084427833557
0.25948360562324524
0.1690216064453125
0.4835461676120758
0.2821524143218994
1.0023140907287598
1.0192153453826904
0.8023263812065125
0.28583604097366333
0.625277578830719
0.46309909224510193
0.37869688868522644
0.648757815361023
1.1457866430282593
0.6532395482063293
0.48285120725631714
0.6499889492988586
0.7171581983566284
0.5388123989105225
0.49914655089378357
0.860185980796814
0.3565998077392578
0.3753822445869446
0.975537896156311
0.5298501253128052
0.6885955929756165
0.2470105141401291
0.5325252413749695
0.4591290354728699
0.39600318670272827
0.33382028341293335
0.3568398356437683
0.6776124238967896
0.4680551588535309
0.3952869772911072
0.6677948236465454
0.9969398379325867
0.5383852124214172
0.5154770016670227
0.4119877815246582
0.5744573473930359
0.28635236620903015
0.9751831293106079
0.26188644766807556
0.36758628487586975
0.398501455783844
0.39026975631713867
0.6543290615081787
0.7150489091873169
0.4899047911167145
0.5381348729133606
0.7895466685295105
1.0524721145629883
0.42286038398742676
0.6734164953231812
0.22966356575489044
0.6460657119750977
0.291038453578949
0.5738347172737122
0.3906390964984894
0.38728442788124084
0.9244369268417358
1.1636067628860474
0.3652418255805969
0.5779474973678589
1.2220056056976318
0.4764421582221985
0.4967397153377533
0.4165140986442566
0.5158575773239136
0.5359798669815063
0.6119917035102844
0.28100940585136414
0.23807170987129211
0.22383944690227509
0.6522178649902344
0.48500680923461914
0.22700271010398865
1.0497010946273804
0.48981961607933044
1.0544302463531494
0.6951971650123596
0.3115200102329254
0.5209776759147644
0.5266097187995911
0.6327959895133972
0.6590868234634399
0.7162724733352661
0.5264484882354736
0.528952956199646
0.8263081312179565
0.4981476366519928
0.9554236531257629
0.5022622346878052
0.6532958745956421
0.9239438772201538
0.679004967212677
0.41176867485046387
0.6377790570259094
0.4485401511192322
0.3051290512084961
0.2283768206834793
0.30675509572029114
0.4798653721809387
0.36740803718566895
1.137030005455017
0.47686490416526794
0.4013480544090271
0.3975946605205536
0.512975811958313
0.6231526136398315
0.4705711901187897
0.46407780051231384
0.3242588937282562
0.6635355353355408
0.49897709488868713
0.8297179937362671
0.41134366393089294
0.3190864622592926
0.636124312877655
0.5661400556564331
1.0156183242797852
0.8072971105575562
0.603782057762146
0.6176773309707642
0.3653060793876648
0.5349430441856384
0.32181376218795776
0.6259452104568481
0.39163365960121155
1.4112324714660645
0.3490472137928009
0.6218405961990356
0.6772239804267883
0.5113226175308228
0.41338634490966797
0.5300003290176392
0.4455576539039612
0.5979248881340027
0.7801588773727417
0.785723090171814
0.46721869707107544
0.44214344024658203
0.6371057629585266
0.5086984038352966
0.5385136008262634
0.5659769773483276
0.4822271764278412
0.23046641051769257
0.3113051652908325
0.5122874975204468
0.7353363633155823
0.4409104287624359
0.4002770483493805
0.740820050239563
0.5377699732780457
0.4072108268737793
0.5486049652099609
0.3524128496646881
0.6369987726211548
0.37606969475746155
0.3914547860622406
0.45005854964256287
0.27210983633995056
0.7064903378486633
0.19439758360385895
0.14915719628334045
0.6880055069923401
0.4839355945587158
0.4897444248199463
0.26473551988601685
0.32405197620391846
0.2274223119020462
0.5373913049697876
0.47481003403663635
0.3478057086467743
0.8495568037033081
0.8449410200119019
0.28310954570770264
0.465007483959198
0.9237524271011353
0.3095463514328003
0.5607026815414429
0.7963116765022278
0.5959801077842712
0.5727208852767944
0.6543251872062683
0.7356279492378235
0.5372481942176819
0.2369355708360672
0.724739670753479
0.4250216484069824
0.42625635862350464
0.877920925617218
0.4949856400489807
0.46793681383132935
0.4229292869567871
0.3378550112247467
0.49387702345848083
0.46371060609817505
0.5191857814788818
0.5331701040267944
0.5224893093109131
0.47352057695388794
0.4468315541744232
0.4888375401496887
0.3693537712097168
0.24163389205932617
0.5323188304901123
0.4364103376865387
0.46336016058921814
0.5072900652885437
0.2487994134426117
0.5131773352622986
0.5740765929222107
0.34807032346725464
0.5665009617805481
0.4556277394294739
0.7310632467269897
0.3209533095359802
0.7738565802574158
0.6153395771980286
0.6289324760437012
0.5645244717597961
1.2734419107437134
0.34989187121391296
0.43340569734573364
0.35703301429748535
0.5207630395889282
0.19967779517173767
0.5924009084701538
0.5898421406745911
0.32191723585128784
0.6156975030899048
0.8648592233657837
0.4993572235107422
0.6193971633911133
0.2889474332332611
0.5448257923126221
0.31736302375793457
0.3447967767715454
0.6819955110549927
0.913199782371521
0.7810584902763367
0.33581364154815674
0.6234346628189087
