0.2899858057498932
0.9951135516166687
0.4218880534172058
0.6268659830093384
0.36418867111206055
0.19879677891731262
0.5429551005363464
0.2898685932159424
0.5860137343406677
0.41905269026756287
0.5869218111038208
0.44655004143714905
0.2586655020713806
0.3246917128562927
0.6968207359313965
0.36455345153808594
0.6821615695953369
0.9327436685562134
0.528554379940033
0.4171377718448639
0.26928821206092834
0.3856738209724426
0.5609657168388367
0.5664932131767273
0.33669453859329224
0.6323484182357788
0.9901121258735657
0.5289602279663086
0.34596115350723267
0.6224478483200073
0.5525925755500793
0.8234525918960571
0.3652722239494324
0.8630616068840027
0.39448171854019165
0.4278395175933838
0.7335001230239868
0.7560065984725952
0.5237613916397095
0.5865734815597534
0.7377361059188843
0.5749699473381042
0.4672914445400238
0.706932783126831
0.8086973428726196
0.339796781539917
0.533855140209198
0.6807873249053955
0.6453001499176025
0.5569815635681152
0.4028458595275879
0.284085750579834
0.7304118871688843
0.3080032467842102
0.47548216581344604
1.0391712188720703
0.31398510932922363
0.6101233959197998
0.8078336715698242
0.696822464466095
1.0827914476394653
0.9875008463859558
0.5043033957481384
0.19478468596935272
0.5511302947998047
0.5818824768066406
0.406586229801178
0.6267920732498169
1.1442358493804932
0.5242006182670593
0.46992164850234985
0.49157828092575073
0.47574299573898315
0.7999082803726196
1.201033353805542
0.5363249778747559
0.2990599274635315
0.4370329976081848
0.207554891705513
0.3592166006565094
0.46557798981666565
0.4689389169216156
0.26136988401412964
0.440634161233902
0.7210577130317688
0.6849790811538696
0.6498454809188843
0.38607317209243774
0.7477930784225464
0.45420733094215393
0.48524513840675354
0.46324077248573303
0.30494770407676697
0.4980018138885498
0.408344566822052
0.406136691570282
0.856297492980957
0.6774242520332336
0.7064105272293091
0.3366014063358307
0.5829303860664368
0.5630467534065247
0.4773511290550232
0.9681503176689148
0.613314151763916
0.6090201735496521
0.4063906669616699
1.62418532371521
0.4364965558052063
0.21922960877418518
0.4077587127685547
0.4263277053833008
0.34175652265548706
0.5202627182006836
0.2409020960330963
0.3397493362426758
0.2712025046348572
0.32378262281417847
0.6166172027587891
0.5994645357131958
0.38828244805336
0.48663967847824097
0.763321042060852
0.5787308812141418
0.24368932843208313
0.6834758520126343
0.5583660006523132
0.4955996572971344
0.370582640171051
0.3704172968864441
0.46883636713027954
0.5783447027206421
0.4681602418422699
0.5162042379379272
0.685200572013855
0.31878164410591125
0.6687450408935547
0.7947314977645874
0.3190273940563202
1.0617011785507202
0.6736329793930054
0.5369693040847778
0.506954550743103
0.6293327808380127
0.8635884523391724
0.9987565279006958
0.381989985704422
0.7365946769714355
1.1151126623153687
0.7202590703964233
0.6405878067016602
0.6810043454170227
0.5118169784545898
0.5077556371688843
0.411371648311615
0.9062274098396301
0.36072805523872375
0.7296541929244995
0.5682412385940552
0.5791546106338501
0.6766030788421631
0.23311066627502441
0.5873303413391113
0.9720800518989563
0.5719687342643738
1.294373869895935
0.7378681898117065
0.5328218340873718
0.6357634663581848
1.4693725109100342
0.3365221917629242
0.4002860486507416
0.4524926245212555
0.24196939170360565
0.8532597422599792
0.5826953649520874
0.6977334022521973
0.4309059977531433
0.32928138971328735
0.5006192922592163
0.2438395917415619
0.4670211672782898
0.34232547879219055
0.3482711911201477
0.5321601629257202
0.2262200117111206
0.111605204641819
0.5592688322067261
0.250154584646225
0.4574376046657562
0.42919912934303284
0.5469581484794617
1.1406364440917969
0.43684619665145874
0.9927343130111694
1.2826740741729736
0.3368759751319885
0.3326477110385895
0.4254682660102844
0.5721266865730286
0.570153534412384
0.1447906792163849
0.6866260170936584
0.6234449148178101
0.5241779088973999
0.4873274266719818
0.30923670530319214
0.6133337020874023
0.8406466245651245
0.5418437719345093
0.2997640371322632
0.7359801530838013
0.25645551085472107
0.5288370847702026
0.19104725122451782
0.17978432774543762
0.42827874422073364
0.4888375401496887
0.5593633055686951
0.6971467733383179
0.35309740900993347
0.5928318500518799
0.5822925567626953
0.5490463972091675
0.4479309022426605
0.5434385538101196
0.3013918995857239
0.6495153307914734
0.42065054178237915
0.4067079424858093
1.012515664100647
0.8694866895675659
0.589733362197876
0.19392132759094238
0.6799811124801636
0.6244052648544312
0.5904410481452942
0.4547465443611145
0.5151335000991821
0.4295479357242584
0.379518985748291
0.6481122970581055
0.5628083348274231
0.4611753821372986
0.2702275514602661
0.44303208589553833
0.46207302808761597
0.44179025292396545
0.27378660440444946
0.2991005778312683
0.4672018587589264
0.8086383938789368
0.31430625915527344
0.5358901619911194
0.2120710164308548
0.4920770227909088
0.3273289203643799
0.3782303035259247
0.80029296875
0.963061511516571
0.6889287233352661
0.883456826210022
0.5674439668655396
0.9191617965698242
0.5329610109329224
0.6826318502426147
0.5206880569458008
0.26821035146713257
0.7407055497169495
0.5079855918884277
0.6053654551506042
0.4841873049736023
0.5032960176467896
0.8704169988632202
0.6876267194747925
0.7472233772277832
0.8446643948554993
0.24534206092357635
0.5046689510345459
0.7056256532669067
0.5210704803466797
0.43468528985977173
0.48176971077919006
0.5473361611366272
0.2614416182041168
0.5836636424064636
0.3707083761692047
0.6374054551124573
0.3759520351886749
0.5655786395072937
0.7206516861915588
1.3939201831817627
0.37810009717941284
1.1178497076034546
0.5671052932739258
0.36165371537208557
0.8572038412094116
0.5693498253822327
0.6027733087539673
0.644994854927063
0.9034950137138367
0.6408838033676147
0.20762450993061066
0.6146016120910645
0.4131908416748047
0.45428794622421265
0.20724353194236755
0.4403951168060303
0.6899115443229675
0.5075830817222595
0.3377203345298767
0.21160170435905457
0.5769603252410889
0.44500046968460083
1.241194486618042
0.46396899223327637
0.5090762972831726
0.834488570690155
0.7667153477668762
0.9168325662612915
0.38102397322654724
0.7089335918426514
0.49849000573158264
0.6031263470649719
0.5556700825691223
0.44563502073287964
0.40343159437179565
0.4813029170036316
0.3639877140522003
0.48163777589797974
0.668901801109314
0.32347387075424194
0.27928775548934937
0.20234215259552002
0.5163742899894714
0.4284716546535492
0.2794252634048462
0.429862380027771
