0.3606748580932617
0.3634055554866791
0.3825208842754364
0.3738933503627777
0.36416298151016235
0.7535030841827393
0.46011584997177124
0.2584385573863983
0.8293107748031616
0.710705578327179
0.6579136848449707
0.9241606593132019
0.2336670458316803
0.35509932041168213
0.5578770637512207
0.5260815620422363
0.5062891840934753
0.43293866515159607
0.5086806416511536
0.2225705087184906
0.5093858242034912
0.6632909178733826
0.30367061495780945
0.532616913318634
0.845960795879364
0.3741839826107025
0.5733317136764526
0.6049378514289856
0.534337043762207
0.3212396502494812
0.370746910572052
0.4465411603450775
0.5337794423103333
0.847260594367981
0.5895503163337708
0.2531367838382721
0.9285747408866882
0.5039480328559875
0.45374369621276855
0.6373392939567566
0.7414277195930481
0.49438390135765076
0.7446950674057007
0.3351355195045471
0.5376218557357788
0.7258975505828857
0.67261803150177
0.5173815488815308
0.6074404716491699
0.5039514899253845
0.6358988285064697
0.4281027317047119
0.5086106657981873
0.40590277314186096
0.18374356627464294
0.690291702747345
0.30353015661239624
0.7406684160232544
0.5792422890663147
0.552036702632904
1.5135008096694946
0.4085756838321686
0.2288893163204193
0.38888540863990784
0.5649653673171997
0.6862746477127075
0.6361272931098938
0.4780420660972595
0.6794732213020325
0.47283515334129333
0.4282893240451813
0.4213237762451172
0.266960471868515
0.4799919128417969
0.16401953995227814
1.2270950078964233
0.5369265079498291
0.7835719585418701
0.42065805196762085
0.38502174615859985
0.5743709206581116
0.6508508920669556
0.33789896965026855
0.6833521127700806
0.32862797379493713
0.22253623604774475
0.6171404123306274
0.5400623083114624
0.610170304775238
0.337242990732193
0.5517061352729797
0.8063700795173645
0.5492092370986938
0.303549200296402
0.866683304309845
0.7024524807929993
0.5349569320678711
0.42621833086013794
0.8813288807868958
0.4092631936073303
0.4811311662197113
0.18746192753314972
0.40654605627059937
0.5414544343948364
0.7949979305267334
0.6667881011962891
0.322435587644577
0.2177419364452362
0.5179926156997681
0.31706133484840393
0.9904965162277222
0.8376026153564453
0.45610588788986206
1.3662645816802979
0.5954551100730896
0.9317439794540405
0.5109726190567017
0.39471715688705444
0.530148446559906
0.42882904410362244
0.7910946011543274
0.42904943227767944
0.3596305251121521
0.648995041847229
0.19618117809295654
0.5217698216438293
0.417478084564209
0.521675705909729
0.35748735070228577
0.5569446682929993
0.3364860415458679
0.3486711382865906
0.46729010343551636
0.3009001910686493
0.4647381901741028
0.8025285005569458
0.5799282193183899
1.0827758312225342
0.47916537523269653
0.6651784181594849
0.15132775902748108
0.5028768181800842
0.6343996524810791
0.8438630104064941
0.5001425743103027
0.511337399482727
0.7078412175178528
0.7911933660507202
0.623471736907959
0.6325811147689819
0.31009572744369507
0.48815399408340454
0.4554475247859955
0.6693282723426819
0.21342048048973083
0.762599766254425
0.4893191456794739
0.4763006567955017
0.7846338748931885
0.3465645909309387
0.4937675893306732
0.20799942314624786
0.588745653629303
0.3397590219974518
0.9657651782035828
0.5131716132164001
0.2861766517162323
0.41924795508384705
0.5536829233169556
0.2994590103626251
0.21872417628765106
0.2529831826686859
0.7748497128486633
0.36103206872940063
0.994087815284729
0.46632927656173706
0.603309690952301
0.4884662628173828
0.46996068954467773
0.5809648036956787
0.5091412663459778
0.36824509501457214
0.6659805178642273
0.5838052034378052
0.5912209749221802
0.7087677121162415
0.2954410910606384
0.6376724243164062
0.3639471232891083
0.5348267555236816
0.48902058601379395
0.3778409957885742
0.45266515016555786
0.44322824478149414
0.49360543489456177
0.7864651083946228
0.4429000914096832
0.6347240209579468
0.37345439195632935
0.8127583265304565
0.3503739833831787
0.4289873540401459
0.3408084511756897
0.6563034057617188
0.9021557569503784
0.7730001211166382
0.6262723803520203
0.7903299331665039
0.405895471572876
0.6355078816413879
0.8360706567764282
0.7350689172744751
0.322623610496521
0.47775134444236755
0.45421966910362244
0.7162333726882935
0.6057847738265991
0.12815693020820618
0.866595447063446
0.4892645478248596
0.3262569010257721
0.42591649293899536
0.9035623669624329
0.4918921887874603
0.6778486371040344
0.6730604767799377
0.456019788980484
0.33343786001205444
1.0548717975616455
0.4974091649055481
0.48918789625167847
0.47171297669410706
0.43820586800575256
0.5367221832275391
0.46420297026634216
0.6945590972900391
0.35027074813842773
0.38653478026390076
0.8530184626579285
0.30750489234924316
0.39323344826698303
0.7446140050888062
0.6998029947280884
0.3452014625072479
0.8819446563720703
0.37703096866607666
0.817692756652832
0.500785768032074
0.3901859521865845
0.34488165378570557
0.8793458938598633
0.48143547773361206
0.5878262519836426
0.8669223785400391
0.3313305974006653
0.35360583662986755
0.3434392809867859
0.5431488752365112
0.4913903772830963
0.6763502955436707
0.7572554349899292
0.539162814617157
0.3006614148616791
0.42987847328186035
0.5233935117721558
0.7178794741630554
0.45111218094825745
0.38378244638442993
0.40221238136291504
1.0312869548797607
0.2998327612876892
0.856709361076355
0.5253925323486328
0.28362828493118286
0.38345420360565186
0.47484922409057617
0.4126754403114319
1.205216646194458
0.4241686463356018
0.5930510759353638
0.4806210398674011
0.6550832986831665
0.889090359210968
0.8244192004203796
0.42582574486732483
0.6047971248626709
0.32706087827682495
0.5451114177703857
0.6551201939582825
0.4293626844882965
1.0363061428070068
0.2992870807647705
0.6533010005950928
0.4959081709384918
0.5611951947212219
1.0145056247711182
0.4044426381587982
0.2683410048484802
0.36499834060668945
0.35725611448287964
0.5310347676277161
1.0580484867095947
0.35614678263664246
0.5507686138153076
0.6192196607589722
0.283782422542572
0.35851621627807617
0.5724276304244995
0.6156595945358276
0.3076370656490326
0.6706214547157288
0.5121937990188599
0.47626441717147827
0.332173228263855
0.8444150686264038
0.33747631311416626
0.5331219434738159
0.5361673831939697
0.3322790265083313
0.7163245677947998
0.45024189352989197
0.47883495688438416
0.4443957805633545
0.40473517775535583
0.6103611588478088
0.30468273162841797
0.5295069813728333
0.5890272855758667
0.4326535165309906
0.3762027621269226
0.5341368913650513
0.9081829190254211
0.5758880972862244
0.83451908826828
0.4877139925956726
0.699040949344635
0.389545202255249
1.7499386072158813
