0.5971666574478149
0.5265450477600098
1.210275411605835
0.42001762986183167
0.48874154686927795
0.7026659846305847
0.6747652292251587
0.568755030632019
0.46601080894470215
0.7186998128890991
0.32635411620140076
1.1520401239395142
0.4365653991699219
0.9570497274398804
0.8008708953857422
0.9971502423286438
0.42442741990089417
0.8351104855537415
0.9756061434745789
0.5948237180709839
1.3115712404251099
0.5375255942344666
0.5149555802345276
0.6535283923149109
0.663751482963562
1.0629322528839111
0.6105508804321289
0.5337604284286499
0.5213168859481812
0.6527706980705261
0.5804864764213562
0.639160692691803
0.6734637022018433
0.6270662546157837
0.7191237807273865
0.6415669322013855
0.7577746510505676
1.2816184759140015
0.44281846284866333
0.5541315078735352
0.7866013646125793
1.0420655012130737
0.711236834526062
0.39961156249046326
0.5088484883308411
0.7609654068946838
0.9290390014648438
0.7614258527755737
1.001189947128296
0.4392334818840027
0.6771828532218933
0.5703679323196411
0.7666550874710083
0.5917008519172668
0.4444323480129242
0.8509525060653687
0.6243478059768677
0.6858448386192322
0.9848370552062988
0.4304676055908203
0.6262437701225281
0.813357949256897
0.8859930038452148
0.6332204937934875
0.5430930852890015
0.5432074069976807
0.31409066915512085
0.6854742765426636
0.6904721856117249
0.8505533933639526
0.660305380821228
0.8318296670913696
1.107685923576355
0.5181945562362671
1.085600733757019
0.6550699472427368
0.75385582447052
0.5198532938957214
0.6017820835113525
0.6829774975776672
1.203479528427124
0.4499632716178894
0.848016619682312
0.6791328191757202
0.8881220817565918
0.5763252973556519
0.8070432543754578
0.5732094645500183
0.4619307518005371
0.5948072671890259
0.6891605257987976
0.7247306704521179
1.4601008892059326
0.6526020765304565
0.574881911277771
0.7564138174057007
0.5359311699867249
0.7065737843513489
0.5117449164390564
1.217199444770813
0.3311305344104767
0.5020626187324524
0.7854629755020142
0.5708988308906555
0.4162910580635071
0.5744533538818359
0.31496095657348633
0.26669079065322876
0.5471066832542419
0.5363839268684387
0.5206671953201294
0.7334562540054321
1.2279356718063354
0.6397654414176941
0.3661803603172302
0.8118913769721985
0.3951600193977356
0.6839719414710999
0.9924088716506958
0.6140635013580322
0.7400652766227722
0.7100678086280823
0.687462329864502
0.8911069631576538
0.5183547735214233
0.8727601170539856
0.6820772886276245
0.8180087208747864
0.40197086334228516
0.8196999430656433
0.8979389071464539
0.8594393730163574
0.7745528817176819
0.6595365405082703
0.8409322500228882
0.5592286586761475
0.5764752626419067
0.3446347713470459
0.8824294805526733
0.5672540068626404
0.7755765318870544
1.181698203086853
0.5132206678390503
0.5346128344535828
0.6826527714729309
0.8727073669433594
0.3703523576259613
0.8754556775093079
0.45900630950927734
0.8622153997421265
0.38107553124427795
0.5285844802856445
1.257399082183838
0.49794334173202515
0.9496908187866211
0.8402058482170105
0.5075722336769104
0.6063295006752014
0.9490979909896851
0.4844742715358734
0.4021172523498535
0.40323925018310547
0.6494883894920349
0.847826361656189
0.6314128637313843
0.7458623647689819
0.9383643865585327
0.8470662832260132
0.7665523290634155
0.7210361957550049
1.2429556846618652
0.6181179285049438
0.4782260060310364
0.7951928377151489
0.3578987717628479
0.6070637106895447
0.6925668716430664
0.6710082292556763
0.5804189443588257
0.8617251515388489
0.4050537645816803
0.4509839415550232
0.4646429419517517
1.1771128177642822
1.5673315525054932
0.9131206274032593
0.6708381175994873
0.6119915843009949
0.5877653956413269
0.7361234426498413
0.6876209378242493
0.5687395334243774
0.6321303248405457
0.6411119103431702
0.5115530490875244
0.6114658117294312
0.7823854684829712
0.3804701566696167
0.36233124136924744
0.5893877744674683
0.8534448742866516
1.0069682598114014
0.9320214986801147
0.8571907877922058
0.6975263357162476
0.6617364883422852
0.5848170518875122
0.5726947784423828
0.49820709228515625
0.5990779995918274
0.7378987073898315
1.2656759023666382
0.83583003282547
0.4192907214164734
0.9971485137939453
0.823917031288147
0.47204843163490295
0.563238799571991
1.0413620471954346
0.39455193281173706
0.9884506464004517
0.6716152429580688
0.6085402369499207
0.26600393652915955
1.0231434106826782
0.9194334745407104
1.5074416399002075
0.8951274752616882
0.5643936395645142
0.4895431101322174
0.4788080155849457
0.9705053567886353
0.9048489332199097
0.5413843989372253
0.6476678252220154
0.9492411613464355
0.5134977102279663
0.7582931518554688
0.31191176176071167
0.7741310596466064
0.6708248257637024
0.639592707157135
0.4174884855747223
0.49836811423301697
0.8941044807434082
0.573732852935791
0.8339691162109375
0.6201855540275574
0.6490877270698547
0.7777773141860962
0.8055536150932312
1.0360983610153198
0.38823384046554565
0.5943306088447571
0.531169593334198
0.9087562561035156
0.6224076151847839
0.47161322832107544
0.7531878352165222
0.6887696981430054
0.7219840884208679
0.6452447772026062
0.7227894067764282
0.5120344758033752
0.8172586560249329
0.9186296463012695
0.9271398782730103
0.906186580657959
0.7070932388305664
0.6130799055099487
0.42230015993118286
1.029154658317566
0.568449079990387
0.9980459213256836
0.7618681192398071
0.6193194389343262
0.8011201024055481
0.6480550765991211
0.4722778797149658
0.4864901602268219
0.7475448846817017
1.0541609525680542
0.5580914616584778
0.952547550201416
0.5590953826904297
0.6488589644432068
0.37697044014930725
0.8535099029541016
0.6503200531005859
0.6152774095535278
0.507891058921814
0.5633201599121094
0.5377916693687439
0.4979074001312256
0.3824714720249176
0.6103873252868652
0.4637244641780853
0.7037655115127563
0.904614269733429
0.6053717732429504
0.589706540107727
0.7077113389968872
0.4504706859588623
1.2356741428375244
0.6273052096366882
0.6350179314613342
1.180370569229126
0.6931098103523254
0.45658135414123535
0.7981364727020264
0.6720292568206787
0.6833040118217468
0.5213624835014343
0.9414516687393188
0.9008579254150391
0.9666867256164551
0.3571900725364685
1.0713685750961304
0.5789651274681091
0.5451977252960205
0.45938944816589355
0.7917593121528625
0.4886733889579773
1.5544712543487549
0.3925073742866516
1.0203857421875
0.6246692538261414
0.5637446641921997
0.4133639931678772
0.5313704609870911
0.5781641006469727
0.6081160306930542
0.8023209571838379
0.4325127601623535
0.5745677947998047
0.4019061028957367
0.8548467755317688
0.5799767971038818
