0.21117711067199707
0.3124397099018097
0.9771171808242798
0.3136376142501831
0.5422536134719849
0.5677567720413208
0.7239630818367004
0.6521739363670349
0.8014826774597168
0.47708621621131897
0.6970037221908569
0.8789669871330261
0.34740275144577026
0.42968305945396423
0.8237625956535339
0.5313957333564758
0.6147117018699646
0.591119110584259
0.4894251227378845
0.497444212436676
0.8127900958061218
0.23521943390369415
0.6071539521217346
0.4414646029472351
0.5440607070922852
0.6835764646530151
0.5595606565475464
0.31896570324897766
0.5645892024040222
0.3597632944583893
1.1510814428329468
0.6863823533058167
0.3972145915031433
0.5809214115142822
0.6177631616592407
0.6550151705741882
0.48067349195480347
0.5191044211387634
0.34745198488235474
0.3826524317264557
0.6143274307250977
0.16110314428806305
0.6615447998046875
1.0115809440612793
0.6863802671432495
0.6212743520736694
0.5569068789482117
0.717969536781311
0.2173319309949875
0.44327202439308167
0.6600089073181152
0.35032919049263
0.6903101205825806
0.7553521394729614
0.5049605965614319
0.7868283987045288
0.25843459367752075
0.5860875248908997
0.4303205609321594
0.2044840306043625
0.554896891117096
0.5282986164093018
0.2456609308719635
0.6244277358055115
0.4660298228263855
1.4716988801956177
0.580159068107605
0.20479638874530792
0.27541399002075195
0.9695345759391785
0.49998539686203003
0.668727695941925
0.439262717962265
0.7315716743469238
0.6013553738594055
0.7001999616622925
0.7135681509971619
0.5118979811668396
0.6711536645889282
0.3032906651496887
0.26969194412231445
0.6942161321640015
0.6599941253662109
0.4563921093940735
0.6423821449279785
0.46533203125
0.30179527401924133
0.4308192729949951
0.5366917848587036
0.5041040182113647
0.5618926286697388
0.7339008450508118
0.4809699058532715
0.42523327469825745
0.46321409940719604
1.1032960414886475
0.5159615278244019
0.5552681684494019
0.8654621839523315
0.6263521313667297
1.1753931045532227
0.5065270662307739
0.3030508756637573
0.3513548672199249
0.840584397315979
0.4959228038787842
0.5662984251976013
0.367683470249176
0.45677080750465393
0.753440797328949
0.7523982524871826
0.41170960664749146
0.29117026925086975
0.767011284828186
0.7493468523025513
0.9060835838317871
1.0065022706985474
0.2892182469367981
0.4255843162536621
0.35718855261802673
0.38012292981147766
0.4314953684806824
0.650651216506958
0.28531426191329956
0.4471849501132965
0.46538791060447693
0.6279172897338867
0.5874456167221069
0.893255352973938
0.4846886694431305
0.5756175518035889
0.5401250123977661
0.3143109381198883
0.607047438621521
0.35297852754592896
0.4834701120853424
0.5640157461166382
0.2508191466331482
0.6180938482284546
0.6978167295455933
0.46425914764404297
0.3208696246147156
0.8366504907608032
0.7703202962875366
0.43676990270614624
0.7010163068771362
0.4227270185947418
0.44738703966140747
0.4258509576320648
0.8878802061080933
0.5087937712669373
0.875517725944519
0.8885210752487183
0.5473865270614624
0.7117267847061157
0.4351677894592285
0.3374370336532593
0.5037444829940796
0.59943687915802
0.44162797927856445
0.5309022665023804
0.31393927335739136
0.46074455976486206
0.6944570541381836
0.781431257724762
0.5023387670516968
0.5839876532554626
0.771048367023468
0.46555501222610474
0.30394506454467773
0.8223978877067566
0.486316442489624
0.467247873544693
0.540209949016571
0.2098788022994995
0.6402072906494141
0.8342998623847961
0.3784157633781433
0.7842973470687866
0.3272314965724945
0.5316503047943115
0.38803237676620483
0.29961270093917847
0.7138214111328125
0.5139964818954468
0.3507007956504822
0.7397249937057495
0.7374873161315918
0.6739774942398071
0.37111830711364746
0.40612441301345825
0.5796605348587036
0.7274309396743774
0.6437462568283081
0.33549848198890686
0.6462844610214233
0.7883561253547668
0.36965447664260864
0.4960450232028961
0.8554404973983765
0.8953714370727539
0.449352890253067
0.9483162760734558
0.730015218257904
0.78116774559021
0.8119760751724243
0.5848592519760132
0.6060759425163269
0.6062363386154175
0.710894763469696
0.5404254794120789
0.6602178812026978
0.6579848527908325
0.8902069926261902
0.3422244191169739
0.7793573141098022
0.37898463010787964
0.5057867765426636
0.33928120136260986
0.487703412771225
0.29319506883621216
0.774829089641571
0.3792879581451416
0.15697547793388367
0.38531583547592163
0.6054161190986633
0.6048123836517334
0.3975756764411926
0.19707486033439636
0.6850336790084839
0.29249611496925354
0.7141733169555664
0.5153658986091614
0.7176104784011841
0.44136983156204224
0.432744562625885
0.8121968507766724
0.34649696946144104
0.4267963469028473
0.5686632394790649
0.5561522245407104
0.4155791699886322
0.49389171600341797
0.45025452971458435
0.3964090645313263
0.5092543959617615
0.2879078984260559
0.479688823223114
0.9109746813774109
0.4980735778808594
0.694675862789154
0.4459379315376282
0.3743029534816742
0.4819486737251282
0.25226134061813354
0.4465755522251129
0.46417704224586487
0.8707174062728882
0.47346407175064087
0.8808307647705078
0.9007688760757446
1.3978263139724731
0.843590259552002
0.8541391491889954
0.6722565293312073
0.6275262236595154
0.2462417185306549
0.4390081763267517
0.3402700126171112
0.5484469532966614
0.5489832162857056
0.5632287859916687
0.5470977425575256
0.48600348830223083
0.2399040162563324
0.7430198788642883
0.4168020188808441
0.25863394141197205
0.5351070761680603
0.7876869440078735
0.5675115585327148
1.056304931640625
0.8784871101379395
0.4230356216430664
0.576043426990509
0.1574588119983673
0.26465219259262085
0.5561924576759338
0.5326393842697144
0.5179104804992676
0.6308455467224121
0.5653828978538513
0.5547086596488953
0.668596625328064
0.5072005987167358
0.4317241609096527
0.4052872657775879
0.447216659784317
1.0072754621505737
0.47294265031814575
0.41697150468826294
0.6192873120307922
0.7703818082809448
0.5450572967529297
0.44928377866744995
0.3119846284389496
0.5778788328170776
0.4958323538303375
0.4486231207847595
0.6871116161346436
0.8477252721786499
0.6549760103225708
0.37265223264694214
0.45301443338394165
0.6605202555656433
0.3755948543548584
0.9474095106124878
0.3259172737598419
0.5017516016960144
0.5265250205993652
0.6300084590911865
0.4688497483730316
0.3818452060222626
0.20405015349388123
0.32541292905807495
0.3813462257385254
0.5558025240898132
0.5257307887077332
0.5282655358314514
0.42666691541671753
0.5559636354446411
0.4356675148010254
0.6234704256057739
0.38772958517074585
0.6000334620475769
0.4665190577507019
0.32139819860458374
0.9125112891197205
