0.5044186115264893
0.6869274377822876
0.8947431445121765
0.349148154258728
0.3202807307243347
0.43725472688674927
0.7862375378608704
0.5299988389015198
0.21471038460731506
0.505112886428833
0.39401453733444214
0.3974103629589081
0.3253810405731201
0.5421504974365234
0.1639893800020218
0.5440479516983032
0.2203434705734253
0.3224893808364868
0.25203466415405273
0.5472550392150879
0.38647255301475525
0.647794246673584
0.36168885231018066
0.740098774433136
0.27566036581993103
0.2983446419239044
0.4239245355129242
0.659694492816925
0.9065462350845337
1.126565933227539
0.5426201224327087
0.23271217942237854
0.3681071698665619
0.5201447010040283
0.1507912576198578
0.4517331123352051
0.5632776618003845
0.5447102785110474
1.6858584880828857
0.2920309603214264
0.7543570399284363
0.2927474081516266
0.7627331614494324
0.3292562961578369
1.1885340213775635
0.3124513030052185
0.4189242720603943
0.2906767725944519
0.18100839853286743
0.5528255701065063
0.5442124605178833
0.4161006808280945
0.3212348222732544
0.3028394281864166
0.4410362243652344
0.7237173318862915
0.18473368883132935
0.46960097551345825
0.5030154585838318
0.5129503011703491
0.7444072365760803
0.8121510744094849
0.9434964060783386
0.634576141834259
0.19419291615486145
0.8634598851203918
0.3425217270851135
0.4044930040836334
0.8162441253662109
0.6509081721305847
0.501694917678833
0.716055154800415
0.4983879029750824
0.5017333626747131
0.6623035669326782
0.35670942068099976
0.37038421630859375
0.5788329243659973
0.35668474435806274
0.5023952722549438
0.5788072347640991
0.2956264615058899
0.7610570192337036
0.7459611296653748
0.268034964799881
0.5479171872138977
0.5750244855880737
0.47405973076820374
0.4590931832790375
0.2964603006839752
0.6187928318977356
0.3472815155982971
0.29376882314682007
0.43966007232666016
0.5108281373977661
0.47996050119400024
0.6045807600021362
0.6637601852416992
0.43121322989463806
0.7192932367324829
0.7346829175949097
0.8775571584701538
0.8143421411514282
1.1081242561340332
0.8745172619819641
0.654370129108429
0.48911380767822266
0.3665582537651062
0.35207444429397583
0.23055346310138702
0.27145567536354065
0.4986007809638977
0.20138588547706604
0.594840407371521
0.6866812705993652
0.38894909620285034
0.4674665331840515
0.4554653763771057
0.8771110773086548
0.2836090624332428
0.4589940905570984
0.24417468905448914
0.5262667536735535
0.5635188221931458
0.8962868452072144
0.30420610308647156
0.5696872472763062
0.5191652178764343
0.4776333272457123
0.43556731939315796
0.704425036907196
0.2753364145755768
0.5237722396850586
0.6769144535064697
0.6218658089637756
0.4886189103126526
0.28511375188827515
1.1189321279525757
0.8026434183120728
0.5283320546150208
0.47024625539779663
0.27400997281074524
0.3506038188934326
0.6877331733703613
0.5205690860748291
0.42231234908103943
0.5672059059143066
0.7192425727844238
0.7751943469047546
0.8760361671447754
0.5507624745368958
0.513852596282959
0.6708709597587585
0.422616571187973
0.33644357323646545
0.8432279825210571
0.983525276184082
0.573743462562561
0.2623320519924164
0.41000333428382874
0.42074307799339294
0.3020128607749939
0.36478233337402344
0.5622605085372925
0.6157823204994202
0.4445684850215912
0.3666188716888428
0.47942209243774414
0.673808217048645
0.4779386520385742
0.6739691495895386
0.46374186873435974
0.8890763521194458
0.43244919180870056
0.30881267786026
0.5149838924407959
0.3252963423728943
0.4581221640110016
0.450731098651886
0.5794897675514221
0.5110764503479004
0.45270147919654846
0.6811291575431824
0.6388654112815857
0.33716902136802673
0.39880484342575073
0.29217466711997986
0.6623282432556152
0.5357893705368042
0.7067314982414246
0.4410366117954254
0.6288493871688843
0.41688093543052673
0.6697123646736145
0.7234320044517517
0.36047783493995667
0.5403464436531067
0.4876938462257385
0.5890523791313171
0.4930962026119232
0.5998468399047852
0.6267791986465454
0.5263016819953918
0.7867891788482666
0.7192246913909912
0.2522152364253998
0.5290278196334839
0.3023667633533478
0.49108409881591797
0.5408242344856262
0.5360828638076782
0.3173134922981262
0.33910679817199707
0.15606030821800232
0.48109132051467896
0.765184223651886
0.606933057308197
0.38585343956947327
0.37780776619911194
0.7074654698371887
0.45328083634376526
1.090087890625
1.582243800163269
0.3482512831687927
0.48140987753868103
0.8246892690658569
0.712652325630188
0.332839697599411
0.5655566453933716
0.3679114282131195
0.4759485125541687
0.4526408612728119
0.49356308579444885
0.5498800277709961
0.29145821928977966
0.6511284708976746
0.9608787298202515
0.5047206878662109
0.7412171363830566
0.4631396234035492
0.2518085837364197
0.468392938375473
0.8449566960334778
0.4765652120113373
0.3985002338886261
0.3974008560180664
0.7602489590644836
0.5091074705123901
0.4607986509799957
0.3726097047328949
0.6497739553451538
0.34456443786621094
0.40739282965660095
0.41111239790916443
0.5080958008766174
0.4113043248653412
0.8050705790519714
0.49408426880836487
0.7726716995239258
0.6686129570007324
0.6582241058349609
0.2415391206741333
0.48926764726638794
0.4425429403781891
0.6886491775512695
0.7507815361022949
0.39015549421310425
0.3105607032775879
0.33991488814353943
0.33413082361221313
0.6300239562988281
0.48806172609329224
0.7040761709213257
0.6557618975639343
0.23363038897514343
0.2902753949165344
0.42529454827308655
0.3309375047683716
0.8343204259872437
0.7136666774749756
0.34284013509750366
0.3141976296901703
0.31123337149620056
0.6659615635871887
0.9523552060127258
0.7475765347480774
0.3332701623439789
1.0799497365951538
0.6411994695663452
0.4886322617530823
1.1132605075836182
0.5662739276885986
0.7414600253105164
0.2472730129957199
0.20227208733558655
0.5502251386642456
0.43022555112838745
0.670329213142395
0.5156660079956055
0.6781638860702515
0.3125080466270447
0.3940097987651825
1.1093201637268066
0.720232367515564
0.2152615338563919
0.6065579652786255
0.6815749406814575
0.3138635456562042
0.4159058928489685
0.3569837212562561
0.6014547944068909
0.2610315978527069
0.7849310636520386
0.344822496175766
0.3551185131072998
0.7633358836174011
0.39632031321525574
0.3902890086174011
0.8064440488815308
1.1429563760757446
0.8986921310424805
0.9193915128707886
0.4087085723876953
0.7642281651496887
0.26248374581336975
0.6422699093818665
0.34277117252349854
0.19220606982707977
0.44811543822288513
0.5632417798042297
0.2801212668418884
0.7561922669410706
0.8365734219551086
0.6005450487136841
0.47595319151878357
0.9023798704147339
0.14318180084228516
0.2942295968532562
