0.5000890493392944
0.9001287221908569
0.642352819442749
0.6799403429031372
0.4518440365791321
0.3723738193511963
0.5452332496643066
0.5311087369918823
1.2587193250656128
0.6850253939628601
0.6155692934989929
0.4760766625404358
0.5861603617668152
0.3220190107822418
0.39873939752578735
0.2568341791629791
0.39720338582992554
0.4329058527946472
1.002603530883789
0.7153487801551819
0.44865769147872925
0.3441804051399231
0.7615890502929688
0.551730215549469
0.7565178275108337
0.34414976835250854
0.6316540241241455
0.5479164123535156
0.506608784198761
0.3782193660736084
0.5650090575218201
0.32154762744903564
0.4971199929714203
0.1730491667985916
0.4010390341281891
0.4074993133544922
0.5562176704406738
0.6544367671012878
0.48915809392929077
0.39547431468963623
0.4525551199913025
0.23793593049049377
0.7337640523910522
0.5925216674804688
1.2624914646148682
0.41114503145217896
0.4566243290901184
0.4082961678504944
0.6420316696166992
0.3815542459487915
0.2863263487815857
0.3941681981086731
0.20196731388568878
0.3174288272857666
0.45607131719589233
0.3463766574859619
0.6263583898544312
0.4741060137748718
0.5925694704055786
0.6111444234848022
0.32738032937049866
0.6347575783729553
0.6672695875167847
0.44194287061691284
0.3580130636692047
0.8452542424201965
0.5241718292236328
0.38820338249206543
0.676365852355957
0.8642207384109497
0.46068519353866577
0.4867376685142517
0.6850359439849854
0.27377262711524963
0.6714154481887817
0.6105415225028992
0.39590057730674744
0.45708027482032776
0.6185212135314941
0.3673105835914612
0.22750258445739746
0.33548662066459656
0.8584303855895996
0.3096490800380707
0.5763069987297058
0.4982396960258484
0.6560376882553101
0.2920963764190674
0.30052751302719116
0.4998266100883484
0.7991070747375488
0.40771159529685974
0.5871216654777527
0.6641794443130493
0.46903181076049805
0.32189035415649414
0.49495354294776917
0.3089679777622223
0.3322318196296692
0.8706086874008179
0.4446393847465515
0.6131613850593567
0.3742560148239136
0.687990665435791
0.25579318404197693
0.8348568081855774
0.46986040472984314
0.4056822657585144
0.2028001844882965
0.5339664220809937
0.8285180926322937
0.43723106384277344
0.253182977437973
1.2145068645477295
0.9476480484008789
0.7517388463020325
0.6116176247596741
0.4845511019229889
0.5473120808601379
0.9923409223556519
0.42035970091819763
0.6402076482772827
0.27893775701522827
0.6041766405105591
0.7650395631790161
0.44825392961502075
0.7942603826522827
0.4779670238494873
0.9089647531509399
0.6380041241645813
0.9550732374191284
0.2622217833995819
0.28277498483657837
0.5358965396881104
0.7291985750198364
0.6924772262573242
0.3389740586280823
0.3318209648132324
0.5611222982406616
0.3247017562389374
0.9746474027633667
0.5232234001159668
0.6057041883468628
1.1150596141815186
0.30151358246803284
0.4364244043827057
0.34998664259910583
0.5116556882858276
0.3446062505245209
0.20836997032165527
0.7528063058853149
0.4810336232185364
0.6221103072166443
0.678013026714325
0.5567066073417664
0.3767525851726532
0.8682044744491577
0.2927683889865875
0.7354018092155457
0.5495094656944275
1.0048847198486328
0.4984275698661804
1.1266624927520752
0.3264768719673157
0.2600766122341156
0.4327333867549896
0.5848680734634399
0.527447521686554
0.5264303088188171
0.23948916792869568
0.7658673524856567
0.46957653760910034
0.6791242361068726
0.6975709199905396
0.40044689178466797
0.5793232917785645
0.6483432054519653
1.2714512348175049
0.28123778104782104
0.4795662462711334
0.6484508514404297
0.500771164894104
0.6179127097129822
0.5865684747695923
0.4871768057346344
0.36302024126052856
0.46170178055763245
0.3972701132297516
0.36335620284080505
0.15141542255878448
0.44673705101013184
0.6360963582992554
0.542474627494812
0.3160870373249054
0.39479073882102966
0.7707851529121399
0.25881120562553406
0.6284017562866211
0.3595767617225647
0.6151490211486816
0.4760587811470032
0.3157385587692261
0.43713998794555664
0.4864797592163086
0.7314110994338989
0.3952270448207855
0.40613657236099243
0.6536042094230652
0.4833703935146332
0.5418540239334106
0.3766336143016815
0.26313313841819763
0.5724499225616455
0.7274981141090393
0.3403826951980591
0.41232752799987793
0.4983590245246887
0.5580876469612122
0.4415375590324402
0.48788776993751526
0.6613856554031372
0.7351239919662476
0.6346162557601929
0.5452226996421814
0.28869542479515076
0.6292418241500854
0.8116358518600464
0.7551982998847961
0.46786022186279297
0.48434486985206604
0.41188961267471313
0.9226344227790833
0.33201220631599426
0.6028406023979187
0.6966109871864319
0.9556165933609009
0.49581652879714966
0.227560356259346
0.28102588653564453
1.184053659439087
0.1726015955209732
0.5282748341560364
0.46760615706443787
0.2623780369758606
0.6274548172950745
0.21761474013328552
0.8802148699760437
0.5824724435806274
0.5888572931289673
0.7050714492797852
0.7321107983589172
0.3907456398010254
0.28176501393318176
0.37172868847846985
0.38761502504348755
0.2786855101585388
0.7586233019828796
0.36214959621429443
0.848547101020813
0.44803857803344727
0.395374059677124
0.26986318826675415
0.5440915822982788
0.2616964876651764
0.8124828338623047
1.5890886783599854
1.0621764659881592
0.7836803197860718
0.5579966306686401
0.89354008436203
1.0021568536758423
0.5671814680099487
0.5088841319084167
0.3480016589164734
0.838329017162323
0.47147196531295776
0.3656682074069977
0.7412039041519165
0.7302605509757996
0.9061862230300903
0.5726648569107056
0.8992398381233215
0.2994137406349182
0.40238696336746216
0.47897833585739136
1.3907063007354736
0.887870192527771
0.3404204547405243
0.3043648600578308
0.4677823483943939
0.3927439749240875
0.2536519169807434
0.3835124969482422
0.3181483745574951
0.7614789009094238
0.2924271523952484
0.4855494499206543
0.5633994340896606
0.9225502014160156
0.39022162556648254
0.3242865800857544
0.8327789306640625
0.1781226545572281
0.607740581035614
0.26898378133773804
0.25966644287109375
0.3547898530960083
0.890403151512146
0.20878133177757263
0.7580785155296326
1.1515979766845703
1.3180179595947266
0.6866048574447632
0.40190190076828003
0.9423044323921204
0.28336474299430847
0.9187887907028198
0.388726145029068
0.5623353719711304
0.38381460309028625
0.3218602240085602
0.4960201382637024
0.4088994562625885
0.4873688220977783
0.7391542792320251
0.7304993867874146
0.21788282692432404
0.8062186241149902
0.42488741874694824
0.4080759882926941
0.8795744776725769
0.3101356625556946
0.6723968386650085
0.21471726894378662
0.6417874097824097
0.9846506118774414
0.43293118476867676
0.35657429695129395
