0.5915333032608032
0.7385557889938354
0.33023619651794434
1.3409092426300049
0.8862224817276001
0.2996850609779358
0.21444888412952423
0.6072490811347961
0.6402767300605774
0.6833484172821045
1.0258125066757202
0.44389909505844116
0.443073570728302
0.6932876110076904
0.4307122230529785
0.7769162058830261
0.8837993741035461
0.48792439699172974
0.5368505716323853
0.6166831254959106
0.5058600902557373
0.5760830640792847
0.565654456615448
0.43033403158187866
0.35049551725387573
0.3956429064273834
0.5388020873069763
0.5547082424163818
0.782559335231781
0.32413262128829956
0.630236029624939
0.4723900854587555
0.5745404362678528
0.43914908170700073
0.4475252032279968
0.3509201407432556
0.22995682060718536
1.3104575872421265
0.5920438766479492
0.4681382179260254
0.6637288331985474
0.3989172875881195
0.296375036239624
0.39665287733078003
0.6469611525535583
0.4131956994533539
0.5920742750167847
0.6250795125961304
0.31192970275878906
0.6539473533630371
0.4588552415370941
0.3059343993663788
0.5514779090881348
0.25009864568710327
0.4873049855232239
0.307422935962677
0.2273404896259308
0.5613582730293274
0.4741381108760834
0.55254065990448
0.792526125907898
0.4811328947544098
0.5295717716217041
0.6014624834060669
0.5064667463302612
0.5255088806152344
0.3775445222854614
0.3317456841468811
0.7474703788757324
0.587855339050293
0.7436712980270386
0.278151273727417
1.3464139699935913
0.3408072888851166
0.6036211252212524
0.6961461901664734
0.41192626953125
0.6102246046066284
0.6327958106994629
0.3701394200325012
0.8080980181694031
0.45673006772994995
0.4515921473503113
0.4952591359615326
0.7349103689193726
0.38043034076690674
0.7502016425132751
0.5061582326889038
0.3468056321144104
0.5222164392471313
0.68822181224823
0.48885196447372437
0.6301212310791016
0.5444915890693665
0.27122122049331665
0.3885495066642761
0.28647488355636597
0.6332703828811646
0.8920636177062988
0.5910091996192932
0.6391969919204712
0.7577154636383057
0.7390276193618774
0.6787179112434387
0.44491514563560486
0.41210490465164185
0.46928662061691284
0.37876421213150024
0.3244625926017761
0.9228078126907349
0.47691741585731506
0.24108931422233582
0.5633149147033691
0.8013626337051392
0.4930451810359955
0.510205090045929
1.095337986946106
0.4848247468471527
0.6728729605674744
0.3764777183532715
1.4725525379180908
0.485130250453949
1.1539580821990967
0.37598931789398193
0.5099548101425171
0.5807797908782959
0.4421548843383789
0.415231853723526
0.5266960859298706
0.5910966396331787
0.7287848591804504
0.7001215815544128
0.22173544764518738
0.6268357634544373
0.5319962501525879
0.4310857653617859
0.26927658915519714
0.32172077894210815
0.37016263604164124
0.6024786829948425
0.46911922097206116
0.4026758074760437
0.41282638907432556
0.28539714217185974
0.37900978326797485
0.3969403803348541
0.5816752910614014
0.8683621287345886
0.2537151575088501
0.44345396757125854
0.5864095687866211
0.6895555257797241
0.6493878960609436
0.23387369513511658
0.9239015579223633
0.5712487101554871
0.6677080392837524
0.7783347368240356
0.8665088415145874
1.2074482440948486
0.5478368997573853
0.5656431913375854
0.3552171587944031
0.8172934651374817
0.8115871548652649
0.8536655306816101
0.22459466755390167
0.361386239528656
0.4053836464881897
0.3022751212120056
0.41364651918411255
0.8934022188186646
0.5016221404075623
0.3516215980052948
0.5150564312934875
0.5426527857780457
0.27729305624961853
0.7350462675094604
0.5978702306747437
0.5077213644981384
0.41565337777137756
0.38328444957733154
0.3420664072036743
0.21459326148033142
0.5088421106338501
0.4565974175930023
0.37084317207336426
0.5755234956741333
0.4601290225982666
0.5493141412734985
0.3113849461078644
0.4705163538455963
0.37850460410118103
0.7161168456077576
0.3291831612586975
0.5202402472496033
0.2641097903251648
0.6599884033203125
0.2884427011013031
0.8394947052001953
0.30935829877853394
0.5456432104110718
0.7354035377502441
0.6797406077384949
0.3977817893028259
0.2865374982357025
0.33775800466537476
0.3306559920310974
0.3322901129722595
0.3956074118614197
0.5862143635749817
0.6041461229324341
0.5110573768615723
0.34904801845550537
0.22748327255249023
0.5271044373512268
0.32918909192085266
0.3525635004043579
0.46263375878334045
0.525955080986023
0.5927260518074036
0.5117558240890503
0.38842707872390747
0.5261005163192749
0.500515341758728
0.2772980332374573
0.6098170280456543
0.4714941084384918
0.498460590839386
0.6867172718048096
0.31598353385925293
0.5854276418685913
0.25231271982192993
0.36484494805336
0.5297515392303467
0.238732248544693
0.6987259984016418
0.45060187578201294
0.4193599224090576
0.40032950043678284
0.40274637937545776
0.3930252492427826
0.46356749534606934
0.25655877590179443
0.467827707529068
0.5482805967330933
0.5089329481124878
0.30808648467063904
0.24717912077903748
0.37506169080734253
0.5177088379859924
0.545462965965271
1.3820812702178955
1.3328036069869995
0.6170788407325745
0.7928799986839294
0.5174166560173035
0.7440041899681091
0.10815827548503876
0.6897950172424316
0.6239034533500671
0.28507179021835327
0.449956476688385
0.5515738725662231
0.2059585601091385
0.8386059999465942
0.47632497549057007
0.2826041579246521
0.41021308302879333
0.6229988932609558
0.7339688539505005
0.18593494594097137
0.3330110013484955
0.5630136728286743
1.0653561353683472
0.922258198261261
0.5293070077896118
0.6692624092102051
1.418384313583374
0.6708964705467224
0.3668757379055023
0.6200265884399414
0.5249266624450684
0.2565315067768097
0.4547360837459564
0.32032567262649536
0.3725753128528595
0.6170950531959534
0.3328515887260437
0.9708040356636047
0.7598615884780884
0.8049543499946594
0.6015716791152954
0.9817072153091431
0.5293681621551514
0.4922296404838562
0.3530953526496887
0.5051103830337524
0.4631485044956207
0.5496150255203247
0.5923069715499878
0.34870558977127075
0.5496556162834167
0.3364875316619873
0.23493194580078125
0.4976809620857239
0.5928323864936829
0.31848663091659546
0.38226574659347534
0.34382468461990356
0.5670315623283386
0.8187950253486633
0.323868989944458
0.458151638507843
0.28097066283226013
0.6179414391517639
0.5121790170669556
0.3951590955257416
1.0576276779174805
0.5897516012191772
0.5022207498550415
0.3493344485759735
0.275815486907959
0.41914430260658264
0.43799370527267456
0.6897584199905396
0.6232369542121887
0.6431056261062622
0.48207610845565796
0.21136374771595
0.40718117356300354
0.7573508024215698
0.36128053069114685
0.2782958149909973
0.34615880250930786
0.32381671667099
0.26710525155067444
0.23318463563919067
