0.5390673875808716
0.348116397857666
0.5371107459068298
0.5833560824394226
0.39444175362586975
0.21947376430034637
0.37751850485801697
0.5492674708366394
0.4930257201194763
0.5451318025588989
0.4545765817165375
0.4375651478767395
0.7416077256202698
0.3336334228515625
0.28555241227149963
0.5431832075119019
0.3625538945198059
0.7352219820022583
0.6313778758049011
0.4695025384426117
0.9795562624931335
0.8188557624816895
0.4918001592159271
0.4861689507961273
0.5956079363822937
0.5554834008216858
0.3503114581108093
0.8958803415298462
0.6471457481384277
0.18257710337638855
0.6027316451072693
0.641196072101593
0.3252016603946686
0.23890843987464905
0.41058701276779175
0.922164797782898
0.4546213150024414
0.8286932110786438
0.5155884027481079
0.7043160200119019
0.6857060194015503
0.4324451982975006
0.35155224800109863
0.6853302717208862
0.18065765500068665
0.39771729707717896
0.4750564694404602
0.7698453068733215
0.3020625710487366
0.6970351934432983
0.9607497453689575
0.8242170214653015
0.5182874798774719
0.9525445699691772
0.2901972234249115
0.9652239084243774
0.7368017435073853
0.571662187576294
0.3357326090335846
0.4014755189418793
0.523267924785614
0.8632074594497681
0.3825589418411255
0.8347064852714539
0.2370576411485672
0.3770540654659271
0.8084498643875122
0.20521679520606995
0.29093384742736816
0.4081975817680359
0.2000923603773117
0.2565779685974121
0.34508591890335083
0.9301362037658691
0.5986406207084656
0.4926103949546814
0.3690349757671356
0.49583321809768677
0.8589059710502625
0.6666457056999207
0.4127282202243805
0.20869989693164825
0.3535800576210022
0.360889196395874
0.8207820057868958
0.5722743272781372
0.5886554718017578
0.12434305995702744
1.3220665454864502
0.6483532190322876
0.4765101373195648
0.4009912610054016
0.9368473887443542
0.5853527784347534
0.4736855924129486
0.33259254693984985
0.25823211669921875
0.8605942726135254
0.6558955311775208
1.0439746379852295
0.39113345742225647
0.8915421366691589
0.1261763721704483
0.3866841495037079
0.2875061631202698
0.48762422800064087
1.0586446523666382
0.820263683795929
0.7454497218132019
0.4928240180015564
0.22030696272850037
0.6455792188644409
0.565694272518158
0.5391961932182312
0.5512762069702148
1.1120465993881226
0.8198765516281128
0.7028940916061401
0.7214635610580444
1.146809458732605
0.6874530911445618
0.6222896575927734
0.5997023582458496
0.37635987997055054
0.4786774516105652
0.5787454843521118
0.2703246474266052
0.3220124840736389
1.0040137767791748
0.7361174821853638
0.3125803470611572
0.5540774464607239
0.4214441180229187
0.6716257929801941
0.3550552427768707
0.5376958847045898
0.6863633394241333
0.39751750230789185
0.5628159642219543
0.5551884174346924
0.5882288813591003
0.5118941068649292
0.41657716035842896
0.2745712399482727
0.30776333808898926
0.32631590962409973
0.41066107153892517
0.42038393020629883
0.36224281787872314
0.4563886225223541
0.667765736579895
0.47919759154319763
0.8505662083625793
0.41796594858169556
0.4370616376399994
0.45297956466674805
0.3482709228992462
0.38313859701156616
0.532076358795166
0.4485805034637451
0.6026973724365234
0.30726248025894165
0.38511422276496887
0.502062976360321
0.22892673313617706
0.8109699487686157
0.5543047189712524
0.23454037308692932
0.7144328355789185
0.6482719779014587
0.3143906891345978
0.42698392271995544
0.7569020390510559
0.4827958047389984
0.5340231657028198
0.6788117289543152
0.43678656220436096
0.8438838720321655
0.47389665246009827
1.2330888509750366
0.6934207081794739
0.47693008184432983
0.4502914547920227
0.8682134747505188
0.477334588766098
0.8199023008346558
0.5363929271697998
0.6338610053062439
0.5979846119880676
0.5508784055709839
0.4307700991630554
0.30122217535972595
0.6771082282066345
0.25564366579055786
0.29229119420051575
0.5980193614959717
0.28479936718940735
0.5067752003669739
0.46876105666160583
0.6335314512252808
0.290169358253479
0.7738016247749329
0.5273662805557251
0.29168909788131714
0.34137043356895447
0.9002477526664734
1.1360665559768677
0.34473463892936707
0.32883191108703613
0.15154814720153809
0.693092405796051
0.22689394652843475
0.3216016888618469
0.7410363554954529
0.4369695782661438
0.4143904745578766
0.36484861373901367
0.993579089641571
0.5975152850151062
0.3058566749095917
0.5093762874603271
0.37588778138160706
1.2598310708999634
0.39600834250450134
0.4680151045322418
0.6626399755477905
0.5167933106422424
0.8290742635726929
0.20426097512245178
0.6419681906700134
0.33145150542259216
0.6616724729537964
0.6059907674789429
1.1016523838043213
0.48716163635253906
0.6621001362800598
0.7933574914932251
0.36607837677001953
0.5385436415672302
0.33747369050979614
0.3166366219520569
0.7167791128158569
0.3147994875907898
0.6377881169319153
0.6132052540779114
0.19778311252593994
0.5653139352798462
0.47297316789627075
0.48839908838272095
0.9349585771560669
0.6657053232192993
0.23465962707996368
0.5197431445121765
0.2078959196805954
0.3285227119922638
0.5021113157272339
0.8098708391189575
0.3941991627216339
0.6501539945602417
0.39439651370048523
1.0217483043670654
0.35580986738204956
0.36831802129745483
0.5548614263534546
0.3044545650482178
0.3370954394340515
0.23090484738349915
0.3440587520599365
0.5687026977539062
0.5493715405464172
0.3939927816390991
0.40994685888290405
0.7796026468276978
0.7742421627044678
0.8460213541984558
0.2637422978878021
0.4984074532985687
0.39808234572410583
0.28474515676498413
1.050379991531372
0.70475834608078
0.5856213569641113
0.6894504427909851
0.4479065537452698
0.6741712689399719
0.28645652532577515
0.1736258715391159
0.4431040287017822
0.3830795884132385
0.8335269689559937
0.3506709933280945
0.4969828724861145
0.7141310572624207
0.571002721786499
0.4398258328437805
0.8647412061691284
0.6357598304748535
0.5409741401672363
0.8035372495651245
0.5844537019729614
0.33437395095825195
0.23125264048576355
0.38437139987945557
0.34052199125289917
0.43499645590782166
0.41878241300582886
0.4666808247566223
0.6166425943374634
0.5975083112716675
0.3552197515964508
0.4026452600955963
0.704582691192627
0.8268556594848633
0.4678470194339752
0.35828495025634766
0.33178800344467163
0.34393662214279175
0.4525832235813141
0.44180184602737427
0.8711981773376465
0.4452790319919586
0.533814549446106
0.3292233347892761
0.25803160667419434
0.8936983346939087
0.42805609107017517
0.805141270160675
0.5376589298248291
0.4804151654243469
0.49940213561058044
0.6309130787849426
0.667712390422821
0.4142213463783264
0.19544795155525208
0.4548259377479553
0.4470946788787842
0.35450953245162964
1.4117885828018188
