0.8330131769180298
0.9090558886528015
0.6418122053146362
0.6299164295196533
0.31091469526290894
0.8890842199325562
0.5127395391464233
0.5475045442581177
0.6266457438468933
0.6213256120681763
0.4381890892982483
0.8657504916191101
0.707379162311554
1.0327365398406982
0.7285847663879395
0.8631866574287415
0.47325006127357483
0.5898420810699463
0.4355669617652893
0.18890151381492615
0.7433276176452637
1.4155775308609009
0.6953229904174805
0.740269124507904
0.3837420642375946
0.5486042499542236
0.7338560819625854
0.5028101205825806
0.33244532346725464
0.48239272832870483
0.5703648328781128
0.539900541305542
0.5156625509262085
1.1228687763214111
0.34586775302886963
0.4234125018119812
1.5951101779937744
0.5426782369613647
0.6827155351638794
0.447967529296875
0.3646557033061981
1.1373536586761475
0.431497186422348
0.3575012981891632
0.9300205111503601
0.20054225623607635
0.5534030795097351
0.8434436917304993
0.5720691084861755
0.8113418817520142
0.6595019102096558
0.5492690205574036
0.4173002243041992
0.5979467630386353
0.34673652052879333
0.6406391263008118
0.3553240895271301
0.2935450077056885
0.4097841680049896
0.4300811290740967
1.1214768886566162
0.35255545377731323
0.25791722536087036
0.22545814514160156
0.7092565298080444
0.2766038775444031
0.7173981070518494
0.7696173191070557
0.46795859932899475
0.4290275573730469
0.519618809223175
0.3490971326828003
0.6770186424255371
0.37530818581581116
0.23075997829437256
0.6289947032928467
0.3077602684497833
0.5102027654647827
1.412598729133606
0.6298874020576477
0.27393028140068054
0.5437659025192261
0.44488978385925293
0.3749421238899231
0.5679458379745483
0.4325178563594818
0.3763903081417084
0.47981134057044983
0.5311249494552612
0.4431656301021576
0.23398825526237488
0.46928372979164124
0.6284042596817017
0.8066331148147583
0.8306089639663696
0.5955605506896973
0.585483193397522
0.48591214418411255
0.3830469250679016
0.3306197226047516
0.4567949175834656
0.43820151686668396
0.7297952771186829
0.7632590532302856
0.4379305839538574
0.25900086760520935
0.7220559120178223
0.7419317364692688
0.31970876455307007
0.499479204416275
0.53062903881073
0.3290473222732544
0.4310914874076843
0.5500112771987915
0.3265506625175476
0.5073776841163635
0.36537227034568787
0.45261675119400024
0.26954346895217896
0.29627856612205505
0.5276177525520325
0.6470599174499512
0.47095879912376404
0.5839346647262573
0.5534633994102478
0.5706819295883179
0.25886911153793335
0.8485237956047058
0.5412992238998413
0.16219623386859894
0.7583629488945007
0.7946208715438843
0.5130151510238647
0.3919289708137512
0.37861132621765137
0.5554503798484802
0.30667644739151
0.7034658193588257
0.460364431142807
0.6515735983848572
0.5099102258682251
0.32698482275009155
0.44585198163986206
0.5234948992729187
0.5024205446243286
0.9369705319404602
0.4381345212459564
0.7367761135101318
0.6342530250549316
0.8583952784538269
1.0674502849578857
0.7150474190711975
0.8882495760917664
0.4810240864753723
0.4128451347351074
0.5272092819213867
0.8413411974906921
0.4178403913974762
0.5302014350891113
0.3298044204711914
0.61493980884552
0.7161909937858582
0.5406593084335327
0.7804375886917114
0.38207554817199707
0.2508684992790222
0.2643180191516876
1.1707969903945923
0.363638311624527
0.4911588728427887
0.33369508385658264
0.380931556224823
0.6269384026527405
0.8937122225761414
0.34584999084472656
1.022653579711914
0.6555224657058716
0.4909592568874359
0.46749383211135864
0.4904325604438782
0.4089992642402649
0.4282163083553314
0.8229236602783203
0.8784725069999695
0.7620029449462891
0.6562975645065308
0.5574015378952026
0.5350561141967773
0.45844411849975586
0.2289154976606369
0.6238797307014465
0.5098630785942078
0.6010156869888306
0.43953219056129456
0.3565082252025604
0.8225069046020508
0.2677345275878906
0.90599125623703
0.5477180480957031
0.7538389563560486
0.31708842515945435
0.24896180629730225
0.47595810890197754
0.38392001390457153
0.33458563685417175
0.6610295176506042
0.25143739581108093
0.4810393452644348
0.6409928798675537
0.5635921955108643
0.8452547788619995
1.2033259868621826
0.3386736512184143
1.2023817300796509
0.4261934161186218
0.5293314456939697
0.4670782685279846
0.5340461730957031
0.7333936095237732
0.7567716240882874
0.43855467438697815
0.5305603742599487
0.14769059419631958
0.4446147084236145
0.4141685962677002
0.5516855716705322
0.32789668440818787
0.42612820863723755
0.30370965600013733
0.5048202872276306
1.1378066539764404
0.4951600432395935
1.1108310222625732
0.557330846786499
0.676243007183075
0.3860018849372864
0.6101101040840149
0.4689154624938965
0.5749295949935913
0.4116429388523102
0.2460777759552002
0.45378273725509644
0.5822063684463501
0.5603855848312378
0.6887639760971069
0.4912535548210144
0.6938520669937134
0.5635135173797607
0.6772564053535461
0.8497354388237
0.8207138180732727
0.5740823745727539
0.773658812046051
0.5201919674873352
0.48961272835731506
0.5166292190551758
0.3039277195930481
0.5100973844528198
0.7747352719306946
0.754127025604248
0.8228756189346313
0.728299617767334
0.43635743856430054
0.6777489185333252
1.1037447452545166
0.5728945732116699
0.3626861870288849
0.3861744999885559
0.3762963116168976
0.3127782940864563
0.4172384738922119
0.606462299823761
0.7023655772209167
0.41114163398742676
0.23125657439231873
0.2692348062992096
0.26671096682548523
0.4965828061103821
0.7919554710388184
0.3101508915424347
0.6070668697357178
0.5584867000579834
0.42225703597068787
0.6922707557678223
0.45583516359329224
0.4965721666812897
0.45919036865234375
0.3495962619781494
0.7133346796035767
0.7118496894836426
0.47296446561813354
0.6340079307556152
0.650623619556427
0.5378580689430237
0.6117414236068726
1.1451876163482666
0.5399070978164673
0.8558812141418457
0.45367246866226196
0.6160115003585815
0.3300948739051819
1.1910125017166138
0.358961284160614
0.6968693137168884
0.24206805229187012
0.4143400192260742
0.2833004593849182
0.4189576208591461
0.4843893051147461
0.3171207904815674
0.5335949659347534
0.6093696355819702
1.053299069404602
0.3516055643558502
0.8543021082878113
0.3703420162200928
0.8299609422683716
0.3043700158596039
0.5625099539756775
1.024797797203064
0.49403828382492065
0.5511060953140259
0.5770379900932312
0.6949233412742615
0.6114994287490845
0.6728469729423523
0.38228923082351685
0.5141385793685913
0.5224894285202026
0.4284321367740631
0.659648597240448
0.42994260787963867
0.33638495206832886
0.26546376943588257
0.17821748554706573
0.76683109998703
0.5245397090911865
1.385809302330017
