0.5155686736106873
0.4902776777744293
0.9572038650512695
0.508190929889679
0.3732697367668152
0.9879947900772095
0.5120853185653687
0.9832656979560852
0.601262092590332
0.4233412742614746
0.8056682348251343
0.6941991448402405
0.7708550691604614
0.5787129998207092
0.7667419910430908
0.8531168699264526
0.8949319124221802
1.2318865060806274
0.432353675365448
0.4498662054538727
1.2377147674560547
0.6311817169189453
0.5218852162361145
1.5837219953536987
0.5699248909950256
0.38164404034614563
0.3041335940361023
0.8029105067253113
0.5406785011291504
0.6470249891281128
0.41303128004074097
0.4148065149784088
0.7795006632804871
0.5842980146408081
0.8635684847831726
1.0523626804351807
0.5673503875732422
0.8749449849128723
0.8978287577629089
0.433946430683136
0.6486907005310059
0.6554237604141235
0.829663872718811
0.7801353931427002
0.8746224641799927
0.3863142430782318
0.6542235016822815
0.5781091451644897
0.6842067837715149
0.9127799868583679
1.0138537883758545
0.5432866811752319
0.4125354290008545
0.49226027727127075
1.058793306350708
0.9120931625366211
0.5487107634544373
0.8445666432380676
0.943110466003418
1.0675725936889648
0.6671091318130493
0.6871447563171387
0.7584371566772461
0.5752381086349487
0.8030285835266113
0.7762776613235474
0.5493918657302856
0.5754936933517456
0.7060426473617554
0.562961995601654
0.8162820935249329
0.6003746390342712
0.7649394869804382
0.6263794898986816
0.7465454339981079
0.4467334747314453
0.5638039112091064
0.7295392751693726
0.4560762047767639
0.584577739238739
0.7048379182815552
0.8717578649520874
0.507766604423523
0.8068116307258606
0.6713536381721497
0.5984814763069153
0.5579999685287476
0.5084137916564941
0.536054253578186
0.32315579056739807
0.4570493698120117
0.5822392702102661
0.7396196722984314
0.49471616744995117
0.4961310029029846
0.6515742540359497
1.2839784622192383
0.5079058408737183
0.6491224765777588
0.8300941586494446
0.5160650610923767
0.8859596252441406
0.7248755693435669
0.20222043991088867
0.6182651519775391
0.7477070093154907
0.5354406833648682
0.49944448471069336
0.9728896021842957
0.5985630750656128
0.9505249857902527
0.6853289604187012
0.6391531229019165
0.7021063566207886
0.4183436334133148
0.35836857557296753
0.41716909408569336
0.9669429659843445
0.34148067235946655
1.0906671285629272
0.46432194113731384
1.1621267795562744
0.6174939274787903
0.5454912781715393
0.23153440654277802
0.41168442368507385
0.5386025309562683
0.3520558476448059
0.5929598212242126
1.33620285987854
0.7170324921607971
0.44810837507247925
0.7985979318618774
0.41666990518569946
1.2100228071212769
0.7669001817703247
0.4673576354980469
0.7348657846450806
0.6146740317344666
0.5847061276435852
1.161543369293213
0.6117053627967834
0.48435068130493164
0.6093230247497559
0.39811626076698303
0.9021517634391785
0.5192551016807556
0.7788089513778687
1.3443821668624878
0.4332687258720398
0.6014440655708313
0.5190660357475281
0.6229369640350342
0.8144172430038452
0.9097667932510376
0.5841519236564636
0.9106305241584778
0.39915263652801514
0.5959461331367493
0.6503959894180298
0.41317814588546753
1.4064221382141113
0.3469293713569641
0.8466470837593079
0.6351771354675293
0.2556608319282532
0.5754907131195068
1.0814746618270874
0.6185349822044373
0.7022367715835571
0.6132127642631531
0.9126806259155273
0.6405755877494812
0.4986847937107086
0.4845614433288574
0.530178964138031
0.32111358642578125
0.7224019765853882
0.45373839139938354
0.4870367646217346
0.5269748568534851
0.6217109560966492
0.6652570962905884
0.8126989603042603
0.9257255792617798
0.6162532567977905
0.7794944047927856
0.7492994070053101
0.5971303582191467
0.4562034606933594
0.5181251764297485
0.751386821269989
0.3852839469909668
0.9929779171943665
1.2778048515319824
0.40695586800575256
1.2050062417984009
0.9989373087882996
0.5954201221466064
0.8255128860473633
0.4699305593967438
0.5030518174171448
0.8293741345405579
0.8115269541740417
1.0498958826065063
0.3712407350540161
0.6289474368095398
0.5243051648139954
0.4289345145225525
0.6475180983543396
0.687040388584137
0.6193724274635315
0.6848858594894409
0.5722951292991638
0.49620333313941956
0.5444027185440063
0.48229360580444336
0.787615180015564
0.42798537015914917
0.45383986830711365
0.644878089427948
0.7248679995536804
0.39844489097595215
0.6693785786628723
0.49571409821510315
0.552741527557373
0.5576709508895874
0.3102741539478302
0.5905884504318237
0.5317180752754211
0.9262579679489136
0.38487929105758667
0.7648409605026245
0.17445847392082214
1.3455384969711304
0.9239083528518677
0.6866956949234009
0.7539459466934204
0.9283655881881714
0.3174908757209778
0.8408492803573608
0.5309791564941406
0.5233460068702698
0.833299994468689
0.4172442555427551
1.0148061513900757
0.3263868987560272
0.5826703906059265
0.4222235679626465
0.9406876564025879
1.0369611978530884
0.7481301426887512
0.4305756688117981
0.4918068051338196
0.29116588830947876
1.12160062789917
0.5057364702224731
1.0257247686386108
0.7313389778137207
1.6511332988739014
0.7291648983955383
0.4479100704193115
0.35985633730888367
0.7688600420951843
0.5737279653549194
0.7243670225143433
0.5395361185073853
0.6232179403305054
0.4825323224067688
0.3449215888977051
0.8748552203178406
0.6170037388801575
0.6560662984848022
0.28937897086143494
1.0996005535125732
1.0246734619140625
0.9864171743392944
0.9550271034240723
0.8864045143127441
0.6442937850952148
0.9195877313613892
0.6164608001708984
1.0394184589385986
0.1926666647195816
0.3913141191005707
0.5897403955459595
0.43176889419555664
0.2927390933036804
0.7200083136558533
0.8229638338088989
0.3782612383365631
0.614702582359314
0.7110542058944702
1.1549890041351318
0.7450253367424011
0.6203927993774414
0.6850156784057617
0.7505373954772949
0.6657978296279907
1.0347341299057007
0.3832404911518097
1.2336605787277222
0.8878465890884399
0.7032214403152466
0.4705806374549866
0.41750413179397583
0.6326504945755005
0.6575912237167358
0.8423153162002563
0.6361907124519348
0.6828112006187439
0.33109569549560547
0.9592086672782898
0.9915293455123901
0.5279417037963867
1.5947299003601074
0.776535153388977
0.9572687149047852
0.46556100249290466
1.2410706281661987
0.4195190966129303
0.7973995804786682
0.4504055976867676
0.6058222055435181
0.30799180269241333
0.7172722220420837
1.1134631633758545
0.568631649017334
0.7430545687675476
0.8111857175827026
0.6000509262084961
1.1246258020401
0.48608049750328064
1.1247421503067017
0.6015693545341492
0.6420725584030151
0.7412078380584717
0.7394838333129883
