0.5052990913391113
0.6782991886138916
0.3805924952030182
0.5299869179725647
0.4092322289943695
0.38346755504608154
0.44922104477882385
1.3683017492294312
0.5589256286621094
0.2668604850769043
0.266496479511261
0.2776830196380615
0.4324536919593811
0.27817150950431824
0.28187257051467896
0.6401306986808777
0.2725246250629425
0.6171672344207764
0.3244399130344391
0.9568978548049927
0.3927200436592102
0.5153377652168274
0.6562072038650513
0.8997552990913391
0.5106943249702454
0.30852046608924866
0.5977309346199036
0.6564167737960815
0.6957497596740723
0.5586609840393066
0.5997874140739441
0.5988995432853699
0.5698599219322205
0.3299342095851898
0.7517083883285522
0.3783915638923645
0.9891824722290039
0.5702658891677856
0.4064873158931732
1.0212122201919556
0.37866926193237305
0.25896698236465454
0.4118308424949646
0.9602810144424438
0.4399372637271881
0.7414655685424805
0.6208177208900452
0.2996905744075775
0.46032220125198364
0.28550416231155396
0.3704342544078827
0.6633398532867432
0.8094290494918823
0.34251540899276733
1.1409250497817993
0.759566605091095
0.9633976221084595
0.7783257961273193
0.40564069151878357
0.15506958961486816
0.198994442820549
0.37095779180526733
0.22905714809894562
0.3983363211154938
0.42932218313217163
0.4936789870262146
0.7209956645965576
0.27252233028411865
0.7756177186965942
0.6301306486129761
0.32766181230545044
0.5631181597709656
0.41274166107177734
0.5290053486824036
0.90217125415802
0.42718076705932617
0.5650869011878967
0.45626741647720337
0.7560703158378601
0.3574596345424652
0.5884453654289246
0.36554425954818726
0.628267765045166
0.754430890083313
0.9063580632209778
0.4756086468696594
0.4268020987510681
0.7430065870285034
0.31982606649398804
0.3274938464164734
0.3383414149284363
0.962264358997345
0.4884432256221771
0.5591655373573303
0.8883374929428101
0.5052880048751831
0.23761677742004395
0.41587895154953003
0.5872598886489868
0.5856795907020569
0.7277083396911621
0.6826078295707703
0.5608369708061218
0.7178856730461121
0.5048083066940308
0.6004720330238342
0.3855423331260681
0.5077922940254211
0.5849973559379578
0.3721993565559387
0.7092610597610474
0.6558054089546204
0.8495584726333618
0.83912593126297
0.5377163290977478
0.4799852967262268
0.41465967893600464
0.26753267645835876
0.8314930200576782
0.26028332114219666
0.261131227016449
0.7060489654541016
0.35788804292678833
0.36606675386428833
0.16632001101970673
0.3270619213581085
0.27125662565231323
0.7030137777328491
0.3044736683368683
0.7075499296188354
0.799364447593689
0.44206181168556213
0.3419473171234131
0.30977946519851685
0.3332381844520569
1.0033342838287354
0.6924303770065308
0.7567962408065796
0.2804042100906372
0.7246044874191284
0.6005573272705078
0.2459980547428131
0.35530510544776917
0.4488050937652588
0.5690659284591675
0.4310925602912903
0.2440938502550125
0.25020942091941833
0.7145004868507385
0.48263803124427795
0.3461877405643463
0.3786618411540985
0.412518173456192
0.8204976916313171
0.3569898009300232
0.6963536739349365
0.2458445280790329
0.7471972703933716
0.3633161187171936
0.3769977390766144
0.9999446868896484
0.45233267545700073
0.4404948353767395
0.4483114182949066
0.3198786973953247
0.6689127683639526
0.6336593627929688
0.4142223000526428
0.45729225873947144
0.6667690873146057
0.33907604217529297
0.379622220993042
0.23382321000099182
0.41328200697898865
0.5473700165748596
0.30247706174850464
0.3182322084903717
0.5449406504631042
0.7339341640472412
0.7848962545394897
0.9632269144058228
0.7134812474250793
0.3957020342350006
0.5114036798477173
0.7588775753974915
0.5888896584510803
0.4268433451652527
0.46138444542884827
0.35708579421043396
0.7968814969062805
0.6593565940856934
0.8806669116020203
0.5412097573280334
0.7938804030418396
0.3907270133495331
0.3916420042514801
0.2627837359905243
0.269073486328125
0.5696306228637695
0.47706812620162964
0.5533398389816284
1.0590004920959473
0.2780779004096985
0.7490096092224121
0.1784164160490036
0.9131981730461121
0.7276540398597717
0.23811869323253632
0.24254818260669708
0.47607773542404175
0.6208423972129822
0.39674973487854004
0.22113125026226044
0.3960631489753723
0.38372451066970825
0.4153338372707367
0.34716591238975525
0.3304683566093445
0.46578413248062134
0.24747200310230255
0.9896100759506226
0.6296335458755493
0.492270290851593
0.5108309984207153
0.3062530755996704
0.6588693261146545
0.7053288221359253
0.5129603147506714
0.5289784669876099
0.6198384761810303
0.23815560340881348
0.5876986384391785
0.9877675175666809
0.6912707090377808
0.9057920575141907
0.7855656743049622
0.16732582449913025
0.5670385360717773
0.3795667886734009
0.2407461702823639
0.44142913818359375
0.7415420413017273
1.02351975440979
0.19033479690551758
0.6569059491157532
0.37495553493499756
0.4077683985233307
0.6558851003646851
0.33604422211647034
0.3612617552280426
0.37575551867485046
0.8584738969802856
0.7901716232299805
0.3497042655944824
0.6005229353904724
0.6079684495925903
0.6991646885871887
0.4866722524166107
0.251621276140213
0.38936176896095276
0.39916032552719116
0.1858457624912262
0.4893217980861664
0.6560444831848145
0.4055696427822113
0.5428680181503296
0.6906156539916992
0.34235310554504395
0.32510578632354736
0.6337577104568481
0.46119898557662964
0.49529820680618286
0.37091273069381714
0.6211721897125244
0.6186134219169617
0.9660502672195435
0.3464111089706421
0.5065857172012329
0.32963621616363525
0.36380115151405334
0.7665996551513672
0.5207676887512207
0.5328174829483032
0.2654629647731781
0.1584843248128891
0.5151287913322449
0.2714080512523651
0.40313345193862915
0.608489990234375
0.20521369576454163
0.6624549627304077
1.0953161716461182
0.535485029220581
0.3247637152671814
0.7398571372032166
0.3897399306297302
0.7429879307746887
0.5820213556289673
0.4479641318321228
0.6676000356674194
0.7041134834289551
0.7893950939178467
1.1183373928070068
0.46672558784484863
0.3196384012699127
0.8831155896186829
0.4093879759311676
0.32520177960395813
0.6581325531005859
1.0182721614837646
0.5726014375686646
0.6161593198776245
0.6963357925415039
0.4936135709285736
0.5425779819488525
0.6889491081237793
1.0410594940185547
0.5312354564666748
0.5855854153633118
0.474129855632782
0.814806342124939
0.5365110635757446
0.39648574590682983
0.7555743455886841
0.48348116874694824
0.8701686859130859
0.7236164808273315
0.28345319628715515
0.8263511657714844
1.2179467678070068
0.3051534593105316
0.5754460096359253
0.9017444849014282
0.17875392735004425
0.6044306755065918
0.5599251389503479
0.38787785172462463
0.22589434683322906
