0.5915321111679077
0.579443633556366
0.24186332523822784
0.5506172180175781
0.4451521933078766
1.0756347179412842
0.45473605394363403
0.6072684526443481
1.0071340799331665
0.3952862620353699
0.3059181571006775
0.7731019258499146
0.8059766888618469
0.5664475560188293
0.4808994233608246
0.3697664737701416
0.6744818687438965
1.1211044788360596
0.5868597626686096
0.7082074284553528
0.743821382522583
1.0665488243103027
0.5173357129096985
0.3257316052913666
0.7848960757255554
0.3890860676765442
1.4506282806396484
0.49550533294677734
0.47534579038619995
0.3763013780117035
0.29839372634887695
0.2707168757915497
0.47489994764328003
0.20682530105113983
0.42875775694847107
0.4516448974609375
0.5470837950706482
0.4702194333076477
0.651105523109436
0.36944204568862915
0.36041298508644104
0.14749978482723236
0.4632665514945984
0.6045319437980652
0.6724768280982971
0.8545767068862915
0.4027683138847351
0.6922049522399902
0.5296571850776672
1.1500823497772217
0.32929232716560364
0.48456138372421265
0.4844207167625427
0.4703184962272644
0.6960817575454712
0.7297422885894775
0.34222954511642456
0.6932690739631653
0.3498888611793518
0.7271627187728882
0.6824718713760376
0.263078510761261
0.5038126111030579
0.6802384853363037
0.4508042335510254
0.3650963306427002
0.5152841806411743
0.5912960767745972
0.6525551080703735
0.5792630910873413
0.5631932020187378
0.3220744729042053
0.4439149498939514
0.47820672392845154
0.8638558387756348
0.5382582545280457
0.4779880940914154
0.18488173186779022
0.38777464628219604
0.4831906259059906
0.527563214302063
0.5527034997940063
0.7484914660453796
0.6821509003639221
0.3711008131504059
0.512599527835846
0.2639205753803253
0.37265241146087646
0.7859576344490051
0.4256013035774231
0.2543596923351288
0.8459645509719849
0.3659498691558838
0.5168381333351135
0.5849460363388062
0.44602060317993164
0.12005162239074707
0.4114845395088196
0.6540120840072632
0.6321225762367249
0.3651806116104126
0.8679646253585815
0.4080248475074768
0.4237288534641266
0.3768753409385681
0.7554108500480652
0.26721346378326416
0.27137500047683716
0.3733235001564026
0.7921029329299927
0.685788094997406
1.4685152769088745
0.43059101700782776
0.5041881799697876
0.4558006823062897
0.3873453736305237
1.0153154134750366
0.5722309350967407
0.5123796463012695
0.17016908526420593
0.40131932497024536
0.605178952217102
0.5977374911308289
0.33914288878440857
0.5188586115837097
0.5425190329551697
0.589394748210907
0.34449073672294617
0.7147284746170044
0.2144218385219574
0.3888067603111267
0.35123389959335327
0.3497665524482727
0.4990617632865906
0.3912752568721771
0.5863968133926392
0.6344010829925537
0.16577167809009552
0.4599963128566742
0.3284502923488617
0.3809608221054077
0.4514537751674652
0.4296155869960785
0.38860926032066345
0.1916288435459137
0.4724672734737396
0.7289260625839233
0.4218836724758148
0.4332036077976227
0.4568302631378174
0.4589054584503174
0.7274006605148315
0.7541953325271606
0.5741184949874878
0.45981255173683167
0.5887202620506287
0.30436527729034424
0.7059777975082397
0.20195071399211884
0.9917476773262024
0.6664808392524719
0.3897096514701843
0.30949586629867554
0.6309973001480103
0.3540264368057251
0.3745158314704895
0.2776578664779663
0.3075525462627411
0.31099948287010193
0.5043274164199829
0.384184330701828
0.281179815530777
0.6211724281311035
0.3204565942287445
0.30675292015075684
0.4634857177734375
0.48871302604675293
0.5228784680366516
0.16826508939266205
0.49502983689308167
0.2903260886669159
0.8854925036430359
0.16276498138904572
1.2109947204589844
0.31785765290260315
0.7334156036376953
0.8454769253730774
0.5680697560310364
0.7422181963920593
0.42716240882873535
0.49042072892189026
0.2438897341489792
0.22942309081554413
0.43378838896751404
0.2419300079345703
0.3418760299682617
0.33937063813209534
0.8893512487411499
0.48706620931625366
0.7831048965454102
0.342212438583374
0.3260549306869507
0.17417410016059875
0.46702393889427185
0.25510820746421814
0.2804563641548157
0.395891010761261
0.522048830986023
0.7989374399185181
0.28674954175949097
0.31191784143447876
0.17605799436569214
0.741229236125946
0.4986051619052887
0.6011740565299988
0.4592779278755188
0.3539077639579773
0.4992027282714844
0.8077592849731445
0.5791627764701843
0.5642914175987244
0.5981276631355286
0.4942708909511566
0.4779146611690521
0.4055856168270111
0.8843107223510742
0.47425684332847595
0.6059017777442932
0.7317759394645691
0.7543632388114929
0.40671786665916443
1.2651487588882446
0.4926154613494873
0.7456384897232056
0.5023130178451538
0.4704473614692688
0.40826302766799927
0.49487200379371643
0.561499297618866
0.44409245252609253
0.5371594429016113
0.4170326292514801
0.3992216885089874
0.6413156390190125
0.27342385053634644
0.8733327984809875
0.39619284868240356
0.7429640889167786
0.8773354291915894
0.5422609448432922
0.8060957193374634
0.3831179738044739
0.8291592597961426
0.44548678398132324
0.16067345440387726
0.6815480589866638
0.4339471459388733
0.5509408116340637
0.794764518737793
0.46919989585876465
0.3938179016113281
0.31515374779701233
0.6342021226882935
0.31185561418533325
0.19437921047210693
0.4566965699195862
0.1923091858625412
0.376346617937088
1.0143506526947021
0.714920163154602
0.22300851345062256
0.6017553210258484
0.43974366784095764
0.2034107744693756
0.3922209143638611
0.32481080293655396
0.7116839289665222
0.41022372245788574
0.6511963605880737
0.391221821308136
0.8395400047302246
0.341027170419693
0.298733651638031
0.443281352519989
0.37468865513801575
0.39992332458496094
0.43915891647338867
0.2746962010860443
0.3911241888999939
0.3025473952293396
0.3767569065093994
0.4759899973869324
0.7409356236457825
0.4692873954772949
0.9590404629707336
0.3545083701610565
0.33561331033706665
0.6914827227592468
0.5185529589653015
0.5777444839477539
0.33860576152801514
0.1805279552936554
0.30435270071029663
0.44206804037094116
0.39406609535217285
0.45166125893592834
0.9336267709732056
0.2633790075778961
0.5765191912651062
0.8290340304374695
0.3645518124103546
0.5370008945465088
0.4670487940311432
0.6054353713989258
0.5275526642799377
0.9673079252243042
0.6751259565353394
0.5971758961677551
0.395418256521225
0.7247747182846069
0.7537373304367065
0.8801997900009155
0.5256450772285461
0.6469529867172241
0.6864013671875
0.5489885210990906
0.567878782749176
0.4819554388523102
0.5698117613792419
0.6781767010688782
0.6484645009040833
0.6246929168701172
0.5776767730712891
0.7898751497268677
0.37040239572525024
0.6172231435775757
0.38115233182907104
0.49168285727500916
