0.897186279296875
0.6673626899719238
0.5579437017440796
0.5187923312187195
0.2419467717409134
0.5223144888877869
0.8248885273933411
0.8322160840034485
0.31950289011001587
0.25008755922317505
0.1819285750389099
0.5223509073257446
0.528434157371521
0.6344919204711914
0.8037015795707703
0.848526120185852
0.42212575674057007
0.6392460465431213
0.33025893568992615
0.5771576166152954
0.2427636682987213
0.4161752760410309
0.40551090240478516
0.5096486210823059
0.28571122884750366
0.5479016304016113
0.43418341875076294
0.32389265298843384
0.8168648481369019
1.2749929428100586
0.23638716340065002
0.9313627481460571
0.5130285024642944
0.3407778739929199
0.4674573838710785
0.7709771394729614
0.43554359674453735
0.9991164207458496
0.8392113447189331
0.4504605233669281
0.7605328559875488
0.5184469223022461
0.2951720356941223
0.5867763161659241
0.46341753005981445
0.5753453969955444
0.4433554708957672
0.33221563696861267
0.6797437071800232
0.6492900252342224
0.3364075720310211
0.6831910014152527
0.43155986070632935
0.254194974899292
0.5158901810646057
0.6216371059417725
0.29681190848350525
0.23234014213085175
0.9882572889328003
0.2720325291156769
0.562475323677063
0.4820004999637604
0.4793429970741272
0.5358258485794067
0.19306877255439758
0.8158565759658813
0.18653731048107147
0.4888421893119812
0.4480440020561218
0.6723780632019043
0.600080132484436
0.8002424240112305
0.5311535596847534
1.019155740737915
0.8107675313949585
0.42566975951194763
0.5512787103652954
0.810871958732605
0.5932079553604126
0.800197958946228
0.6191970705986023
0.2325194627046585
0.9945018887519836
0.5697833895683289
0.7807188034057617
0.414987176656723
0.7796884775161743
0.5363757014274597
0.6787068247795105
0.5443791151046753
0.9627171754837036
0.24076323211193085
0.25667527318000793
0.5325226783752441
0.4402840733528137
0.4546648859977722
0.5272143483161926
0.4590321183204651
1.0858067274093628
0.4131752848625183
0.6479746103286743
0.4698285162448883
0.6342789530754089
0.35826829075813293
0.29694998264312744
1.1905914545059204
1.1441669464111328
0.5729849934577942
0.5833900570869446
1.225252389907837
0.5165323615074158
0.576310396194458
0.8497438430786133
0.7724676728248596
0.5502400994300842
0.7438561320304871
0.25159281492233276
0.38731810450553894
0.4104389250278473
0.2884659171104431
0.6148203015327454
0.5941880941390991
0.2609925866127014
0.6941355466842651
0.5985210537910461
0.23538772761821747
0.36497753858566284
0.7238633036613464
0.5996172428131104
0.3454371988773346
1.0375128984451294
1.186021089553833
0.5885142087936401
0.5691640973091125
0.3302508592605591
0.16826912760734558
0.549715518951416
0.8796482086181641
0.6378269791603088
0.3206525444984436
0.3013105094432831
1.360393762588501
1.0966241359710693
1.1493805646896362
0.4788445830345154
0.20207233726978302
0.6233080625534058
0.2754729390144348
0.6953485012054443
0.43395933508872986
0.4770919680595398
0.5225240588188171
0.3884686529636383
0.3331957757472992
0.26976820826530457
0.43045148253440857
0.481937974691391
0.5782554745674133
0.5820727348327637
0.9448432922363281
0.5911647081375122
0.7930697202682495
0.493974506855011
0.6478093266487122
0.46687832474708557
0.5757901668548584
0.5252014398574829
0.6554396748542786
0.4122062623500824
1.017735481262207
0.4330676198005676
0.5700737237930298
0.6648694276809692
0.47075095772743225
0.4935339093208313
0.4066506326198578
1.0426914691925049
0.5319014191627502
0.3357793688774109
0.5868127942085266
0.3623136579990387
0.7197591662406921
0.6235672235488892
0.8127561807632446
0.2813674807548523
0.5556296706199646
0.5299644470214844
0.29062822461128235
0.3666914105415344
0.8687156438827515
1.0603039264678955
1.3352926969528198
0.508307933807373
0.23473557829856873
0.32405513525009155
0.5586121678352356
0.4815882742404938
0.8400675654411316
0.6072714924812317
0.9512507319450378
0.2345750331878662
0.7727759480476379
0.5354602336883545
0.630058228969574
0.7383217811584473
0.4228256344795227
0.7433048486709595
0.8985245823860168
0.3857952654361725
0.6265209913253784
0.854714035987854
0.3501908779144287
0.7230798602104187
0.8720946311950684
0.8539596796035767
0.40985625982284546
0.48881053924560547
0.5887385606765747
0.7739080786705017
0.3139866888523102
0.5090035200119019
0.5075825452804565
0.6872862577438354
0.5207378268241882
0.44121646881103516
0.5751664042472839
0.2680326998233795
0.6256269216537476
0.31138545274734497
0.6929841637611389
0.6705266237258911
1.0782830715179443
0.41667014360427856
0.48578929901123047
0.5349610447883606
0.5454152822494507
0.6588289737701416
1.154632329940796
0.2625997066497803
1.023891806602478
0.5099142789840698
0.33972325921058655
0.4917446970939636
0.7854212522506714
0.7686731815338135
1.28793203830719
0.5634196996688843
0.39628303050994873
0.36600613594055176
0.4862731099128723
0.6647548079490662
0.6629756689071655
0.4313434958457947
1.0887911319732666
0.3259239196777344
0.4175412058830261
0.5595951080322266
0.29221272468566895
0.3298038840293884
0.4570137560367584
0.45320120453834534
0.8145637512207031
0.38494667410850525
0.3127921223640442
0.3001742959022522
0.5086954832077026
0.4006989598274231
0.8809432983398438
0.6094869375228882
0.4050472378730774
0.928979754447937
0.581668496131897
0.45824241638183594
0.65418940782547
0.920552134513855
1.232900619506836
0.45084238052368164
0.5095526576042175
0.17091122269630432
0.5264851450920105
0.3568618893623352
0.6375178098678589
0.43558335304260254
0.7401026487350464
0.899006187915802
0.9164756536483765
0.8017862439155579
0.38396361470222473
0.611582338809967
1.0276241302490234
0.5567567944526672
0.4521670341491699
0.2861629128456116
0.5740625858306885
0.2790621817111969
0.8242157697677612
0.5709955096244812
0.3099091649055481
0.462118536233902
0.4803128242492676
0.5202893018722534
0.4472213685512543
0.160918191075325
0.4939008355140686
0.35323432087898254
0.30612972378730774
1.2345502376556396
0.4075924754142761
0.503900408744812
0.3437443971633911
0.46382683515548706
0.6672292947769165
1.0049093961715698
0.34576186537742615
0.3883016109466553
0.4634414613246918
0.5520491600036621
0.3600730001926422
0.3908150792121887
1.0359073877334595
0.43751782178878784
1.3670090436935425
1.042419195175171
1.1101188659667969
0.6421818137168884
0.5089622735977173
0.6173016428947449
0.370242178440094
0.6020551919937134
0.34797412157058716
0.5203205347061157
0.48031049966812134
0.34759634733200073
0.671207845211029
0.590406596660614
0.4466981291770935
0.6918031573295593
0.6004062294960022
