0.6510273814201355
0.7004748582839966
0.6312562227249146
0.30584532022476196
0.6284569501876831
0.3601315915584564
0.3902754783630371
0.5177990198135376
0.7105122208595276
0.7079824805259705
0.46261459589004517
0.7540707588195801
0.6622946858406067
0.702419102191925
0.4357980191707611
0.7044605016708374
0.5165678262710571
0.4059489369392395
0.4066634178161621
0.7028541564941406
0.7992674112319946
0.3840976059436798
0.4623355269432068
0.8870658874511719
0.4489612579345703
0.27227556705474854
1.0442219972610474
0.388876348733902
0.35798317193984985
0.4109991192817688
0.6681817173957825
0.43082180619239807
0.8320670127868652
0.8222473859786987
0.30637896060943604
0.8232994079589844
0.39461857080459595
0.34797412157058716
0.5853177309036255
0.6872596740722656
0.8291487693786621
0.45208874344825745
0.44367560744285583
0.518484890460968
0.37392038106918335
0.5359651446342468
0.35294169187545776
0.6053434014320374
0.5898393392562866
0.6170478463172913
0.22957856953144073
0.5390273928642273
0.44875821471214294
1.1953200101852417
0.35520440340042114
0.3369329571723938
0.62162846326828
1.0934092998504639
0.7401865124702454
0.3870537579059601
0.33422747254371643
0.2746860682964325
0.3732137084007263
0.942988395690918
0.28585079312324524
0.3055349886417389
0.42424577474594116
0.38093966245651245
0.4169314503669739
0.5047765970230103
0.32768458127975464
0.2196195423603058
0.4875829815864563
0.6189378499984741
0.3555179536342621
0.462980180978775
0.47563856840133667
0.3624136447906494
0.4351595938205719
0.8391335606575012
0.897192120552063
0.6457906365394592
0.2918110489845276
0.7793175578117371
0.9858552813529968
0.7542038559913635
1.0940810441970825
0.2586926817893982
0.45678043365478516
0.7099400758743286
0.4457809329032898
0.45448845624923706
0.3961706757545471
0.6173058748245239
0.4492529034614563
0.9187135696411133
0.731880784034729
0.3558497428894043
0.8054372668266296
0.609824001789093
0.4912271499633789
0.26620975136756897
0.7020822763442993
0.6160154342651367
0.5415541529655457
0.3543902635574341
0.40928906202316284
0.3568781912326813
0.4310208857059479
0.32406896352767944
0.6759262084960938
1.20968496799469
0.5783447623252869
0.5458179116249084
0.33163708448410034
0.3846007287502289
0.6588689088821411
0.5328983068466187
0.5868833661079407
0.17718762159347534
0.3413478434085846
0.25229978561401367
0.4676293432712555
1.2885997295379639
0.6780819296836853
0.6901494860649109
0.8147858381271362
0.7318534851074219
0.30531612038612366
0.4770234227180481
0.40317949652671814
0.8193419575691223
0.4043406844139099
0.6161505579948425
0.5882161259651184
0.42857059836387634
0.694293737411499
0.288874089717865
0.501970648765564
0.556084156036377
0.9673616290092468
0.9171648025512695
0.3985644280910492
0.7604708075523376
0.8039408922195435
0.1637359857559204
0.5842259526252747
0.4534269869327545
1.7610572576522827
1.1055729389190674
0.630679726600647
0.4713885188102722
0.4984505772590637
0.5245100259780884
0.8677979707717896
0.5960683226585388
0.6406270265579224
0.5376232266426086
0.7181321382522583
0.4815434515476227
0.29548144340515137
0.9184359312057495
0.6649285554885864
0.5986669063568115
0.2900559902191162
0.39054518938064575
0.44486159086227417
0.32827210426330566
0.473460853099823
0.3348225951194763
0.3854110836982727
0.48023414611816406
0.7630038857460022
0.6835960745811462
0.476935476064682
0.38692519068717957
0.6163342595100403
0.373629093170166
0.3431278467178345
0.4358123242855072
0.9575587511062622
0.3733559250831604
0.1871139258146286
0.4261433482170105
1.3467804193496704
1.0516176223754883
0.499650776386261
0.7247377038002014
0.3935604989528656
0.43948888778686523
0.3200388550758362
0.33929720520973206
0.489867627620697
0.4073273539543152
0.409283310174942
0.6198722720146179
0.4026171565055847
0.6339870095252991
0.4761446416378021
0.2655063569545746
0.4601024091243744
0.41216936707496643
0.7097194790840149
0.7317104339599609
0.47811752557754517
0.33397114276885986
0.5777819752693176
0.3159133791923523
0.3621983528137207
0.17250457406044006
0.3067286014556885
0.8702214956283569
0.9755724668502808
0.464686781167984
0.25223758816719055
0.4703103005886078
0.3407086133956909
0.5747408866882324
0.31733939051628113
0.5461558699607849
0.5056349039077759
0.5829871296882629
0.5963274836540222
0.8006011247634888
0.2573496699333191
0.2524265944957733
0.6133521199226379
0.5128570795059204
0.6246282458305359
0.8390817642211914
0.31538721919059753
0.3810829520225525
0.23383741080760956
0.5345054864883423
0.4151957631111145
0.45010805130004883
0.48739004135131836
0.43362218141555786
0.49673396348953247
0.5062618851661682
0.42934903502464294
0.360277384519577
0.5637422800064087
0.28004130721092224
0.3781331479549408
0.3139365315437317
0.8203029632568359
0.2545244097709656
0.5983498096466064
0.5462967157363892
0.8081933259963989
0.40424656867980957
0.5858201384544373
0.5827633738517761
0.49601563811302185
0.5592879056930542
0.4245147705078125
0.36933642625808716
0.30670493841171265
0.178214430809021
0.7067252993583679
0.5999982953071594
0.47594958543777466
0.2779715955257416
0.7203582525253296
1.0241328477859497
0.8738226890563965
0.8664308786392212
0.7192131280899048
0.8594794273376465
0.33477455377578735
0.9304735064506531
0.13423284888267517
0.2608197331428528
0.5550059080123901
0.5406842231750488
0.4760645031929016
0.5741463899612427
0.8056446313858032
0.38169318437576294
0.6879696846008301
0.42164143919944763
0.49007827043533325
0.6013611555099487
0.572936475276947
0.5933412313461304
0.6784234642982483
0.5010102987289429
1.050014615058899
0.8839708566665649
0.3822331130504608
0.5782186985015869
0.625820517539978
0.47510284185409546
0.6592243313789368
0.5424895882606506
0.698383092880249
0.2577599287033081
0.5210925936698914
0.9340640306472778
0.2817614674568176
0.6641086935997009
1.0383405685424805
0.29568347334861755
0.46058744192123413
0.6083871722221375
0.3396875262260437
0.49409031867980957
0.3780772089958191
0.558307409286499
0.9265484809875488
0.22945086658000946
0.6352159380912781
0.4548691213130951
0.43482860922813416
0.8558491468429565
0.8687240481376648
0.5498405694961548
0.5270736813545227
0.3005006015300751
1.1807001829147339
0.5129536390304565
0.3294978737831116
0.6274250745773315
0.44819751381874084
0.34519413113594055
0.3811732232570648
0.2882755398750305
0.5943228602409363
0.32160434126853943
0.6135318279266357
0.4349924921989441
0.4895513653755188
0.7458277940750122
0.5091142654418945
0.29102978110313416
1.0100152492523193
0.3976360857486725
