0.472120463848114
0.5239156484603882
0.6887578964233398
0.6551634073257446
0.3999152183532715
0.3594185411930084
0.40950173139572144
0.5115726590156555
0.4162399172782898
0.2808881402015686
0.11160806566476822
0.6585097312927246
0.5820109248161316
0.33352088928222656
1.2599490880966187
0.5628983378410339
0.2987856864929199
0.10601131618022919
0.5512427091598511
0.8922096490859985
0.61712646484375
0.5346428155899048
0.3361247479915619
0.7011648416519165
0.3102765381336212
0.20150670409202576
0.48909062147140503
0.9022612571716309
0.3319236636161804
0.7721042633056641
0.6627573370933533
0.7049957513809204
0.32425713539123535
0.345451682806015
0.8890255689620972
0.5299321413040161
0.9044545292854309
0.5259809494018555
0.37415486574172974
0.5588608980178833
0.6985656023025513
0.37090110778808594
0.6571705341339111
0.539570689201355
0.44762077927589417
0.7308310270309448
0.3439365029335022
0.339476078748703
0.19093069434165955
0.7171281576156616
0.6602622866630554
0.5529810190200806
0.4188188910484314
0.7400721311569214
0.9267781376838684
0.36821413040161133
0.5112459659576416
0.5567242503166199
0.5371745228767395
0.3799912929534912
0.24749834835529327
0.3811742961406708
0.3713530898094177
0.29596441984176636
0.5202770233154297
0.5807000994682312
0.6656114459037781
0.6759787797927856
1.2028850317001343
0.598811149597168
0.36071187257766724
0.4606006145477295
0.3882673382759094
0.5420814752578735
0.3406970500946045
0.21153847873210907
0.9944214820861816
0.38731783628463745
0.522841215133667
0.4720832407474518
1.1019904613494873
0.23951038718223572
0.46353787183761597
0.2850898206233978
0.9324105978012085
0.2911245822906494
0.2825673818588257
0.5980537533760071
0.42970675230026245
0.4219365119934082
0.3565536439418793
0.960235595703125
0.47223782539367676
1.3115594387054443
0.8147045969963074
0.7197074294090271
0.6533821821212769
0.41406649351119995
0.48289793729782104
0.9147396087646484
0.47752493619918823
0.3121464252471924
0.2619890868663788
0.3587210774421692
1.128922700881958
0.925193190574646
0.40688401460647583
0.673099160194397
0.7475339770317078
0.3183671832084656
0.6364215612411499
0.8412256240844727
0.608916163444519
0.9785434603691101
0.6890395879745483
0.31579744815826416
0.6307814717292786
0.3881448805332184
0.3515113890171051
0.4934144914150238
0.6297081112861633
0.29055196046829224
0.7223581671714783
0.3241656422615051
0.6791383028030396
0.4697256088256836
0.5852106213569641
0.5090929269790649
0.7103517651557922
0.5784275531768799
0.8406427502632141
0.6316999197006226
0.5502959489822388
0.41705042123794556
0.532114565372467
0.2667999267578125
0.4724942743778229
0.2053244411945343
0.3358082175254822
0.4778349995613098
1.1699450016021729
0.19532662630081177
0.8621000051498413
0.6217191815376282
0.38619282841682434
0.6078519821166992
0.47283077239990234
0.6148368120193481
0.6977043151855469
0.36154621839523315
0.8134620785713196
0.5911297798156738
0.595744252204895
0.7410243153572083
0.3234245181083679
0.583800733089447
0.2955542504787445
0.5702435374259949
0.43608102202415466
0.6082785725593567
0.2504010796546936
0.47678321599960327
0.5286284685134888
1.5604456663131714
0.560691773891449
0.33647364377975464
0.6171100735664368
0.4622437357902527
0.4922424256801605
0.7407493591308594
0.47399085760116577
0.6451517939567566
0.4983205199241638
0.5985393524169922
0.5131973624229431
1.4091241359710693
0.5771111249923706
0.4410044550895691
0.4896671175956726
0.45275741815567017
0.32920265197753906
0.5487534999847412
0.43440136313438416
0.5047610998153687
0.6491698622703552
0.5443937182426453
0.6191471815109253
0.41937845945358276
0.5672405958175659
0.8715221285820007
0.5485988259315491
0.36493661999702454
0.7537884712219238
0.6750629544258118
0.5389322638511658
0.7858678698539734
0.35684093832969666
0.2786251902580261
0.3952622413635254
0.4134593904018402
0.32803645730018616
0.5943089723587036
0.5270730257034302
0.2865818440914154
0.8550781011581421
0.9326273202896118
0.7293710708618164
0.8995128870010376
0.7495642900466919
0.6473755240440369
0.32630038261413574
0.25071224570274353
0.6178119778633118
0.35484927892684937
0.743819534778595
0.1955341398715973
0.502214252948761
0.6000506281852722
0.5284954905509949
0.6139764785766602
0.4858521521091461
0.5852071642875671
0.6567476391792297
0.778470516204834
0.28580203652381897
0.43964213132858276
0.35977038741111755
0.12764623761177063
0.4602596163749695
0.4058923125267029
0.650467038154602
0.545433521270752
0.29565781354904175
0.5740968585014343
1.2286698818206787
0.42300209403038025
0.46903449296951294
0.2856442332267761
0.46253079175949097
0.2799346148967743
0.5641486644744873
0.43860292434692383
0.3653925061225891
0.2941892147064209
0.5382158160209656
0.7600846290588379
0.6826313138008118
0.7921816110610962
0.7828243374824524
0.7323927283287048
0.7939695119857788
0.3191908895969391
0.7409952282905579
0.4340597689151764
0.3933109641075134
0.37862011790275574
0.4087933599948883
0.7733154296875
0.558452308177948
0.3182061016559601
0.45056408643722534
0.7924346327781677
0.8100687265396118
0.23669365048408508
0.49869289994239807
0.435055673122406
0.21921639144420624
1.2084659337997437
0.35613226890563965
0.31221017241477966
0.6732178926467896
0.8128722310066223
0.7209380865097046
0.717128574848175
0.2424066960811615
0.3612646460533142
0.5564703941345215
0.8278514742851257
0.48073944449424744
0.4531375765800476
0.38924476504325867
0.41655540466308594
0.6841965913772583
0.48115986585617065
0.23612633347511292
0.8640468716621399
0.5098978877067566
0.3982106149196625
0.4280683398246765
0.5074573159217834
0.4199172854423523
0.48738017678260803
0.20355597138404846
0.4166451096534729
0.23327748477458954
0.5432314872741699
0.3369705080986023
0.6071125864982605
0.5242757201194763
0.5142256021499634
0.5371652841567993
0.5910351276397705
0.495613157749176
0.4727552533149719
0.21693381667137146
0.893907368183136
0.43145570158958435
0.5437074899673462
0.28853440284729004
0.7502229809761047
0.3715967535972595
0.7224395275115967
0.5387228727340698
0.3664132356643677
0.421572744846344
0.3457690179347992
0.8105767965316772
0.881256103515625
0.8288030624389648
0.47072362899780273
0.7318128347396851
0.20887532830238342
0.6742098927497864
0.49126720428466797
0.5048769116401672
0.6043243408203125
0.5452785491943359
0.25346651673316956
0.5297302007675171
0.3136867880821228
0.6941825151443481
0.41902437806129456
0.827096164226532
0.7458593249320984
0.43769508600234985
0.7890254855155945
0.33634355664253235
1.7278584241867065
