0.697141170501709
0.44885188341140747
0.4400997757911682
0.2698895335197449
0.24920296669006348
0.415717214345932
0.4979298710823059
0.48958998918533325
0.5547710061073303
0.810297966003418
0.575615406036377
0.5332729816436768
0.6965780854225159
0.3993300497531891
0.6168707609176636
1.0216233730316162
0.5478662252426147
0.7173236608505249
0.6723198890686035
0.29905733466148376
0.746450662612915
0.4165521562099457
0.5853962302207947
0.9385846257209778
0.6813615560531616
0.5247424840927124
0.7910488247871399
0.42222166061401367
0.23223796486854553
0.44105273485183716
0.546230137348175
0.38203877210617065
0.5130397081375122
0.9634126424789429
0.7011027336120605
0.70722496509552
0.8954498171806335
0.5790050625801086
1.2233539819717407
0.5697604417800903
0.3279622197151184
0.5620337724685669
1.1293407678604126
0.44582802057266235
0.7270042300224304
0.6734455227851868
0.6174250841140747
0.5807048082351685
0.4847145080566406
0.7332836389541626
0.3681735396385193
0.31709498167037964
0.5522662401199341
0.6878755688667297
0.29063642024993896
0.48839202523231506
0.15984830260276794
0.49939900636672974
0.5413165092468262
0.9267290234565735
0.5582675933837891
0.2821512222290039
0.3305831551551819
0.27995967864990234
0.6626726984977722
0.4633442759513855
0.5375253558158875
0.8009210824966431
0.49692201614379883
0.2826627492904663
0.3691391050815582
0.5458501577377319
0.37377840280532837
0.4844551980495453
0.6104490160942078
0.127732053399086
0.2899959683418274
0.64873868227005
0.21553567051887512
0.344926118850708
1.3977200984954834
0.8664790391921997
0.5700670480728149
0.6301878094673157
0.40247583389282227
0.3408314883708954
0.5236839652061462
0.35750967264175415
0.3405962586402893
0.8338075876235962
0.47542157769203186
0.43103617429733276
0.7746421098709106
0.34803861379623413
0.20340390503406525
0.7857024073600769
1.3648967742919922
0.4357161521911621
0.40942010283470154
0.6136196851730347
0.5953467488288879
0.5733336210250854
0.798818826675415
0.8765165209770203
1.2787612676620483
0.6344013214111328
0.513858437538147
0.41693252325057983
0.3248006999492645
0.6321327090263367
0.6341425776481628
0.4945162236690521
0.8374670147895813
0.42700377106666565
0.3873499035835266
0.2106054276227951
0.4304408133029938
0.39361563324928284
0.57300865650177
0.657433807849884
0.8968654870986938
0.42186886072158813
0.4327112138271332
0.420352041721344
0.916559100151062
0.5825875997543335
0.5525188446044922
0.42283836007118225
0.647433876991272
0.4469436705112457
0.4638829827308655
0.538791835308075
0.7183350920677185
0.4300779700279236
0.27344298362731934
1.2926127910614014
1.2200751304626465
0.4115280210971832
0.617559015750885
0.32770928740501404
0.3256172239780426
0.7445531487464905
0.6113718748092651
0.22957968711853027
0.31777945160865784
0.8560353517532349
0.28147488832473755
0.31118592619895935
0.8341350555419922
0.16908061504364014
0.7993912696838379
0.6583458185195923
0.5158241987228394
0.36273106932640076
0.6102327108383179
0.3222960829734802
0.964927077293396
0.24210365116596222
0.9460886716842651
0.22499561309814453
0.6564221978187561
0.4229744076728821
0.47202572226524353
0.6091545224189758
0.8621221780776978
0.39969897270202637
0.42985400557518005
0.4944303631782532
0.3873341679573059
0.35995572805404663
0.4673601984977722
0.6717689633369446
0.2610507011413574
0.5538903474807739
0.3025134801864624
0.2857508361339569
0.6162031888961792
0.22748272120952606
0.8371570706367493
1.0162808895111084
0.5847747921943665
0.6600391864776611
0.561944842338562
0.31796994805336
0.49536147713661194
0.5461763143539429
1.2110116481781006
0.6116343140602112
0.49494656920433044
1.1628925800323486
0.6836303472518921
0.49928393959999084
0.5549589991569519
0.5955436825752258
0.45591384172439575
0.571286678314209
0.5048331022262573
0.32399705052375793
0.26889273524284363
0.9032477140426636
0.38643309473991394
0.3468562662601471
0.7058055996894836
0.3218425214290619
0.2134511023759842
0.21068498492240906
0.7642396688461304
0.5744271278381348
1.2184092998504639
0.4535929262638092
0.7461082935333252
0.7489908933639526
0.9772897958755493
0.30006280541419983
0.24189046025276184
0.645488440990448
0.44478386640548706
0.2032572329044342
0.6844510436058044
0.8618597984313965
0.29321062564849854
0.5348979234695435
0.4803580641746521
0.2932378947734833
0.5838465690612793
0.4128227233886719
0.6812502145767212
0.7372976541519165
0.3727644085884094
0.3073803782463074
0.508597195148468
0.8006863594055176
0.6646526455879211
0.6528270244598389
0.5072409510612488
0.2570939064025879
0.5651440620422363
0.4384830594062805
0.8044363260269165
0.15301521122455597
0.4947507977485657
0.9693073034286499
0.6071907877922058
0.5833526849746704
0.4418999254703522
0.8306136131286621
0.6038042902946472
0.5621450543403625
0.37833499908447266
0.5068473219871521
0.240194633603096
0.3171928822994232
0.602281928062439
0.9601299166679382
0.2995838522911072
0.4455222487449646
0.3365231156349182
1.998969316482544
0.5824387669563293
0.5662471652030945
0.5950629115104675
0.14588484168052673
0.7183499336242676
0.7669378519058228
0.4547768533229828
0.6317101120948792
0.22944560647010803
0.542324960231781
1.0190668106079102
0.3145492374897003
0.40067172050476074
0.29244375228881836
0.8785027265548706
0.6793650388717651
0.41772404313087463
0.3706992566585541
0.5926048159599304
0.4959339201450348
0.5464512705802917
0.4601762890815735
0.6729879975318909
0.4703991413116455
0.9223774075508118
0.293693482875824
1.043558955192566
0.47322726249694824
0.2978842258453369
0.1828065663576126
0.44810065627098083
0.45052918791770935
0.41244155168533325
0.6904932260513306
0.31250593066215515
0.24686427414417267
0.3273654878139496
0.3324488699436188
0.4429474472999573
0.3615841865539551
0.3043762743473053
0.5272027254104614
0.651293158531189
0.9281240701675415
0.5325806140899658
0.90538090467453
0.9427458047866821
0.3218105733394623
0.4416748881340027
0.3080865442752838
1.0864958763122559
0.8455201983451843
0.5423750877380371
0.6295983791351318
0.47694262862205505
0.6055682897567749
0.2878095507621765
0.6103405952453613
0.540610671043396
0.4473167061805725
0.3711961507797241
0.29366856813430786
1.0837879180908203
0.5752416849136353
0.31302690505981445
0.36266013979911804
0.1939985305070877
1.0289194583892822
0.3369375169277191
0.4276333451271057
0.2579544484615326
0.6863325238227844
1.1434118747711182
0.5628825426101685
0.5730945467948914
0.9925996661186218
0.6383503079414368
0.617599368095398
0.53402179479599
1.9758399724960327
