1.009528636932373
0.4272361397743225
0.3519631028175354
0.8599510192871094
1.047996163368225
0.5796440243721008
0.5831736922264099
0.2469697743654251
0.46993011236190796
0.537280261516571
0.3046698570251465
0.1915956735610962
0.2812238335609436
0.6942961812019348
0.6560565829277039
0.3748630881309509
0.36844658851623535
0.7466365098953247
0.366452157497406
0.16522958874702454
0.401003360748291
0.7675727605819702
0.6867855191230774
0.45665788650512695
0.6572285890579224
0.3417409360408783
0.375532865524292
0.25957047939300537
0.39506644010543823
0.4221535623073578
1.117861270904541
0.6879259347915649
0.36280450224876404
0.48637256026268005
0.2478111982345581
0.5065060257911682
0.5194205045700073
0.5308163166046143
0.4309513568878174
0.4672244191169739
0.8353870511054993
0.4343438148498535
0.5258256196975708
0.3220083713531494
0.9599560499191284
0.5370557904243469
0.3994155824184418
1.094775915145874
0.3052748441696167
0.5817522406578064
0.49070268869400024
0.5462228059768677
0.25786980986595154
0.37489718198776245
0.549567699432373
0.6336448788642883
0.44183245301246643
0.45471659302711487
0.5102618932723999
0.213197261095047
0.49319666624069214
0.6217357516288757
0.6051431894302368
0.5888727903366089
0.8638814687728882
0.6752407550811768
1.2254436016082764
0.36585015058517456
0.3393043577671051
0.452303022146225
0.5574716329574585
0.44769811630249023
0.5566118955612183
0.8668926954269409
0.24792945384979248
0.5743882060050964
0.7578120231628418
0.487832248210907
0.33888915181159973
0.6403282880783081
0.42022547125816345
0.36017507314682007
0.5620462894439697
0.3935626447200775
0.4156506061553955
0.3005320131778717
0.46443358063697815
0.43823084235191345
0.4253861904144287
0.20998835563659668
0.8385565876960754
0.6357979774475098
0.9422084093093872
0.45169001817703247
0.3884069621562958
0.664106011390686
0.411215603351593
0.7801287174224854
0.5416724681854248
0.9610398411750793
0.6050156354904175
0.339190810918808
0.2593201696872711
0.38310152292251587
0.6884321570396423
0.4919682443141937
0.7766415476799011
0.8122915029525757
0.6298974752426147
1.1702020168304443
0.5844689607620239
0.28994759917259216
0.5061348676681519
0.633327841758728
0.8861367106437683
0.25884079933166504
0.6129574775695801
0.4670485854148865
0.5352272987365723
0.6843456625938416
0.7860633730888367
0.34259456396102905
0.7667330503463745
0.3276131749153137
1.1906627416610718
0.436073362827301
0.7318957448005676
0.3831008970737457
0.7512580156326294
0.451129674911499
0.5041655898094177
0.22129634022712708
0.9247461557388306
0.7516551613807678
0.8966096639633179
0.5576201677322388
0.6190361380577087
0.8497006297111511
0.40956979990005493
0.6619317531585693
0.585781455039978
0.23092862963676453
0.3915274739265442
0.897821307182312
0.5708428621292114
0.4501960873603821
0.35793882608413696
0.8662535548210144
0.8405811190605164
0.23626883327960968
0.4573705792427063
0.3737768530845642
0.3133474588394165
0.5794919729232788
1.036587119102478
0.6219670176506042
0.328538179397583
0.7321489453315735
0.8197038769721985
0.4015011787414551
0.4263661503791809
0.24214911460876465
0.392639696598053
0.1448538452386856
0.3404938578605652
0.33074817061424255
0.6535967588424683
0.4295266568660736
0.26214778423309326
0.3371242880821228
0.8287841081619263
0.44944435358047485
0.7236207723617554
0.6216393709182739
0.7436845898628235
0.31874880194664
0.3996434807777405
0.9699781537055969
0.7760143876075745
0.529848575592041
0.5962406396865845
0.8064833879470825
0.5250271558761597
0.22637291252613068
0.28444820642471313
0.19118434190750122
0.6167682409286499
0.5901970863342285
0.3652346134185791
0.6975213289260864
0.2957594096660614
0.4048331379890442
0.3909134864807129
0.2800406813621521
0.8169635534286499
0.29582175612449646
1.003164291381836
0.7486934065818787
0.3656555116176605
0.5188174843788147
0.3493468165397644
0.3256872594356537
0.6050236821174622
0.4728371202945709
0.4180847108364105
0.3294592797756195
0.25131723284721375
0.7687598466873169
0.38722464442253113
0.49745607376098633
0.7216376066207886
0.3904191851615906
0.5658887624740601
0.8386437296867371
0.24860498309135437
0.47376736998558044
0.4624534547328949
0.3594956398010254
0.601422131061554
0.2490193098783493
0.4990828037261963
0.8074868321418762
0.2966710925102234
1.48387610912323
0.277902215719223
0.36708536744117737
0.5982542037963867
0.463590145111084
0.38502103090286255
0.8814070820808411
0.4164969325065613
0.26930510997772217
0.7146629095077515
0.5942271947860718
0.3953642249107361
0.512243390083313
0.7818026542663574
0.6098997592926025
0.257600337266922
0.5595477223396301
0.9676200747489929
0.38011735677719116
0.7001336812973022
0.5886569619178772
0.1964670866727829
0.6404902338981628
0.3986043930053711
0.5633974075317383
0.41796714067459106
0.7330342531204224
0.6422526240348816
0.6305960416793823
0.4398365914821625
0.4339004456996918
0.3027547299861908
0.5770251154899597
0.3466613292694092
0.6895726919174194
0.548874020576477
0.5436584949493408
0.42875465750694275
0.633470892906189
0.3384796679019928
0.490016371011734
1.0730149745941162
0.6681214570999146
1.054284691810608
0.15234172344207764
0.47948741912841797
0.5635191798210144
1.434754490852356
0.30094990134239197
0.5684563517570496
0.9871075749397278
0.6885563135147095
0.7398909330368042
0.5594081878662109
0.6221892237663269
0.60150146484375
0.554181694984436
0.6174361109733582
0.32446736097335815
0.6718243360519409
0.4134887158870697
0.7114485502243042
0.6592189073562622
0.28813907504081726
0.3211522102355957
0.5962204933166504
0.2863692045211792
1.0647205114364624
0.3061785101890564
0.7104448080062866
0.5042308568954468
0.7847610712051392
0.43221598863601685
0.9556534886360168
0.6568232178688049
0.282482773065567
0.504898726940155
0.5398314595222473
0.6626529693603516
0.6980365514755249
0.6156254410743713
0.5235013961791992
0.4838208556175232
0.5461737513542175
0.6443584561347961
0.5460070371627808
0.2432505339384079
0.33387669920921326
0.3216922879219055
0.6106646656990051
1.1188304424285889
0.4422282576560974
1.0682286024093628
0.3732936382293701
1.4958574771881104
0.5727158784866333
0.3159690201282501
0.23633913695812225
0.4676092565059662
0.5497629642486572
0.3936852514743805
0.5522564649581909
0.3990955352783203
1.0728639364242554
0.47302451729774475
0.809535026550293
0.6772600412368774
0.3908018171787262
0.504659116268158
0.6059465408325195
0.7960476875305176
1.032778024673462
0.4151849150657654
0.54859459400177
0.1528395414352417
