0.377763569355011
0.3071305751800537
0.28502726554870605
0.37066686153411865
0.6481946110725403
0.7134054899215698
0.48135313391685486
0.6898680925369263
0.5134841799736023
0.3515703082084656
0.5122153759002686
0.4365823268890381
0.26123133301734924
0.6018427610397339
0.6283318400382996
0.35005494952201843
0.7572214007377625
0.9042640924453735
1.22840416431427
0.42427435517311096
0.4573754370212555
0.3569304347038269
1.01373291015625
0.33280476927757263
0.5693298578262329
0.4094529151916504
0.45251521468162537
0.5793358683586121
0.9156469106674194
0.26711735129356384
0.6162315607070923
0.4044264853000641
0.9044892191886902
0.29087287187576294
0.600411057472229
0.43218737840652466
0.4245837330818176
0.3905426859855652
0.5685215592384338
0.15272513031959534
0.41859880089759827
0.6133837699890137
0.33326485753059387
0.5267124772071838
0.7491690516471863
0.5165358781814575
0.6210854649543762
0.37964770197868347
0.7261284589767456
0.40293312072753906
0.8858342170715332
0.3206929564476013
0.5444822907447815
0.2131335735321045
0.2142530232667923
0.7171357870101929
0.644635021686554
0.5653876662254333
0.4124731123447418
0.2671322226524353
0.39708441495895386
0.9707120060920715
0.5636069178581238
0.4969398081302643
0.588620126247406
0.5914648771286011
0.48786526918411255
0.7666577100753784
0.2819581925868988
0.5628873705863953
0.7681978344917297
0.6067289113998413
0.31678473949432373
0.7291949391365051
0.4727073609828949
0.7330613136291504
0.44481486082077026
0.5718215107917786
0.31359007954597473
0.3987855017185211
0.4156540036201477
0.8673709034919739
0.741677463054657
0.7672052383422852
0.325031042098999
0.5468975305557251
0.7430604100227356
0.5379353761672974
0.3631952404975891
0.29077038168907166
0.3718474209308624
0.4386357367038727
1.053504467010498
0.3152146339416504
0.47737646102905273
0.37363940477371216
0.36884576082229614
0.5628389716148376
0.5925482511520386
0.4508318305015564
0.718846321105957
0.40285545587539673
0.3431396484375
1.3016107082366943
0.8043292760848999
0.5294879674911499
0.3363184332847595
0.7731983661651611
0.29248493909835815
0.5832968354225159
0.2733353078365326
1.0302430391311646
0.15631869435310364
0.35590267181396484
0.5820935368537903
0.3336516320705414
0.45491933822631836
0.55488121509552
0.21510858833789825
1.0024454593658447
0.4538027346134186
0.533642590045929
0.3778587877750397
0.5236776471138
0.6557215452194214
0.8850964307785034
0.557944655418396
0.6601195335388184
0.3844788670539856
0.6214978098869324
0.707516074180603
0.19358858466148376
0.9768756031990051
0.379596471786499
0.5095868706703186
0.7826940417289734
0.5230023264884949
0.5315508842468262
0.24739083647727966
0.28294751048088074
0.595145046710968
0.42160892486572266
0.6736886501312256
0.5250474214553833
0.4019077718257904
0.425626277923584
1.3105555772781372
0.7207027673721313
0.6833964586257935
0.27193015813827515
0.7161945104598999
0.9947218894958496
0.7698032259941101
0.3985310196876526
0.505815863609314
0.468065083026886
0.2604396939277649
1.0307834148406982
0.3115074336528778
0.5475865006446838
0.5112438797950745
0.41506901383399963
0.3095027506351471
0.39342552423477173
0.658202052116394
0.6218069791793823
0.6652506589889526
0.5982123613357544
0.8927289843559265
0.30085426568984985
0.32535189390182495
0.7113825082778931
0.46444517374038696
0.14908072352409363
0.6862383484840393
0.5008507966995239
0.5353198051452637
0.2889224886894226
0.561895489692688
0.3267274796962738
0.625868558883667
0.7781089544296265
0.5238916873931885
0.7625688314437866
0.3053421378135681
0.8359402418136597
0.7551972270011902
0.2842941880226135
0.5235978364944458
0.8539705276489258
1.1414153575897217
0.4942169785499573
0.5910717844963074
0.4899199604988098
0.5027726888656616
0.8671213984489441
0.252887487411499
0.7954165935516357
0.3479888439178467
0.8569923639297485
0.9510162472724915
0.5554243326187134
0.38921576738357544
0.8216636776924133
0.4225011467933655
0.9413739442825317
0.4062477648258209
0.19501814246177673
1.0041217803955078
0.6619807481765747
0.5230792760848999
0.49809056520462036
0.7450453042984009
0.9028351902961731
0.17942045629024506
0.45172929763793945
0.6580325961112976
1.0416200160980225
0.9448496103286743
0.6547057032585144
0.4751948416233063
0.275183767080307
0.38045328855514526
0.4015275835990906
0.5058387517929077
0.252197802066803
0.36576491594314575
0.3152162432670593
0.47927331924438477
0.4617984890937805
0.3204655349254608
0.4818432331085205
0.3624371588230133
0.25147029757499695
1.2753905057907104
0.7518211603164673
0.3231116235256195
0.7934032082557678
0.7219436764717102
0.8197354078292847
0.3600683808326721
0.599969744682312
0.5146811604499817
0.5986400842666626
0.5029498338699341
0.5729858875274658
0.46566447615623474
0.46976786851882935
0.519314169883728
0.6116538047790527
0.3176167607307434
0.6129635572433472
0.9014142751693726
0.7951490879058838
0.6827214360237122
0.30930858850479126
0.5460484623908997
0.7289056181907654
0.472911536693573
0.48703694343566895
0.5136938095092773
0.41459473967552185
0.5544413328170776
1.0010948181152344
0.44036445021629333
0.8006634712219238
0.5933598875999451
0.4241839051246643
0.6644246578216553
0.6820891499519348
0.352480947971344
0.4804344177246094
0.5641930103302002
0.6124885082244873
0.3649839758872986
0.46236592531204224
0.41579827666282654
0.9561511874198914
0.9145951271057129
0.49214619398117065
0.7620314359664917
1.0674278736114502
0.5568650960922241
0.4439062178134918
0.7075056433677673
0.32007259130477905
0.5045525431632996
0.34835103154182434
0.4962311387062073
0.413715124130249
0.243875652551651
0.5335260629653931
0.4352197051048279
0.26074230670928955
0.3116578757762909
0.3074842691421509
1.1950721740722656
0.43298664689064026
0.6047298908233643
0.34013596177101135
0.49729257822036743
0.50412917137146
0.4448315501213074
0.8701813817024231
0.6753808856010437
0.49196892976760864
0.6601108312606812
0.862979531288147
0.41051918268203735
0.40752846002578735
0.391218900680542
0.6743619441986084
0.4908059537410736
0.632031261920929
0.4735809862613678
0.6344574093818665
0.4954071044921875
0.28021180629730225
0.48180848360061646
0.2895223796367645
0.40414538979530334
0.5409475564956665
0.6889554262161255
0.8741157650947571
0.896742045879364
0.8220022916793823
1.1442720890045166
0.848601222038269
0.48182249069213867
0.3627118170261383
0.46795153617858887
0.3999054431915283
0.6357907652854919
0.5052493810653687
0.6401970982551575
0.6502106189727783
0.2923696041107178
0.19962537288665771
