0.6810342669487
0.554566502571106
0.5560151934623718
0.731725811958313
0.7200781106948853
0.3942808508872986
0.17840513586997986
0.48897624015808105
0.11867215484380722
0.6827462911605835
0.5234755277633667
0.4210614264011383
0.31411781907081604
0.3127780854701996
0.6727055907249451
0.2615380883216858
0.7363227605819702
1.1151031255722046
0.37061694264411926
0.545545756816864
0.2353832721710205
0.35925570130348206
0.548547625541687
0.4390338957309723
0.5595329403877258
0.5736855268478394
0.46710023283958435
0.4124628007411957
0.861188530921936
0.26767659187316895
0.6015718579292297
1.0547704696655273
0.3881845772266388
0.3146722912788391
0.5798335671424866
1.0215141773223877
0.5641664266586304
0.6843560934066772
0.5232137441635132
0.8707439303398132
0.41134315729141235
0.43711167573928833
0.5746370553970337
0.4834999144077301
0.378743976354599
0.2910609841346741
0.7519956231117249
0.5524241328239441
0.35033291578292847
0.7342053055763245
0.3395325243473053
0.4319164752960205
0.3651650547981262
0.5425359606742859
0.3645577132701874
0.9236405491828918
0.897208034992218
1.0058138370513916
0.26476359367370605
0.5074917078018188
1.1927969455718994
0.5215811729431152
0.41085705161094666
0.5176223516464233
0.594500720500946
0.6842883229255676
0.6331418752670288
0.4280126094818115
0.8418804407119751
0.4084678590297699
1.1966863870620728
0.5370020866394043
0.422185480594635
0.43600502610206604
0.7090849876403809
0.5485111474990845
0.5600429177284241
0.7496768832206726
0.5881364345550537
0.7757004499435425
0.5616729855537415
0.546482264995575
0.5798126459121704
0.43998757004737854
0.3478394150733948
0.626305878162384
0.5795037150382996
0.3289787769317627
0.29423099756240845
0.18266913294792175
0.38111230731010437
1.0150649547576904
0.13167554140090942
0.4929322302341461
0.3573468327522278
0.955756664276123
0.45747047662734985
0.3686785399913788
0.987760066986084
0.27456146478652954
0.6807848215103149
0.5182757377624512
0.5227110981941223
0.3214699923992157
0.36992478370666504
0.3684200644493103
0.45806485414505005
0.5411570072174072
0.5891039967536926
0.4678427577018738
0.7578789591789246
0.6457576751708984
0.8952620625495911
0.3783319890499115
0.37221699953079224
0.5288817286491394
0.5297840237617493
0.25020521879196167
0.22235098481178284
0.7620280385017395
0.8744230270385742
0.5879591703414917
0.5841643810272217
0.4968029856681824
0.9193075299263
0.47042304277420044
0.5572455525398254
0.5518474578857422
0.27748167514801025
0.6591633558273315
0.5626717805862427
0.6503201723098755
0.6481701135635376
0.40105491876602173
0.32399067282676697
0.586259126663208
0.9065625071525574
0.36977824568748474
0.5876712799072266
0.5828536748886108
0.36813440918922424
0.6422420144081116
0.5817696452140808
0.22294339537620544
0.28993839025497437
0.18952803313732147
0.6291456818580627
0.5665290951728821
0.6324115991592407
0.20755164325237274
0.7358616590499878
0.8016363978385925
0.3887597918510437
0.4148561358451843
0.618099570274353
0.6975685954093933
0.21397081017494202
0.4880828857421875
0.5035942196846008
0.7367094159126282
0.2737444043159485
0.4044552445411682
0.5089656114578247
0.3666170537471771
0.8658872842788696
0.4603350758552551
0.28761011362075806
0.3335376977920532
0.5061367154121399
0.4577997326850891
0.33872389793395996
0.34337371587753296
0.4262656271457672
0.19076979160308838
0.35979601740837097
1.1987706422805786
0.4806972146034241
0.3766409754753113
1.0760071277618408
0.4682690501213074
0.7206500768661499
0.2530216574668884
0.4009424149990082
0.8397195935249329
0.5974333882331848
0.2671383023262024
0.7633562088012695
0.6664081811904907
0.6062855124473572
0.7832219004631042
0.7386272549629211
0.5776242017745972
0.39449766278266907
0.4548831880092621
0.44249725341796875
0.41765865683555603
0.34376201033592224
0.5352556109428406
0.705082893371582
0.6851418018341064
0.45297521352767944
0.6295631527900696
0.32639870047569275
0.3167007863521576
0.4995652139186859
0.5738597512245178
0.49785226583480835
0.44300326704978943
0.6140775680541992
0.4846649169921875
0.4587818682193756
0.41465848684310913
0.5660141706466675
0.6553729176521301
0.7782896757125854
0.7607017159461975
0.3703171908855438
0.2392570972442627
0.91038978099823
0.5445475578308105
0.28869500756263733
0.3788142204284668
0.4343717098236084
0.564369797706604
0.45748966932296753
0.7221730947494507
0.25944000482559204
0.6023494005203247
0.5253852605819702
0.621529221534729
0.5577117204666138
0.8282964825630188
0.36636847257614136
0.5164676904678345
0.4514811635017395
0.7360410690307617
0.3891545832157135
0.5635940432548523
0.4814890921115875
0.4526465833187103
0.44314059615135193
0.8418992757797241
0.6698736548423767
0.28266432881355286
0.7882903814315796
0.5177382230758667
0.7321281433105469
0.697232723236084
1.0383999347686768
0.689155101776123
0.7560643553733826
0.22615107893943787
0.32405000925064087
0.4674903452396393
0.5982385873794556
0.4775317311286926
0.6147550344467163
0.5852639675140381
0.848811149597168
0.6505168080329895
0.23786218464374542
0.3543987274169922
0.5030162930488586
0.8711150288581848
0.5856314301490784
0.17230668663978577
0.2910853922367096
0.5468490719795227
0.7879878282546997
0.7346940040588379
0.6900686621665955
0.8142421841621399
0.6029165387153625
0.496119886636734
0.4725213944911957
0.6465206146240234
0.3552725613117218
0.48859888315200806
1.686875581741333
0.31169062852859497
0.5231468677520752
0.5847097039222717
0.6423754096031189
0.4376506805419922
0.14439085125923157
0.3071729838848114
0.7094253301620483
0.8968974351882935
0.5105883479118347
0.2720562219619751
0.6743981242179871
0.14279863238334656
0.42773666977882385
0.6578834652900696
0.5894662141799927
0.7106946706771851
0.5956450700759888
1.0240641832351685
0.9300256967544556
0.7378228902816772
0.6545212864875793
0.4086744785308838
0.3319776654243469
0.29239994287490845
0.281890332698822
0.2739354074001312
0.6084579229354858
0.48156875371932983
0.26451340317726135
0.5751265287399292
0.395750492811203
0.2760279178619385
0.21086260676383972
0.43417254090309143
0.8400686383247375
0.7035779356956482
0.5919848084449768
0.5075539946556091
0.7597300410270691
0.7502351999282837
0.38563603162765503
0.7591876983642578
1.1717240810394287
0.35963043570518494
0.6630679368972778
0.4802381098270416
0.22350411117076874
0.4183761179447174
0.2637638449668884
0.69214928150177
0.2879394590854645
0.4242395758628845
0.39741989970207214
0.8647116422653198
0.5167001485824585
0.3436512351036072
0.47464004158973694
0.3407023251056671
