0.20976586639881134
0.7109622955322266
0.34312766790390015
0.7012637257575989
0.5552012324333191
0.5541435480117798
0.7311519384384155
0.6651422381401062
0.6428960561752319
0.3761519193649292
0.5657145380973816
0.6871311068534851
0.43811988830566406
1.0050396919250488
0.3127390444278717
0.3932323753833771
0.3190825581550598
0.41203927993774414
0.31144240498542786
0.47683653235435486
0.3667110800743103
0.991703987121582
0.4502747654914856
0.8153188824653625
0.4382391571998596
0.2803579270839691
0.33729687333106995
0.49745407700538635
0.5124028921127319
0.8339670300483704
0.8585590124130249
0.7561404705047607
0.3857352137565613
1.278464436531067
0.6557708382606506
0.4081425666809082
0.8095864057540894
0.34655889868736267
0.5622581243515015
0.7989104390144348
0.9343879818916321
0.5744883418083191
0.5795428156852722
0.46934717893600464
0.2742963433265686
0.4362490773200989
0.6042750477790833
0.734246551990509
0.26273635029792786
0.7334407567977905
0.5597761273384094
0.29977482557296753
0.453070729970932
0.2542809545993805
0.5014410614967346
0.5200258493423462
0.4889487326145172
0.9032943844795227
0.3715096116065979
0.6488180756568909
0.4035012125968933
0.8229150772094727
0.6396762728691101
1.1542774438858032
0.38093242049217224
0.33031660318374634
0.23249836266040802
0.4472959041595459
0.5251068472862244
0.5613130331039429
0.9057350158691406
0.3021075129508972
0.5116776823997498
0.4852582812309265
0.36032113432884216
0.44089803099632263
0.38787373900413513
0.45681819319725037
0.36013686656951904
0.5996334552764893
0.732772946357727
0.346554160118103
0.45875778794288635
0.7418345808982849
0.48371195793151855
1.091751217842102
0.40709367394447327
0.5635893940925598
0.5829973220825195
0.7788551449775696
0.5483338236808777
0.6910275816917419
0.49879199266433716
0.5387896299362183
0.8349918127059937
0.36254867911338806
0.3832828402519226
0.5012266635894775
0.45331311225891113
0.5025060772895813
0.8097764849662781
0.22528675198554993
0.8077402114868164
0.41284894943237305
0.37171798944473267
0.9000235795974731
0.39446353912353516
0.5975556373596191
0.6037462949752808
0.3721221089363098
0.4404431879520416
0.5836928486824036
0.8670822381973267
0.5865494012832642
0.38640716671943665
0.3363427221775055
0.44191664457321167
0.5754942893981934
0.198928102850914
0.48701080679893494
0.9114629626274109
0.5191086530685425
0.5415438413619995
0.5244335532188416
0.7610913515090942
0.6414831876754761
1.1843947172164917
0.3546275496482849
0.45476579666137695
1.3284968137741089
0.3582216501235962
0.8075317144393921
0.536454975605011
0.25776973366737366
0.34576958417892456
0.5532559156417847
0.2643219530582428
0.39167100191116333
0.6152747869491577
0.2579958438873291
0.24333743751049042
0.6224876046180725
0.26776379346847534
0.5310493111610413
0.9476724863052368
1.0421173572540283
0.39521485567092896
0.7673118114471436
0.3715824484825134
0.42058807611465454
0.468038409948349
0.7348151803016663
0.7431803345680237
0.4053746163845062
0.3756538927555084
0.465310662984848
0.3174576759338379
0.6866899132728577
0.8004444241523743
0.25507164001464844
0.23165340721607208
0.5072028040885925
0.942164421081543
0.4903551936149597
0.297589510679245
0.3746984004974365
0.2761210799217224
0.5798385143280029
0.4397610127925873
0.6463459730148315
0.7430011034011841
0.505241870880127
0.5085265636444092
0.18970805406570435
0.32011938095092773
0.6298992037773132
0.716029942035675
0.6154693365097046
0.34620556235313416
0.6108723282814026
0.757975161075592
0.7893667817115784
0.7593234777450562
0.3992348313331604
0.4532923698425293
0.315200537443161
0.5793334245681763
0.6437655687332153
0.6460549235343933
0.9740833044052124
0.672930121421814
0.2025725394487381
0.45917877554893494
0.696234405040741
0.24709825217723846
1.0010643005371094
0.5204048156738281
0.4474838376045227
0.36689114570617676
0.5858113765716553
0.5470001101493835
0.6328848004341125
0.5718272924423218
0.6112881898880005
0.3733169436454773
0.2261510193347931
0.4267239570617676
0.46153610944747925
0.6148384213447571
0.8532329797744751
0.7306679487228394
0.28432637453079224
0.5252190828323364
0.26666459441185
0.4413500726222992
1.2557752132415771
0.6209163665771484
0.3922259211540222
0.5368364453315735
0.5842591524124146
0.7728844285011292
0.34284329414367676
0.37707608938217163
0.4465044140815735
0.35931968688964844
0.6992918252944946
0.43677330017089844
0.49488234519958496
0.2883787155151367
0.2685515284538269
0.6865326762199402
0.40287160873413086
0.5173179507255554
0.3594140112400055
0.4015689790248871
0.5313124656677246
0.8770221471786499
0.34264951944351196
0.6204695701599121
0.8381897211074829
0.6281545758247375
0.31742554903030396
0.2697884142398834
1.02775239944458
0.5826472043991089
0.1958065927028656
0.5647925138473511
0.4348523020744324
0.6473726034164429
0.8939629793167114
0.5069395303726196
0.41802293062210083
0.7987702488899231
0.5855832695960999
0.7068566083908081
0.45781248807907104
1.2393367290496826
1.3659311532974243
0.6386550664901733
0.5116397142410278
0.6505746841430664
0.5990751385688782
0.4434872567653656
0.4294320046901703
0.5120782256126404
0.49147486686706543
0.4730232357978821
0.2973439395427704
0.7106112837791443
0.9604772329330444
0.6541862487792969
0.2852519154548645
0.7575590014457703
0.4778393805027008
0.9838012456893921
0.6771132349967957
0.36496323347091675
0.9254956245422363
0.9251585006713867
0.17963576316833496
0.9782220125198364
0.4563559591770172
0.6735264658927917
0.34149685502052307
0.36661481857299805
0.522746205329895
0.39830949902534485
0.6002721786499023
0.4439309239387512
0.450000137090683
0.7691492438316345
0.36392369866371155
0.5438429713249207
0.38970714807510376
0.39349284768104553
0.5200215578079224
0.2769407629966736
0.47692814469337463
0.3198617398738861
0.551003098487854
0.49710139632225037
0.7481271028518677
0.6957229375839233
0.4231136739253998
0.9927449226379395
0.7716299295425415
0.1946035474538803
0.45284587144851685
0.4229266047477722
0.6695016026496887
0.5304469466209412
0.497704416513443
0.5121787190437317
0.27961745858192444
1.1290874481201172
0.7525550127029419
0.6729311943054199
0.32217103242874146
0.4100266396999359
0.3349132537841797
0.6684130430221558
0.9080456495285034
1.1268302202224731
0.7870022654533386
0.2566680908203125
0.4729944169521332
0.8608539700508118
0.9410955309867859
0.48978614807128906
0.6815991401672363
0.5469412803649902
0.31799834966659546
0.33956924080848694
0.9478040933609009
0.4390500485897064
0.6847484707832336
0.3639413118362427
1.1017838716506958
