0.5845966935157776
0.8136500120162964
0.7828782200813293
0.5691749453544617
0.4728296399116516
0.6350762844085693
0.5857027769088745
1.1231789588928223
0.6019459366798401
0.6388590931892395
0.7426134943962097
0.46176061034202576
0.8703333139419556
0.8848357200622559
0.7805666923522949
0.47390490770339966
0.5531752109527588
0.7445551753044128
0.5018866062164307
0.5982120633125305
0.6579576134681702
0.779708981513977
0.4457232356071472
0.5803817510604858
0.6629480123519897
0.7773386836051941
0.32910341024398804
1.2088879346847534
0.47029566764831543
0.5884145498275757
0.9791914820671082
0.2555391192436218
0.49826398491859436
0.6250582933425903
0.9583476781845093
0.46307307481765747
0.5481140613555908
0.4276990294456482
0.338226318359375
0.683959424495697
0.5522438883781433
0.6913005113601685
0.7463824152946472
1.2767678499221802
0.895773708820343
0.4609411358833313
0.6315443515777588
0.5762554407119751
0.5942355394363403
0.8117121458053589
0.797670304775238
0.9426079988479614
1.0432647466659546
0.8215955495834351
0.3196828365325928
0.5813108682632446
0.8730340003967285
0.704079270362854
0.7262870669364929
0.6775236129760742
0.5943730473518372
0.7280553579330444
0.8506464958190918
0.5140826106071472
0.6227023005485535
0.5831581950187683
0.5324687361717224
0.623371422290802
0.4783784747123718
0.38218817114830017
1.1517982482910156
0.3488594591617584
0.6929499506950378
0.7087559700012207
0.7613905668258667
0.5538397431373596
0.6566809415817261
0.5551669597625732
0.3160109519958496
0.4084126353263855
0.8440267443656921
0.4851466715335846
0.9962703585624695
0.6751610040664673
0.32260647416114807
0.5731837749481201
0.9086751937866211
0.8877034187316895
0.29180288314819336
0.6452573537826538
0.4177831709384918
0.6586700677871704
0.38680270314216614
0.7524178624153137
0.8348285555839539
0.5738351941108704
0.7219415903091431
0.6551915407180786
0.5587413907051086
0.43112310767173767
0.523871123790741
1.0545823574066162
1.2210590839385986
0.4565466046333313
0.6380106806755066
1.1662633419036865
0.5270133018493652
0.47686582803726196
0.37048476934432983
0.947456955909729
0.708034873008728
0.6255983710289001
0.4254697859287262
0.9058229327201843
0.743294358253479
0.8952053785324097
0.40801769495010376
0.4499601423740387
0.760928750038147
0.5620685815811157
1.1263651847839355
0.5836009383201599
0.4460887908935547
0.41949573159217834
0.9868636131286621
1.091186285018921
0.5066899061203003
0.29579591751098633
0.7998073697090149
0.44320377707481384
0.7213910222053528
0.6970990300178528
0.5638799667358398
0.6716657280921936
0.6662647128105164
1.0171101093292236
0.9198800325393677
0.5254408121109009
0.806577205657959
0.8469707369804382
0.7560179829597473
0.47051605582237244
0.3749009668827057
0.8961138725280762
0.8067604303359985
1.0448583364486694
0.8436862230300903
0.500986635684967
0.5744357109069824
0.4792197346687317
0.7268741130828857
0.4282523989677429
0.7835272550582886
0.6710424423217773
0.6570743322372437
0.7184513807296753
0.944771945476532
1.006050705909729
0.637267529964447
0.43255263566970825
0.7012047171592712
0.6192889213562012
0.39031752943992615
0.6055161356925964
0.7621198296546936
0.6266348958015442
0.6689983606338501
0.7012856006622314
0.5065484642982483
0.7333568334579468
0.44482022523880005
0.35893598198890686
0.5252126455307007
0.4164116382598877
0.7824335098266602
0.44181928038597107
0.5307186245918274
0.8360446691513062
0.8899573087692261
0.8643150329589844
0.3552095890045166
0.5615935921669006
0.5839409828186035
0.4384671151638031
0.9720859527587891
0.5052691698074341
1.0979557037353516
0.5669676661491394
0.4777888357639313
0.46126970648765564
0.6477756500244141
1.3360637426376343
0.8493196368217468
0.5169660449028015
0.8311212658882141
0.8243719339370728
0.8774501085281372
0.515951931476593
0.8456751704216003
0.3798729479312897
1.022461175918579
0.9711610674858093
0.7971369624137878
0.6613675355911255
0.583380401134491
0.5565738677978516
0.7450975179672241
0.3125917315483093
0.5098902583122253
0.3682093918323517
0.3277910649776459
0.5677897334098816
0.8294817805290222
0.48644953966140747
0.8027318120002747
0.8148161172866821
0.7188570499420166
0.8227831125259399
0.7221948504447937
0.6606394648551941
0.38032326102256775
0.7513061761856079
0.27637508511543274
0.6344271898269653
0.6579380035400391
1.0441105365753174
0.6709942817687988
0.805929958820343
0.9848658442497253
0.327802836894989
0.8069429397583008
0.6947838068008423
1.2268580198287964
0.5716266632080078
0.7835193276405334
0.9015567898750305
0.5478391647338867
0.6250419616699219
0.6888173222541809
0.5511744022369385
0.6590156555175781
0.6740771532058716
0.32665666937828064
0.5274707674980164
0.37168237566947937
0.6480759382247925
0.5766170620918274
0.8337866067886353
0.9486839175224304
0.6896754503250122
0.697134792804718
0.6657525897026062
0.8917392492294312
0.5022996664047241
0.5868549346923828
0.7975261211395264
0.6314716339111328
0.4769349694252014
0.461477667093277
0.279790461063385
0.3902151882648468
0.5631725788116455
0.2845638692378998
0.8407834768295288
0.46739616990089417
1.0181177854537964
0.912726104259491
0.7839044332504272
0.6953542828559875
1.1263115406036377
0.49332255125045776
0.9033635854721069
0.651522159576416
0.5891634821891785
0.6729353070259094
0.9078270792961121
0.6890401840209961
0.8398540616035461
0.6519222855567932
0.5521398782730103
0.34101754426956177
0.701241672039032
0.6948655247688293
0.7628782391548157
0.49593114852905273
0.5000410079956055
0.45353350043296814
0.7683539390563965
0.7307642698287964
1.0629717111587524
0.6956037282943726
0.792297899723053
0.7910288572311401
0.8757500648498535
0.47564181685447693
0.3978712558746338
0.6734011769294739
0.38028648495674133
0.9940484762191772
0.6462680101394653
1.051876425743103
0.6177111268043518
0.5719390511512756
0.5100546479225159
0.49194851517677307
0.3053961396217346
0.49459320306777954
0.5127938389778137
0.5910011529922485
1.277068853378296
0.9177643060684204
0.6670764684677124
0.6074568629264832
0.6284877061843872
0.5964824557304382
1.1210558414459229
0.29503899812698364
0.5457127690315247
0.47825342416763306
0.4010963439941406
0.779962956905365
0.48255378007888794
0.9391269683837891
0.5579761266708374
0.4948853850364685
0.3450818657875061
0.4579588770866394
1.3158771991729736
1.074951410293579
0.5687826871871948
0.596612811088562
1.0677098035812378
0.6554645299911499
0.4902406632900238
0.9287604093551636
0.32295456528663635
0.277682363986969
1.183139443397522
