0.6267420053482056
0.8450497388839722
0.43502750992774963
0.4759364724159241
0.46698108315467834
0.3369389772415161
0.5666553974151611
0.2982087731361389
1.0296341180801392
0.7434178590774536
0.5616298913955688
0.21191063523292542
0.8763057589530945
0.4084811210632324
1.088341236114502
0.284359872341156
0.9420660138130188
0.5107910633087158
0.33727461099624634
1.2958444356918335
0.32804346084594727
0.4471115469932556
0.6167587041854858
1.2051173448562622
1.1718417406082153
0.6259851455688477
0.5619850158691406
0.36010122299194336
0.4782458245754242
0.42008835077285767
0.3482442796230316
0.3651859164237976
0.4375210702419281
0.6323502063751221
0.5028362274169922
1.0544354915618896
0.5137950778007507
0.4447198510169983
0.32327061891555786
1.0981340408325195
0.6312165260314941
0.41793423891067505
0.8218967318534851
0.418736070394516
0.25244563817977905
0.6432745456695557
0.34166350960731506
0.4065701365470886
0.48795685172080994
0.4773363173007965
0.4897891879081726
0.9436520338058472
0.6706970930099487
0.2771328091621399
0.5271810293197632
0.5749813914299011
0.4943397641181946
0.8926175832748413
0.492096483707428
0.21057847142219543
0.8902479410171509
0.6249734163284302
0.5579805970191956
0.44014865159988403
0.8366987109184265
0.3286925256252289
0.4141438603401184
0.4205978512763977
0.9004726409912109
0.21794180572032928
0.7802649736404419
0.42790713906288147
0.8312280774116516
0.2875499725341797
0.4621405005455017
0.7314139008522034
0.33267179131507874
0.4252126216888428
0.7179059386253357
0.4183353781700134
0.4055770933628082
1.0586397647857666
1.1088104248046875
0.37577536702156067
0.2553493082523346
0.23966078460216522
0.43343743681907654
0.5568284392356873
0.4260929226875305
0.6357413530349731
0.2666514813899994
0.2913070023059845
0.3384181261062622
0.3797665238380432
0.5977087616920471
0.41026943922042847
0.40755876898765564
0.39976629614830017
0.3761490285396576
0.3352299630641937
1.0223968029022217
0.4060697555541992
0.20351293683052063
0.4362470507621765
1.1419503688812256
0.6331906318664551
0.8522120714187622
0.5627351999282837
0.5752207040786743
0.3376852869987488
0.5516025424003601
0.5554959177970886
0.36714228987693787
0.3927186131477356
0.31149452924728394
0.3039841055870056
0.25563645362854004
0.7256659269332886
0.9693223237991333
0.523201584815979
0.640437662601471
0.4505535066127777
0.8119865655899048
0.3310356140136719
0.5684102177619934
0.23836596310138702
0.4924517273902893
0.5009728670120239
0.48712682723999023
0.40049076080322266
0.5573422312736511
0.46693605184555054
0.2359488308429718
0.7568637132644653
0.7966075539588928
0.39532920718193054
0.8319040536880493
0.6968470811843872
0.7007007002830505
0.5125071406364441
0.9799880981445312
0.5318871140480042
0.3108998239040375
0.43504858016967773
0.47031766176223755
0.4833087921142578
0.750035285949707
0.29128211736679077
0.3087675869464874
0.5547978281974792
0.46196097135543823
0.885020911693573
0.39398568868637085
0.5166984796524048
0.6553906202316284
0.45982980728149414
0.4927491247653961
0.45705193281173706
0.23591287434101105
0.3263479173183441
0.49230170249938965
0.2801535427570343
0.44902682304382324
0.32279783487319946
0.5760340690612793
0.2698589563369751
0.32316678762435913
0.5003219246864319
0.8986109495162964
0.2794140875339508
0.9382013082504272
0.23615491390228271
0.5447626113891602
0.5337868332862854
0.4954397678375244
0.65079665184021
0.5244874358177185
0.3234723210334778
0.5590503811836243
0.3713107705116272
0.2673717141151428
0.5730333924293518
0.5801138877868652
0.4248291552066803
0.416353315114975
0.4338112771511078
0.2275969535112381
0.6686432957649231
0.5723670721054077
1.1526219844818115
0.4247864782810211
0.381395161151886
0.4155037999153137
0.5067049264907837
1.0809485912322998
0.5058054327964783
0.42763790488243103
0.45165133476257324
0.4437001347541809
0.8032127618789673
0.36356768012046814
0.3720194697380066
1.1060423851013184
0.4693799614906311
0.38321995735168457
0.8474756479263306
0.24806413054466248
0.4082125723361969
0.9685990214347839
0.38722601532936096
0.4841243326663971
0.5733703970909119
0.5559072494506836
0.2149268090724945
0.6315016150474548
1.3575891256332397
0.7260969877243042
0.47405901551246643
0.3217906951904297
0.2836676836013794
0.31048569083213806
0.5797706842422485
0.8641982078552246
0.8361090421676636
0.7788070440292358
1.031714677810669
0.5064767599105835
0.5414403080940247
0.6876888275146484
0.493228018283844
0.5008871555328369
0.2909323275089264
0.9633113741874695
0.5653999447822571
0.3874208927154541
0.4830537438392639
0.4246719777584076
0.7453628182411194
0.8180602192878723
0.4172857403755188
1.0822474956512451
0.5798255205154419
0.5541644096374512
0.3689091205596924
0.3402675986289978
0.4466148018836975
0.37802252173423767
0.3303438127040863
0.3054591119289398
0.442577064037323
0.5154275894165039
0.26044440269470215
0.7833337187767029
0.39197519421577454
0.3645603060722351
0.5468121767044067
0.43376511335372925
0.2931813597679138
0.27925270795822144
0.3088010847568512
0.5614363551139832
0.5903964638710022
0.21838048100471497
0.5820943117141724
0.508212685585022
0.6680900454521179
0.546301543712616
0.3652254045009613
0.5017432570457458
0.6329568028450012
0.6428995132446289
0.5208854675292969
0.46281319856643677
0.7603492140769958
0.6828411817550659
0.8062933087348938
0.7838059067726135
0.6343623995780945
0.38573652505874634
0.3212378919124603
0.6720479130744934
0.49736958742141724
0.3987976312637329
0.582686185836792
0.4253110885620117
0.40163174271583557
0.6505768895149231
0.435516893863678
1.0738638639450073
0.29817289113998413
0.5645555853843689
0.4321928024291992
0.5489908456802368
0.40678462386131287
0.21452316641807556
0.4556754231452942
0.6103879809379578
0.4986351430416107
0.212647944688797
0.47840577363967896
1.2046444416046143
0.40419864654541016
0.3749040365219116
0.5444289445877075
0.3694198727607727
0.32787299156188965
0.43980008363723755
0.35292935371398926
0.8693351745605469
0.7579159736633301
0.30781739950180054
0.44935983419418335
0.5532673597335815
0.5707284212112427
0.5481197237968445
0.4475948214530945
0.5597331523895264
0.6058822870254517
0.6026042699813843
0.5967859625816345
1.0033485889434814
0.470390647649765
1.0039340257644653
0.358489453792572
0.5259000658988953
0.3928000330924988
0.705033004283905
0.3205323815345764
0.3589824438095093
0.606660008430481
0.32533344626426697
0.33518368005752563
0.49188557267189026
0.3967219293117523
0.3537692427635193
0.6301782727241516
0.43401169776916504
0.31005343794822693
