0.27932628989219666
0.6669866442680359
0.3194493353366852
0.74371737241745
0.5295286178588867
0.5539387464523315
0.5363043546676636
0.30747324228286743
0.9429121017456055
0.3785850405693054
0.4413963854312897
0.9245835542678833
0.5230200290679932
0.8364090919494629
0.3871307969093323
0.7555240392684937
0.4479385316371918
0.4270593225955963
0.5590041875839233
0.5451218485832214
0.49124687910079956
0.4650948941707611
0.32642456889152527
0.6747732758522034
0.4902074337005615
0.6557694673538208
0.4575653076171875
0.8193666338920593
0.4153779447078705
0.468330442905426
0.5799866318702698
0.24359674751758575
0.4200492799282074
0.6211467981338501
0.47121843695640564
0.513579249382019
0.6486390233039856
0.6301268339157104
0.5608330965042114
0.5035720467567444
0.4016250669956207
0.22900116443634033
0.4732498228549957
0.5225735902786255
0.6719679832458496
0.388999879360199
0.5119966268539429
0.4630572199821472
0.34410983324050903
0.6366217136383057
0.7907397150993347
0.4500904977321625
0.3729880452156067
0.4822061061859131
0.6217370629310608
0.6001307368278503
0.22275538742542267
0.6148064732551575
0.23798367381095886
0.6734606623649597
0.5964973568916321
0.2550591826438904
0.45657292008399963
0.3263363540172577
0.6246708631515503
0.601386308670044
0.6808505058288574
0.6595079302787781
0.45275193452835083
0.5930238962173462
0.5626117587089539
0.4214583933353424
0.35365650057792664
0.39700955152511597
0.23032531142234802
0.5855693221092224
0.7036707997322083
0.5911976099014282
0.6037837266921997
0.6705037355422974
0.6435256600379944
0.6836205720901489
0.5567331314086914
0.8813942074775696
0.5602710843086243
0.2921587824821472
0.37392640113830566
0.41177549958229065
0.4673435091972351
0.572388768196106
0.5724144577980042
0.5030830502510071
0.4965764582157135
0.9140653610229492
0.2771070897579193
0.4069943428039551
0.38328343629837036
0.5363057851791382
0.9154657125473022
0.27457839250564575
0.6730841994285583
0.41916340589523315
0.3636605739593506
0.3626631498336792
0.384849488735199
0.7933700680732727
0.29458296298980713
0.6218423843383789
0.6381065845489502
0.588568925857544
0.6187129616737366
0.3724236488342285
0.758949875831604
0.4494808614253998
0.7078883051872253
0.5801246762275696
0.885367751121521
0.7533908486366272
0.38098523020744324
0.396705687046051
0.47618404030799866
0.27896827459335327
0.2733742296695709
0.33123064041137695
0.7101030349731445
0.19405385851860046
0.37921300530433655
0.9028452634811401
0.6848479509353638
0.7193460464477539
0.420803964138031
0.3576354384422302
0.5288854837417603
0.7019008994102478
0.8013118505477905
0.35565462708473206
0.47088831663131714
0.5920742154121399
0.27786770462989807
0.24704571068286896
0.6730230450630188
0.5117135643959045
0.4605342745780945
0.40063443779945374
0.3683702349662781
0.18014244735240936
0.6132652759552002
0.28218868374824524
0.37588661909103394
0.34747785329818726
0.45993223786354065
0.704384446144104
0.35222697257995605
0.8014343976974487
0.6511924862861633
1.0348279476165771
0.45480966567993164
0.36435213685035706
0.7541147470474243
0.34570175409317017
1.0063673257827759
0.5832841992378235
0.6309282183647156
0.3811721205711365
0.619089663028717
0.1917361468076706
0.9452212452888489
1.0056501626968384
0.5046241879463196
0.5203803777694702
0.5153289437294006
0.41789889335632324
0.46596360206604004
0.5883323550224304
0.283720999956131
0.39478737115859985
0.5965065956115723
0.4391416609287262
0.5338207483291626
0.5561119318008423
0.4316762089729309
0.36259371042251587
0.3398662209510803
0.4787186086177826
0.4035700857639313
0.524776816368103
0.2328227013349533
0.75068199634552
0.7270582914352417
0.4478546977043152
0.13643421232700348
0.5627721548080444
0.2423008382320404
0.3714970648288727
0.5738326907157898
0.36353883147239685
0.47176775336265564
1.1191831827163696
0.34575361013412476
0.4101051688194275
0.3339134156703949
1.0718410015106201
0.41333895921707153
0.2194501906633377
0.670179545879364
0.5032187700271606
0.3676157593727112
0.43649405241012573
0.454003244638443
0.42989856004714966
0.45989733934402466
0.6179659962654114
0.38051825761795044
0.3691379427909851
1.0544945001602173
0.8122742772102356
0.43503493070602417
0.27059975266456604
0.5419579148292542
0.75787752866745
0.696114718914032
0.7797795534133911
0.462627112865448
0.2635754942893982
0.5707919001579285
0.5786486864089966
0.4351441264152527
0.17885135114192963
0.7060893774032593
0.9377029538154602
0.17193882167339325
0.5717992782592773
0.3108291029930115
0.8971959948539734
0.4836830496788025
0.8317115902900696
0.4130640923976898
0.3016207218170166
0.36724376678466797
0.6893707513809204
0.9349614381790161
0.5774537324905396
0.7989014387130737
0.3617139756679535
0.3434367775917053
0.4440697729587555
0.511355459690094
0.4851039946079254
0.6609529852867126
0.8835288286209106
0.4848414361476898
0.6802066564559937
0.38757020235061646
1.3239161968231201
0.5391854643821716
0.6896923184394836
0.443300724029541
0.2571742832660675
0.35406121611595154
0.34920674562454224
0.45799189805984497
0.6488881707191467
0.4789005219936371
0.546735405921936
0.2638959586620331
0.6313360929489136
0.6086030602455139
0.624111533164978
0.7490394115447998
1.0582895278930664
0.3453328013420105
0.5104867815971375
0.4486399292945862
1.0715820789337158
0.27793461084365845
0.8999298810958862
0.6932050585746765
0.8405460119247437
0.5898186564445496
0.39914122223854065
0.2666785717010498
0.4885665774345398
0.5474646687507629
0.20050673186779022
0.6740333437919617
0.15082861483097076
0.42016738653182983
0.7709630727767944
0.38828909397125244
0.6726356744766235
0.604027271270752
0.3713078796863556
0.6019317507743835
0.6302617788314819
0.3926697373390198
0.4838695526123047
0.46859902143478394
0.3749864995479584
0.3675139546394348
0.633714497089386
0.20393207669258118
0.23722617328166962
0.696637749671936
0.6753448247909546
0.4097597599029541
0.5078943967819214
0.8404555320739746
0.4477611482143402
0.43505191802978516
0.4999619424343109
0.4503001272678375
0.3623308539390564
0.2967866361141205
1.1898607015609741
0.1758679449558258
0.4492403566837311
0.8302818536758423
0.2854813039302826
0.5177026987075806
0.9652286767959595
0.5581406354904175
0.3315596282482147
0.237137109041214
0.18915076553821564
0.7613363265991211
0.5554928779602051
0.9878484606742859
0.34542736411094666
0.8914493322372437
0.4259583353996277
0.7117630243301392
0.475599467754364
0.28320059180259705
0.9294716119766235
0.5251102447509766
0.6536210775375366
0.22415027022361755
0.6358627676963806
