0.3535543978214264
0.8011058568954468
0.4459713101387024
0.3763221800327301
0.5309976935386658
0.6758551597595215
0.3812863230705261
0.7034352421760559
0.5305324792861938
0.6270809173583984
0.27018308639526367
0.1777137964963913
0.6577238440513611
1.1716954708099365
0.5333372354507446
0.785521924495697
0.6141063570976257
0.6333457827568054
0.460360586643219
0.48080235719680786
0.3139951229095459
0.7900888323783875
0.3906555771827698
0.46694594621658325
0.5459845066070557
0.9990374445915222
0.3038876950740814
0.6498078107833862
0.24067804217338562
1.1018108129501343
0.2120259553194046
1.114919900894165
0.4523332715034485
0.6682088375091553
0.1761007010936737
0.2856857180595398
0.2564384937286377
0.7561032772064209
0.6456534266471863
0.6138702630996704
0.5122789144515991
0.5713344812393188
0.6898910403251648
0.32841360569000244
0.29966822266578674
0.8081396222114563
0.40276962518692017
0.1502356082201004
0.33720171451568604
0.25979337096214294
0.7268242835998535
0.7085263133049011
0.3202902376651764
0.47596532106399536
0.3348470628261566
0.40331435203552246
0.47586145997047424
0.1796019822359085
0.26991286873817444
0.667900562286377
0.7830594778060913
0.9245134592056274
0.42618298530578613
0.37981075048446655
0.3545883297920227
0.26177772879600525
0.890525221824646
0.5340207815170288
0.19652831554412842
0.19713029265403748
0.5397017598152161
0.8175317049026489
0.4419136047363281
0.6993516683578491
0.40846794843673706
1.4073829650878906
0.4260411858558655
0.3191666007041931
0.24957986176013947
0.3620893657207489
0.4776535928249359
0.840530514717102
0.4806414544582367
0.6758720278739929
0.5601183772087097
0.4707568287849426
0.6561604738235474
0.44540587067604065
0.3903968334197998
0.37302830815315247
0.33814817667007446
0.6081069707870483
0.4670952260494232
0.7287713289260864
0.46674051880836487
0.5036349296569824
0.5410385131835938
0.4628106653690338
0.42693519592285156
0.9772796630859375
0.2624390721321106
0.3075665831565857
0.4637226462364197
0.7810993194580078
0.40880733728408813
1.6484931707382202
0.5589619278907776
1.2553499937057495
0.5551586151123047
0.4524950087070465
0.42787981033325195
0.4477802813053131
0.6063698530197144
0.7390502691268921
0.3761197328567505
0.4471971094608307
0.4679639935493469
0.16071830689907074
0.30861514806747437
0.5730279684066772
1.0062192678451538
0.6830543279647827
0.7026150226593018
0.39082542061805725
0.5753051042556763
0.595043957233429
0.7481338977813721
0.4347129762172699
0.5067616105079651
0.5583488345146179
0.28902849555015564
0.333224356174469
0.9709650874137878
0.18344655632972717
0.5942376255989075
0.7579614520072937
0.3964991569519043
0.21743634343147278
0.28819039463996887
0.2643583118915558
1.1486836671829224
0.4626549780368805
0.48575058579444885
0.6115837097167969
0.46814924478530884
0.809980034828186
0.293647825717926
0.68165123462677
0.5265571475028992
0.41225776076316833
0.5049724578857422
0.7751898765563965
0.35031017661094666
0.4539220929145813
0.4280126988887787
0.7477554082870483
0.5697113275527954
0.4846695363521576
0.5997669100761414
0.47945985198020935
0.4664446711540222
0.46995335817337036
0.46409711241722107
0.19441571831703186
0.6430066823959351
0.7280884981155396
0.8401725888252258
0.9110763669013977
1.0895754098892212
0.27567392587661743
0.6853688359260559
0.5272685289382935
0.6158064603805542
0.5089923143386841
0.8983992338180542
0.28217896819114685
0.1646449863910675
1.0708508491516113
0.5176609754562378
0.6743590235710144
0.4879717230796814
0.6762076616287231
0.4571366310119629
0.6437712907791138
0.29998916387557983
0.47962823510169983
0.716518759727478
0.571685791015625
0.8818297386169434
0.5194774866104126
0.28545910120010376
0.35755687952041626
0.3757215440273285
0.49353599548339844
0.37443870306015015
0.49149855971336365
0.9094433784484863
0.478520929813385
0.3450033664703369
0.3048778474330902
0.6606916189193726
0.5884994268417358
0.7603096961975098
0.45313674211502075
0.3977449834346771
0.624126672744751
0.8372684717178345
0.7353352308273315
0.5357906818389893
0.24616272747516632
0.31586629152297974
0.8422151803970337
0.4407346248626709
0.6996056437492371
0.3345610797405243
0.518139660358429
0.36109790205955505
0.5969759225845337
0.273129940032959
0.47135552763938904
0.3725636601448059
0.7373462915420532
0.9217193722724915
0.5508290529251099
0.6373311281204224
0.54147869348526
0.5275794863700867
0.9248626828193665
0.45560240745544434
1.2006511688232422
0.8552764058113098
1.046949028968811
0.5731166005134583
0.30109816789627075
0.5935918688774109
0.6231732964515686
0.37873393297195435
1.030256986618042
0.3065149784088135
0.5763223767280579
0.8432111740112305
0.41187620162963867
0.5417414903640747
0.4390315115451813
0.4645478129386902
0.26737743616104126
0.45055919885635376
0.6811302900314331
0.3142979145050049
0.5813714265823364
0.210133358836174
0.2814944088459015
0.6052968502044678
0.8786883354187012
0.5066402554512024
0.4063604474067688
0.4623880982398987
0.6161978840827942
0.4481988847255707
0.7541359663009644
0.4184795320034027
0.73914635181427
0.4776599407196045
0.762136697769165
0.812088668346405
0.5013713836669922
0.632205605506897
0.5308667421340942
0.2500174045562744
0.6061612963676453
0.3916544020175934
0.5808342695236206
0.7929576635360718
0.3324711322784424
0.5392042398452759
0.5836251378059387
0.4928876757621765
0.7770116925239563
0.5530734062194824
0.2879146933555603
0.2812519967556
0.4973849356174469
0.5773330926895142
0.43875113129615784
0.34241196513175964
1.309781789779663
0.41761523485183716
0.3840610086917877
0.937756359577179
0.6643015146255493
0.5117928385734558
0.6537772417068481
0.3691645860671997
0.6312316656112671
0.7575369477272034
0.19209592044353485
0.7572609186172485
0.6098319888114929
0.8618813753128052
0.4855721890926361
0.9093822240829468
0.3077685832977295
0.6617823839187622
0.7091779708862305
0.4986622929573059
0.4677062928676605
0.5686324834823608
0.4172493815422058
0.6856800317764282
0.6546319723129272
0.766241192817688
1.4533674716949463
0.3787250220775604
0.2891637682914734
0.3217957019805908
0.37139612436294556
0.5221846699714661
0.37623992562294006
0.7773693203926086
0.5693862438201904
0.5105301737785339
0.2486177384853363
0.7676671743392944
0.495769202709198
0.37514349818229675
0.48625174164772034
0.6111588478088379
0.530267596244812
0.47891053557395935
0.22316046059131622
0.2954925298690796
0.2489125281572342
0.22389793395996094
0.23882357776165009
0.40385204553604126
0.16854482889175415
0.8208460807800293
0.8753595948219299
