0.5485607981681824
0.24165078997612
0.4168969690799713
0.6757025718688965
0.455956369638443
0.46993565559387207
0.8396399617195129
0.5816023945808411
0.39464980363845825
0.7217316627502441
0.6456714868545532
0.7204686999320984
0.2937290072441101
0.4500707983970642
0.7560778856277466
0.5895135998725891
0.4406583309173584
0.6733354330062866
0.820997416973114
0.48928898572921753
0.5831859707832336
0.2327928990125656
0.16324952244758606
0.375461608171463
0.4111703038215637
0.4653845429420471
0.23976357281208038
0.3719683289527893
0.24976372718811035
0.5627653002738953
0.42174142599105835
0.35336536169052124
0.5320736169815063
0.23564453423023224
0.7941039800643921
0.2417546510696411
0.3754374384880066
0.6407615542411804
0.268314003944397
0.2812806963920593
0.36074894666671753
0.40317994356155396
0.6167464256286621
0.5091804265975952
0.8510496020317078
0.7232064008712769
0.41606369614601135
0.5195510983467102
0.35177627205848694
1.0173498392105103
0.44939732551574707
0.7060205936431885
0.3682301938533783
0.7686312794685364
0.43594104051589966
0.4601379334926605
0.499699205160141
0.3558104336261749
0.3185197710990906
0.7214335203170776
0.5974570512771606
0.32351240515708923
0.4399670660495758
0.35830360651016235
0.34914150834083557
0.4437583386898041
0.7194525003433228
0.5758036375045776
0.6469429731369019
0.4146344065666199
1.1088240146636963
0.4773866534233093
0.5900513529777527
0.5028765797615051
0.661740779876709
0.34641414880752563
0.5778428316116333
0.8593729138374329
0.35511136054992676
0.6101042032241821
0.4450581669807434
0.8028470277786255
0.5442787408828735
0.4288996756076813
0.3710344731807709
0.6420589089393616
0.36329707503318787
0.7024809122085571
0.65818190574646
0.7136856913566589
0.7524999380111694
0.640112042427063
0.47238796949386597
0.5733765363693237
0.7709435224533081
1.1058002710342407
0.6285551190376282
0.5604864358901978
0.378774493932724
0.38278037309646606
0.4085962176322937
0.7800765037536621
0.41211456060409546
0.648828387260437
0.3853314518928528
1.1706116199493408
0.3999801278114319
1.0322798490524292
0.7676175236701965
0.336555540561676
0.7166990041732788
0.7823716998100281
0.44925957918167114
0.6773290038108826
0.4386226534843445
0.5541957020759583
0.7155313491821289
0.9558893442153931
0.6373745799064636
0.5180339813232422
0.3304542601108551
0.40991783142089844
0.30946826934814453
0.5971302390098572
0.4720497131347656
1.0540872812271118
0.6273165941238403
0.4805220663547516
0.23177571594715118
0.29425638914108276
0.736818790435791
0.4100920557975769
1.0094597339630127
0.4142598509788513
0.31864726543426514
0.6463586688041687
0.61286461353302
0.5658790469169617
0.5289389491081238
0.19636543095111847
0.5425403714179993
0.76593416929245
0.39305543899536133
0.5315197706222534
0.5277548432350159
0.1696128249168396
0.38319557905197144
0.5092953443527222
0.336249977350235
0.5252149701118469
0.5145589113235474
0.36440032720565796
0.4523526132106781
0.4102950096130371
0.712765097618103
0.7329385876655579
0.30927884578704834
0.4706556797027588
0.179440438747406
0.6605940461158752
0.960484504699707
0.6736757159233093
0.4076646864414215
0.43798813223838806
0.5566247701644897
0.5204259753227234
0.520706295967102
0.3647425174713135
0.5754660367965698
0.7352566123008728
0.40637749433517456
0.687310516834259
0.377831369638443
0.34801873564720154
0.9671872854232788
0.6656097173690796
0.8118219375610352
1.2697237730026245
0.40711086988449097
0.8210962414741516
0.6352930068969727
0.43913835287094116
0.533706784248352
0.2775185704231262
0.896462619304657
0.25408339500427246
0.555809497833252
0.26571574807167053
0.5694852471351624
0.5198900103569031
0.45690593123435974
0.44829386472702026
0.4831105172634125
0.8516262173652649
0.48250919580459595
0.7121597528457642
0.24657242000102997
0.38887256383895874
0.49946802854537964
0.5621649026870728
0.4430043697357178
1.323966145515442
0.8601782917976379
0.18239504098892212
0.4651122987270355
0.5436917543411255
0.8413330316543579
0.8413728475570679
0.4774356484413147
0.33481040596961975
0.2808227241039276
0.43991032242774963
0.3615208566188812
0.3960112929344177
0.8265020251274109
0.5634990334510803
1.0938392877578735
0.9133964776992798
0.45912298560142517
0.8722186088562012
1.1613785028457642
0.6105946898460388
0.5628305077552795
0.26173725724220276
0.2988188862800598
0.5547164082527161
0.5073333978652954
0.22268149256706238
0.6216377019882202
0.6717929840087891
0.7598490118980408
0.9292634725570679
0.8049145936965942
0.20379409193992615
0.650769829750061
1.153456449508667
0.3017701506614685
1.0342042446136475
0.8630796670913696
0.5208040475845337
0.33739355206489563
0.30990710854530334
0.27237653732299805
0.8815402984619141
0.3063984513282776
1.2187436819076538
0.5270005464553833
0.4888584017753601
0.7153546214103699
1.0954030752182007
0.4042707085609436
0.5670467019081116
0.2503029704093933
0.2510489821434021
0.43226727843284607
0.5475201606750488
1.0031657218933105
0.47555214166641235
0.728925883769989
0.7742440700531006
0.8357866406440735
0.6298611164093018
0.6605231761932373
0.6722196936607361
0.5650109648704529
0.32654479146003723
0.36648809909820557
0.2893499732017517
0.2926155924797058
0.2171504944562912
0.6053868532180786
0.41215547919273376
0.5487769246101379
0.26621925830841064
0.7292367219924927
0.5225856304168701
0.6095747947692871
0.5990816950798035
0.7629721760749817
0.39409831166267395
0.9210687875747681
0.36605870723724365
0.21025630831718445
0.3763180375099182
0.45876115560531616
0.6796749830245972
0.7021401524543762
0.4743596911430359
0.29472967982292175
0.33078378438949585
0.43620043992996216
0.814268946647644
0.7239998579025269
0.3726097345352173
0.8054126501083374
0.6929267644882202
1.019692063331604
0.4247022569179535
0.4284270703792572
0.2483307421207428
0.9646645784378052
0.7109400629997253
0.4891481399536133
0.42807039618492126
0.39869779348373413
0.38253992795944214
0.3415209650993347
0.41736850142478943
0.17370618879795074
0.32007691264152527
0.5339415073394775
0.35434967279434204
0.38072457909584045
0.6558715105056763
0.6057401895523071
0.3285975158214569
1.259467363357544
0.7537387013435364
0.3658170700073242
0.5479113459587097
0.3950156569480896
0.2691405415534973
0.37661299109458923
0.4960482120513916
0.8419636487960815
0.6793214678764343
0.30025237798690796
0.5096840262413025
0.7771999835968018
0.8648262023925781
0.5787681341171265
0.5466541051864624
0.4495352804660797
0.31462597846984863
0.5108741521835327
0.2443639487028122
0.3057325780391693
0.518914520740509
