0.21597187221050262
0.8384584188461304
0.6046114563941956
0.8544843792915344
0.3142320513725281
0.6893388032913208
0.9817206263542175
0.45309343934059143
0.6815775036811829
0.49572163820266724
0.535380482673645
1.0432732105255127
0.2234545201063156
0.3823142647743225
0.19446705281734467
1.3796215057373047
0.5270987749099731
0.5756481885910034
0.5780490636825562
0.4759218692779541
0.7416177988052368
0.44975051283836365
0.6015288829803467
0.5517181754112244
0.6636659502983093
0.8058143854141235
0.6693167090415955
0.33716917037963867
0.32485416531562805
0.24681194126605988
0.7564049959182739
0.4256921708583832
0.46088045835494995
0.4586116671562195
0.6547836065292358
0.5452893972396851
0.3667507469654083
0.5542529821395874
0.25301697850227356
0.6035617589950562
0.5770784616470337
0.6290985345840454
1.0167319774627686
0.8307958841323853
0.9669889211654663
0.3923468291759491
0.36057329177856445
0.484577476978302
0.9475410580635071
0.44441652297973633
0.6252927184104919
0.8055962324142456
0.9607080221176147
0.41155529022216797
0.4583931863307953
0.3215346038341522
0.44415968656539917
0.2555842995643616
0.42439085245132446
0.5294855237007141
0.5999847650527954
0.6188188195228577
1.0457518100738525
0.7503138184547424
1.0221598148345947
0.4012517035007477
0.5114825963973999
0.28745609521865845
0.42207375168800354
0.4662456512451172
0.5915659070014954
0.38497138023376465
0.4501914381980896
0.48648419976234436
0.4881216585636139
0.8453259468078613
0.7973347902297974
0.6264317631721497
0.35347890853881836
0.5340272784233093
0.8021242022514343
0.34487777948379517
0.9055566787719727
0.4738767147064209
0.5720514059066772
0.5420776605606079
0.7553398609161377
0.9115056991577148
0.6666010618209839
0.8998117446899414
0.6441165804862976
0.2945604920387268
0.6667674779891968
0.5345037579536438
0.3788294792175293
0.7357994318008423
0.6443320512771606
0.6556049585342407
0.3177807033061981
0.43167543411254883
0.3843078911304474
0.4137905240058899
0.5153033137321472
0.625871479511261
0.30533158779144287
0.6172648072242737
0.628270149230957
0.27063071727752686
0.48989614844322205
0.6661731600761414
0.3722713589668274
0.29028505086898804
0.6380133628845215
0.6598451733589172
0.9447170495986938
0.6827221512794495
0.42048579454421997
0.5848987698554993
0.41588401794433594
0.44480735063552856
0.6948989629745483
0.2606103718280792
0.42641767859458923
0.5975810289382935
0.4969542622566223
0.37783822417259216
0.3888043463230133
0.36789950728416443
0.25503724813461304
0.46885737776756287
0.7612694501876831
0.4007646441459656
0.5454166531562805
0.3763267993927002
0.49676036834716797
0.7790645360946655
0.6095505952835083
0.22375091910362244
0.3868340849876404
0.5816057920455933
0.7202423214912415
0.9104844927787781
0.6285167336463928
0.5201262831687927
0.2909926772117615
0.21918277442455292
0.34869104623794556
0.35323503613471985
0.6661549806594849
0.6661974191665649
0.591197669506073
0.513643205165863
1.0585660934448242
0.325712651014328
0.625887393951416
0.5532151460647583
0.7214592695236206
1.4302518367767334
1.04917311668396
0.40687423944473267
0.09681481868028641
0.6011067628860474
0.9727972149848938
0.19939032196998596
0.7922701835632324
0.6535022854804993
0.9412431716918945
0.6143381595611572
0.3102409243583679
0.8393715620040894
0.3156103193759918
0.6982636451721191
0.6125437021255493
0.508682370185852
0.37523308396339417
0.6222766041755676
0.22423140704631805
0.3989872932434082
0.7179198265075684
0.545089840888977
0.5990392565727234
0.6322572827339172
0.589846134185791
0.3129149079322815
0.3576781153678894
0.5774853825569153
0.32469120621681213
0.27543506026268005
0.841008186340332
0.41544848680496216
0.7734627723693848
0.4781312346458435
0.3355114161968231
1.1526954174041748
0.566386878490448
0.58002769947052
0.8455637097358704
0.2873450815677643
0.8230158090591431
0.34817737340927124
0.49056997895240784
0.5664094686508179
1.0881843566894531
0.4561619758605957
0.33159175515174866
0.3692138195037842
0.3373953700065613
0.5999325513839722
0.8397489786148071
0.5627714395523071
0.4548901617527008
0.5019719004631042
0.440161794424057
0.7354191541671753
0.4143384099006653
0.4437316060066223
0.3507388234138489
0.3763372600078583
0.4942951798439026
0.7892680168151855
0.793291449546814
0.20920979976654053
0.40574923157691956
1.193684458732605
0.346493124961853
0.5905621647834778
0.7567442655563354
0.6159900426864624
0.4682678282260895
0.522010326385498
0.5925284624099731
0.7551029324531555
0.6006550192832947
0.6882716417312622
0.3714735209941864
0.3936289846897125
0.7073907256126404
0.47344380617141724
0.5184131860733032
0.2931748032569885
0.3545304238796234
0.5407228469848633
0.7056077718734741
0.4146932065486908
0.8165899515151978
0.22743339836597443
0.36735278367996216
0.5903273820877075
0.2779799997806549
0.7916136980056763
0.4781761169433594
0.5077230334281921
0.5365601181983948
0.21032099425792694
0.4539891183376312
0.4248598515987396
0.6922026872634888
0.5143686532974243
0.8369780778884888
0.5683389902114868
0.6464635729789734
0.4971051812171936
0.49741578102111816
0.6469919681549072
0.5437430143356323
0.6922944784164429
0.9398025274276733
0.6427369117736816
0.1654340922832489
0.41185083985328674
0.6426132917404175
0.5815062522888184
0.23946189880371094
0.5418859720230103
0.3993508517742157
0.4131115972995758
0.9319362640380859
0.6565220355987549
0.31307461857795715
0.3221672773361206
0.6982753276824951
0.8012725114822388
0.2592780590057373
0.2538343071937561
0.49257931113243103
0.6483959555625916
0.3500096797943115
0.32809028029441833
0.7488034963607788
0.4186874330043793
0.40160447359085083
0.528644859790802
0.32026466727256775
1.0024259090423584
0.5731266736984253
0.7790559530258179
0.6273993253707886
0.6432381868362427
0.5744367241859436
0.7411157488822937
0.5523501634597778
0.35016101598739624
0.4123214781284332
0.21249496936798096
0.48353973031044006
0.8944936990737915
0.24066543579101562
0.747587263584137
0.23025298118591309
0.37955570220947266
0.513683557510376
0.34414777159690857
0.39646849036216736
0.27456074953079224
0.573140025138855
0.4607461988925934
0.34490448236465454
0.43577390909194946
0.4595128893852234
1.1228139400482178
0.6726992726325989
0.3060412108898163
0.8190404176712036
0.7712841629981995
0.6283383369445801
0.36427396535873413
0.6288385391235352
0.7355774641036987
0.8135057687759399
0.29740849137306213
0.5096095204353333
0.6643921136856079
0.338967502117157
0.4978192448616028
0.6370187997817993
0.6184114217758179
0.6316317319869995
0.8405278325080872
