0.3339671194553375
0.9252235293388367
0.2263331413269043
0.7188519239425659
0.80170077085495
0.45660239458084106
0.8015936613082886
0.5400676727294922
0.3107147812843323
0.569628119468689
0.45941948890686035
0.4115738272666931
0.34109511971473694
0.3727337419986725
0.7681677937507629
0.632560133934021
0.6340335607528687
0.48034602403640747
0.5492008328437805
0.9752365946769714
0.35534563660621643
0.4275246262550354
0.4889088273048401
0.7878724336624146
0.37588295340538025
0.7055515050888062
0.612096905708313
0.28877729177474976
0.4569653570652008
0.4550153315067291
0.3382297158241272
0.3373432755470276
0.45874905586242676
0.6182263493537903
1.1857588291168213
0.8527301549911499
0.5950190424919128
0.3779524266719818
0.3550557494163513
0.8208565711975098
0.4089607298374176
0.7021558880805969
0.6651703119277954
0.5513275265693665
0.6110183000564575
0.40127548575401306
0.5190296173095703
0.4616502821445465
0.59855055809021
0.4880281388759613
0.4289432168006897
0.8770906329154968
0.45943254232406616
0.7513046860694885
0.2864411771297455
0.4535665512084961
0.751049816608429
0.7790771722793579
0.48699840903282166
0.5682870745658875
0.33168381452560425
1.1102163791656494
0.6384146809577942
0.6137095093727112
0.1824980229139328
0.7004204988479614
0.5612455010414124
0.24618402123451233
0.39176422357559204
0.70826655626297
0.615693211555481
0.5593385696411133
0.694423258304596
0.5221436023712158
0.9241394996643066
0.7467738389968872
0.7706586122512817
0.8333710432052612
0.24055616557598114
0.6023763418197632
0.2879224419593811
0.36552923917770386
0.4268040657043457
0.46762117743492126
0.3676472306251526
0.2865699231624603
0.6785928010940552
0.40790700912475586
0.4743184447288513
0.2142668217420578
0.9262391328811646
0.8558275103569031
0.6062313318252563
0.3907839357852936
0.3479933738708496
0.3264125883579254
0.4762408137321472
0.465090811252594
0.4324262738227844
0.4773285388946533
0.5614633560180664
0.3310050070285797
0.43277472257614136
0.37483006715774536
0.6425279378890991
1.1362918615341187
0.5775715112686157
0.2587743103504181
0.44384464621543884
0.36841288208961487
0.5410858392715454
0.605385422706604
0.5764579176902771
0.45582208037376404
1.108522653579712
1.0074269771575928
0.9060009717941284
0.4600113332271576
0.7169169187545776
0.514906108379364
0.5263749361038208
0.7283241748809814
0.5219045281410217
0.6116786003112793
0.605597734451294
0.5158658027648926
0.6074455976486206
0.24582424759864807
0.29776525497436523
0.46147996187210083
0.5193402767181396
0.33889874815940857
0.2894700765609741
0.7990597486495972
1.3796614408493042
0.6177203059196472
0.7596345543861389
0.4454267919063568
0.6638800501823425
0.5406341552734375
0.9646379351615906
0.6787502765655518
0.5344353914260864
0.2651195824146271
0.3382204473018646
0.6596212387084961
0.7040663957595825
0.595149040222168
0.3814263343811035
0.3351071774959564
0.4722452163696289
0.3466293513774872
0.42237919569015503
0.2248157560825348
0.6866429448127747
0.44482797384262085
0.6242998242378235
0.8526614904403687
0.34547123312950134
0.3426819443702698
0.9573532938957214
0.5301029086112976
0.23003120720386505
0.719765841960907
0.30236300826072693
0.34213632345199585
0.29154860973358154
0.47341614961624146
0.7122562527656555
0.4997975826263428
0.52556312084198
0.2101837694644928
0.5803656578063965
0.41737300157546997
0.5290794968605042
0.28403958678245544
0.3634704351425171
1.1299489736557007
0.16378900408744812
0.49185284972190857
0.3543574810028076
0.39710959792137146
0.4273122251033783
0.22731690108776093
0.46840840578079224
0.531029999256134
0.14172418415546417
0.5004116296768188
0.6231193542480469
0.4605643153190613
0.4271376132965088
0.6069403886795044
0.5411694645881653
0.2837187349796295
0.2233532965183258
0.8448641896247864
0.715469479560852
0.5913752317428589
0.7628017663955688
0.7586480379104614
0.41276416182518005
0.20595380663871765
0.4692392349243164
0.5364331007003784
0.3172968029975891
0.6045464277267456
0.7138735055923462
0.4092710614204407
0.4707087576389313
0.7271075248718262
0.6124963760375977
0.9215156435966492
0.7926831245422363
0.5112771391868591
0.3795950412750244
0.368442177772522
0.48341041803359985
0.20999197661876678
0.7359256744384766
0.51481693983078
0.41349101066589355
0.8289761543273926
0.37690117955207825
1.3162342309951782
0.46539345383644104
0.5472644567489624
0.7000591158866882
0.6692368984222412
0.4753476083278656
0.595868706703186
0.6653143763542175
0.3820478320121765
0.5997849106788635
0.37814322113990784
0.5996826887130737
0.4347323775291443
0.25857487320899963
0.5012201070785522
0.2881924510002136
0.9011691808700562
0.368520587682724
0.2569490969181061
0.5370655059814453
0.6525067687034607
0.47607582807540894
0.5483565926551819
0.8038511276245117
0.6510888934135437
0.46064481139183044
0.7290905117988586
0.5422994494438171
0.37675684690475464
0.482870876789093
0.2901363670825958
0.5775985717773438
0.5652536153793335
0.5131848454475403
0.7866441011428833
0.6748570203781128
0.7393553256988525
0.45772114396095276
0.36727434396743774
0.46512851119041443
0.7150413393974304
0.3731774687767029
0.5795552134513855
0.6944564580917358
1.0062891244888306
0.17121893167495728
0.5241891145706177
0.3148324191570282
0.19140465557575226
0.2881190776824951
0.45337408781051636
0.6806670427322388
0.7510461807250977
0.32884013652801514
0.9414957165718079
0.3480674624443054
0.8395584225654602
0.39020365476608276
0.7054262161254883
0.4880531430244446
0.4650205075740814
0.4733894467353821
0.466513454914093
0.6680254936218262
0.6349862813949585
0.7999764680862427
0.6224579811096191
0.3956250250339508
0.2803114354610443
0.40131521224975586
0.5331238508224487
1.0987309217453003
0.40034380555152893
1.0148165225982666
0.5267642736434937
0.33501166105270386
0.25421714782714844
0.5628982186317444
0.7303632497787476
0.39482182264328003
0.2918080687522888
0.7838674187660217
0.5711762309074402
0.42336219549179077
0.6885924935340881
0.8149030804634094
0.40502333641052246
0.4482754170894623
0.3769949972629547
0.28586113452911377
0.43155068159103394
0.7344270944595337
0.7829945087432861
0.4216179847717285
0.7155013084411621
0.33547163009643555
0.2752096652984619
0.6448176503181458
0.40447521209716797
0.6755545735359192
0.36062902212142944
0.41310542821884155
0.503784716129303
0.5360680222511292
0.341311514377594
0.6990311145782471
0.5371342897415161
0.46296271681785583
0.5240667462348938
0.34729641675949097
0.6903941035270691
0.46507757902145386
0.3042794167995453
0.329019695520401
0.7048317790031433
