0.36784443259239197
0.318946897983551
0.3794003129005432
0.4145154058933258
0.5787323117256165
1.145462155342102
0.4022010862827301
0.2948760688304901
0.8526867032051086
0.568414568901062
0.7454552054405212
0.3952912390232086
0.29239732027053833
0.2355596125125885
0.4384324550628662
0.8727971911430359
0.8660310506820679
0.1987747848033905
0.40324926376342773
0.33846476674079895
0.3431282639503479
0.3191993534564972
0.45402079820632935
0.5902810096740723
0.330666720867157
0.6293408274650574
0.5290467143058777
0.5038965940475464
0.6946914196014404
0.4209553301334381
0.6039279103279114
0.2567307949066162
0.14362139999866486
0.43609657883644104
0.31469234824180603
0.4629549980163574
0.3475044369697571
0.5438358783721924
0.7640408277511597
0.3848338723182678
0.6560779809951782
0.44594240188598633
1.2057565450668335
0.6487004160881042
0.6356627345085144
0.5810696482658386
0.46454915404319763
0.6984930634498596
0.3751538395881653
0.6635652780532837
0.6002902388572693
0.7531255483627319
0.36445778608322144
0.5581451058387756
0.16655567288398743
0.28011518716812134
0.6067926287651062
0.330413281917572
0.3774248957633972
0.47836098074913025
0.6262720227241516
0.7957429885864258
0.24228282272815704
1.1723712682724
0.6417701244354248
0.4758196771144867
1.3124853372573853
0.5524046421051025
0.3571816086769104
1.2757289409637451
0.48629093170166016
0.5210092663764954
0.7514839172363281
0.4165855944156647
0.9968153834342957
0.3255442678928375
0.4400308132171631
0.4600704312324524
0.38800522685050964
0.34202471375465393
0.6677622199058533
0.7484808564186096
0.4952484965324402
0.3193039298057556
0.21266081929206848
0.5070423483848572
0.3630906939506531
0.4513798654079437
0.2353181093931198
0.3521742820739746
0.5959064364433289
0.7736555933952332
0.29229453206062317
0.3888052999973297
0.36801987886428833
0.6974665522575378
0.19828058779239655
0.33773961663246155
0.43105798959732056
0.4300598204135895
0.6447230577468872
0.46946659684181213
1.3079262971878052
0.7920438647270203
0.49735569953918457
0.6996346712112427
0.4156187176704407
0.4080020785331726
0.8606172800064087
0.37217551469802856
0.33109554648399353
0.6107569932937622
0.4555639326572418
0.5432091951370239
0.5542495846748352
0.3071344494819641
0.2592877149581909
0.5732539892196655
0.5783525705337524
0.39712798595428467
0.7087448835372925
0.38256335258483887
0.5183938145637512
0.5307151079177856
0.5356137156486511
0.5998525619506836
0.35530781745910645
0.9663252830505371
0.36217087507247925
0.25128477811813354
0.4231228828430176
0.3286510705947876
0.6094875931739807
0.8478568196296692
0.39371126890182495
0.411700963973999
0.619878888130188
0.5554503202438354
0.6968101859092712
0.5246081948280334
0.4773182272911072
0.29064035415649414
0.4384837746620178
0.44567227363586426
0.32266560196876526
0.42177581787109375
0.7604219913482666
0.7039408683776855
0.7262901067733765
0.45850005745887756
0.27504849433898926
0.5262812376022339
0.8950220942497253
0.5969889760017395
1.147834300994873
0.4287852644920349
0.4084776043891907
0.5869894623756409
0.2102331668138504
0.1830148845911026
0.5095654129981995
0.39650288224220276
0.38221296668052673
0.12331539392471313
0.23622187972068787
0.5665048360824585
0.7296825051307678
0.3066181540489197
0.1751718521118164
0.6006972789764404
0.34182119369506836
0.18348485231399536
0.7443844079971313
0.21271762251853943
0.40208959579467773
0.45040231943130493
0.6595752835273743
0.46394944190979004
0.38896244764328003
0.5467027425765991
0.5221529006958008
0.441885769367218
0.6128581762313843
0.9355154037475586
0.45739468932151794
0.5276857018470764
0.35604244470596313
1.0682504177093506
0.6032785177230835
0.4711693823337555
0.6754778623580933
0.6885863542556763
0.7891828417778015
0.4960242211818695
0.47267836332321167
0.8229066133499146
0.5572115182876587
0.6236274242401123
0.5820516347885132
0.6093547344207764
0.759614109992981
0.7655535340309143
0.37878426909446716
0.5662158131599426
0.47388601303100586
0.47343650460243225
0.7437288761138916
0.2928639054298401
0.5014806985855103
0.4953804016113281
0.40716975927352905
0.5987681746482849
0.30336350202560425
0.5567037463188171
0.23617322742938995
0.39351433515548706
0.2873819172382355
0.6316488981246948
0.6472093462944031
0.8852265477180481
0.5115312933921814
0.31099772453308105
0.8332496881484985
0.5356086492538452
0.4189847409725189
0.6675837635993958
0.32337695360183716
0.9867933988571167
0.39170166850090027
0.4303681254386902
0.28318867087364197
0.7681812047958374
0.9143134951591492
0.3713572323322296
0.952489972114563
0.7031885385513306
0.8426741361618042
0.29513436555862427
0.3342990279197693
0.6821718811988831
0.817059338092804
0.43241533637046814
0.43060240149497986
0.4683725833892822
1.7511980533599854
0.6488558053970337
0.8545655012130737
0.5256932973861694
0.4433198869228363
0.41129690408706665
0.5521153211593628
0.46474355459213257
0.3141128420829773
0.7658635377883911
0.8694208860397339
0.3904496431350708
0.409074604511261
0.36438873410224915
0.43246451020240784
0.6382761597633362
0.5292155146598816
0.9481824636459351
0.6474713087081909
0.33038783073425293
0.21256306767463684
0.39793479442596436
0.3233945369720459
0.7561644315719604
0.6277591586112976
0.8166788220405579
0.5147548317909241
0.4513937532901764
0.5159000158309937
0.5917218327522278
0.3860206604003906
0.3616393506526947
0.5988601446151733
0.7276896238327026
0.889739990234375
0.5155907869338989
0.441542387008667
0.8016042709350586
0.761082649230957
0.3481886386871338
0.9812505841255188
0.42345190048217773
0.42866286635398865
0.47741860151290894
0.7772306203842163
0.7716992497444153
0.6170439720153809
0.3475269675254822
0.48608940839767456
0.3777075409889221
0.3983200490474701
0.42682337760925293
0.461256742477417
0.7589931488037109
0.40440088510513306
0.5239208340644836
0.41962212324142456
0.5268382430076599
0.6595170497894287
0.7156134843826294
0.29200655221939087
0.4764823019504547
0.29134735465049744
0.576703667640686
0.28390640020370483
0.5929189920425415
0.8757520914077759
0.3873838782310486
0.48058223724365234
0.5793048739433289
0.46192437410354614
1.000633955001831
0.35780245065689087
0.2539045512676239
0.4340636134147644
0.7167780995368958
0.3540799915790558
0.5601107478141785
0.515968918800354
0.5188347101211548
0.9187954068183899
0.6781002879142761
0.38973313570022583
0.8715463876724243
0.2593068480491638
0.4957036077976227
1.067751169204712
0.6861070394515991
0.9579336047172546
0.8628728985786438
1.2093324661254883
0.4490795135498047
0.23924227058887482
0.41682326793670654
