0.593859851360321
1.0095655918121338
0.9824598431587219
0.3611942231655121
0.6276100873947144
0.7988296747207642
0.5465505719184875
0.44905972480773926
0.22201065719127655
0.3637908399105072
0.2608221173286438
0.3754807114601135
0.6303378343582153
0.5277469754219055
0.21907305717468262
0.49162882566452026
0.535184383392334
0.39954355359077454
0.4044000506401062
0.8253410458564758
1.3453185558319092
0.6382189989089966
0.5081889033317566
0.473397821187973
0.20649531483650208
0.5724276304244995
0.39295023679733276
0.5590302348136902
0.35426074266433716
0.43101343512535095
1.0639116764068604
0.30247417092323303
0.5156644582748413
0.2634218633174896
0.710335373878479
0.46698981523513794
0.544272243976593
0.19199290871620178
0.4042566418647766
0.3669269382953644
0.694445788860321
0.3123020529747009
0.5348554849624634
0.5168126225471497
0.7360934019088745
0.4850296080112457
0.6986924409866333
0.4021783769130707
0.4482637345790863
0.7144781351089478
0.2525748312473297
0.33039993047714233
0.30905860662460327
0.7176364064216614
0.42329198122024536
0.4788236618041992
0.45305508375167847
0.35047250986099243
0.42861858010292053
0.22686970233917236
0.716198742389679
0.8308698534965515
0.4059334695339203
0.3065569996833801
0.20707015693187714
0.7188150882720947
0.7221922278404236
0.49316850304603577
0.5614069104194641
0.4027673602104187
0.9262292981147766
0.3733157217502594
0.8469542264938354
0.46500617265701294
0.8427982330322266
0.3544798493385315
0.690130889415741
0.6012157201766968
0.31653809547424316
0.735070526599884
0.485743910074234
0.48226499557495117
0.6339477300643921
0.9550277590751648
0.7495830655097961
0.6627088189125061
0.576390266418457
0.2683030366897583
0.8372605443000793
1.28504478931427
0.4954153001308441
0.37411195039749146
0.4311015009880066
0.7904334664344788
0.4571613371372223
0.9575314521789551
0.29091304540634155
0.7062164545059204
0.28563421964645386
0.8481571078300476
0.5993934273719788
0.7094646692276001
0.3359427750110626
0.30302324891090393
0.373608261346817
0.442700058221817
0.7352790236473083
0.3253852427005768
0.437675416469574
0.3719002306461334
1.0019630193710327
0.476123571395874
0.5334392786026001
0.45730987191200256
0.6997000575065613
1.0681850910186768
0.5981524586677551
0.7115738391876221
0.666609525680542
0.5492964386940002
0.7356156706809998
0.38768038153648376
0.9532965421676636
0.5698497891426086
0.12143994867801666
0.690262496471405
0.3733743131160736
0.4641684889793396
0.44751065969467163
0.3783086836338043
0.47078266739845276
0.40638846158981323
0.5753564834594727
0.40254345536231995
0.373872846364975
0.22303679585456848
0.6178312301635742
0.3440890908241272
0.3365522027015686
0.7172638773918152
0.594913125038147
0.3899415135383606
0.3888363242149353
0.727290689945221
0.2777177691459656
0.549633264541626
0.2950458824634552
0.5052564740180969
0.19446183741092682
0.32743215560913086
0.363214910030365
0.4034741520881653
0.6352917551994324
0.7561100125312805
0.9101818203926086
0.6226388812065125
0.7545315027236938
0.45503512024879456
0.5005789995193481
0.33659809827804565
0.6516224145889282
0.38971012830734253
0.42328912019729614
0.46938997507095337
0.5076957941055298
0.48568040132522583
0.5015950202941895
0.3620174825191498
0.6024602055549622
0.5885776281356812
0.28914541006088257
0.5911511182785034
0.2728108763694763
0.3915693759918213
0.7474343776702881
0.7511317133903503
0.23542232811450958
0.4441889822483063
0.30857354402542114
0.4697282910346985
0.58426833152771
0.5997411012649536
0.5806429982185364
0.7357712984085083
0.4382156431674957
0.3054901957511902
0.23682312667369843
0.5054569840431213
0.6667197942733765
0.5988901853561401
1.57944655418396
0.6083454489707947
0.39532142877578735
0.76105135679245
0.7462724447250366
0.614433765411377
0.47556084394454956
0.40601032972335815
0.48070621490478516
0.6114016175270081
0.7302668690681458
0.47020015120506287
0.3868226408958435
0.36879807710647583
0.5024002194404602
0.6156028509140015
0.7205804586410522
0.501228392124176
0.6515671014785767
0.2637726366519928
0.6182427406311035
0.4143791198730469
0.7671161890029907
0.5525394678115845
0.26247739791870117
0.38171154260635376
0.20424509048461914
0.3247048258781433
0.278501033782959
0.5134156346321106
0.573661208152771
0.5540286898612976
0.40235406160354614
0.3430817723274231
0.4511781334877014
0.47568464279174805
0.854632556438446
0.3345533013343811
0.4325757920742035
0.4730081558227539
0.523685097694397
0.460043728351593
0.6057052612304688
0.5201112031936646
0.3008231520652771
0.43851128220558167
0.41360777616500854
0.26409274339675903
0.44414305686950684
0.3350677490234375
0.3039625883102417
0.6772987246513367
0.2328522950410843
0.6612958312034607
0.7460213899612427
0.8240019083023071
0.4222448766231537
0.27167579531669617
0.262538343667984
0.4871859550476074
0.43469899892807007
0.1934237778186798
0.6376645565032959
0.20853905379772186
0.6255937218666077
0.8947147130966187
0.5200072526931763
0.43701547384262085
0.43410754203796387
0.5769113302230835
0.2923280894756317
0.3013733923435211
0.40502387285232544
0.6091407537460327
0.7365638017654419
0.6455029845237732
0.6420820951461792
0.990105926990509
0.6493743062019348
0.24529476463794708
0.5028584599494934
0.5500237345695496
0.40265756845474243
0.4410640597343445
0.554997444152832
0.3264267146587372
0.191274493932724
0.40640681982040405
0.4205528199672699
0.5329498052597046
0.7915522456169128
0.5982093811035156
0.4319266378879547
0.5526619553565979
0.4443086087703705
0.6651452779769897
0.6416677236557007
0.49347811937332153
0.38397490978240967
0.41487112641334534
0.2638125717639923
0.6037607192993164
0.4681609570980072
0.347927987575531
0.13823024928569794
0.8852918744087219
0.4481227993965149
0.5093399286270142
1.249656319618225
0.32611098885536194
0.6610878109931946
0.650827944278717
0.6265560388565063
0.5447126626968384
0.38831430673599243
0.34757766127586365
0.7255680561065674
0.478654682636261
0.4553240239620209
0.5820172429084778
0.3803323805332184
0.551341712474823
0.49297723174095154
0.9973516464233398
0.5891566872596741
0.4927864074707031
0.6350463628768921
0.22067825496196747
0.3567618727684021
0.6420178413391113
0.1894320547580719
0.7807766795158386
0.3114282786846161
0.3411998748779297
0.5207857489585876
0.8123260736465454
0.6975110769271851
0.47189345955848694
0.23047730326652527
0.6796049475669861
0.30618518590927124
0.327308714389801
0.4289094805717468
0.3900139629840851
0.37878280878067017
0.6007173657417297
0.9416624903678894
1.188462734222412
