0.38898903131484985
0.4194173812866211
0.4000012278556824
0.30750954151153564
0.5743069648742676
0.7825216054916382
0.21625009179115295
0.913310170173645
0.6050914525985718
0.6795047521591187
0.54775470495224
0.5176635980606079
0.3113456964492798
0.5509763956069946
0.46250081062316895
0.4371225833892822
0.9160062074661255
0.30411967635154724
0.44157305359840393
0.5970320105552673
0.3218669593334198
0.5591956377029419
0.8397905230522156
0.3907677233219147
0.6844816207885742
0.7054436802864075
0.4532012939453125
0.3955579698085785
0.5622922778129578
0.5582395792007446
0.42068347334861755
0.3958633542060852
0.9146738052368164
0.3880075216293335
1.0123190879821777
0.4577257037162781
0.4030815064907074
0.6539832949638367
0.4938400387763977
0.4759821891784668
0.46859994530677795
0.2963279187679291
0.24763146042823792
0.71867436170578
0.6578153967857361
0.5451327562332153
0.6082648038864136
0.43134960532188416
0.5235016942024231
0.5980784893035889
1.239656686782837
0.34645965695381165
0.6200234293937683
0.5632745027542114
0.392095148563385
0.5087920427322388
0.4756620526313782
0.4120851159095764
0.39728933572769165
0.5232972502708435
0.950027585029602
0.27758297324180603
0.5020319819450378
0.4208536148071289
0.3951801657676697
0.48703622817993164
0.6064251065254211
0.7031490802764893
0.5101655721664429
0.42926281690597534
0.31816086173057556
0.5403658151626587
0.5301117897033691
0.8910180330276489
0.4772656559944153
0.8293052911758423
0.3735482096672058
0.8501971364021301
0.8572157025337219
0.3163560926914215
0.5740300416946411
0.3927452862262726
0.852687656879425
0.5375272035598755
0.34032711386680603
0.6505194902420044
0.8552786111831665
0.46973341703414917
0.35672181844711304
0.7277928590774536
0.4563606381416321
0.7452434301376343
0.7545939683914185
0.5546371936798096
0.5397366285324097
0.38083189725875854
0.47053056955337524
0.5725384950637817
0.34233638644218445
0.26047444343566895
1.0366111993789673
0.7943386435508728
0.7232514023780823
0.46956077218055725
0.567022979259491
0.7330156564712524
0.3132336139678955
0.41217008233070374
0.6815980672836304
0.562120795249939
0.7790125608444214
1.3366066217422485
0.9519782066345215
0.44926023483276367
0.577843964099884
0.34370923042297363
0.43684569001197815
0.7140454053878784
0.5332390069961548
0.4152522683143616
0.2439083307981491
0.6725963354110718
0.6089605093002319
0.872109055519104
0.47232747077941895
0.5205138921737671
0.6670393943786621
0.6521709561347961
0.7601652145385742
0.447967529296875
0.5061728954315186
0.5759307742118835
0.44656237959861755
0.4160574972629547
0.2167210578918457
0.4043765664100647
0.9186626672744751
1.0142719745635986
0.3940184712409973
0.352924108505249
0.7738322019577026
0.4184820055961609
0.49549752473831177
0.7750128507614136
0.43894481658935547
0.424163281917572
0.31307753920555115
0.6303488612174988
0.3198480010032654
0.39240992069244385
0.5107939839363098
1.0547959804534912
0.5829309821128845
0.3884817659854889
0.4337084889411926
0.4894016683101654
0.3043636083602905
0.28862258791923523
0.47656068205833435
0.7188893556594849
0.6782380938529968
0.7770448327064514
0.42535367608070374
0.4282910227775574
0.5706081390380859
0.6373729705810547
0.5291693806648254
0.15552982687950134
0.37179988622665405
0.8470196723937988
0.6824578046798706
0.203049898147583
0.5405536890029907
0.8660974502563477
0.4930630624294281
0.4284670948982239
0.2633756399154663
0.39652636647224426
0.19571375846862793
0.5465679168701172
0.29256996512413025
0.30883583426475525
0.587030291557312
0.7789262533187866
1.1137357950210571
0.43049582839012146
0.8086276054382324
0.704315721988678
0.533321738243103
0.5677648782730103
0.22167405486106873
0.9801331758499146
0.6670961380004883
0.41422730684280396
0.7139211297035217
0.4927600920200348
0.6159061193466187
0.4919126033782959
0.4515809118747711
0.5515620708465576
0.3553813099861145
0.9114583730697632
0.5040292739868164
0.7582639455795288
0.5208948254585266
0.38386520743370056
0.3807894289493561
0.9294784665107727
0.3692127764225006
0.36851635575294495
0.8968923687934875
0.6857072114944458
0.5468881726264954
0.5711091756820679
0.5740368366241455
0.4857039451599121
0.5925108194351196
0.8466333150863647
0.4549189507961273
0.5541877746582031
0.35802140831947327
0.3489864468574524
0.648994505405426
0.2118624448776245
0.2401011437177658
0.8273136019706726
0.3123926520347595
0.3501364588737488
0.7382954359054565
0.7918123602867126
0.8999517560005188
0.4415552020072937
0.37874656915664673
0.31542375683784485
0.5173723101615906
0.689444899559021
0.8308704495429993
1.0002315044403076
0.4611327052116394
0.44228416681289673
1.189400315284729
0.8555633425712585
0.659466564655304
0.6190274953842163
0.4744512140750885
0.20818980038166046
0.6147215366363525
0.4580761790275574
0.3474904000759125
0.7346610426902771
0.5349336266517639
0.410238653421402
0.8128929138183594
0.7968098521232605
0.463374525308609
0.26384732127189636
0.8294439315795898
0.6272600889205933
0.8426849246025085
0.34919923543930054
0.6905049085617065
0.41178449988365173
0.2106940746307373
0.4888025224208832
0.41175636649131775
0.4619132876396179
0.7422782778739929
0.5502077341079712
0.4894118309020996
0.7131238579750061
0.5850880146026611
0.3185056149959564
0.608391523361206
0.9253048896789551
0.43401724100112915
1.1349629163742065
0.33067840337753296
0.7414091229438782
0.49364179372787476
0.1952814906835556
0.7787739038467407
0.40848931670188904
0.2759360373020172
0.3736352026462555
0.2051851451396942
0.4941532015800476
0.34680575132369995
0.2510099411010742
0.31947511434555054
0.527043342590332
0.3893897831439972
0.8878809809684753
0.5495367646217346
0.4161733090877533
0.21115191280841827
0.7501384019851685
0.774819552898407
0.7666455507278442
1.2588493824005127
0.6047798991203308
0.9353102445602417
0.7884415984153748
0.3821100890636444
0.7223864197731018
0.25684982538223267
0.7470954656600952
0.5805197954177856
0.591871976852417
0.4043416380882263
0.47844797372817993
0.7364428043365479
0.6805504560470581
0.28695744276046753
0.5186149477958679
0.4682345986366272
0.2360554188489914
0.7938224077224731
0.3439367413520813
0.2747315764427185
0.3182968199253082
0.8187581300735474
0.512208878993988
0.7471891641616821
0.5669219493865967
0.5385288000106812
0.7411848902702332
0.7168375849723816
0.5087444186210632
0.555823028087616
0.38248351216316223
0.24677996337413788
0.7526658773422241
0.6810077428817749
0.4821569323539734
0.6452215313911438
0.6539740562438965
0.3739427924156189
1.4667888879776
