1.1490628719329834
0.7078360319137573
1.0354957580566406
0.5303811430931091
0.6771984100341797
0.7415834665298462
0.8715059161186218
1.0787233114242554
1.083271861076355
1.0699992179870605
1.1960536241531372
0.9561087489128113
0.8708093762397766
0.8049562573432922
0.8055436015129089
0.8074817657470703
0.9527891278266907
0.8761171102523804
0.8601211309432983
0.9465295672416687
1.0331964492797852
0.936881422996521
0.8905656933784485
0.9431101679801941
0.9635728001594543
0.8887914419174194
1.1346241235733032
0.9683337211608887
0.9755595922470093
0.6440727710723877
1.0390996932983398
0.8528213500976562
0.8766170740127563
0.9331262707710266
0.624422013759613
0.6947819590568542
0.9652061462402344
0.7939262390136719
1.1830594539642334
0.9054649472236633
0.8735000491142273
0.8241565823554993
0.7325146198272705
1.098863124847412
0.9222387075424194
1.0259037017822266
0.6850167512893677
1.068799614906311
0.7233239412307739
0.715481162071228
0.6846327185630798
1.3624396324157715
1.112738847732544
0.884668231010437
0.6231138110160828
0.6452142000198364
0.9871347546577454
1.0213273763656616
0.6307169198989868
0.8724336624145508
0.8666201829910278
0.6616677045822144
0.7255842089653015
0.8260982632637024
1.140629529953003
1.3318758010864258
0.6633136868476868
0.70262211561203
0.8905243873596191
1.0004631280899048
1.1484709978103638
1.3396848440170288
1.1190621852874756
0.9469385147094727
1.3122828006744385
0.7974553108215332
0.6819435358047485
0.9059673547744751
0.9894401431083679
1.1205899715423584
1.0114433765411377
0.9643012881278992
0.761388897895813
0.7515665888786316
1.0030242204666138
1.03642737865448
1.0053492784500122
0.8065770864486694
0.9100131988525391
0.6557453274726868
0.9330015182495117
0.9029534459114075
0.6932756900787354
0.8990486264228821
0.7897173762321472
1.1095426082611084
0.7373520135879517
1.0484014749526978
1.0559080839157104
0.9256532788276672
0.6840689778327942
0.7886896133422852
0.9837850332260132
1.0780669450759888
0.9504006505012512
0.8396438360214233
0.8958615064620972
0.7417291402816772
0.9843942523002625
0.7630835771560669
0.7506041526794434
1.0669790506362915
1.1417200565338135
0.9829721450805664
1.0315181016921997
0.8361327052116394
0.7728708386421204
1.1000696420669556
1.358982801437378
1.0288197994232178
0.7054000496864319
0.935534656047821
1.0453550815582275
0.9441574811935425
0.8518948554992676
1.0745958089828491
0.7739022374153137
1.0927574634552002
0.7347958087921143
1.1401337385177612
0.8615749478340149
1.0715277194976807
1.0849006175994873
1.0048977136611938
0.9720417261123657
0.8723453283309937
0.9345372319221497
1.0489834547042847
1.1119422912597656
0.7252540588378906
0.944618821144104
0.6729274392127991
0.8968868255615234
0.8229399919509888
0.8121468424797058
0.787846565246582
0.9028410911560059
0.8259312510490417
0.7266721129417419
0.7423295378684998
0.7477731704711914
0.9614487886428833
0.9425446391105652
0.958472728729248
0.8295426368713379
0.6867762804031372
1.1867716312408447
0.7114790081977844
1.082953691482544
1.3752565383911133
0.6008744835853577
0.7366065979003906
0.8506075739860535
1.1054632663726807
0.9048280715942383
0.8339806795120239
0.8769854307174683
0.9336935877799988
1.0274276733398438
0.8513862490653992
0.7150974869728088
0.854600727558136
0.8472474217414856
0.8454551696777344
1.0993636846542358
0.8525012731552124
0.7177281379699707
0.866902232170105
0.7967401146888733
0.6759716272354126
0.7226360440254211
1.1563013792037964
1.0396349430084229
1.2026143074035645
1.4183746576309204
0.9606183171272278
0.6778339147567749
1.096071481704712
0.9246459007263184
0.9183773994445801
0.8308249711990356
0.6195546388626099
0.7711189985275269
1.050912857055664
1.0803956985473633
0.9048892855644226
1.0672383308410645
1.1923458576202393
0.7709843516349792
0.9603254199028015
1.4317594766616821
0.9765723943710327
1.1165965795516968
0.7033377885818481
1.0537230968475342
1.0669256448745728
0.6699416041374207
1.0310285091400146
1.1496727466583252
0.7171519994735718
0.8046280145645142
0.9665228724479675
0.8371660113334656
0.8135477900505066
0.8758775591850281
0.8676517605781555
0.8313864469528198
0.7015959620475769
0.8510879278182983
0.8272568583488464
0.7371317148208618
0.6665172576904297
0.7514824271202087
1.1280391216278076
0.8686380386352539
0.6351453065872192
1.2435261011123657
1.2899011373519897
0.655342698097229
0.873953640460968
0.8489972949028015
1.0061731338500977
1.1320598125457764
1.4697248935699463
1.0008360147476196
0.8115941286087036
0.8286426663398743
0.907309353351593
0.8665131330490112
0.9399228096008301
0.6349104642868042
0.890142560005188
1.32871413230896
0.755103588104248
0.8413965106010437
0.9712480306625366
0.9206137657165527
0.8786600828170776
0.7741192579269409
0.8459476232528687
1.1493983268737793
0.9449917078018188
0.8043233156204224
1.1210520267486572
0.7184015512466431
0.7054440975189209
0.9824076890945435
0.8641644716262817
0.8548578023910522
0.7040432691574097
0.9561008214950562
0.9922760128974915
1.0035479068756104
0.7643991708755493
0.8806958198547363
0.6569222211837769
0.7610260248184204
0.6961725950241089
0.7957457304000854
0.9819602966308594
0.9808450937271118
0.8828871846199036
1.0468872785568237
0.8197718858718872
1.5483896732330322
0.9295480847358704
0.7358492612838745
1.021335482597351
0.7207894325256348
0.7332751154899597
0.7847822904586792
0.7778230309486389
0.799039900302887
0.6277173757553101
0.9357269406318665
0.741311252117157
0.7141929268836975
0.8723050951957703
0.9693533182144165
0.9151342511177063
0.7018719911575317
1.589662790298462
1.032678246498108
0.7008228302001953
1.0323460102081299
0.7411274909973145
1.066399335861206
0.6392389535903931
0.7534692883491516
0.7947105169296265
1.0438555479049683
1.4313610792160034
0.9325310587882996
0.8557004928588867
0.9076666831970215
0.6684377789497375
1.0451174974441528
0.7066988945007324
1.0089828968048096
0.8264532089233398
1.0531055927276611
0.8240698575973511
1.0690499544143677
1.1733510494232178
0.6655668020248413
0.8497110605239868
1.0810787677764893
0.7219799757003784
1.0936816930770874
0.967939019203186
0.811385989189148
0.903839111328125
1.148914098739624
0.9973462820053101
0.8656283617019653
0.9100581407546997
0.7207835912704468
0.8441553115844727
1.1239317655563354
0.7408307194709778
1.1913425922393799
1.434690237045288
1.0015521049499512
0.8028179407119751
0.7467381358146667
0.6973480582237244
1.2239868640899658
1.061815857887268
