0.6257515549659729
0.348652184009552
0.7869687080383301
0.339984655380249
0.38266587257385254
0.8949063420295715
0.5272656083106995
0.6186264753341675
0.41727781295776367
0.576483964920044
1.2459681034088135
0.5218341946601868
0.5999852418899536
0.8952013254165649
0.5227413177490234
0.4940517544746399
0.3865429759025574
0.5342791080474854
0.7792546153068542
0.505066454410553
1.0199711322784424
0.7920998334884644
0.4183211922645569
1.2079001665115356
0.8217733502388
0.7181476950645447
0.804652988910675
0.6492749452590942
0.909622848033905
0.5317304730415344
0.4583769738674164
0.5987380743026733
1.0001637935638428
0.5413819551467896
0.5529886484146118
0.99201899766922
0.6646143198013306
0.5575093626976013
0.5357474088668823
0.7758907079696655
0.5620438456535339
1.500826120376587
0.7169042229652405
0.7173798680305481
0.2678704261779785
0.8055842518806458
0.8560377955436707
0.6184121370315552
0.73513263463974
0.6293777227401733
0.8130958676338196
0.7637715339660645
1.3087170124053955
1.511673092842102
0.7544463276863098
0.615077793598175
0.5708693265914917
0.669373095035553
0.4838431477546692
0.5291736125946045
0.5286177396774292
1.13419771194458
0.6161346435546875
0.4170742928981781
0.7429178357124329
0.6112233996391296
0.44543465971946716
0.8644801378250122
0.5901800394058228
0.537843644618988
0.6633090972900391
0.4928620755672455
0.5133460760116577
0.44863972067832947
0.9292745590209961
0.4381729066371918
0.35948869585990906
0.9964056015014648
0.4471401274204254
0.5956552624702454
0.9531539082527161
0.45287051796913147
0.6202614903450012
0.6483563780784607
0.9301398992538452
0.5584219098091125
0.9854544401168823
0.529155433177948
0.36887189745903015
0.6450356245040894
0.49509039521217346
1.1080119609832764
0.5132827758789062
0.6417055130004883
1.0947786569595337
0.5980972051620483
0.7595282196998596
0.7653450965881348
0.5610369443893433
0.8742734789848328
0.6524510383605957
0.5842435956001282
0.5078800320625305
0.49068015813827515
0.5063272714614868
0.8474787473678589
0.4033507704734802
0.6010673642158508
0.4699614644050598
0.7952946424484253
0.5309330821037292
0.787192702293396
0.6615076065063477
0.451542466878891
0.5353944897651672
0.6237851977348328
1.002162218093872
0.599993109703064
0.7491412162780762
1.0843722820281982
0.7125593423843384
0.6056581735610962
0.7427709698677063
0.9498542547225952
0.48378071188926697
0.6628270149230957
0.5306226015090942
0.6302889585494995
0.493070513010025
0.6176453828811646
0.9199106097221375
0.4985465109348297
0.7278474569320679
0.7877702713012695
0.8298983573913574
0.5619487762451172
0.3762087821960449
1.0915534496307373
0.5500338077545166
0.6849356889724731
0.6583691239356995
0.9223551750183105
0.7456995248794556
0.4866558611392975
0.35127416253089905
0.7426694631576538
0.3076668381690979
0.41864848136901855
0.5708473324775696
0.5544930696487427
0.7183789610862732
1.1156704425811768
0.6323937773704529
0.5574945211410522
0.46038204431533813
0.6047967076301575
0.6658658385276794
0.47607851028442383
0.4143342077732086
1.0522876977920532
0.6417489051818848
0.7424785494804382
1.1164931058883667
0.7318732738494873
0.7748502492904663
0.7862842679023743
0.6918905377388
0.4424152374267578
0.5145989656448364
0.5682579874992371
1.0303728580474854
1.0287590026855469
0.7236930131912231
0.696575939655304
1.0692754983901978
0.4457472860813141
0.7292543649673462
0.5040285587310791
0.7887500524520874
0.9395259618759155
0.5651586651802063
0.7446385622024536
0.5467680096626282
0.5461034774780273
0.7321141958236694
0.6378763914108276
0.6053640246391296
0.3566046357154846
0.9303619265556335
0.6823034286499023
0.6830970644950867
0.5121544003486633
0.3663942813873291
1.0160801410675049
0.5823711156845093
0.4507220387458801
0.5005397796630859
0.8460952639579773
0.8570459485054016
0.33639073371887207
0.6819401383399963
0.6107484102249146
0.6491421461105347
0.3757779896259308
0.4360092282295227
1.0733206272125244
0.4828815460205078
0.5800768136978149
1.2927768230438232
0.5924856066703796
0.40547236800193787
0.6872958540916443
0.6252560615539551
0.7011228203773499
0.7914149165153503
0.7121840715408325
0.22130218148231506
0.6926144361495972
0.5576193332672119
0.8851510882377625
0.6884665489196777
0.9663050770759583
0.3877251446247101
1.0807563066482544
0.33094990253448486
0.7456991076469421
0.598106324672699
0.5636061429977417
0.6395593881607056
0.8392074704170227
0.42276638746261597
0.64732825756073
0.9606982469558716
1.0748825073242188
1.0085948705673218
1.29434335231781
1.1550318002700806
0.3752972185611725
0.579285204410553
0.8762292861938477
0.3978663384914398
0.9377284049987793
0.5704293847084045
0.33792877197265625
0.5175878405570984
0.6408828496932983
0.8489120602607727
0.6728042364120483
0.2899494767189026
0.5049978494644165
0.5529733896255493
0.9026780128479004
0.5474827885627747
0.32818880677223206
0.6580232381820679
0.9964038133621216
0.6319029927253723
0.8638831377029419
0.5452495813369751
0.7221271395683289
0.811342716217041
0.7182840704917908
0.39442893862724304
0.8044357299804688
0.8527290225028992
0.6588321924209595
0.621319591999054
0.7776066064834595
0.6666937470436096
0.8143998980522156
0.9193867444992065
0.5181666016578674
0.8325039744377136
0.611530601978302
0.9350075721740723
0.5284117460250854
0.8993393182754517
0.4943183362483978
0.3039928078651428
0.461329847574234
0.7179352045059204
0.8738927841186523
0.5383864045143127
0.5370972752571106
0.3971104919910431
0.4029475152492523
0.6066918969154358
0.5686706304550171
0.6745160222053528
0.5926527976989746
0.3924415707588196
0.8996585011482239
0.6907058954238892
0.5907436013221741
1.495650291442871
0.7094957828521729
0.41074007749557495
0.6576499938964844
0.9394256472587585
0.22274097800254822
0.7925050258636475
1.2285068035125732
0.5681408047676086
0.4509885907173157
0.6761516332626343
0.42162051796913147
0.49682942032814026
0.789118766784668
0.6935360431671143
0.3990224599838257
0.5484062433242798
0.7476568222045898
0.7452294826507568
0.9440070390701294
0.5882623195648193
0.5792461633682251
0.48733630776405334
1.0219008922576904
0.5992220640182495
0.4987122416496277
0.6418764591217041
0.9429885745048523
0.6410784721374512
0.6720738410949707
0.2571895122528076
0.8814718127250671
0.6946395039558411
0.4804036021232605
0.7568919062614441
0.8766499757766724
0.6035327911376953
0.9181936383247375
0.8906204104423523
0.540960431098938
0.5288780927658081
0.8106668591499329
0.42092037200927734
0.5641903281211853
