0.7336069345474243
1.350504994392395
0.5317023992538452
0.3785986602306366
0.6414210796356201
0.55137699842453
0.7165749669075012
0.8709427118301392
0.4992102086544037
0.8682897686958313
0.6455309987068176
0.812037467956543
0.5496684312820435
0.4648683965206146
0.8414541482925415
0.7839891910552979
0.8762405514717102
0.735024094581604
0.6320865750312805
0.39171820878982544
0.9470411539077759
0.8223882913589478
0.5451184511184692
0.7930217981338501
0.6946549415588379
0.6752030253410339
0.4962112009525299
0.5009328126907349
0.7378292679786682
0.5957008004188538
1.0225636959075928
0.37900131940841675
0.4787735342979431
0.4041067659854889
0.7166157960891724
0.7633519768714905
0.4885876774787903
0.646903932094574
0.7128380537033081
0.8680159449577332
0.49341630935668945
1.086687445640564
0.875992476940155
0.6535477042198181
0.688403844833374
0.4119618535041809
0.5866494178771973
0.697777509689331
0.9001487493515015
0.5827875137329102
0.7263556718826294
0.9771477580070496
0.8139047622680664
0.6183236241340637
0.6066877841949463
0.5776757001876831
0.5523308515548706
0.5916242599487305
0.7364227175712585
0.5781133770942688
0.4342285692691803
0.7503732442855835
0.5031994581222534
1.0081031322479248
0.4297153353691101
0.30652591586112976
1.3382861614227295
0.47511568665504456
0.8375754356384277
0.6353470087051392
0.7422478795051575
0.7369065284729004
0.35256895422935486
0.48121580481529236
0.6152579188346863
0.4176724851131439
0.417824923992157
0.5103595852851868
0.748954176902771
0.7000529766082764
0.5300347208976746
1.0811426639556885
0.9437982439994812
0.764537513256073
0.5230740904808044
0.7177747488021851
0.5463982820510864
0.5936596393585205
0.3190661370754242
0.7169841527938843
0.6314505338668823
0.6293498277664185
0.5327516198158264
0.5651547312736511
0.3602604269981384
0.6887829303741455
0.7594718933105469
0.415897935628891
0.5579575300216675
0.4714866578578949
0.7704524993896484
0.9917411804199219
0.7420316934585571
0.6747065186500549
0.9519957304000854
0.6020253896713257
0.4713791310787201
0.5051509141921997
0.6928404569625854
0.8703568577766418
0.5668203830718994
0.6063936948776245
1.1379064321517944
0.7452799677848816
0.6109520196914673
0.6699709296226501
0.42310088872909546
0.8299551010131836
0.37924426794052124
0.4167976975440979
0.4416564404964447
0.8924848437309265
0.37707266211509705
0.841712474822998
0.8205682635307312
0.5713547468185425
0.8155369758605957
0.6097670197486877
0.6795447468757629
0.5815473794937134
0.8231134414672852
0.934129536151886
0.4136072099208832
0.3963433802127838
0.417053759098053
0.5649014711380005
0.8934052586555481
0.46465864777565
0.3616657257080078
0.4840523600578308
0.6665038466453552
1.0469639301300049
0.6747550368309021
0.505810558795929
0.6526941061019897
0.9175284504890442
0.41345053911209106
1.1295883655548096
0.8482764363288879
0.6885902285575867
0.26344034075737
0.6802340745925903
0.5101054906845093
0.5981104969978333
0.40938735008239746
0.45231518149375916
0.3422604203224182
0.5717582702636719
0.6702995896339417
0.5674363374710083
0.6805828809738159
1.2527732849121094
0.6926864981651306
0.8081697225570679
0.4223126769065857
0.7797967791557312
1.243459939956665
0.5268705487251282
0.8750944137573242
0.8755729794502258
0.814680278301239
0.7877642512321472
0.4518762230873108
0.3106880187988281
1.1341636180877686
0.5031177997589111
0.5033005475997925
0.7453572154045105
0.7021340727806091
0.8459060788154602
0.8779726028442383
0.3556719422340393
0.994063675403595
0.9256194829940796
0.5814066529273987
0.41332659125328064
0.5239318013191223
0.5895349979400635
0.6012400388717651
0.7364649772644043
0.5052428245544434
0.7717639803886414
0.7848083972930908
0.4727122187614441
0.636968195438385
0.5669118165969849
0.725206732749939
0.3524397015571594
1.1002558469772339
0.34608620405197144
0.7648628354072571
0.8684530258178711
0.3625127673149109
0.7106554508209229
0.7815707921981812
0.4049079418182373
0.7282999157905579
0.6517328023910522
0.7648433446884155
0.5011594295501709
0.6138636469841003
1.1596288681030273
0.5016424059867859
0.9980757832527161
0.6833518743515015
0.5741115808486938
0.48848241567611694
0.46817153692245483
1.3639485836029053
0.881820023059845
0.5854082107543945
0.7153066396713257
0.9449636340141296
0.4534932076931
0.4832175672054291
0.9664246439933777
0.5989137887954712
0.9305359125137329
0.8931652307510376
1.5657975673675537
0.48013201355934143
0.465344101190567
0.9924705624580383
0.5163108110427856
0.7356460094451904
0.46741747856140137
0.7216916084289551
0.5444714426994324
1.1322429180145264
0.5490773916244507
0.7069410085678101
0.6929632425308228
0.23104777932167053
1.0471205711364746
0.6786454916000366
0.7203830480575562
0.7434970736503601
1.3048975467681885
0.7466887831687927
0.55860835313797
0.4550963342189789
0.3719337284564972
0.7056816816329956
0.48124924302101135
0.7424224019050598
1.1058038473129272
0.6826053261756897
0.37911754846572876
0.6991334557533264
0.6482115983963013
0.957899272441864
0.7119895219802856
0.8370997309684753
0.6093044877052307
0.3082272410392761
0.5882512927055359
0.7454527616500854
0.49978312849998474
0.8598003387451172
0.5415247082710266
0.7575095891952515
0.6683480143547058
0.763332724571228
0.6918312311172485
0.9495072364807129
0.4118615686893463
0.9158512353897095
0.7444325685501099
0.6954874396324158
0.5860785245895386
0.5077744722366333
0.6622416377067566
0.6793431639671326
0.8218122720718384
0.511245608329773
0.727196455001831
0.576232373714447
0.4098502993583679
0.6813075542449951
0.5854607224464417
0.9058448672294617
0.255744606256485
0.4228575825691223
0.5397164225578308
0.6709831953048706
0.8907432556152344
0.4531605839729309
0.4886474609375
0.5129927396774292
1.053631067276001
0.5357478260993958
0.5246951580047607
0.6033285856246948
0.6957153081893921
0.8544508814811707
0.5484704375267029
1.2771649360656738
0.5644952654838562
1.4449265003204346
0.7703870534896851
0.6406844854354858
0.5393571853637695
0.9197006225585938
1.3729403018951416
0.5901322960853577
0.5502517819404602
0.7057309150695801
0.3475106358528137
0.7387582659721375
0.9041516184806824
0.5406275987625122
0.8731603622436523
0.9244925379753113
0.9068124890327454
0.6621549129486084
0.36608943343162537
0.8733302354812622
1.026771068572998
0.5681429505348206
0.8984912037849426
1.0602201223373413
0.8498470187187195
0.744820237159729
0.7863757014274597
0.34761685132980347
0.46873340010643005
0.4388052821159363
2.4574601650238037
