0.5624992251396179
0.2713640332221985
0.6930364370346069
0.49114781618118286
0.42543187737464905
1.4756505489349365
0.9940539598464966
0.7968652844429016
0.646426796913147
0.43170231580734253
0.46033939719200134
1.635439157485962
0.455314964056015
0.561287522315979
0.6773523092269897
0.7751936316490173
1.0321261882781982
0.8806729316711426
0.9996849298477173
0.5683919787406921
0.5843464732170105
0.42409953474998474
0.5922077298164368
0.49860256910324097
0.3949320614337921
0.429185688495636
0.8130093812942505
0.5087220072746277
0.661896824836731
0.8442804217338562
0.8099867701530457
0.5366371273994446
0.6441555023193359
1.071042776107788
0.8562262654304504
0.659614086151123
0.4670852720737457
0.7480640411376953
0.7417119741439819
0.29357674717903137
0.598524272441864
0.3733093738555908
0.7232919931411743
0.6274335980415344
0.7724737524986267
0.774138331413269
0.57387775182724
0.7017181515693665
0.8844820857048035
0.9480955004692078
0.8391832113265991
0.33555689454078674
0.4860486090183258
0.6698434948921204
0.4603744447231293
0.3508855700492859
0.6042312383651733
0.6071141958236694
0.3199625611305237
1.06534743309021
0.7081011533737183
1.1248631477355957
0.46079617738723755
0.4689878523349762
0.6112125515937805
0.5465097427368164
0.9427758455276489
0.4360014498233795
0.668872058391571
0.7095239758491516
0.38357582688331604
0.6043359041213989
0.9941267967224121
0.7772790789604187
0.6089941263198853
0.5615585446357727
0.7594395279884338
0.7722042798995972
1.3602627515792847
0.7192488312721252
0.31952887773513794
0.6735345125198364
0.7070086598396301
0.6374119520187378
0.5567274689674377
1.1174548864364624
0.5929920673370361
0.5228180885314941
0.7143629193305969
0.358977735042572
0.5404737591743469
0.7321645021438599
0.394552081823349
0.373079389333725
0.571651816368103
0.6159728169441223
0.7319473028182983
0.9257060885429382
0.5344477891921997
0.6363452672958374
0.5939344167709351
1.0315203666687012
0.7726446390151978
0.6932324171066284
0.19935238361358643
0.556699275970459
0.4551374316215515
0.7113791704177856
0.8395613431930542
0.4907933175563812
0.5065293312072754
0.9614108800888062
0.44114333391189575
0.4116058945655823
0.6824079751968384
0.9104803204536438
0.8728309869766235
0.7668294906616211
0.5433929562568665
0.8967891931533813
1.1299594640731812
0.5459414720535278
0.5103810429573059
0.5309528112411499
0.7754531502723694
0.6805039644241333
0.5300122499465942
0.5307457447052002
0.721718430519104
0.5088715553283691
0.6770790815353394
0.48995456099510193
0.9158393740653992
0.587056040763855
0.7733210325241089
0.6272984743118286
0.6923998594284058
0.6256765127182007
0.6687665581703186
0.9687471389770508
0.5069061517715454
0.9719746708869934
0.5019617676734924
0.8300140500068665
0.5323593616485596
1.0298759937286377
0.5717843770980835
0.9318056106567383
0.9477145075798035
0.6244812607765198
0.41030779480934143
0.3550907075405121
0.603416919708252
0.4972507953643799
1.2958014011383057
0.37401774525642395
0.7650423645973206
0.6688753366470337
0.4966095983982086
0.6558651924133301
0.8050556182861328
0.8453003168106079
0.8332746624946594
0.9556459188461304
0.5343158841133118
0.7434157133102417
0.4524315893650055
0.9341108202934265
0.4109269976615906
0.976614773273468
0.5623632073402405
0.9742568731307983
0.28561097383499146
0.713290810585022
0.5963262319564819
0.42291155457496643
0.6002801656723022
0.35460132360458374
0.5975469350814819
0.36421963572502136
0.6526248455047607
0.8778702020645142
0.640261709690094
0.5014095306396484
0.6730687022209167
0.5834009647369385
0.9421235918998718
0.3582470417022705
0.7320019006729126
1.5677416324615479
0.8414560556411743
0.6072956323623657
0.5888922810554504
0.2898416519165039
0.39103156328201294
0.8971055150032043
0.45470476150512695
1.091646671295166
0.546157717704773
0.503653883934021
0.3408399224281311
0.27311521768569946
0.47316136956214905
0.47967830300331116
1.2352179288864136
0.5785889625549316
0.7629663944244385
0.8904671669006348
0.847274124622345
0.7586371898651123
0.47979170083999634
0.8672380447387695
0.8254789113998413
0.30489763617515564
0.9416602849960327
0.6797823905944824
0.549731433391571
0.9794152975082397
0.6961552500724792
0.4090394377708435
0.4830026626586914
0.7286310195922852
0.4435647130012512
0.6705400347709656
0.4860778748989105
0.558585524559021
0.6291104555130005
0.37833017110824585
0.4329489767551422
0.7139870524406433
0.6643385291099548
0.640172004699707
0.43122681975364685
0.37664008140563965
0.47093090415000916
0.7983158826828003
0.43526220321655273
0.6333431601524353
1.006260633468628
0.5033082365989685
0.6864944696426392
0.7862707376480103
0.8535998463630676
0.21844442188739777
1.0880361795425415
0.7445339560508728
0.5451106429100037
0.4654693603515625
0.581290066242218
0.6567014455795288
0.4964606761932373
0.9767246246337891
0.395451158285141
1.077204704284668
0.6336607933044434
0.7797477841377258
0.6568511724472046
1.1100162267684937
0.7837678790092468
0.6135753393173218
0.681950569152832
0.9207825660705566
0.7104034423828125
0.6273495554924011
0.5701097249984741
0.759936511516571
0.8557848930358887
0.8465080261230469
0.9182087779045105
0.5810718536376953
0.6445034742355347
0.3527024984359741
0.8899167776107788
1.1127312183380127
0.6849035024642944
0.2656955420970917
0.6770496368408203
0.31026190519332886
0.4887886047363281
1.2977101802825928
0.45253562927246094
0.8154934048652649
0.8013056516647339
0.7248225808143616
0.623925507068634
0.4426322877407074
0.9302613139152527
0.6305999755859375
0.6899500489234924
0.6474442481994629
0.7548735737800598
0.9428325891494751
1.3873779773712158
1.030381441116333
0.43556174635887146
0.5044887661933899
1.0714716911315918
0.9340052604675293
0.548263430595398
0.39110660552978516
0.3830019533634186
0.7561115026473999
0.9129999279975891
0.7237635850906372
0.48164400458335876
0.7073401808738708
0.8294267654418945
1.1298109292984009
0.42894139885902405
0.9918662309646606
1.2093602418899536
0.9802846908569336
0.5857290625572205
0.9571670293807983
0.5448039174079895
0.9403455853462219
1.1455217599868774
0.7850054502487183
1.1814243793487549
0.5533376932144165
1.0934356451034546
0.6698960661888123
0.5316330194473267
0.7863179445266724
0.7741740942001343
0.538589596748352
0.7606319189071655
0.5680183172225952
0.8935304880142212
0.5412271618843079
0.5963073968887329
0.7581747770309448
0.4990135133266449
0.5411929488182068
0.9363172650337219
0.63640296459198
1.1162464618682861
0.4106835126876831
