0.5666449666023254
0.5958062410354614
0.7753397226333618
1.0935386419296265
0.6488142609596252
0.5402188897132874
0.9412336349487305
0.48370450735092163
0.428274929523468
0.7542839646339417
0.8118252754211426
0.40415629744529724
0.5898360013961792
0.6890038847923279
0.28812482953071594
0.7414876818656921
0.4557400643825531
0.5637307167053223
0.7240191102027893
0.7880443334579468
0.7402353286743164
0.4873642325401306
0.9967263340950012
0.8745832443237305
0.658591628074646
1.2465661764144897
1.0206196308135986
0.3442091941833496
0.5892196893692017
0.45715761184692383
0.9099305272102356
0.6246713399887085
0.5962525606155396
0.9400126338005066
0.6401128768920898
0.49623799324035645
0.42472124099731445
0.5525314211845398
0.7769946455955505
0.48967352509498596
1.0281422138214111
0.6903930306434631
0.8149024248123169
0.32844433188438416
0.4424649178981781
0.6866194009780884
0.4584065079689026
1.0437147617340088
1.4221019744873047
0.8800431489944458
0.926348865032196
0.7573556900024414
1.0966492891311646
0.48342281579971313
0.9460533857345581
0.7180998921394348
0.6326578855514526
0.7186225056648254
0.549576461315155
0.6092193722724915
1.1273765563964844
0.8724535703659058
0.4083591103553772
0.6840580105781555
0.698771595954895
1.0107014179229736
0.6452047228813171
1.0746771097183228
0.5117919445037842
0.7793592810630798
0.7789794206619263
0.6939429044723511
0.41050904989242554
0.5025285482406616
0.5077910423278809
0.6768338680267334
0.8532071113586426
0.5600883364677429
1.1139233112335205
0.948865532875061
0.7593194842338562
0.5420292019844055
0.6574565172195435
0.41290026903152466
0.4952054023742676
0.4778752326965332
0.8243004679679871
0.7802681922912598
0.5511564016342163
1.0817162990570068
0.6176897883415222
0.6641854047775269
0.46564358472824097
0.5217481851577759
1.2635178565979004
0.6877754330635071
0.5513655543327332
0.587268590927124
0.5858988761901855
1.0814330577850342
0.46273183822631836
0.4401705861091614
0.6734818816184998
1.0946489572525024
0.5574865341186523
0.9841486215591431
0.6665507555007935
1.2739927768707275
0.3085523247718811
0.7802918553352356
0.8523648381233215
0.5537036657333374
1.0019643306732178
0.5220746397972107
0.7159484624862671
1.0860421657562256
0.5011213421821594
0.5732097625732422
0.5859140157699585
0.8286769986152649
0.4915495812892914
0.5004584193229675
0.39394456148147583
0.5489261150360107
0.8149097561836243
0.7447917461395264
0.44136396050453186
0.6035766005516052
1.0133016109466553
1.061000108718872
0.8325804471969604
0.9037531614303589
0.5464765429496765
0.7502687573432922
0.4869872033596039
0.4205240309238434
0.4076235294342041
0.9249664545059204
0.5970785021781921
0.39857760071754456
1.1420671939849854
0.9051750898361206
0.6248281598091125
0.39523524045944214
0.6679412126541138
0.9378263354301453
0.8501877784729004
0.9962965250015259
0.7895292043685913
0.4675595760345459
0.7102471590042114
0.5750604867935181
0.529824435710907
0.9269731640815735
0.7876586318016052
0.6507738828659058
0.4521663784980774
0.5418623089790344
0.571603000164032
1.0217199325561523
0.5671886205673218
0.5455108284950256
0.6460457444190979
0.8945866823196411
0.49343341588974
0.37884634733200073
0.6717113256454468
0.524459719657898
0.8756017684936523
0.5487787127494812
0.6606491804122925
0.8145221471786499
0.4237920641899109
0.9785665273666382
0.7735430002212524
0.8690004348754883
0.5593751072883606
0.6954144835472107
0.5302011966705322
0.6555193066596985
0.3720276355743408
0.23531384766101837
0.4678167402744293
0.6141157150268555
0.8211738467216492
0.7694178819656372
0.5462251901626587
0.5886270999908447
0.49814027547836304
0.7805460691452026
0.8281280398368835
0.7199442982673645
0.49382978677749634
0.6387102007865906
0.5754495859146118
0.7374619841575623
0.4967201352119446
0.9885374903678894
0.48020267486572266
0.8192447423934937
0.8852819204330444
0.4507651925086975
0.8498917818069458
0.8591173887252808
0.9792645573616028
0.44545412063598633
0.43640318512916565
0.3408626914024353
1.160474181175232
0.6725540161132812
0.6077102422714233
0.45880579948425293
0.5814493894577026
0.4763549268245697
0.5546973943710327
0.6904768943786621
0.7388041615486145
1.1274067163467407
0.390964150428772
0.5477293133735657
0.6026941537857056
0.5583620667457581
0.87676602602005
0.8998435735702515
0.7767223119735718
0.530228316783905
0.2880794405937195
0.5206615328788757
0.31572818756103516
0.40963777899742126
0.4445391297340393
0.7222115993499756
0.9235562086105347
0.602393627166748
0.8679630160331726
0.32678675651550293
0.9486309289932251
0.3634500205516815
0.21323570609092712
0.8213523626327515
0.7108097672462463
0.7372828125953674
0.6765329241752625
0.7088672518730164
0.42961159348487854
0.46183890104293823
1.1980417966842651
0.3751836121082306
0.5864711403846741
0.603576123714447
0.6341882944107056
0.5667093396186829
0.6145673990249634
0.6456011533737183
0.9001587629318237
0.7533365488052368
0.6330081224441528
0.5037813186645508
0.4613371789455414
0.5065492987632751
0.5380461812019348
0.6569458842277527
0.4953584671020508
0.8902284502983093
0.3040624260902405
0.5373824834823608
0.6384207010269165
0.402090847492218
1.065540075302124
0.43158775568008423
0.6559656262397766
0.6145520210266113
0.4326971471309662
0.6049122214317322
0.41073623299598694
0.4649927616119385
0.9577208757400513
0.8156141042709351
0.8583458662033081
0.6544276475906372
0.4824080467224121
0.3430575728416443
0.8621591329574585
0.6829379200935364
0.909206211566925
0.3072754740715027
0.5733323097229004
0.4681894779205322
0.42052316665649414
0.529681921005249
0.5076960325241089
1.0580377578735352
0.6915521621704102
0.5214492678642273
0.6143614053726196
0.6409207582473755
0.3510884642601013
0.35613495111465454
0.7714529633522034
0.5470778942108154
0.5512639880180359
0.4434506297111511
0.4371015429496765
0.4191237986087799
0.3740595579147339
1.0664458274841309
0.538942277431488
0.6742739677429199
0.942980170249939
0.6898208856582642
0.7202723026275635
0.4323040544986725
0.49548640847206116
0.9179582595825195
0.35985493659973145
0.4873303771018982
0.7450534701347351
0.663885235786438
0.6349056959152222
0.7763678431510925
0.6091287732124329
0.6349097490310669
0.6351189613342285
0.7257875204086304
0.6720486879348755
0.647351861000061
0.7504216432571411
0.7189778089523315
0.7184470891952515
0.7253677845001221
0.9761730432510376
1.140263319015503
0.8307090997695923
0.6667264103889465
0.257297545671463
0.2986512780189514
0.636825442314148
0.2596384286880493
