0.45958995819091797
0.8325279355049133
1.0242784023284912
0.38149935007095337
0.5211294889450073
1.2862406969070435
0.4314519762992859
0.3260346055030823
0.48419326543807983
0.4309443533420563
0.5614959001541138
0.6308558583259583
0.6954684853553772
0.6276187300682068
0.7451637387275696
0.8232987523078918
0.7678261995315552
0.6261327266693115
0.8788426518440247
0.427063524723053
0.5099722743034363
0.3478144705295563
0.7717257738113403
0.6043621897697449
0.5877036452293396
0.5806244015693665
0.8528833389282227
0.4930344521999359
0.8435224294662476
0.8377360105514526
0.8031212091445923
0.7060331106185913
0.5473337769508362
0.7937017679214478
0.6096509695053101
0.49245405197143555
0.40636205673217773
0.820404052734375
0.4152661859989166
0.47449642419815063
0.6434466242790222
0.8647395372390747
0.9483176469802856
1.1108551025390625
0.5217207074165344
0.4347573220729828
0.572936475276947
0.34367507696151733
0.4245581030845642
0.6084446310997009
0.7618609070777893
0.49158158898353577
0.5225476622581482
1.1121619939804077
1.234825849533081
0.5535608530044556
0.8932033777236938
0.20489422976970673
0.9163181185722351
0.5446802377700806
0.70753014087677
0.42386969923973083
0.5121715068817139
0.47043514251708984
0.6636927127838135
0.746773898601532
0.8643404245376587
0.6137297749519348
0.6033347845077515
0.9053230285644531
0.5538936257362366
0.8712108731269836
0.4597395062446594
1.1170603036880493
0.9927264451980591
0.7604376077651978
0.5627963542938232
0.9600242376327515
0.5220791101455688
0.6116674542427063
0.6778486967086792
1.4778566360473633
0.8155549764633179
0.5557628870010376
0.5426603555679321
0.3265380263328552
0.611197292804718
0.7744906544685364
0.8857141733169556
0.858849048614502
1.1292892694473267
0.3543519377708435
1.3501880168914795
0.6103560328483582
0.9060777425765991
0.45153361558914185
0.7747551202774048
0.8062990307807922
0.5636447072029114
0.5317333936691284
0.8860710263252258
1.003943681716919
0.4388812184333801
0.530386745929718
0.490413099527359
0.7807803153991699
0.6790948510169983
0.5653524994850159
0.6302946209907532
0.9775681495666504
0.5449129939079285
0.4763580858707428
0.4516691267490387
0.3583221435546875
0.6787973642349243
0.8340167999267578
0.7393272519111633
0.5221814513206482
0.6506868004798889
1.3670952320098877
0.3987378478050232
0.6303809285163879
0.5618552565574646
0.7099749445915222
0.5138441920280457
0.49105992913246155
0.7751783728599548
0.5835987329483032
0.7003062963485718
0.5503212213516235
0.7620710134506226
0.5099211931228638
0.7129263877868652
0.5474375486373901
0.8969024419784546
0.6102637648582458
0.3224099278450012
0.4985027313232422
0.5359142422676086
0.7404637932777405
0.38466697931289673
0.6081465482711792
0.9607968330383301
0.6194490790367126
0.36765018105506897
1.0936272144317627
0.6955016255378723
0.7488873600959778
0.6770702600479126
0.4901939332485199
0.6812646985054016
0.9804521799087524
0.5248339772224426
0.5519368052482605
0.861836314201355
0.48929184675216675
0.8795493245124817
1.0728867053985596
0.6388915181159973
0.5713669061660767
0.7038031816482544
0.5134789943695068
0.8838696479797363
0.6405634880065918
0.8450480699539185
0.7063620686531067
0.9467868804931641
0.33338645100593567
0.6775404810905457
0.4834456443786621
0.5081124305725098
0.6140809655189514
1.0676078796386719
0.6230875849723816
0.5459582209587097
0.6393542885780334
0.4157966673374176
0.5391795039176941
0.39047133922576904
0.9712539911270142
0.6144133806228638
1.3230302333831787
0.44230079650878906
0.9523127675056458
0.5109596848487854
0.8788766860961914
0.40838170051574707
0.3961977958679199
0.9900236129760742
0.5921103358268738
0.6139878034591675
0.5179003477096558
0.8675763010978699
0.41452378034591675
0.7003183364868164
0.4129820466041565
0.8678315877914429
0.6428359150886536
1.283730387687683
0.44776615500450134
0.5941108465194702
0.5356296300888062
0.9945133924484253
0.7713597416877747
0.4824824333190918
0.6043092012405396
0.8495893478393555
0.5758582353591919
0.6703871488571167
0.704609215259552
1.1461108922958374
0.5102283358573914
0.6025918126106262
0.5915287137031555
1.2184207439422607
0.5860627889633179
1.0192071199417114
0.47021549940109253
0.3990127742290497
0.7383667230606079
0.570519745349884
0.6797905564308167
0.4409078061580658
0.3808477222919464
0.4198165535926819
0.7310999631881714
0.3006736636161804
0.8093723058700562
0.8200909495353699
0.4961458146572113
0.5632718205451965
0.8544200658798218
0.45617741346359253
0.5844920873641968
0.9869953989982605
0.93304044008255
0.5893886685371399
0.5754755139350891
1.5705792903900146
0.37590232491493225
0.4576207101345062
0.3646511137485504
0.7832903861999512
0.7325227856636047
0.6804517507553101
0.7664538621902466
0.5131454467773438
0.29572898149490356
0.7742962837219238
0.7933810353279114
0.5551550388336182
0.7289455533027649
0.4836769998073578
0.41127878427505493
0.4628569483757019
0.5512731671333313
0.8595244288444519
1.0121583938598633
0.5455906987190247
0.7080224752426147
0.6640077829360962
0.7421119809150696
0.42569708824157715
0.2571020722389221
0.8385957479476929
1.0100085735321045
1.0564391613006592
0.534122109413147
0.5660070180892944
0.42460161447525024
0.6157249808311462
0.7691417336463928
0.8797836303710938
0.4859791696071625
1.48566734790802
0.9156963229179382
0.9726898074150085
0.6985208988189697
0.4877080023288727
0.7028815150260925
0.9451114535331726
1.0025262832641602
0.8546520471572876
0.7658870816230774
0.5213485956192017
0.8241727948188782
0.8625056147575378
0.9116955995559692
0.6706568598747253
0.6529934406280518
1.2136926651000977
0.31220993399620056
0.7771103382110596
0.5827323794364929
0.7190953493118286
0.8185749053955078
0.7437461018562317
0.8330403566360474
0.4988918900489807
0.5268374681472778
0.5658562779426575
0.47385191917419434
0.7339184880256653
0.7337726354598999
0.5006516575813293
0.7046213746070862
0.5680596828460693
0.8144192695617676
0.47736096382141113
0.9730989336967468
0.6897391080856323
0.668464720249176
0.796695351600647
0.4083114266395569
0.9121801257133484
0.5716087222099304
0.7121503949165344
0.33415812253952026
1.090329647064209
0.3974560797214508
0.5756220817565918
0.8902863264083862
0.8669023513793945
0.5627654194831848
0.6299408674240112
0.3620220124721527
0.47684797644615173
0.3374412953853607
0.7407261729240417
0.6016435623168945
0.7110006809234619
0.4784467816352844
0.7499687075614929
0.36752620339393616
1.0863052606582642
0.6866170167922974
1.1257069110870361
1.3653106689453125
