0.2979660928249359
0.2800096571445465
0.49439793825149536
0.709186315536499
0.8578909635543823
1.1002867221832275
0.9212144613265991
0.5439031720161438
0.5011433959007263
0.5731812715530396
0.7779297232627869
0.5334700345993042
0.7638283967971802
0.4140588641166687
0.5376871228218079
0.6267487406730652
0.8200844526290894
0.4421145021915436
0.9551326632499695
1.3808761835098267
0.44806623458862305
1.1134002208709717
0.5600317120552063
1.0881303548812866
0.4357677400112152
1.004232406616211
0.7274816632270813
0.49068695306777954
0.4265095591545105
1.0242936611175537
0.480945885181427
0.8129346966743469
0.8826181292533875
1.0918489694595337
0.7640088796615601
0.9120851755142212
0.5369529128074646
0.831627368927002
0.5465507507324219
0.5940073728561401
0.607860267162323
0.6327317953109741
0.929724395275116
0.9487777948379517
0.81098872423172
0.9951000213623047
0.6650732159614563
0.746599018573761
0.6614247560501099
0.39000773429870605
0.5441527962684631
0.5330566167831421
1.7466151714324951
0.8410932421684265
0.7711982727050781
0.4096888601779938
0.6478005647659302
0.8612298965454102
0.5129903554916382
0.6806043386459351
0.5290846824645996
0.5895668268203735
0.5328629612922668
1.1108312606811523
0.42828884720802307
0.6481703519821167
0.7346615195274353
0.3875308036804199
0.34940165281295776
0.6110409498214722
0.5200285315513611
0.6641093492507935
0.5080699920654297
0.7067183256149292
0.8639090657234192
0.4960417151451111
0.7002520561218262
0.41058120131492615
1.0347230434417725
0.4508756995201111
0.9968547821044922
0.9171046018600464
0.8430461883544922
0.634393036365509
0.2798176109790802
0.525126576423645
0.9214514493942261
0.8976354598999023
0.6498251557350159
0.6685879826545715
0.5660803914070129
0.8517893552780151
0.6482376456260681
0.5268354415893555
0.5178412199020386
0.5462766885757446
0.7014362215995789
0.8115724325180054
1.0194618701934814
0.6136390566825867
0.5989693403244019
0.452296644449234
0.46503758430480957
0.7656029462814331
1.3397066593170166
0.9596775770187378
0.5468634366989136
0.8986687660217285
0.6143772006034851
0.9599772691726685
0.725845456123352
0.6325874924659729
0.6418847441673279
0.6618922352790833
0.613757312297821
0.5152872204780579
0.8813532590866089
0.9123986959457397
0.41403207182884216
0.7897956967353821
0.6708634495735168
0.9868887066841125
0.3874674439430237
0.3495343029499054
0.467376708984375
0.7926127314567566
0.8482142686843872
0.3897399604320526
0.7027531862258911
0.40794458985328674
0.6371742486953735
0.8557447195053101
0.5089343786239624
0.6475120782852173
0.4769172668457031
0.9237611889839172
0.4942057728767395
0.9620513916015625
0.5684059858322144
0.822595477104187
0.7034586668014526
0.40691184997558594
0.6740298867225647
0.6283438205718994
1.0999219417572021
0.5438380241394043
0.4002833962440491
0.7456459999084473
0.7923358678817749
0.841518759727478
0.365135133266449
0.7193950414657593
0.595768928527832
0.6050751805305481
0.5094882845878601
0.8318597078323364
1.146319031715393
0.6490880250930786
0.45386427640914917
0.49659332633018494
0.962506115436554
1.1043118238449097
0.8234979510307312
0.7239850759506226
1.200204610824585
0.8825893402099609
0.5541757941246033
1.0053985118865967
0.502191424369812
0.23775796592235565
1.0261660814285278
0.454088032245636
1.206963300704956
0.9435413479804993
0.6845710277557373
0.4154601991176605
0.3109414875507355
0.587458610534668
0.7402582764625549
0.7413061857223511
0.5908464193344116
0.34805458784103394
0.820155918598175
0.8329124450683594
0.4855484366416931
0.6433299779891968
1.0728836059570312
0.4384746551513672
0.5362866520881653
0.4978693127632141
1.1433970928192139
0.8096001744270325
0.4105941653251648
0.5443360209465027
0.7217040061950684
0.5095281600952148
0.5118528604507446
0.3754434585571289
0.7248676419258118
0.6906589269638062
0.735614538192749
0.7679690718650818
0.8625186681747437
0.6288158297538757
0.6588716506958008
0.7237986326217651
0.7758941054344177
0.6124646067619324
0.8224779367446899
0.661331832408905
0.6214869618415833
0.5154939889907837
1.0223617553710938
0.529453456401825
0.4817957878112793
0.3819701075553894
0.5072726011276245
0.755926251411438
0.9174922704696655
0.4877932667732239
0.4760904312133789
0.5987452268600464
0.46140822768211365
0.8511734008789062
0.4074568748474121
0.9586755633354187
0.4387800097465515
0.617296040058136
0.6796022653579712
0.5450133085250854
0.5791584253311157
0.47765693068504333
0.5882995128631592
0.6977545619010925
0.4389651417732239
0.6239632368087769
0.5275063514709473
0.3150859773159027
0.7054519057273865
0.4212266802787781
1.3039299249649048
0.6682806015014648
0.9350191354751587
0.7415058016777039
0.928430438041687
0.9287314414978027
0.6124935150146484
0.6203325390815735
1.0311920642852783
0.9294959902763367
0.8678396344184875
1.1795467138290405
0.45249471068382263
0.6828409433364868
0.7207351922988892
1.0607630014419556
0.4021589159965515
1.0369173288345337
0.5940162539482117
1.05509614944458
0.702551543712616
0.7229892015457153
0.8649364709854126
0.7076079249382019
0.5991501808166504
0.6441982388496399
0.6746528744697571
0.7428188323974609
0.5424290299415588
0.43772363662719727
0.40932178497314453
0.45258045196533203
1.395402193069458
0.6587135791778564
0.5518921613693237
0.6873526573181152
0.8533204793930054
0.45119351148605347
0.8381978869438171
1.0697271823883057
0.4310990273952484
0.4412000775337219
0.8376991152763367
0.5423774123191833
0.6986162066459656
0.3796667456626892
0.7588996887207031
0.7670667171478271
0.5361121892929077
0.4136391282081604
0.3391610383987427
0.60157310962677
0.5609636902809143
0.5069877505302429
0.5216187834739685
0.7833715081214905
0.6129964590072632
0.4374498426914215
0.6879635453224182
0.7611969709396362
0.589148998260498
0.6105327606201172
0.7922958135604858
0.45625728368759155
0.550672709941864
0.3346441388130188
0.29111260175704956
0.4887593388557434
0.5439928770065308
0.6693065166473389
0.792905330657959
1.0178444385528564
1.117822527885437
0.5261639952659607
0.6449903249740601
0.4832552969455719
0.33590051531791687
1.2464836835861206
0.5202791094779968
1.7866995334625244
0.6182514429092407
0.8844456672668457
1.2130091190338135
0.5215317010879517
0.3429548740386963
0.5574098825454712
0.6968702077865601
1.0598183870315552
0.9540834426879883
0.5319372415542603
0.3664255738258362
0.6627907752990723
0.3777197301387787
0.5742855072021484
0.3125467598438263
0.43595361709594727
0.47027358412742615
1.7762514352798462
