0.7175295948982239
0.5520808696746826
0.8664661645889282
0.3416619896888733
0.5343388319015503
0.7496774196624756
0.4992408752441406
0.5096827745437622
0.5821150541305542
0.8422014117240906
0.6637574434280396
0.877027690410614
0.6491817235946655
0.703836977481842
0.5011664628982544
0.42146772146224976
0.8831835985183716
0.8129366040229797
0.5576378107070923
0.31022095680236816
0.5757339596748352
1.6777359247207642
0.7240394353866577
1.339587926864624
0.434547483921051
1.0953611135482788
0.3266650438308716
0.5736563801765442
0.8255226016044617
0.6407084465026855
0.9267184138298035
0.7864459753036499
0.47951143980026245
0.6002920269966125
0.6895753741264343
0.5393538475036621
0.4558711051940918
0.886618435382843
0.7121009826660156
0.8170235753059387
0.6079240441322327
0.9257586598396301
0.4942095875740051
0.3789885640144348
0.9995718002319336
0.6876199841499329
0.8105758428573608
0.9345617294311523
0.3685622215270996
0.3632358908653259
0.6193702816963196
0.6416271924972534
0.5999987125396729
0.4793793559074402
0.3828789293766022
0.706061065196991
0.9617241024971008
0.5986499786376953
0.640376091003418
0.6253919005393982
0.6108158230781555
0.7587395906448364
0.8994876742362976
1.4753599166870117
0.8063452839851379
0.5038650631904602
0.4481067657470703
0.5333050489425659
0.8589067459106445
1.1123857498168945
0.6056050658226013
1.0770742893218994
0.7320504188537598
0.9943441152572632
0.8006521463394165
0.6698359251022339
1.540449619293213
1.1625404357910156
0.6414649486541748
0.9658419489860535
0.6820935010910034
0.4471045434474945
0.4354763925075531
0.6973272562026978
0.6013932228088379
0.6514781713485718
0.9047773480415344
0.6435787081718445
0.7372050881385803
0.6979246139526367
0.5923995971679688
0.3520336449146271
0.5223705768585205
0.7687188386917114
0.5604328513145447
0.8548046350479126
0.7941789627075195
0.6965488791465759
0.6732000112533569
0.9117530584335327
0.7453757524490356
0.8633610010147095
0.8309080004692078
0.6651397943496704
0.4884187579154968
0.5849229097366333
0.23325982689857483
0.6934136748313904
0.6307680606842041
0.5762200355529785
0.58912593126297
0.8121191263198853
0.984401524066925
0.5762112140655518
0.5857735872268677
0.6240035891532898
0.6037387847900391
0.6351244449615479
0.9903746843338013
0.601019561290741
0.85954350233078
0.7536541223526001
0.5874153971672058
0.4551141858100891
1.1003992557525635
1.4507417678833008
0.3241848051548004
0.7307279706001282
0.589271605014801
0.760343074798584
0.8217889070510864
0.6151752471923828
0.7801017165184021
0.4299352765083313
0.5056980848312378
0.6478689312934875
0.9111655950546265
0.7103251218795776
0.6034815907478333
0.8517511487007141
0.9976224899291992
0.5671275854110718
0.599402904510498
0.788198709487915
0.9735573530197144
0.47183847427368164
0.5309357047080994
0.6070497035980225
0.6675924062728882
0.3778328001499176
1.007685661315918
0.6736279726028442
0.8347466588020325
0.43524831533432007
0.693401038646698
0.7051605582237244
0.4819299280643463
0.8866779208183289
0.7750124931335449
0.6546655297279358
0.3804096579551697
0.9989617466926575
0.35805726051330566
0.2754102051258087
0.7442848682403564
0.7445613145828247
0.5778747797012329
0.6691408753395081
0.6171277761459351
0.7688394784927368
0.675552487373352
0.7437381744384766
0.8828014135360718
0.4488790035247803
0.7733480334281921
0.6760972142219543
0.5310222506523132
0.8861900568008423
0.5573890805244446
0.48667827248573303
0.5496862530708313
0.6757198572158813
0.5585622191429138
0.7112401723861694
0.6431125402450562
0.5045809149742126
0.30811744928359985
0.6706644296646118
0.8090251684188843
0.48868998885154724
0.5723053812980652
1.4572598934173584
0.5311000943183899
0.9006719589233398
0.8348836898803711
0.42656415700912476
0.8939846158027649
0.4336779713630676
0.40982866287231445
0.7152541279792786
0.6631596684455872
0.9023496508598328
0.7361032366752625
0.4159604012966156
0.5497391223907471
0.805522620677948
0.815613865852356
0.5797114372253418
0.6952548027038574
0.705166220664978
0.6083422899246216
0.4409096837043762
0.7130633592605591
0.4406806528568268
0.7779698967933655
0.5847139358520508
0.39728838205337524
0.5335186123847961
0.4816645085811615
0.570344090461731
0.4133009910583496
0.48354020714759827
0.5267155170440674
0.3802848756313324
0.3906976580619812
0.5327267646789551
1.210092306137085
0.5906974077224731
0.8496125936508179
0.570452094078064
0.7330798506736755
0.721960186958313
0.4481748640537262
0.6738095283508301
0.480466365814209
0.617047905921936
0.6359313130378723
0.44667530059814453
0.7018006443977356
0.38484618067741394
1.2426187992095947
0.8490559458732605
1.2110182046890259
0.6001731753349304
0.4065011441707611
0.9152878522872925
0.3190370202064514
0.7278538942337036
0.3128909170627594
0.40735188126564026
0.765810489654541
0.497283935546875
0.6351989507675171
0.3769971430301666
0.5304940342903137
1.1436361074447632
0.3729603886604309
0.659561038017273
0.872128963470459
0.8880113363265991
0.4623830318450928
0.7866071462631226
0.5867501497268677
0.4810081422328949
0.770794689655304
0.35293835401535034
0.6671490669250488
0.5976024866104126
0.8212695121765137
0.8631380796432495
0.8693996667861938
1.0220332145690918
0.6668215394020081
1.0391167402267456
0.8270695805549622
0.3843381702899933
1.3356572389602661
0.8244342803955078
0.9024895429611206
0.6222618222236633
0.5665225386619568
1.2161656618118286
0.39663657546043396
0.5068830251693726
0.3550788462162018
0.6717134714126587
0.7341623902320862
0.675358772277832
0.7828230857849121
0.5174201130867004
0.693336546421051
0.8248194456100464
0.5219978094100952
0.5195416212081909
1.0175561904907227
1.1247851848602295
0.5060857534408569
0.6109055280685425
0.7653642892837524
0.5731807351112366
1.1416174173355103
0.7945643663406372
0.8413801193237305
0.47929221391677856
0.37847310304641724
0.747247040271759
0.5603317022323608
0.4741109013557434
0.9420989751815796
0.565619945526123
0.6536401510238647
0.8416231870651245
0.5387160181999207
0.8104984164237976
0.35360637307167053
0.5814441442489624
0.8793665170669556
0.7000779509544373
1.0051391124725342
0.4141111969947815
0.8933850526809692
1.5025203227996826
0.5820444822311401
1.4607527256011963
0.6757651567459106
1.2131346464157104
0.7150941491127014
0.4229627251625061
0.9124778509140015
0.6755533814430237
0.7788485288619995
0.32197409868240356
0.5161100625991821
0.5688053965568542
0.531813383102417
0.689792275428772
0.7330111861228943
0.4142037332057953
