0.48032647371292114
1.0759961605072021
1.1965638399124146
0.859798789024353
0.6082186102867126
0.6608810424804688
0.6334756016731262
0.850685715675354
0.35316887497901917
0.6571345925331116
0.5842612385749817
0.4939681589603424
0.5395979285240173
0.811756432056427
0.5684646368026733
0.8814992904663086
0.8315302133560181
0.7987377643585205
0.9568611979484558
0.6611433029174805
0.34784990549087524
0.3248829245567322
0.5270146727561951
0.763232409954071
0.6233047842979431
0.996986985206604
0.7074843645095825
0.768893837928772
1.534912347793579
0.48181599378585815
0.5988720655441284
0.6451811194419861
0.6154657006263733
0.8678512573242188
0.8653438687324524
0.28869956731796265
0.39202016592025757
0.740763247013092
0.8393310308456421
1.1904962062835693
0.4627591073513031
0.7100830078125
0.6497114896774292
0.7294635772705078
0.5503267049789429
0.9424164891242981
0.4700644612312317
0.6628633737564087
0.6407719850540161
0.4807620942592621
0.4388181269168854
0.7410714030265808
0.8395444750785828
0.6051217913627625
1.166458010673523
0.7736384272575378
0.8223913908004761
0.47946587204933167
1.120478630065918
0.7634681463241577
0.3625933527946472
0.6851657032966614
0.717469334602356
0.519046425819397
0.6205695867538452
0.676658034324646
0.36805254220962524
0.9558188319206238
0.5740887522697449
0.6177272796630859
0.4718763828277588
0.42773714661598206
0.4898446500301361
0.37967395782470703
0.5368682146072388
0.8137112855911255
0.5617518424987793
0.5384189486503601
0.5775967836380005
0.47458353638648987
0.5413834452629089
0.7786845564842224
0.8608089685440063
0.8138985633850098
0.8286682963371277
0.7124515175819397
0.4632667005062103
0.5979490876197815
0.6216402649879456
0.8259867429733276
0.6427797079086304
0.4115133285522461
0.5717953443527222
0.5765102505683899
0.3230811059474945
0.5135292410850525
0.6190069317817688
0.5953143239021301
0.4366384446620941
0.6864036917686462
0.6255882382392883
1.021944522857666
0.6512014269828796
0.5512998104095459
0.22345368564128876
0.6015999913215637
0.4386542737483978
0.36271968483924866
0.6024304628372192
0.6884649991989136
0.17172132432460785
0.6054803133010864
0.7140756249427795
1.0660451650619507
0.38719916343688965
0.5889676809310913
0.5094212293624878
0.8719080686569214
0.3790176808834076
0.626619279384613
0.619464099407196
0.8236541748046875
0.3830185830593109
0.7296390533447266
1.1971571445465088
0.5126551985740662
0.7122064828872681
0.863439679145813
0.8236140012741089
0.7707968950271606
1.3015999794006348
0.6088869571685791
0.6420554518699646
0.4872148036956787
0.32646840810775757
1.3357362747192383
0.9557461738586426
0.5418843626976013
0.5470933318138123
0.5969633460044861
0.8563112020492554
0.502834677696228
0.6467232704162598
1.3358467817306519
0.4842195510864258
0.5356908440589905
0.39880964159965515
0.8397199511528015
0.39771535992622375
0.6475367546081543
0.520878791809082
0.6753411889076233
0.6546527147293091
0.4397891163825989
0.6786539554595947
0.6889100074768066
0.7487930059432983
0.524954617023468
0.3460598289966583
0.2876017093658447
1.0274699926376343
0.5231431126594543
0.5687505006790161
0.7350152730941772
0.6503726840019226
0.43467774987220764
0.5985668897628784
0.7547330856323242
0.5401795506477356
0.3367707133293152
0.6534534692764282
0.6790828704833984
0.946381688117981
0.7528058886528015
0.4366072714328766
0.5189205408096313
0.33721357583999634
0.3280356526374817
0.5850184559822083
0.6304120421409607
0.530742347240448
0.7581442594528198
1.3316068649291992
0.8377165794372559
0.5664305686950684
0.5585922002792358
1.3103559017181396
0.5168906450271606
0.49026602506637573
1.1381412744522095
0.7179977893829346
0.44649553298950195
0.3380378782749176
0.4432433545589447
1.0915757417678833
0.7614115476608276
0.8050001263618469
0.7337731122970581
0.6337229013442993
0.841381847858429
0.7147189378738403
0.522685170173645
1.2845265865325928
0.9379040598869324
0.6948323249816895
0.5938923954963684
0.5600131750106812
0.5015125274658203
0.374998539686203
0.6105719804763794
0.7383546829223633
0.5801922678947449
0.7584949731826782
1.1317938566207886
0.5611218214035034
1.6539007425308228
0.38683634996414185
0.5372239351272583
0.7434622049331665
1.1584892272949219
0.39957451820373535
0.3924545347690582
0.45921245217323303
0.5544401407241821
0.5019100308418274
0.8115148544311523
0.530928909778595
0.4227026104927063
0.5230544805526733
0.5270678400993347
0.7133287191390991
0.9721460342407227
0.5409382581710815
0.9697877764701843
0.7888943552970886
0.8463708758354187
1.1650506258010864
0.8911945223808289
0.41023388504981995
0.6073435544967651
0.5510455369949341
0.5732834935188293
0.478485107421875
0.8157981038093567
0.5827928781509399
0.6554988622665405
0.4083857536315918
0.3601169288158417
0.5626057982444763
0.3786284327507019
0.8674710988998413
0.49999794363975525
0.5440114736557007
1.0328013896942139
0.6809192895889282
0.5884077548980713
0.5752946734428406
0.5907910466194153
0.8767108917236328
0.23876681923866272
0.7079143524169922
0.7812266945838928
0.2584959864616394
0.7377789616584778
0.6004757881164551
0.5731614828109741
0.5711373090744019
0.6831454038619995
0.9646090269088745
0.7945153713226318
0.5559414625167847
0.6019129753112793
0.374259889125824
0.4232759475708008
1.292101263999939
0.43355244398117065
0.41723352670669556
0.4875907897949219
1.023537039756775
0.433622270822525
0.5190640091896057
0.6150791049003601
0.7651917338371277
0.5677751898765564
1.267918348312378
0.3940961956977844
0.7369480729103088
0.40467923879623413
0.4708535075187683
1.2600274085998535
0.3784337341785431
1.5217616558074951
0.40208035707473755
0.788535475730896
0.5253854990005493
0.6024922132492065
0.6899238228797913
0.7643834352493286
0.2541753947734833
0.6076981425285339
0.5328169465065002
0.6296131014823914
1.3025954961776733
0.6532576084136963
0.7570698261260986
1.0105394124984741
0.5185624361038208
1.325363278388977
0.7164274454116821
0.43664807081222534
0.5287138819694519
0.4109087884426117
0.47566908597946167
1.1375845670700073
0.8260887265205383
0.4467087686061859
0.49014490842819214
0.5502902865409851
0.683829128742218
0.7511985898017883
0.7466275691986084
0.5437555313110352
0.6975666880607605
0.7164257168769836
0.5114029049873352
0.6735115647315979
0.5416814088821411
0.682357132434845
0.680155336856842
0.2741413712501526
0.4836021363735199
0.8057700395584106
0.5202091336250305
0.6638777852058411
0.8327624201774597
0.9481452703475952
0.7877814173698425
0.34843650460243225
