0.7406597137451172
0.8741028904914856
0.7803555727005005
0.9785276651382446
0.5655169486999512
0.7550536394119263
0.8919585347175598
1.0154531002044678
0.9267337918281555
1.2826203107833862
0.6872380971908569
0.6106587648391724
0.889274001121521
0.7629303932189941
0.6960983276367188
0.961749255657196
1.1332786083221436
0.9329210519790649
1.0480201244354248
0.9439206123352051
0.8621118664741516
0.8319737315177917
1.0035954713821411
0.9350210428237915
1.219620704650879
0.8193178176879883
0.7204747200012207
0.9248763918876648
0.8047366142272949
1.1005504131317139
0.8141201138496399
0.7862178683280945
0.9156287312507629
0.8464293479919434
0.6950646638870239
0.7617089748382568
1.1625010967254639
0.6561221480369568
1.0268770456314087
0.5436052083969116
1.076762080192566
0.9829595685005188
0.8306962847709656
0.7837344408035278
0.7567909955978394
0.590725302696228
0.9862589836120605
1.035213828086853
1.3557581901550293
0.5672615170478821
0.7800345420837402
0.6460294723510742
0.8979038000106812
1.057525873184204
1.0173286199569702
0.8136523365974426
1.013024091720581
1.0404605865478516
1.0478830337524414
0.9790816307067871
0.6931453943252563
0.995295524597168
0.7398365139961243
0.8352600336074829
1.0953340530395508
0.8171173930168152
1.1796599626541138
0.7751484513282776
0.7464603781700134
0.6000143885612488
0.7888091206550598
0.8977505564689636
0.7224618196487427
0.7742904424667358
0.9147377014160156
1.0570188760757446
1.6365554332733154
0.4618191719055176
0.5226192474365234
0.8761777877807617
0.8789974451065063
1.0679099559783936
0.7120431661605835
1.0824706554412842
0.992709755897522
0.7622302174568176
0.8105090260505676
1.083667516708374
0.6598697304725647
0.8207629323005676
0.9861859083175659
0.6933060884475708
0.9264378547668457
0.7784930467605591
1.0979591608047485
0.6923216581344604
0.8618388175964355
0.97791987657547
1.227024793624878
0.98198002576828
1.0976006984710693
0.9415435791015625
0.7725584506988525
0.9835023880004883
0.6471803784370422
1.0690243244171143
1.027148723602295
0.9670016169548035
0.7991912961006165
1.3470747470855713
0.9577366709709167
1.0126807689666748
0.5962429046630859
0.9025274515151978
0.9040454626083374
1.1164591312408447
1.2519935369491577
1.0640133619308472
0.9434208869934082
0.8475403785705566
1.18271005153656
0.7708196043968201
0.8781134486198425
1.048745036125183
1.2018928527832031
0.7395930886268616
1.1738470792770386
0.8858710527420044
0.9492379426956177
0.6151465177536011
0.7196789979934692
0.9336192011833191
0.8202005624771118
0.8829058408737183
0.7392359375953674
1.0198315382003784
0.7880531549453735
1.3204429149627686
0.9659069180488586
0.683029294013977
1.3687794208526611
0.8353112936019897
0.6945455074310303
0.876956582069397
1.1001689434051514
0.7303341627120972
0.8312333226203918
0.7466311454772949
0.7844565510749817
0.9952767491340637
1.2133700847625732
0.6996563673019409
0.5633207559585571
0.6705725193023682
0.5586711764335632
0.6124007701873779
1.1033467054367065
0.6569174528121948
0.8045406341552734
0.8997752070426941
0.7719411849975586
1.1446480751037598
0.9315750002861023
0.7970656156539917
0.9265696406364441
0.5844939947128296
0.7688599228858948
0.7719537615776062
0.6041514277458191
1.0732263326644897
1.0715582370758057
0.8537682294845581
0.6407442092895508
0.9593008756637573
0.6119636297225952
1.2193853855133057
0.7417469024658203
0.5743694305419922
1.0046815872192383
0.9934805631637573
1.067147970199585
0.7749279737472534
0.673616886138916
0.8809970617294312
0.9209375381469727
1.3995709419250488
0.9635597467422485
1.142225980758667
0.9074873924255371
0.7987112998962402
0.9569277763366699
1.1286733150482178
0.9124158024787903
0.820507824420929
1.0377811193466187
0.763645589351654
0.963610827922821
1.034920334815979
0.8457382917404175
0.9160731434822083
0.9615297317504883
1.0702279806137085
1.4186160564422607
1.1324034929275513
1.2199268341064453
1.0319784879684448
1.4646869897842407
0.6307393312454224
1.0997952222824097
0.937116801738739
0.9601408839225769
0.804419219493866
0.8377828598022461
0.9627288579940796
0.6882274746894836
0.8496390581130981
0.8754020929336548
0.9392690658569336
0.8752468228340149
1.0207260847091675
0.9766287803649902
1.0331132411956787
0.9330196380615234
0.9914501905441284
0.5830402374267578
1.0387464761734009
1.2681128978729248
0.7294658422470093
0.8119433522224426
0.9632591009140015
1.0277026891708374
0.7670712471008301
0.6775869131088257
0.8989629745483398
0.8795954585075378
0.8231250643730164
1.117937445640564
0.7664526700973511
0.8097840547561646
0.7916774749755859
0.6489728689193726
0.9743490219116211
1.0364383459091187
0.7718016505241394
1.1816579103469849
0.8242246508598328
0.8199012875556946
0.6889610290527344
0.8402808308601379
0.6457523107528687
0.767645001411438
1.0046733617782593
0.964249312877655
0.8830211758613586
1.1031233072280884
0.9088605046272278
0.739723265171051
0.7034744620323181
0.9345402717590332
0.895898163318634
0.9058660268783569
0.7647382020950317
0.9693042635917664
1.114246129989624
0.7947703003883362
1.1551305055618286
0.7209303379058838
1.0699543952941895
0.944230854511261
1.045764684677124
1.0662920475006104
1.0087785720825195
1.2857301235198975
0.6562854051589966
1.1311038732528687
0.810465931892395
0.9464605450630188
0.5863916277885437
1.0779058933258057
0.7752875089645386
0.7236143350601196
0.9947280883789062
0.7043296694755554
0.807911217212677
0.7182984352111816
0.8957207798957825
1.003162145614624
0.917985737323761
1.299705147743225
1.0620558261871338
1.2837803363800049
1.0171467065811157
1.2162206172943115
0.9946544766426086
0.8819236755371094
0.8815277814865112
0.8819522857666016
1.0859822034835815
0.7888884544372559
0.7879327535629272
0.7898686528205872
1.0803166627883911
1.001345157623291
0.9855657815933228
1.0881257057189941
1.0922625064849854
0.8075901865959167
0.725724995136261
0.7754817008972168
0.7714452743530273
0.7796934247016907
0.8530194163322449
1.010612964630127
0.9830635786056519
0.8618574142456055
0.8881704211235046
0.6995670795440674
0.6407907009124756
0.7385608553886414
0.7311359643936157
0.8034798502922058
1.2927042245864868
0.8233196139335632
0.7472857236862183
0.5795141458511353
0.987735390663147
0.8837447166442871
0.6290141940116882
0.6411240100860596
0.8610385060310364
1.234760046005249
1.0837953090667725
0.7984488606452942
1.0367519855499268
0.7679245471954346
1.1247498989105225
0.626702070236206
0.9581916928291321
