0.8645559549331665
0.6206231117248535
0.3921908736228943
0.5757251381874084
0.7067131400108337
0.350462406873703
0.46948403120040894
0.3028528094291687
0.8104082345962524
0.46386370062828064
0.8091093897819519
0.9803518056869507
0.5648724436759949
0.5181953310966492
0.7082899808883667
0.39532360434532166
0.6679878830909729
0.791545033454895
0.4835245609283447
0.8819769620895386
0.5494148135185242
0.7329083681106567
0.5340734720230103
1.1146876811981201
0.9296271204948425
0.8203703165054321
0.44693177938461304
0.601847767829895
0.7483312487602234
0.7227479219436646
0.7766144871711731
0.4419306218624115
0.7971101999282837
0.9777194261550903
1.1781762838363647
0.8343812823295593
0.991807758808136
0.6179535984992981
0.9991509318351746
1.2915233373641968
1.2573107481002808
0.9216012954711914
0.8140417337417603
0.8266282081604004
0.6798878908157349
0.8831583261489868
0.612496018409729
0.7846865653991699
1.09811270236969
1.019029140472412
0.625704824924469
0.5119837522506714
0.5352620482444763
0.6588714718818665
0.9390531778335571
0.4987013339996338
0.39595848321914673
0.45583468675613403
0.7728928327560425
0.5123661160469055
0.7324081659317017
0.7477012872695923
0.715948760509491
0.5799572467803955
0.5378454923629761
0.4963131546974182
0.640999436378479
0.5750311613082886
0.7778687477111816
0.46945634484291077
0.54976487159729
0.9327389001846313
0.4566572308540344
0.7361868619918823
0.560234785079956
0.5741085410118103
0.5177489519119263
0.5008173584938049
0.5877275466918945
0.7794350385665894
0.8415189981460571
0.9234806895256042
1.0890567302703857
0.8675779104232788
0.647063136100769
0.7664731740951538
1.047823190689087
0.822557806968689
0.5651600956916809
0.8153449296951294
0.7653231024742126
0.2563953995704651
0.7937486171722412
0.7388988137245178
0.7189363241195679
0.7342966794967651
0.5514554381370544
0.4641878604888916
0.9870495796203613
0.6438812017440796
0.755439817905426
0.7036891579627991
0.5732682347297668
0.677037239074707
0.6696608662605286
0.5617161989212036
0.7028106451034546
1.086846947669983
0.637658953666687
0.3876328468322754
0.5643644332885742
0.4298766255378723
0.5265033841133118
0.566128134727478
0.4583202302455902
0.3804374933242798
0.499368280172348
0.7225803732872009
1.2484086751937866
1.195067286491394
0.35240834951400757
0.554179847240448
0.9801020622253418
0.6362147927284241
0.5309645533561707
1.1526100635528564
0.7929968237876892
0.5215417742729187
1.0417349338531494
0.5968793034553528
1.064648985862732
0.5084774494171143
0.5909628868103027
0.39723438024520874
0.43969598412513733
0.7275072336196899
0.4797636568546295
1.0692222118377686
0.6410354375839233
0.848746657371521
0.32996731996536255
0.3784988224506378
0.5948282480239868
0.9315301179885864
1.1215076446533203
0.3962310254573822
0.9345089197158813
0.38617396354675293
0.6376986503601074
0.6538179516792297
0.603581428527832
0.697595477104187
0.8241661190986633
0.4716782569885254
0.3572682738304138
0.7960676550865173
0.6756932139396667
0.7203875184059143
0.6170227527618408
0.501374363899231
0.8979005813598633
1.0639216899871826
0.9477524757385254
0.39245349168777466
1.0991668701171875
0.44078248739242554
0.5234306454658508
0.557715892791748
0.28410428762435913
0.48518314957618713
0.351803719997406
0.5939792394638062
0.5370174050331116
0.6766615509986877
0.8278216123580933
0.7694202065467834
0.7722457051277161
0.8443948030471802
0.5443479418754578
0.8022021055221558
0.6431893110275269
0.6455656290054321
1.2316920757293701
0.7091538906097412
0.3462749123573303
0.7746819257736206
0.8003009557723999
0.643459677696228
0.4105339050292969
0.9828864336013794
1.0722854137420654
0.8546472787857056
0.9598722457885742
1.1482783555984497
0.8114585876464844
1.1482083797454834
0.6637287139892578
0.5827473402023315
1.0196417570114136
0.5271879434585571
0.6010202169418335
0.6400343775749207
0.9451987147331238
0.713943362236023
0.5324351191520691
0.5308599472045898
0.6998096704483032
1.2933303117752075
0.5602614283561707
0.6946619749069214
0.6130034327507019
0.3668087124824524
0.5001998543739319
0.9205500483512878
0.637981116771698
0.5495578050613403
0.9798234105110168
0.8019661903381348
0.3485173285007477
0.5727652311325073
0.9194822311401367
0.5240218639373779
0.7311984300613403
0.8278652429580688
0.5865185260772705
1.2774138450622559
0.6544511914253235
0.46330827474594116
0.7808135747909546
1.315893530845642
0.529333233833313
0.7887864112854004
0.899837851524353
0.7866929769515991
0.41529831290245056
0.7262591123580933
0.4957863688468933
0.508586585521698
0.6200984120368958
0.859142005443573
0.7777490019798279
0.656783401966095
0.7305859327316284
0.9002355337142944
0.5370581746101379
0.5864642858505249
0.8978563547134399
0.73652583360672
0.6552823185920715
0.6706799268722534
0.8578475117683411
1.2490861415863037
0.46222931146621704
0.4275569021701813
0.48019474744796753
1.0919978618621826
0.5841563940048218
0.4149419665336609
0.6536006331443787
0.6700223088264465
0.9396947622299194
0.5608142614364624
0.289785236120224
0.5549878478050232
0.6242004632949829
1.0082446336746216
0.9725451469421387
0.7698620557785034
0.4760299623012543
0.5914970636367798
0.6230645179748535
0.4778078496456146
0.5052722692489624
0.545894980430603
0.7882450222969055
0.5561545491218567
0.7816063761711121
0.9229944348335266
0.531810998916626
0.525283694267273
0.8713213801383972
0.6947682499885559
0.5429996252059937
0.6000249981880188
0.8593423962593079
0.43384212255477905
0.43626007437705994
0.9443912506103516
0.37528303265571594
0.8305420875549316
0.4296302795410156
0.7825853824615479
1.0748732089996338
0.7749205827713013
0.40464654564857483
0.4260086417198181
0.7777068614959717
0.8924821019172668
0.8922905921936035
0.6450217962265015
0.6927002668380737
0.4073684811592102
0.5259005427360535
1.0206953287124634
0.2964932322502136
0.48630133271217346
0.8470279574394226
0.5150635838508606
0.7639166712760925
0.630992591381073
0.5971377491950989
0.5236712694168091
0.5184422731399536
0.6089617609977722
0.7322894930839539
0.34495970606803894
0.9192821383476257
0.5316801071166992
0.5823075771331787
0.9062196612358093
0.5467590689659119
0.8626497387886047
0.5414206385612488
0.1751253306865692
1.0458241701126099
0.974755585193634
0.4981164038181305
0.6490345001220703
0.8798238635063171
0.7214957475662231
0.7398258447647095
0.6400505304336548
1.058535099029541
0.6085491180419922
0.8974356651306152
0.5274337530136108
0.908941924571991
0.6318073868751526
