0.5761169195175171
0.8829226493835449
0.5749808549880981
0.572196364402771
0.44456759095191956
0.7004974484443665
0.6047359704971313
0.5010550022125244
0.5206539034843445
0.5531660914421082
0.862042248249054
0.7385081052780151
0.858837902545929
0.7754523158073425
1.0772894620895386
0.9640761613845825
0.5417883992195129
0.8756409883499146
0.6652083396911621
0.5128127336502075
0.5842416882514954
0.9062873721122742
0.5175106525421143
0.4828804135322571
0.4063566327095032
0.8801366686820984
0.6182068586349487
0.5004836320877075
0.5830138325691223
0.8636976480484009
0.9818828701972961
0.7458661794662476
0.6411099433898926
0.39960432052612305
0.6260566711425781
0.3676033616065979
0.3415687084197998
0.5473288893699646
0.3370646834373474
0.6739538908004761
0.9959413409233093
0.6607232093811035
0.7858248353004456
0.5532839894294739
0.2590102553367615
0.6622127294540405
0.4600524306297302
1.5666815042495728
0.7142826318740845
0.7282810807228088
1.0651524066925049
0.3949410021305084
0.44163545966148376
0.5795987844467163
0.7802971005439758
0.25015947222709656
0.838860809803009
0.49824339151382446
0.7534347772598267
0.8272272348403931
0.5498002171516418
0.7205902338027954
0.5037837028503418
0.5215169191360474
0.7514582872390747
1.188139796257019
0.9287694692611694
0.33949989080429077
0.5026424527168274
0.3916488587856293
1.151560664176941
0.5470957159996033
0.6579096913337708
0.8353818655014038
0.4621230661869049
0.6515692472457886
1.383687138557434
0.578075647354126
0.9698387980461121
0.7694891691207886
0.9584325551986694
0.6983839273452759
0.5928082466125488
0.48696136474609375
0.7147508859634399
0.6117945909500122
0.6599108576774597
0.4931965470314026
1.4190829992294312
0.6858981251716614
0.6811009645462036
0.27049511671066284
0.7111023664474487
0.471975177526474
0.5562995672225952
0.6141923069953918
0.57479327917099
0.9734956622123718
0.8813905715942383
0.48719120025634766
0.34490054845809937
0.29972946643829346
0.7201911211013794
0.7846535444259644
0.5795234441757202
0.2808369994163513
0.7340348362922668
0.5465232133865356
1.1180890798568726
0.32252687215805054
0.4327623248100281
0.37082362174987793
0.8895319104194641
0.8186389207839966
0.7736097574234009
0.5556694269180298
0.7924435138702393
1.138603925704956
0.6780359148979187
0.7243172526359558
0.9435052871704102
0.8619128465652466
0.5377444624900818
0.8276745080947876
0.54256272315979
0.9338595271110535
0.8371392488479614
0.6918988823890686
0.6942515969276428
0.49851661920547485
0.5871528387069702
0.5877617001533508
0.682554304599762
0.7425780892372131
0.36597752571105957
1.078492522239685
0.9227234721183777
0.680375874042511
0.5709512829780579
0.3627709746360779
0.5939648747444153
0.4037734568119049
0.7057334184646606
0.5448757410049438
0.7260454893112183
0.6485727429389954
0.6996237635612488
0.7245367765426636
0.7796334028244019
0.6371346712112427
0.39673224091529846
0.5247889161109924
0.6065171957015991
0.4029836058616638
0.6712303161621094
0.4521903097629547
0.8226944208145142
0.7414025068283081
0.7141610383987427
0.6050411462783813
0.9473981857299805
0.6154972314834595
0.7554910778999329
0.8952312469482422
0.6542059183120728
0.9351557493209839
0.4203694462776184
0.9613965749740601
0.5750045776367188
0.9668124318122864
0.9133383631706238
0.5811666250228882
0.6483145952224731
0.5438413619995117
0.5193500518798828
0.9903667569160461
0.8809143900871277
0.5700783133506775
0.6040627956390381
0.6477196216583252
0.26513129472732544
0.7283716201782227
0.9028261303901672
0.3554472327232361
0.6769554615020752
1.027882695198059
0.7590807676315308
0.7083014249801636
0.7165327072143555
0.2802523672580719
0.4250218868255615
0.48409461975097656
0.5411956906318665
0.9828008413314819
0.6367464065551758
0.721164345741272
0.8843550682067871
0.7590538859367371
0.7086957097053528
0.8918102979660034
0.6288479566574097
0.401777446269989
0.5929490327835083
0.5265792012214661
0.9067639112472534
0.4765104353427887
0.43282657861709595
0.6556963920593262
1.0975011587142944
0.5958426594734192
0.5783140659332275
1.0511939525604248
0.5589463114738464
0.5537195205688477
0.4381651282310486
0.38235634565353394
0.4798467755317688
0.5746440291404724
0.6034064292907715
0.6834779977798462
0.5966993570327759
0.5787861943244934
0.4413560926914215
1.2502411603927612
0.9193704724311829
0.48793449997901917
0.7061855792999268
0.44345396757125854
1.0669338703155518
0.5700734853744507
1.2093007564544678
0.8408985137939453
1.048722743988037
0.8351249694824219
0.5470095872879028
1.1607213020324707
0.5504105687141418
0.45552438497543335
0.4300231337547302
0.7148245573043823
0.5019229650497437
0.5327242016792297
0.6873934268951416
0.6185814142227173
0.854112982749939
1.3032023906707764
0.6240501403808594
0.3673667907714844
0.6511012315750122
0.4126700758934021
0.3955128490924835
1.0535370111465454
0.541149914264679
0.7925826907157898
0.9258963465690613
0.5587019324302673
0.4111514985561371
0.41691985726356506
0.7969536781311035
1.1198148727416992
0.8735467195510864
0.9266924858093262
0.4587239623069763
0.5260657072067261
0.35625335574150085
0.3733726441860199
0.7318328619003296
0.6519860625267029
0.5216992497444153
0.6548855900764465
1.0404006242752075
0.953879714012146
0.5208861231803894
0.7248426675796509
0.46777358651161194
0.5096698999404907
0.8451296091079712
0.5371084809303284
0.4565650522708893
0.6033834218978882
0.5350491404533386
0.7974289655685425
0.7854109406471252
0.6455894708633423
0.7475617527961731
0.6581218242645264
0.42662936449050903
0.7336887717247009
0.7325975298881531
0.5617659091949463
0.5220606923103333
0.47887927293777466
0.5107191801071167
0.733467698097229
0.8356403112411499
0.582207977771759
0.5107134580612183
0.43524378538131714
0.6708806157112122
0.3668821454048157
0.6191524267196655
0.42334669828414917
0.4450227618217468
0.5970736742019653
0.7218635678291321
0.6880868077278137
0.4262574315071106
0.5686138868331909
0.40751034021377563
0.5506187677383423
0.6996018290519714
0.5186222195625305
0.5849155783653259
1.0462137460708618
0.9313457608222961
0.6572141647338867
0.6393023729324341
0.6107961535453796
0.851219654083252
0.667458713054657
0.9936426877975464
0.6638125777244568
0.48441916704177856
0.3941870331764221
0.3941327631473541
0.7415801286697388
0.47433727979660034
0.46931880712509155
0.6779053211212158
0.5424476861953735
0.26961520314216614
0.6287118792533875
0.3519686460494995
0.7367008924484253
0.957573413848877
0.7783493995666504
0.6639305353164673
0.3671773374080658
