0.3558216691017151
0.5252752900123596
0.554720938205719
1.143369436264038
0.37773868441581726
0.665389895439148
0.7046890258789062
0.8642305135726929
0.5825586318969727
0.877459704875946
1.116823673248291
1.2866582870483398
0.5568318367004395
0.673202633857727
0.33146578073501587
0.5711430311203003
0.9448370933532715
1.4237574338912964
0.24039602279663086
0.5813857913017273
0.8294268846511841
0.492933452129364
0.5438319444656372
0.4753974974155426
0.7459198236465454
0.7930341362953186
0.8313218951225281
0.2042771279811859
0.5944477319717407
1.0448780059814453
0.6284943222999573
0.5092083215713501
1.4091825485229492
0.6506140828132629
0.8541495203971863
0.5720038414001465
0.46772661805152893
0.4082445204257965
0.3573724031448364
1.2489222288131714
0.780727744102478
0.45735034346580505
0.38801923394203186
1.2238795757293701
0.7305058240890503
0.6062256693840027
0.6697098612785339
0.7995363473892212
0.6455000638961792
1.113250970840454
0.608461856842041
0.5442392230033875
0.724759042263031
0.5267593860626221
0.9859470129013062
0.32463857531547546
0.9401243329048157
0.5467973947525024
0.6357111930847168
0.5616762638092041
0.6541061401367188
0.756676197052002
0.7555115818977356
0.4973060190677643
0.7112666964530945
0.25345784425735474
1.6563091278076172
1.4918533563613892
0.7165412902832031
0.5069838762283325
0.6606470942497253
1.0202242136001587
1.1089576482772827
0.6493932008743286
0.4294990003108978
0.5229137539863586
0.5775154232978821
0.9218763113021851
0.8358810544013977
0.8852225542068481
0.9162479639053345
0.5276699662208557
0.7843636274337769
0.7320764660835266
0.41683417558670044
0.9585391879081726
0.8885010480880737
0.5914136171340942
0.5490120649337769
0.5349627137184143
0.44306689500808716
0.44384765625
0.5038005709648132
0.8578535914421082
0.47100362181663513
0.44732385873794556
0.5660150051116943
0.8146110773086548
0.6453876495361328
0.9819837808609009
0.964983344078064
0.6809293031692505
0.8507574796676636
0.8710787892341614
0.8518471717834473
1.0595428943634033
0.49849534034729004
0.8757845759391785
0.4646262526512146
0.7896586060523987
0.7719022631645203
0.4314071536064148
0.3195735812187195
0.786987841129303
0.791303813457489
0.36702626943588257
0.3448835015296936
0.6751260161399841
0.6108056306838989
1.1493890285491943
0.6443899273872375
0.8106301426887512
0.676931619644165
0.5914180874824524
0.6327385306358337
0.2934413552284241
1.223842978477478
0.7314190864562988
0.47557371854782104
0.8233143091201782
0.8074506521224976
0.8037806749343872
0.5852604508399963
0.4351828694343567
0.4180413782596588
0.509393572807312
0.665808379650116
0.4877927303314209
0.5907982587814331
0.3934504985809326
0.46139878034591675
0.7083739638328552
0.5409364700317383
0.710568368434906
0.49304208159446716
1.2240263223648071
0.8172105550765991
0.6857280135154724
0.4902939796447754
0.7465487718582153
1.0826181173324585
1.4242621660232544
0.3043878972530365
0.4741165041923523
0.385863721370697
0.8849338293075562
0.9786391258239746
0.5134347081184387
0.5365689396858215
0.7955247163772583
0.48098117113113403
0.8760635256767273
0.95103520154953
0.5862520337104797
0.82268226146698
0.9476024508476257
0.35734474658966064
0.3886137902736664
0.43123331665992737
0.5566996335983276
0.763191282749176
0.6329533457756042
0.3212037682533264
0.8157644271850586
1.006230115890503
0.8964859843254089
0.6250454187393188
0.9297071695327759
0.8400174975395203
0.39373016357421875
0.7566555738449097
0.39142298698425293
0.3701842427253723
0.4183329939842224
0.6171239018440247
0.599636435508728
0.5095073580741882
0.685208261013031
0.4341249465942383
0.857082724571228
0.44943317770957947
0.6406570672988892
0.6237682104110718
1.118360161781311
0.6540768146514893
0.7530878782272339
0.8022546768188477
0.45048704743385315
0.5016857385635376
1.3885780572891235
0.6164591908454895
0.5874335169792175
0.4015403687953949
0.644511878490448
0.8322793841362
0.6375097632408142
0.26196709275245667
0.5888960957527161
0.7172972559928894
0.8613292574882507
0.39537563920021057
1.4742157459259033
0.7895752191543579
0.49635204672813416
0.8947709798812866
0.5792487263679504
0.9371019601821899
0.5164064764976501
1.1666719913482666
0.6405328512191772
0.6295105218887329
0.6292125582695007
0.6084316968917847
0.7189601063728333
0.5427655577659607
0.6174364686012268
0.6376609802246094
0.557611346244812
0.6244006156921387
0.9727722406387329
0.38424187898635864
1.1847718954086304
0.641200065612793
0.7281615138053894
0.47950586676597595
0.511444628238678
0.5077797770500183
0.31961995363235474
0.5281788110733032
0.7529318928718567
0.8332394361495972
0.498115599155426
0.4909794330596924
0.5796467661857605
0.4202936589717865
1.0567584037780762
0.9978401064872742
0.3623512387275696
0.43320733308792114
0.30678850412368774
0.5891761779785156
0.6414207220077515
0.6765202283859253
0.5587106943130493
0.8558112978935242
0.5338029265403748
0.804836630821228
0.4872715473175049
0.6630528569221497
0.5481096506118774
0.6188560724258423
0.6085196733474731
0.4578554630279541
0.4448082447052002
0.6388900279998779
0.6858803033828735
0.34065333008766174
0.6786036491394043
0.7650012969970703
0.9574883580207825
0.7739073038101196
0.6371733546257019
1.3010244369506836
0.33347415924072266
1.251173496246338
0.5661157369613647
0.6138871908187866
0.5612717866897583
0.5614023208618164
0.9327940940856934
1.0707924365997314
0.4267832636833191
0.6387378573417664
0.4671382009983063
0.28570789098739624
0.43145665526390076
0.8835350275039673
1.0370153188705444
0.49248647689819336
0.8816690444946289
0.36126139760017395
1.199652075767517
0.5998910665512085
0.6243762969970703
0.755082905292511
0.5922030806541443
0.3982163369655609
0.9547761082649231
0.5209857821464539
0.9146029353141785
0.609432578086853
0.49171289801597595
0.47175461053848267
0.6416371464729309
0.5131973028182983
0.5341941714286804
0.7667075395584106
1.4016119241714478
0.5628871917724609
0.7992262840270996
1.2599513530731201
0.4809733033180237
0.4648274779319763
0.334533154964447
0.8027837872505188
0.41874781250953674
0.5607470273971558
0.835401713848114
0.5129337310791016
0.5842099189758301
0.7900039553642273
0.37849971652030945
0.6578125357627869
0.5166934728622437
0.4178937077522278
0.5074836015701294
0.2695196568965912
1.4471896886825562
0.6467104554176331
0.709437906742096
0.45239725708961487
0.4904746413230896
0.7594131827354431
0.4893783926963806
0.6909271478652954
1.0096462965011597
0.4516170024871826
0.360664963722229
