0.7843930721282959
0.687153160572052
0.6264365315437317
0.7982145547866821
0.9753470420837402
0.7741835117340088
1.1823004484176636
0.4635404944419861
0.8502602577209473
0.408682256937027
0.6100069284439087
0.5177873373031616
0.5186468958854675
0.46567502617836
0.5833519101142883
1.1200876235961914
0.6313989162445068
0.6127452850341797
0.6757526993751526
0.6315747499465942
0.7757188677787781
0.44631537795066833
0.9518451690673828
0.5800177454948425
0.9492673873901367
0.8270473480224609
0.7356787323951721
0.5079807043075562
0.9336279034614563
0.6260434985160828
0.7171710729598999
1.0790085792541504
0.5725623965263367
0.5894381403923035
0.824066162109375
0.8258295059204102
0.7528785467147827
1.1316163539886475
0.752703070640564
0.8633694648742676
0.6621941328048706
0.9566157460212708
0.5587102174758911
0.6213617920875549
0.5998297929763794
0.5835989713668823
0.7071296572685242
0.6152240037918091
0.5461063981056213
0.6165074706077576
0.6624152660369873
0.3962629437446594
0.8985998034477234
0.6158166527748108
0.5625725984573364
0.4579181671142578
0.4609602987766266
0.7030413746833801
0.6611903309822083
0.5090145468711853
0.5741627812385559
0.4288960099220276
0.7698728442192078
0.9229036569595337
0.6952534317970276
0.9328731298446655
0.43592482805252075
0.9863064885139465
0.7487865686416626
0.7413710951805115
0.7214833498001099
0.43453407287597656
0.3648131489753723
0.6591957807540894
0.7281968593597412
0.7343653440475464
0.5251178741455078
0.6171658635139465
0.9003288149833679
0.4069077968597412
0.6951907277107239
0.5923259854316711
0.7106042504310608
0.9787628054618835
0.6073987483978271
0.5333067774772644
0.4088518023490906
0.6286618709564209
0.4705266058444977
0.7360062599182129
0.4173944592475891
0.7612099647521973
0.4524672031402588
0.755824089050293
0.6166470646858215
0.439898818731308
0.6358238458633423
0.37073078751564026
0.5506306886672974
0.6123378872871399
0.48611488938331604
0.8554452061653137
0.3894451856613159
0.4389427602291107
0.49830809235572815
0.3752097487449646
0.34930428862571716
1.028578758239746
0.42008909583091736
0.6800736784934998
1.0004953145980835
0.7072880864143372
0.6713202595710754
0.7094442844390869
0.8098710775375366
0.4184567928314209
0.34022343158721924
0.7940291166305542
0.8241332769393921
0.616538941860199
0.35543277859687805
0.3292696475982666
0.6869242787361145
0.2675546705722809
0.7000762224197388
0.8430991172790527
0.6274660229682922
0.840264618396759
0.7565808892250061
0.3572612404823303
0.4175945818424225
0.6300961375236511
0.5600064396858215
0.4917448163032532
0.5337745547294617
0.7417401075363159
0.6067705154418945
0.3980250358581543
0.43765124678611755
0.7169562578201294
0.7515383362770081
0.43358564376831055
0.45562744140625
0.8208453059196472
0.2259843349456787
0.7652508020401001
0.9603999257087708
0.4206058382987976
0.5353015661239624
0.4347769618034363
0.914664089679718
0.8853705525398254
0.38697609305381775
0.3898507058620453
0.6909778714179993
0.44686731696128845
0.8346260786056519
0.6254198551177979
0.47755345702171326
0.8732317686080933
0.4177982211112976
0.5794175267219543
0.4450450539588928
0.8615638613700867
0.7806486487388611
0.853946328163147
0.6438974142074585
0.5188766121864319
0.5429800152778625
0.6707689762115479
0.5158964395523071
0.4734620153903961
0.9679504632949829
0.40822720527648926
0.4962976574897766
0.48913711309432983
0.419050931930542
0.40450000762939453
1.0369722843170166
0.7298517227172852
0.7820814847946167
0.3903825879096985
0.6796906590461731
0.5025035738945007
0.5644175410270691
0.408064067363739
0.6485351324081421
0.47627773880958557
0.7656091451644897
0.6906870007514954
0.8076353073120117
0.6669832468032837
0.4846113622188568
0.5160810947418213
0.31318312883377075
0.9115816354751587
0.8118327856063843
0.7055015563964844
0.5245262980461121
0.6693285703659058
0.6563764810562134
0.6041101813316345
0.5885339975357056
0.5353782176971436
0.6109622716903687
0.4559616148471832
0.4991752505302429
0.7128509283065796
0.636202335357666
0.3785598576068878
0.48896560072898865
0.44831156730651855
0.734117865562439
0.633292555809021
0.736829936504364
0.8293983340263367
0.6693150401115417
0.43636131286621094
0.47187671065330505
0.5122224688529968
1.2574621438980103
0.672111451625824
0.4828924536705017
0.8746219873428345
0.8959469795227051
0.5841432809829712
0.6558629274368286
0.6876558065414429
0.7354700565338135
0.595841109752655
0.5857231616973877
0.6880536079406738
0.705129086971283
0.52341228723526
0.7145006656646729
0.7664860486984253
0.5176518559455872
0.815066933631897
0.7419977784156799
1.1678682565689087
0.5507363080978394
1.0845000743865967
0.42055121064186096
0.46693071722984314
1.1171913146972656
0.3770480453968048
0.6302329897880554
0.6832957863807678
0.3897201418876648
0.8764067888259888
0.62925124168396
0.7792574167251587
0.550180196762085
0.756908118724823
0.8984593152999878
0.4316331744194031
0.7478084564208984
0.8376887440681458
0.5313692092895508
0.5792802572250366
0.5932374596595764
0.5632709264755249
0.6868419647216797
0.5071828961372375
0.7737361788749695
0.6077461242675781
0.8485220074653625
0.7356351613998413
0.39012259244918823
0.5371413826942444
0.560663640499115
1.0001184940338135
1.3944826126098633
0.5571247339248657
0.4959568977355957
1.3181326389312744
0.5913687944412231
0.5078720450401306
0.4697316586971283
1.277481198310852
0.925947368144989
0.46832332015037537
0.36866292357444763
0.5902935266494751
0.8695676922798157
0.928301990032196
1.1671096086502075
0.6035910844802856
0.78432697057724
0.5827559232711792
0.9573702812194824
1.118643879890442
0.41501355171203613
0.5743390917778015
0.47131043672561646
1.0074281692504883
0.3112504780292511
0.6843944787979126
0.53551185131073
0.4648936688899994
0.8782051205635071
0.7745671272277832
1.2374416589736938
0.6010380983352661
0.37569817900657654
0.48311424255371094
0.917510986328125
0.8010140657424927
0.6856652498245239
1.4360289573669434
0.5138424038887024
0.6856330633163452
0.3567882180213928
0.4073156714439392
0.9042712450027466
1.0020346641540527
1.383278489112854
1.1789274215698242
0.6362661123275757
0.7003869414329529
0.8234423398971558
0.810234546661377
0.7981188893318176
0.4480206370353699
0.5106207728385925
0.9863659739494324
0.44146600365638733
0.6102896928787231
0.6781050562858582
0.5059884190559387
0.8681942224502563
0.46962133049964905
0.6749100685119629
0.8908879160881042
0.8631798624992371
0.5809777975082397
1.3944942951202393
1.6973334550857544
