0.6748729348182678
0.4891599714756012
0.7243539094924927
0.6266440153121948
0.5235168933868408
0.9435615539550781
0.6625086069107056
0.629977822303772
0.5959750413894653
0.5334722399711609
0.5969744920730591
0.3097311556339264
0.6374920606613159
0.40874814987182617
0.5981899499893188
0.7580158114433289
0.6453313827514648
0.6349538564682007
0.5643450021743774
0.7847023010253906
0.547324538230896
0.27528706192970276
0.45666956901550293
0.8474132418632507
0.9177114367485046
0.45574718713760376
0.9798121452331543
1.1420718431472778
0.7176107168197632
1.346145510673523
0.8934317827224731
0.5431723594665527
0.8516494631767273
0.5267305970191956
0.7921062707901001
0.6495116949081421
0.7304722666740417
0.873410701751709
0.4732438027858734
0.7980688214302063
0.9718915224075317
0.5864824056625366
0.42287302017211914
0.5079485177993774
0.5042635202407837
0.4319888651371002
0.9657300114631653
1.024343729019165
0.6813515424728394
0.3421495854854584
0.37738123536109924
0.7688161730766296
0.5154160261154175
1.2372431755065918
0.4799519181251526
0.5606018304824829
0.7136608958244324
0.5639244914054871
0.4509962499141693
0.7504703998565674
0.6129859685897827
0.5604769587516785
0.5264546275138855
0.7955646514892578
0.46888723969459534
0.27667921781539917
0.7513114213943481
0.6508017182350159
0.8520929217338562
0.35017862915992737
0.4790196418762207
0.5416972637176514
0.9551299810409546
0.6695454120635986
0.47167834639549255
0.5870302319526672
0.9396170377731323
0.6179875135421753
0.9707986116409302
0.7866581082344055
1.9246208667755127
0.444697767496109
0.6874352693557739
0.6990429759025574
1.2038962841033936
0.44270554184913635
0.5453594923019409
1.1272894144058228
0.5849331617355347
0.97467041015625
0.3963533043861389
0.7101814150810242
0.8696277737617493
0.5040669441223145
0.4293447434902191
0.6486720442771912
0.43861204385757446
0.6987696290016174
0.6285104751586914
0.6470392346382141
0.7722002863883972
0.9971453547477722
0.5335308313369751
0.7192225456237793
1.0401625633239746
0.6463227272033691
1.059531331062317
0.42520204186439514
0.9744976758956909
0.4719381332397461
0.4784521162509918
0.5542891025543213
0.3911176025867462
0.6278541684150696
1.1699817180633545
0.923205554485321
0.36808937788009644
0.5737406015396118
0.44244566559791565
0.47385215759277344
0.8037391901016235
0.6055157780647278
0.41646623611450195
0.7582157850265503
0.7193750739097595
0.9387624859809875
0.7767592668533325
0.5362003445625305
0.36539995670318604
0.8700436353683472
0.4817534387111664
0.5600958466529846
0.7052515745162964
0.7581886053085327
0.3901485800743103
0.9399105310440063
0.7333057522773743
0.5334657430648804
1.353685975074768
0.9941085577011108
0.41724157333374023
0.787493109703064
1.0360050201416016
0.6593964695930481
0.655488133430481
0.6119029521942139
0.4252859652042389
0.4925176501274109
0.32440322637557983
0.4076710343360901
0.673754096031189
1.0661132335662842
0.642328679561615
0.482081800699234
0.6402024626731873
0.4999951422214508
0.4904762804508209
0.6152235269546509
0.3674650490283966
1.0541260242462158
0.7284091114997864
0.6079617738723755
0.5783876776695251
0.41676753759384155
0.6903430223464966
0.8647667169570923
0.5870437622070312
0.7346435785293579
0.9763227701187134
0.3822299540042877
0.7612093091011047
0.5233992338180542
0.548334002494812
0.4784931540489197
0.25219854712486267
0.24724256992340088
0.3694670498371124
0.6173622012138367
0.7677486538887024
0.8201662302017212
0.4600408673286438
0.683506429195404
1.0582067966461182
0.30882835388183594
0.8977231979370117
0.32642826437950134
0.45216092467308044
1.168343186378479
1.068368673324585
0.6751232147216797
0.4101385176181793
0.6113768815994263
0.6615439653396606
0.9639968872070312
0.5690774917602539
1.020644187927246
0.518142580986023
0.6629385948181152
0.5239522457122803
0.5651834011077881
0.6211533546447754
0.4521821141242981
0.5919066071510315
0.9714266061782837
0.7599281072616577
0.4010373055934906
0.6909512281417847
0.8519973754882812
0.7892453670501709
0.5755323171615601
0.4643295407295227
0.8005102872848511
0.7169921398162842
0.9235448837280273
0.543022096157074
0.4717591404914856
0.6976678371429443
0.5917728543281555
0.8521867990493774
0.3006898760795593
0.960409939289093
0.3099416196346283
0.7520703077316284
0.9675906300544739
0.6145393252372742
1.1725928783416748
0.8745712041854858
0.3695202171802521
0.7636108994483948
1.0478322505950928
0.5828226208686829
0.29184550046920776
0.693895697593689
1.0919055938720703
0.7118600606918335
0.4074179530143738
0.6805832982063293
0.6860359907150269
0.4014398157596588
0.5099599957466125
0.8675212860107422
0.3632952868938446
0.6932187676429749
0.3192431330680847
0.7973070740699768
0.45784005522727966
1.0727641582489014
0.7030526399612427
0.47842884063720703
0.5684881210327148
0.7778040170669556
0.5830841660499573
0.3877726197242737
0.8998410105705261
0.4300404489040375
0.5520583391189575
0.5846786499023438
0.6364089250564575
0.874984622001648
0.6837643980979919
0.5167306661605835
0.8298017382621765
0.6634787321090698
0.5619633793830872
0.6264164447784424
1.3577786684036255
0.34403687715530396
0.9544962644577026
0.8321175575256348
0.7730468511581421
0.6912152171134949
0.9891103506088257
1.1211189031600952
1.3960504531860352
0.8513849377632141
0.8566287159919739
0.558218777179718
0.5730801820755005
0.517242431640625
0.6560007333755493
0.37237781286239624
0.5304286479949951
0.7199962735176086
0.34501081705093384
0.7695156335830688
0.7891479134559631
0.4342470169067383
0.46411195397377014
0.5044525265693665
0.5801576375961304
1.0111277103424072
0.6088741421699524
0.569938063621521
0.6085430979728699
0.6177774667739868
0.6671868562698364
0.5811076164245605
0.8853331804275513
0.5264421701431274
0.6070932149887085
0.9180857539176941
0.5513126254081726
0.5025490522384644
1.1453903913497925
0.6112757921218872
0.510444164276123
1.0401930809020996
0.5109845399856567
0.6119879484176636
0.9588373303413391
0.5364583730697632
0.6393330097198486
0.45558294653892517
0.873884379863739
0.8712010383605957
1.190638542175293
0.7182325124740601
0.6304112672805786
0.7957689166069031
0.6113218069076538
0.5389115214347839
0.9349115490913391
0.6669515371322632
0.6078404784202576
0.609856367111206
0.7258409857749939
0.5547172427177429
0.7770921587944031
0.5885536074638367
0.7615113258361816
0.7510436773300171
0.4792029857635498
0.7187426686286926
0.5330354571342468
0.7278431057929993
0.6159131526947021
0.7497637867927551
0.45964309573173523
