0.564479649066925
0.5754331946372986
1.0109083652496338
0.5301473736763
0.3222653865814209
0.9507368206977844
0.4416232705116272
0.7648727893829346
0.8592036366462708
0.6843389272689819
0.6244434118270874
0.40442323684692383
0.8039979934692383
0.8027399778366089
0.9010483622550964
1.08388090133667
1.2857210636138916
0.746364951133728
0.45098942518234253
1.0657254457473755
0.48684531450271606
1.0960149765014648
0.8897283673286438
0.7349889874458313
1.314807415008545
0.6669566035270691
0.7631147503852844
0.6002464294433594
0.8333304524421692
0.4978119730949402
0.40215691924095154
0.3734626770019531
0.6959296464920044
0.8025808334350586
0.7263948917388916
1.1730282306671143
0.8174005746841431
0.6026349067687988
0.4256272315979004
0.44798192381858826
0.48191890120506287
0.6748091578483582
0.47598010301589966
0.4871426522731781
0.9145196080207825
0.4861343502998352
1.3500030040740967
1.0732427835464478
0.6696311831474304
0.5901257991790771
0.9078503847122192
0.8410590291023254
0.7242556810379028
0.6006620526313782
0.6735619306564331
0.7897354364395142
0.48148593306541443
0.392545223236084
0.66935795545578
0.7191096544265747
0.7505205273628235
0.5145286321640015
0.5844705700874329
0.43957939743995667
0.8169589042663574
0.506778359413147
0.40294569730758667
0.25158238410949707
0.5628069639205933
0.44255170226097107
0.5230233073234558
0.7813879251480103
0.5287616848945618
0.541690468788147
0.5424350500106812
0.3921227753162384
0.6240639686584473
0.5911994576454163
0.6009835004806519
0.3490302860736847
0.5807256102561951
1.1841046810150146
0.3964534401893616
0.8340845108032227
0.6848548650741577
0.48848944902420044
0.3443588614463806
0.9506486058235168
0.6296662092208862
0.5178862810134888
0.6325743794441223
0.7215007543563843
0.4567446708679199
0.3170223832130432
0.8344700932502747
0.4971367418766022
0.5512367486953735
0.8296396136283875
0.7249590158462524
0.4408629536628723
0.40996628999710083
0.8537505269050598
0.567057728767395
0.5813896059989929
0.6837756037712097
0.8085168600082397
0.46830740571022034
0.3659171164035797
0.686845600605011
0.6500840187072754
0.6143406629562378
0.40287384390830994
0.6756559610366821
0.43836846947669983
0.7999113202095032
0.4521358013153076
0.4440274238586426
0.44973650574684143
0.5220416188240051
0.49555930495262146
0.47698360681533813
0.3478243947029114
0.5402863621711731
0.5277442932128906
0.5801845788955688
1.2137105464935303
0.6576639413833618
0.7094124555587769
0.40077701210975647
0.2983822822570801
0.4881039261817932
0.34061670303344727
0.6411141157150269
0.9604218602180481
0.4637444019317627
0.5644158124923706
0.604407787322998
0.9149762392044067
0.31211045384407043
0.7182965874671936
0.6995452642440796
0.7961556315422058
0.6026061773300171
0.4883895814418793
0.641965389251709
0.350615918636322
1.04697585105896
0.9998337626457214
0.5839893221855164
0.5258113145828247
0.8755550384521484
0.9725252389907837
1.0170090198516846
0.7577663064002991
0.239013671875
1.0380202531814575
0.5467012524604797
0.5316720604896545
0.7345379590988159
0.667681872844696
0.4929027557373047
0.7701131105422974
0.6649127006530762
0.7532945871353149
0.6971847414970398
0.5669340491294861
0.28116658329963684
0.6835229992866516
0.7166513204574585
1.1835415363311768
0.7377618551254272
0.5465418100357056
0.5060994625091553
0.793779194355011
0.9009393453598022
0.31165602803230286
0.7564659118652344
0.6423959732055664
0.693863570690155
0.4223034977912903
0.8549107313156128
0.46963953971862793
1.1165226697921753
0.5058377981185913
0.5262154936790466
0.6620200276374817
0.5958107113838196
0.7257882952690125
0.581532895565033
0.44301119446754456
0.9480864405632019
0.7095050811767578
0.6665989756584167
0.49788403511047363
0.9611518979072571
0.7875173687934875
0.9168089032173157
1.0129801034927368
0.5480126142501831
0.7559376955032349
1.0042916536331177
0.644157886505127
0.6863004565238953
0.5408750176429749
0.6233714818954468
0.5515289306640625
0.5943843126296997
0.4522770941257477
1.191380262374878
0.4871715009212494
0.6443580985069275
0.5420645475387573
0.31505662202835083
0.6568906903266907
0.5478898286819458
0.4654267430305481
1.2268415689468384
0.5476402044296265
0.5017212629318237
0.49809160828590393
0.5079094171524048
1.0183684825897217
0.87455815076828
0.7522802352905273
0.7101701498031616
0.803563117980957
0.7263637781143188
1.0769460201263428
0.4556821882724762
0.9598202705383301
0.5663374066352844
0.40030112862586975
0.8149231672286987
0.9481638073921204
0.5128889083862305
0.5893658399581909
0.5149235725402832
0.9151128530502319
0.6880481243133545
0.4619404673576355
0.8115094900131226
0.6046191453933716
0.4582788348197937
0.41415825486183167
0.635714054107666
0.6323148012161255
1.0332471132278442
0.6860871315002441
1.6394679546356201
0.5206441879272461
0.6578760743141174
0.6637920141220093
0.8617492914199829
0.6862224340438843
0.4676986336708069
0.5270391702651978
0.5661633610725403
0.6387138366699219
0.5805820226669312
0.937519907951355
0.5723794102668762
0.6114530563354492
0.4560055732727051
0.3758096694946289
0.6524014472961426
0.4584956169128418
0.7175917625427246
0.514214813709259
0.3600650727748871
0.40576425194740295
0.5233598947525024
0.8168146014213562
0.5625189542770386
0.45814985036849976
0.4609735608100891
0.6506279706954956
0.5275835990905762
0.8771379590034485
0.5561144351959229
0.3800806403160095
0.670017421245575
0.5286933183670044
0.400102436542511
0.5165974497795105
0.4052240252494812
0.5856077671051025
0.4789062440395355
0.5608080625534058
0.6420976519584656
0.8743880987167358
0.42187198996543884
1.0897208452224731
0.61739581823349
0.6344791650772095
0.5506318807601929
0.416959673166275
1.266693115234375
0.6625933647155762
1.0582164525985718
0.823102593421936
0.6725152730941772
0.625471830368042
0.8895323872566223
0.7524117231369019
0.913708508014679
0.6030224561691284
0.5073564052581787
0.4333692193031311
0.7343185544013977
0.4318169951438904
1.0437734127044678
0.7504996061325073
1.6024503707885742
0.5961281061172485
0.5397518873214722
0.9453225135803223
0.7222869992256165
1.1862924098968506
0.6707531809806824
0.534331738948822
0.9398468732833862
0.5087505578994751
0.5317937135696411
1.0001952648162842
0.6556528806686401
0.3676304221153259
0.46097859740257263
0.6904615163803101
1.1524430513381958
1.1612838506698608
0.3554462194442749
0.7303641438484192
0.5560547113418579
0.9698333740234375
0.7783132791519165
1.1772170066833496
0.4988541603088379
1.5358952283859253
