0.5953158140182495
0.6438085436820984
0.8046115636825562
0.42062339186668396
0.5938085317611694
0.6900299787521362
0.7870739102363586
0.8720619082450867
0.7309470176696777
0.2890453338623047
0.563795804977417
0.3588710427284241
0.5351580381393433
0.6688280701637268
0.3764922022819519
0.422630250453949
0.5679338574409485
0.7797678709030151
0.5991676449775696
0.6026624441146851
0.38849639892578125
0.7102649807929993
0.6143842935562134
0.7378029227256775
0.5767186284065247
0.8327492475509644
1.0740158557891846
0.35752546787261963
0.681982696056366
0.8824666738510132
0.8327466249465942
0.39991214871406555
0.5481528043746948
0.7695019841194153
0.6027822494506836
0.5975067615509033
0.5537726283073425
0.7584248781204224
0.5626188516616821
0.559870719909668
0.4891624450683594
0.3999270796775818
0.4208526015281677
0.6343334913253784
0.3646313548088074
0.424081027507782
0.5776511430740356
0.8168286085128784
0.8838387727737427
0.24986660480499268
0.6867714524269104
0.3734058737754822
0.9474353790283203
0.67695152759552
0.8547428250312805
0.8134365081787109
0.3949125409126282
0.4140304923057556
0.7334758043289185
1.1548662185668945
0.5543562173843384
0.4761430621147156
0.6993993520736694
0.3212021291255951
0.8194370269775391
0.6547786593437195
0.6820198893547058
0.4798106253147125
0.42040500044822693
0.9380658268928528
0.42845577001571655
0.3750912845134735
0.5832535028457642
0.5486356019973755
0.5393975973129272
0.5388627052307129
0.7045686841011047
0.36276859045028687
0.9375469088554382
0.6072005033493042
0.7695831656455994
0.7718901634216309
0.811782956123352
0.34041768312454224
0.29070407152175903
0.4891963005065918
0.6949831247329712
0.8696693181991577
0.4386221766471863
0.6723954677581787
0.43332576751708984
0.4005008637905121
0.3323426842689514
1.193706750869751
0.5795502066612244
0.7749488949775696
0.9532387852668762
0.4332144856452942
0.5877500772476196
0.38875705003738403
0.6528052091598511
1.1095041036605835
0.4173351228237152
0.7232729196548462
1.248938798904419
0.4327261447906494
0.6830755472183228
0.7828815579414368
0.632278561592102
0.3360551595687866
0.8269904255867004
0.6126158833503723
0.670489490032196
0.4699513018131256
0.8740021586418152
0.6408566236495972
1.529775857925415
0.29540741443634033
0.33569806814193726
0.5251081585884094
0.6756718754768372
0.4989092946052551
0.4116399884223938
0.6068500280380249
0.5593821406364441
0.6268510818481445
0.5836231112480164
0.6432225108146667
0.20149660110473633
0.7525455355644226
0.5366352796554565
0.5227609872817993
0.48879939317703247
0.3415711224079132
0.3979187607765198
0.37016770243644714
0.2515159547328949
0.5149692296981812
0.559751033782959
0.3135630488395691
0.6747404336929321
0.6513811945915222
0.9026199579238892
0.43884286284446716
0.8768948316574097
0.6596494317054749
0.6003158092498779
1.0275598764419556
0.6331363320350647
0.4954027533531189
0.6125161647796631
0.88617342710495
0.8857457041740417
0.48277491331100464
0.6076099276542664
0.8712289929389954
0.6951617002487183
0.6530168652534485
0.3866773247718811
1.1786977052688599
0.5773773193359375
1.090569257736206
0.6939190030097961
0.7969282865524292
0.7722991704940796
0.5537569522857666
1.174203634262085
0.28916412591934204
0.6137997508049011
0.7429787516593933
0.4498693346977234
0.7253047823905945
0.6990044713020325
0.7914254665374756
0.9104111790657043
0.7166122198104858
0.5524820685386658
0.9535877108573914
0.7631325125694275
0.46581944823265076
0.5321029424667358
0.6984348297119141
0.5926402807235718
0.6918506622314453
0.2855435013771057
0.6770999431610107
0.48116979002952576
0.6874315738677979
0.66622394323349
0.49432674050331116
1.0935580730438232
0.39883264899253845
0.9132949709892273
0.5735419988632202
0.4828273355960846
0.6512977480888367
0.3931971490383148
0.565197229385376
0.5253146886825562
0.48776572942733765
1.0292389392852783
0.4054490029811859
0.4964599609375
0.3346712589263916
0.8046091794967651
0.6887739896774292
0.606052815914154
0.4855627417564392
1.1803737878799438
1.1004204750061035
0.6594880223274231
0.5294162034988403
1.2677847146987915
0.8196033239364624
1.1903491020202637
0.3588607907295227
0.23855066299438477
0.4504176080226898
0.842660129070282
0.6696043014526367
0.5458167791366577
0.47466111183166504
0.7216823697090149
0.6084541082382202
0.4614603519439697
0.3663732409477234
0.5164563059806824
0.6050657629966736
0.6102452278137207
0.757702112197876
0.4421665072441101
0.5546618103981018
0.9329573512077332
0.6403809785842896
0.9402779340744019
0.3866092562675476
0.7366991639137268
0.552078127861023
0.7444784641265869
0.43315958976745605
0.8164162635803223
0.33708125352859497
0.5410141348838806
1.4967424869537354
0.6726042032241821
1.1688940525054932
0.631182074546814
0.6033724546432495
0.8589324951171875
1.0875523090362549
0.334028422832489
0.5375303030014038
1.0364824533462524
0.8500520586967468
0.30619311332702637
0.6709677577018738
0.5846036672592163
0.526211142539978
0.32798928022384644
0.5286072492599487
0.7391657829284668
0.6249558925628662
0.7098995447158813
0.3864055275917053
0.5370097160339355
0.6926946043968201
0.4764629900455475
0.7395203113555908
0.6356579661369324
0.68321293592453
0.5726460218429565
0.9269343614578247
0.8099595904350281
0.42329129576683044
0.9967899322509766
0.5579832196235657
0.6011209487915039
0.3409932255744934
0.8062198758125305
0.9493352174758911
0.678236186504364
0.7775469422340393
0.8249473571777344
0.7393584251403809
0.7740281820297241
0.9420647621154785
0.4529631733894348
0.682390570640564
0.8450393676757812
0.4379310607910156
0.744109034538269
0.7899608612060547
1.2448261976242065
0.6905987858772278
1.0782756805419922
0.3601890802383423
0.5538057684898376
0.7229371070861816
0.7693397402763367
0.3538554310798645
1.3771092891693115
0.541723906993866
0.8868481516838074
0.9061776399612427
0.3981369435787201
0.6051941514015198
0.3787600100040436
0.8913882970809937
0.7335383296012878
0.8619573712348938
0.47258758544921875
0.7149884104728699
0.8499630689620972
0.944861114025116
0.6435996294021606
0.7099771499633789
0.598751962184906
0.7057202458381653
0.8240104913711548
0.6761472225189209
0.7406550645828247
0.700232982635498
0.3501923680305481
0.6037240028381348
0.34861090779304504
0.6083946228027344
0.6385892629623413
0.5737831592559814
0.5813708901405334
0.46036845445632935
0.5792903900146484
0.8122075796127319
1.0192430019378662
0.3998849391937256
0.5093875527381897
1.381834626197815
0.6400008201599121
0.8208106160163879
