0.5589381456375122
0.760792076587677
0.5539194345474243
0.6476485133171082
0.8977925181388855
1.053684949874878
0.5701310038566589
0.9425363540649414
0.5754055976867676
0.5368332266807556
1.1124522686004639
0.9726418256759644
0.5725852847099304
0.4615393579006195
0.4629534184932709
0.5577465891838074
0.520000159740448
1.0138294696807861
0.6391167640686035
0.5020451545715332
0.4304417073726654
0.681109607219696
0.5373505353927612
0.42444413900375366
0.6677895784378052
0.9874181747436523
0.31650981307029724
1.1443731784820557
0.5060500502586365
0.741474986076355
0.36638742685317993
0.9273282885551453
0.9608734846115112
0.9279369115829468
0.6085031628608704
0.6257702112197876
0.4048011302947998
0.5745776295661926
0.791805624961853
0.8609326481819153
0.35504525899887085
0.5841234922409058
0.7212108373641968
0.8782806396484375
1.0513219833374023
0.37549760937690735
0.40539073944091797
0.37497788667678833
0.5369106531143188
0.5740192532539368
0.3277246654033661
0.2734038233757019
0.7022848129272461
0.49206462502479553
0.8216943740844727
0.8585611581802368
1.6039316654205322
0.6661520600318909
0.7211014032363892
0.6110842823982239
0.2915278971195221
0.6636252403259277
0.5289646983146667
0.43282920122146606
0.48516935110092163
0.36223822832107544
0.7163267135620117
0.5246237516403198
0.7280749082565308
0.2825198173522949
0.5649479031562805
0.594072699546814
0.7526150941848755
0.2946726977825165
0.3980873227119446
0.35318267345428467
0.2721714675426483
0.6866079568862915
0.8048532605171204
0.6984232664108276
0.8241031765937805
0.5384031534194946
0.40315303206443787
0.4176775813102722
1.4305624961853027
0.8007292747497559
1.2567100524902344
0.39638644456863403
0.3758842349052429
0.7276543378829956
0.5448104739189148
0.667247474193573
0.6178215742111206
0.5805038213729858
0.4797895550727844
0.6995021104812622
1.0190410614013672
0.3795608878135681
1.1853487491607666
0.5417386293411255
0.6021741032600403
0.44667595624923706
0.43845707178115845
0.4139339327812195
0.7543801069259644
0.7599997520446777
0.33694198727607727
0.32413196563720703
0.523018479347229
0.8456076383590698
0.6598596572875977
0.5235463976860046
0.5708029866218567
0.5034853219985962
0.8263905644416809
0.4572046399116516
0.42466121912002563
0.8675492405891418
0.9556633234024048
0.5755429863929749
0.3549345135688782
0.8178359270095825
0.29023057222366333
0.575051486492157
0.500359296798706
0.5171429514884949
0.3725000321865082
0.4893989562988281
1.087557315826416
0.7964235544204712
0.7065172791481018
0.47742098569869995
0.3979995846748352
0.40584802627563477
0.36449456214904785
0.8997023701667786
0.6852959394454956
0.41178709268569946
1.5357848405838013
1.2429317235946655
1.1516786813735962
0.6106444597244263
0.9211357831954956
0.7205158472061157
0.750760018825531
0.6143265962600708
0.6475557088851929
0.3647347092628479
0.5008113980293274
0.8006642460823059
0.9499326944351196
1.0279903411865234
0.8080774545669556
0.3970568776130676
0.5594955086708069
0.7785460948944092
1.1893916130065918
0.7864041328430176
0.4151249825954437
0.5865455865859985
0.5595129132270813
0.8042672872543335
0.7293872833251953
0.4345877766609192
0.5888148546218872
0.6915757060050964
0.45915889739990234
0.5424387454986572
0.8484963178634644
0.4066682755947113
0.39997342228889465
0.7148371934890747
0.9946926236152649
0.5511860251426697
0.36366596817970276
0.5529419183731079
0.6563575267791748
1.0067930221557617
0.618789792060852
0.5857808589935303
0.30280405282974243
0.5245629549026489
0.5851051211357117
0.38872987031936646
0.8598611950874329
0.9709723591804504
0.6109918355941772
0.7516816258430481
0.42414355278015137
1.2844526767730713
1.2175630331039429
0.7411788702011108
1.0491387844085693
0.5939451456069946
0.4204798638820648
0.8317842483520508
0.7534953355789185
0.4499374330043793
0.9044656753540039
0.8169256448745728
1.132755160331726
0.713511049747467
0.7130519151687622
0.642234742641449
0.9890264272689819
0.39037054777145386
0.676600992679596
0.6402204632759094
0.9060176610946655
0.7318587899208069
1.4203336238861084
0.5961389541625977
0.6225905418395996
0.734124481678009
1.0281245708465576
0.2546072006225586
0.7524282336235046
0.5697822570800781
0.655055046081543
0.7954407930374146
0.4773387908935547
0.5421050786972046
0.3855178654193878
0.6013301610946655
0.5317091941833496
0.8367229700088501
0.7071112990379333
0.6576684713363647
1.074755311012268
0.653161883354187
0.5613991618156433
0.5611657500267029
0.6773208975791931
0.5254617929458618
0.5282211899757385
0.524963915348053
0.42285242676734924
0.6764736771583557
0.755693793296814
0.6330063343048096
0.8315297961235046
0.47570276260375977
0.4345800280570984
0.7381691932678223
0.7142711877822876
0.7586930394172668
0.5144429206848145
0.6992266178131104
0.6045693159103394
0.9398778080940247
0.29943445324897766
0.4023224711418152
0.9066107869148254
0.8432630300521851
0.6386595964431763
0.5766094923019409
0.5734524726867676
0.695061206817627
0.4663541913032532
0.8080406188964844
0.674765944480896
0.6098591089248657
0.6907137036323547
0.5796447992324829
0.49853411316871643
0.5735741853713989
0.37186527252197266
1.0690958499908447
1.2324217557907104
0.9101823568344116
0.5006381273269653
0.3044191300868988
0.6197258830070496
0.8364893198013306
0.8434029817581177
0.6151400804519653
0.8812011480331421
0.826625645160675
0.7261214256286621
0.3274630010128021
1.1930774450302124
0.578266441822052
0.7155173420906067
0.9222180247306824
0.48226791620254517
0.5880425572395325
0.5899500250816345
0.7513881921768188
1.2832257747650146
0.42978692054748535
0.602042555809021
0.5649411082267761
0.5606704950332642
0.55389803647995
0.915230929851532
0.6994748115539551
0.9497532844543457
0.6881990432739258
0.7292890548706055
1.0121862888336182
0.5228464007377625
0.6364861726760864
0.5181108713150024
0.42664632201194763
0.4424762725830078
0.7943333387374878
0.570349395275116
0.2906154692173004
0.6227229833602905
0.6312487125396729
0.7300227880477905
0.8088575601577759
0.6854709982872009
0.3042798936367035
0.5110986828804016
0.9904754757881165
0.8084114789962769
0.6079557538032532
0.722396969795227
0.36865729093551636
0.5624386072158813
1.0691481828689575
0.58343505859375
0.5255535244941711
0.5859440565109253
0.6424474716186523
0.1929391622543335
0.7638331651687622
0.47806042432785034
0.5835927128791809
0.7321160435676575
0.4884297847747803
0.6013280749320984
0.750900149345398
0.8585337400436401
0.8066251873970032
0.5045819282531738
0.1897268295288086
