0.7973576784133911
0.8914734721183777
0.5962385535240173
0.31994253396987915
0.43295350670814514
0.43648838996887207
0.3062308430671692
0.8062545657157898
0.9199175834655762
0.4254605174064636
0.3696545660495758
0.7926280498504639
0.6484001874923706
0.7072625160217285
0.5427572727203369
0.8365609049797058
0.4602409303188324
0.38023412227630615
0.6137329936027527
0.6294719576835632
0.6466817855834961
0.7700891494750977
0.5133242607116699
0.8008418083190918
1.6803356409072876
0.8021243214607239
1.035048484802246
0.6768709421157837
0.5211488008499146
0.6022211313247681
0.8457486033439636
0.24584898352622986
0.7768612504005432
0.7836357951164246
0.5799829363822937
0.8113366961479187
0.40957340598106384
0.495324045419693
0.5453552603721619
0.9605118036270142
0.40500420331954956
0.6685631275177002
0.4840662479400635
0.9293099641799927
0.43672022223472595
0.47878599166870117
0.5912035703659058
0.5661449432373047
0.8991533517837524
0.7415789365768433
0.5747718811035156
0.4204729199409485
0.8351104855537415
1.262112021446228
0.7167364358901978
0.6315116882324219
0.9340621829032898
0.7320457100868225
0.7716352939605713
1.0066747665405273
0.671508252620697
0.5239712595939636
0.5354682207107544
0.34949982166290283
0.7742665410041809
0.36809584498405457
0.551816999912262
0.5439763069152832
0.5919371843338013
0.28352928161621094
0.8442059755325317
1.2707674503326416
0.7788045406341553
0.7660926580429077
0.5956424474716187
0.9230127334594727
0.37943148612976074
0.7585130929946899
0.6849926710128784
0.6270226240158081
0.7486469745635986
0.645865261554718
0.6967720985412598
0.4534367024898529
0.600763201713562
0.6712751388549805
0.4977172017097473
0.8614087104797363
0.4789447784423828
0.7884649038314819
0.34447866678237915
0.6473046541213989
0.5765891671180725
0.8612388372421265
0.4460824131965637
0.6370514035224915
0.5281064510345459
0.48062649369239807
0.5149658918380737
0.673143744468689
0.36245039105415344
0.9056790471076965
0.5350540280342102
0.3879685401916504
0.8258835077285767
0.628166675567627
0.8337042927742004
0.492938369512558
0.47579821944236755
0.7984911203384399
0.6463800072669983
0.8398319482803345
0.4875120520591736
0.6019956469535828
0.48930567502975464
0.5115014314651489
0.9253794550895691
0.3063833713531494
0.7525640726089478
0.48961615562438965
0.8754419088363647
0.4530028700828552
0.6123291254043579
0.5128360390663147
0.44766107201576233
0.5247465968132019
0.6084071397781372
1.027223825454712
0.4619970917701721
0.3722279667854309
0.47889265418052673
1.0676205158233643
0.818388819694519
0.7527143955230713
0.8720647692680359
0.4383890628814697
0.4938269555568695
0.5269608497619629
0.548721432685852
0.4538552165031433
1.2485604286193848
0.6826835870742798
0.9445700645446777
0.8480417132377625
0.35520583391189575
0.5498529076576233
0.6449450850486755
0.61754310131073
0.6512410044670105
0.4086410403251648
0.6519540548324585
0.6975437998771667
0.7062351703643799
0.7306914925575256
0.6415351629257202
0.7930525541305542
1.1597707271575928
0.8835569620132446
0.5703288316726685
0.7138511538505554
0.6110483407974243
0.4222658574581146
0.6189935207366943
1.071678876876831
0.6487690210342407
0.408304363489151
0.7065874934196472
0.8413650393486023
0.6631680727005005
0.24257636070251465
0.6625311970710754
0.39330753684043884
0.7728860378265381
0.8056524395942688
0.314325213432312
0.45184651017189026
0.826518714427948
0.5838903188705444
0.48457765579223633
0.5451733469963074
0.44947105646133423
0.7833238840103149
0.601406455039978
0.46508389711380005
0.6371925473213196
0.5995773673057556
0.72713303565979
0.7101542353630066
0.4887016713619232
0.4864951968193054
0.5694109201431274
0.49579891562461853
0.6855093240737915
0.4674381613731384
0.9298474192619324
0.6824144124984741
0.4682455062866211
0.6194027662277222
0.837243914604187
0.9568161964416504
0.8516073226928711
0.9593784213066101
0.7655768394470215
0.8786881566047668
0.8650754690170288
0.6834571361541748
0.7401626110076904
0.735848069190979
1.1138921976089478
0.7861080169677734
0.8344660997390747
1.0664316415786743
0.6869487762451172
0.4315371513366699
0.3996381461620331
0.5881234407424927
0.8922422528266907
0.6607143878936768
0.47370457649230957
1.2723766565322876
0.7546716928482056
0.6355284452438354
0.39397475123405457
0.5314733386039734
0.7405828237533569
0.4524758756160736
0.46899858117103577
0.9407774209976196
0.6496165990829468
0.8901484608650208
0.6348407864570618
0.5891446471214294
0.6585738062858582
0.6430137157440186
0.5028706789016724
0.47635823488235474
0.8685868978500366
1.0211209058761597
0.3903721868991852
0.7992204427719116
0.5178200602531433
0.7813228964805603
0.47033554315567017
0.7426646947860718
0.5487056970596313
0.26443177461624146
0.7220245599746704
0.7982651591300964
0.7615460753440857
0.9274765849113464
0.5754836797714233
0.5758263468742371
0.6050183773040771
0.6092005968093872
0.5518752336502075
0.6813571453094482
0.3321022391319275
0.6572749614715576
0.9961713552474976
0.8166549801826477
1.0297073125839233
0.3800778388977051
0.5051047205924988
0.7798371315002441
0.6638793349266052
0.45926007628440857
0.41160282492637634
0.5590961575508118
0.40749606490135193
0.6516714692115784
0.6229988932609558
0.7626699209213257
0.545195460319519
0.5564366579055786
0.6290410161018372
0.4718994200229645
0.6236843466758728
0.6027377843856812
0.764043927192688
0.5688201189041138
0.6741658449172974
0.7676661014556885
0.7877310514450073
0.45698508620262146
0.6287642121315002
0.7850874066352844
0.3572019636631012
0.4005785584449768
0.6650813817977905
0.6323683857917786
0.44992703199386597
0.7203160524368286
0.5884814262390137
0.5366801023483276
0.6291511654853821
0.5999057292938232
0.7480482459068298
1.0641756057739258
0.9361625909805298
0.5432397723197937
0.5183065533638
0.7973864674568176
0.6170884370803833
0.5377537608146667
0.7809118032455444
0.9471107721328735
0.4920279383659363
0.8060229420661926
0.7315436601638794
0.47882169485092163
0.5467773675918579
0.437755286693573
0.4477010667324066
0.37045690417289734
0.3996606171131134
0.5094431638717651
0.7940953969955444
0.5806757807731628
0.7178076505661011
0.5255674123764038
0.8461536169052124
0.6947019100189209
0.4111805856227875
0.6357229948043823
0.36834460496902466
1.056121587753296
0.2945761978626251
0.42615237832069397
0.4569432735443115
0.5900292992591858
0.7194923162460327
0.21249528229236603
0.588687002658844
0.6163181066513062
0.3399542272090912
0.6501625180244446
0.49635782837867737
3.0796773433685303
