0.4370061755180359
1.015377163887024
0.3402863144874573
0.20255713164806366
0.5104180574417114
0.3847622275352478
0.5457276105880737
1.0513675212860107
0.49972420930862427
0.8364537358283997
0.5744012594223022
0.8419486284255981
0.6200637817382812
0.3762570023536682
0.4309963285923004
0.6648004651069641
0.5652719140052795
0.6591392159461975
0.3887132704257965
1.6956344842910767
0.40290480852127075
0.5905616879463196
0.4387584626674652
0.5054302215576172
0.6131278276443481
0.6266194581985474
0.568156898021698
0.5374954342842102
1.0184080600738525
0.5847030282020569
0.7012261152267456
0.6120266318321228
0.2396000176668167
0.6029848456382751
0.7515606880187988
0.7087494134902954
0.5367864370346069
0.3066984713077545
0.32738980650901794
0.5865339040756226
1.1305525302886963
0.5473175048828125
0.6022922396659851
0.564590334892273
0.48637956380844116
1.1397384405136108
0.8204658627510071
0.612429678440094
0.9470903277397156
0.6099188923835754
0.6817333102226257
0.5332786440849304
1.1498502492904663
0.6444198489189148
0.3969021737575531
1.6851730346679688
0.6219387054443359
0.838298499584198
0.632479190826416
0.6209428906440735
0.6251428723335266
0.4490179121494293
0.6221743822097778
0.6078530550003052
1.1010806560516357
0.5927404165267944
0.4151762127876282
0.6610466241836548
0.48632368445396423
0.6439083814620972
0.7239714860916138
0.7834705114364624
0.8607504963874817
0.42283540964126587
0.33896952867507935
0.4826229512691498
0.3595128655433655
0.37710464000701904
0.6887286901473999
0.340821772813797
0.6088881492614746
0.5298584699630737
0.7545345425605774
0.8305780291557312
1.2773326635360718
1.266447901725769
0.4890351891517639
0.4981795847415924
0.5682384371757507
0.5203234553337097
0.6658061146736145
0.4136792719364166
0.5415096879005432
0.6131409406661987
0.5281752943992615
0.5432822108268738
0.37130019068717957
0.5885330438613892
0.9590004086494446
0.3624382019042969
0.703281044960022
0.575580894947052
0.8892158269882202
0.49786296486854553
0.5537214279174805
0.3873608708381653
0.3819853663444519
0.44139212369918823
0.649994969367981
0.550631046295166
0.853589653968811
0.6252076625823975
0.5922629833221436
0.3301820158958435
0.27293670177459717
0.4651873707771301
1.169341802597046
0.6806347966194153
0.6061211824417114
0.9909185171127319
0.5543872117996216
0.49325162172317505
0.9820269346237183
0.7333554625511169
0.6249402761459351
0.49788063764572144
0.5718675851821899
0.4374382495880127
0.48914027214050293
0.829250156879425
0.6009200215339661
1.0106042623519897
0.3842570185661316
0.6876357793807983
0.6189514994621277
1.0949289798736572
0.46156367659568787
0.3094777464866638
0.5684117078781128
0.8691566586494446
0.3728538751602173
0.8507741689682007
0.5452004075050354
0.9597916603088379
1.0385210514068604
0.8470242619514465
0.46766185760498047
0.8647583723068237
0.805164635181427
0.4749735891819
1.0597689151763916
0.7513694763183594
0.9232646822929382
0.403068482875824
0.7274872064590454
0.7882809638977051
0.5010151267051697
0.9711300134658813
0.8571944236755371
0.4008304476737976
0.6414166688919067
0.7927529215812683
0.621574342250824
0.20358720421791077
0.7880488634109497
0.6002673506736755
0.4205666184425354
0.7624338269233704
0.8149235844612122
0.5649324059486389
0.9289506673812866
0.6346808671951294
0.6120344996452332
0.8422185778617859
0.5332292318344116
1.1024925708770752
0.40093064308166504
0.7734454870223999
0.7776108384132385
0.4552009701728821
0.5298694372177124
0.530432403087616
0.5405523180961609
1.0543744564056396
0.6356662511825562
0.40425318479537964
0.540421187877655
0.44006091356277466
0.4265924096107483
0.6462006568908691
0.4451262354850769
0.6524308323860168
0.6133241653442383
0.5279461145401001
0.4237073063850403
0.5640150904655457
1.4262079000473022
0.5605664253234863
0.590202271938324
0.5409166216850281
1.0690233707427979
0.4224533140659332
0.699721097946167
0.6903210878372192
0.44743889570236206
0.6255542635917664
0.9150433540344238
0.5706160068511963
0.7295330762863159
0.6508614420890808
0.5730509161949158
1.0226333141326904
0.47197747230529785
0.47279953956604004
0.8121406435966492
0.6494911909103394
0.6315609216690063
0.6102216839790344
0.6551607251167297
0.7845206260681152
0.8160490989685059
0.8180776834487915
0.9800617098808289
0.7966715097427368
0.6093360185623169
0.8931425213813782
1.0093858242034912
0.6206318736076355
0.6648734211921692
0.5215622186660767
0.4886198043823242
0.5323724746704102
0.5838974714279175
0.7110291719436646
0.7921370267868042
0.38626012206077576
0.38931307196617126
0.2844516336917877
0.9289145469665527
0.3215751647949219
0.35452961921691895
0.600602924823761
0.7814135551452637
0.5969365239143372
1.139918327331543
0.5033007860183716
0.4872616231441498
0.4324454367160797
1.1902141571044922
0.7843493223190308
0.44398441910743713
0.25848472118377686
0.7238877415657043
0.5211764574050903
0.5496587157249451
0.71867436170578
0.48449429869651794
0.7965553402900696
0.6537312269210815
0.7018028497695923
0.6698000431060791
1.1332811117172241
0.6863714456558228
0.9158272743225098
0.2498784065246582
0.5187504887580872
0.291435182094574
0.8639707565307617
0.5747586488723755
0.36742186546325684
0.4798659384250641
0.8498721122741699
1.0761587619781494
0.7431458234786987
0.8092397451400757
0.5408636331558228
0.4696527123451233
0.7167524099349976
0.5131415128707886
0.5078734755516052
0.7068766355514526
0.6287661790847778
0.7918128967285156
0.7390143871307373
0.5054889917373657
0.35505619645118713
1.1087608337402344
0.6285671591758728
1.5978164672851562
1.1510581970214844
0.7981975674629211
0.6294628381729126
0.7674821615219116
0.5547226667404175
0.35771092772483826
0.5287497639656067
1.1966527700424194
0.5633698105812073
0.6114001274108887
0.5998485684394836
0.4009418487548828
0.8586248159408569
0.6831653714179993
0.6682745218276978
0.7976981401443481
0.5243217349052429
0.5240105986595154
0.7201038002967834
0.6441743969917297
0.4353782534599304
0.4066780209541321
0.8462225198745728
0.6505500674247742
0.6223262548446655
0.4181215167045593
0.7014274597167969
1.2306272983551025
1.340512990951538
0.4343954026699066
0.6843875050544739
0.4726901948451996
0.8063068389892578
0.6306024789810181
0.6421641707420349
0.47978466749191284
1.026262640953064
0.6545466184616089
0.6293201446533203
0.4708019196987152
0.7698261141777039
0.5228781700134277
0.601576566696167
0.7238684892654419
1.0602165460586548
0.8480251431465149
0.7185841798782349
0.8437226414680481
0.580430805683136
