0.5859312415122986
0.3737156093120575
0.38783082365989685
0.4450612962245941
0.35157349705696106
0.8525155782699585
0.26718568801879883
0.4336310029029846
0.5516586899757385
0.6035348773002625
1.2347965240478516
0.4968026280403137
0.5536368489265442
0.8437878489494324
0.4724758267402649
1.1698896884918213
0.3505687713623047
0.7352532148361206
0.655703067779541
0.736137330532074
1.0117443799972534
0.3804119825363159
0.6438608169555664
0.6761568784713745
0.8575805425643921
0.548589825630188
1.0358750820159912
0.8286617994308472
0.4040270745754242
0.4401227831840515
1.0052359104156494
0.34591442346572876
0.3366198241710663
0.6287444829940796
0.6689218282699585
0.9819163084030151
0.6846511363983154
0.8212901949882507
0.8283333778381348
0.3813984990119934
0.549339234828949
0.621675968170166
0.6258602142333984
0.9575697779655457
0.46466389298439026
1.00820791721344
0.9093642234802246
0.8453553915023804
0.48943692445755005
0.32389989495277405
0.8321531414985657
0.3233339488506317
0.5339384078979492
0.2755560576915741
0.49441593885421753
0.5962009429931641
0.4997390806674957
0.620804488658905
0.9030650854110718
0.48553791642189026
0.8245899081230164
0.9992575645446777
0.5935994386672974
1.1948754787445068
0.7916943430900574
0.8232104182243347
0.34501007199287415
0.539688766002655
0.42826420068740845
0.4267641007900238
0.42706456780433655
1.1001694202423096
1.0066840648651123
0.5915298461914062
0.36483216285705566
0.44943538308143616
0.6250066161155701
0.3951827585697174
0.5368674397468567
0.8555620908737183
0.7031924724578857
0.47652870416641235
0.5732293128967285
0.8204644322395325
0.4321226477622986
0.7266923785209656
0.3829699754714966
0.5132527947425842
0.6645406484603882
0.469059556722641
0.6532334089279175
0.6377704739570618
0.6879974603652954
0.8238849639892578
1.3020861148834229
0.4501008093357086
0.7803246378898621
0.28931623697280884
1.0397365093231201
0.5514010190963745
0.5113439559936523
0.7176746129989624
0.38104066252708435
0.6023143529891968
0.5398795008659363
0.6324335336685181
0.563217282295227
0.633886456489563
0.4419329762458801
0.8412398099899292
0.3035343289375305
0.38334375619888306
0.9589208364486694
0.7275892496109009
0.7983804941177368
0.9759182929992676
0.27855974435806274
0.5537590980529785
0.947124183177948
0.6894922256469727
0.8455856442451477
0.7793088555335999
1.0753679275512695
0.6707015633583069
0.9198614358901978
0.5509554147720337
0.8816664814949036
0.5819358825683594
0.35441234707832336
0.5248658657073975
0.39651137590408325
0.6037534475326538
0.6561739444732666
0.7681561708450317
0.423698365688324
0.6855252385139465
0.8313128352165222
0.9834097027778625
1.0165090560913086
0.6255276799201965
0.6930602788925171
0.42062073945999146
0.26422858238220215
0.434847354888916
0.8271011114120483
0.7717471718788147
0.413794606924057
0.6339951753616333
0.5737000703811646
0.6113678812980652
0.35129019618034363
0.6215595602989197
0.6282542943954468
0.4180923104286194
1.4418442249298096
0.7555391192436218
0.5786634683609009
0.9535329937934875
0.4517008364200592
0.4338180422782898
1.104006052017212
1.2175041437149048
0.4235979914665222
0.4265676438808441
0.5109502673149109
0.9313943982124329
0.6226404905319214
0.5654056668281555
0.9703779220581055
0.445528507232666
0.4450133740901947
0.6227309107780457
0.9973586797714233
0.5236371159553528
0.5456915497779846
0.3668397068977356
0.5648781061172485
0.9543245434761047
0.4759043753147125
0.7109304666519165
0.5566118359565735
0.5467156767845154
0.7469834089279175
1.272611379623413
0.5080289244651794
0.49554243683815
0.3962175250053406
0.6855549812316895
0.35576537251472473
0.3892767131328583
0.4805665612220764
0.34215933084487915
0.5607997179031372
0.5421053767204285
1.340157151222229
0.8171507716178894
0.6379653215408325
1.1194496154785156
0.47837716341018677
0.4599584937095642
0.7689371109008789
0.4513280987739563
0.4328644275665283
0.45553889870643616
0.5149816870689392
0.3326774537563324
0.9421785473823547
0.7409644722938538
0.585929274559021
0.5452237129211426
0.8428298830986023
0.9099183082580566
0.39308077096939087
0.7477340698242188
0.5106972455978394
0.9329950213432312
0.9045307040214539
1.3312536478042603
0.8505412936210632
0.9507771730422974
0.4346260130405426
0.22859779000282288
0.8486251831054688
0.7889335751533508
0.5976494550704956
0.3423934578895569
0.7267162203788757
0.4368686079978943
1.0005452632904053
0.7929772138595581
0.7882974743843079
0.5617345571517944
0.4728291630744934
0.9246166348457336
0.7332218885421753
0.43651214241981506
1.1250674724578857
0.5626476407051086
0.740551233291626
0.8335584402084351
0.517802357673645
0.40430036187171936
1.0520423650741577
0.8018807172775269
0.2879936397075653
1.3426382541656494
0.6144062280654907
0.32847318053245544
0.5747930407524109
0.33244216442108154
0.33418184518814087
0.7208755016326904
0.7158956527709961
0.4468453824520111
0.7822961807250977
0.9617552757263184
0.39225077629089355
0.8528959155082703
0.4701882004737854
0.2559199929237366
0.7497561573982239
0.3021908402442932
0.5842181444168091
0.49340400099754333
0.5722171664237976
0.6784747242927551
0.5100052356719971
1.2158535718917847
0.6677885055541992
0.31304076313972473
0.5724394917488098
0.4938436448574066
0.6187953948974609
0.8958816528320312
0.7396467328071594
1.3053268194198608
0.49506694078445435
0.509194552898407
1.1890777349472046
1.0522024631500244
0.542286217212677
0.503997802734375
0.7647253274917603
0.7171270847320557
0.7055464386940002
0.31641414761543274
0.6582943201065063
1.3646628856658936
0.873246967792511
0.41366511583328247
0.5668217539787292
0.41827815771102905
1.2833597660064697
0.6450879573822021
0.8467825651168823
0.530012309551239
0.9448870420455933
0.6086915135383606
0.4834050238132477
0.9031432867050171
0.8807622194290161
0.8357685208320618
0.8012452125549316
0.3718363344669342
0.6967242956161499
0.6387912034988403
0.6500648260116577
0.9770759344100952
0.3338893949985504
0.46201401948928833
0.5755972862243652
0.3865830600261688
0.3085762858390808
0.6485182642936707
0.5550023317337036
0.39609554409980774
0.45878639817237854
0.3264261782169342
0.8228703737258911
0.6791833639144897
0.4453771710395813
0.4693949222564697
0.9269394874572754
0.8537376523017883
0.6981878280639648
0.5352335572242737
0.9971849322319031
1.2402245998382568
0.6139762997627258
1.259932518005371
0.8321030735969543
0.28547143936157227
1.1963452100753784
0.8202573657035828
0.376362144947052
0.677069365978241
0.7836872935295105
1.2447994947433472
