0.5127915143966675
0.7835135459899902
0.5038148760795593
0.598779022693634
0.6462802886962891
0.40773457288742065
0.5719430446624756
0.36177682876586914
0.5619645118713379
0.6980233788490295
0.8011660575866699
0.7135653495788574
0.6604976654052734
0.7379246354103088
0.5268665552139282
0.46079009771347046
0.6475027799606323
0.4162755012512207
0.5828858613967896
0.5771657824516296
0.512468159198761
0.4925157427787781
0.541547954082489
0.65326988697052
0.7575002312660217
0.5912604331970215
0.847979724407196
0.4562559127807617
0.712990939617157
0.5304905772209167
0.3652459681034088
0.4784167408943176
0.4459090232849121
1.078473448753357
0.5586325526237488
0.502285361289978
1.0301296710968018
0.4585360586643219
0.8147116899490356
1.0516449213027954
0.3701466917991638
0.33852165937423706
0.9826675653457642
0.5210484266281128
0.39271554350852966
1.1030421257019043
0.41700854897499084
0.6915750503540039
0.3593011796474457
0.3625395596027374
0.8262640833854675
0.5568937063217163
0.4837490916252136
0.32193249464035034
1.2676782608032227
0.9870104789733887
0.7546635866165161
0.4800744950771332
0.6405518054962158
0.6914666891098022
0.4442964196205139
0.47287091612815857
0.6655679941177368
0.6174558401107788
0.3574454188346863
0.2665148675441742
0.4558046758174896
0.43971967697143555
0.4489893913269043
0.8328801393508911
0.48611778020858765
0.6189895868301392
0.7717006206512451
0.6409395337104797
0.4545533061027527
0.7186511158943176
0.45050519704818726
0.6643530130386353
1.1274378299713135
0.9359704852104187
0.9468594789505005
0.9689701795578003
0.8101967573165894
0.6658769249916077
0.5827115774154663
0.4705703854560852
0.6346253156661987
0.6426937580108643
0.6554637551307678
0.5691688060760498
0.7254244089126587
0.4053575098514557
0.5170067548751831
0.947401225566864
0.3809690475463867
0.7551876902580261
0.4735598564147949
0.6277953386306763
0.5620569586753845
0.5943374633789062
1.2021971940994263
0.9560688734054565
0.575446605682373
0.5626100897789001
0.6467369794845581
0.8347622156143188
0.6974701285362244
0.8286846280097961
0.8002792596817017
0.6278988122940063
0.7963238954544067
0.7886501550674438
0.6678270101547241
0.9878519177436829
0.8906576037406921
0.6631243824958801
0.6939191818237305
0.4705757200717926
0.6090458631515503
0.910770058631897
0.9246891140937805
0.4256606996059418
0.7048641443252563
1.0019443035125732
1.0803780555725098
0.8531557321548462
0.6023136973381042
0.8214174509048462
0.7201350927352905
0.6102710366249084
0.43337884545326233
0.5365788340568542
0.7013317346572876
0.4038631021976471
0.6638967990875244
0.8091297149658203
0.7372347712516785
0.5540047883987427
0.5063666105270386
0.3587285578250885
1.092604398727417
0.4760289192199707
0.536422848701477
0.6936068534851074
0.6062656044960022
1.0361943244934082
1.019270896911621
1.0471441745758057
1.4824093580245972
0.4388121962547302
0.596901535987854
0.8235764503479004
0.9477642178535461
0.5197654962539673
0.6862970590591431
0.4963293969631195
0.4956027865409851
0.7033736705780029
0.423208624124527
0.5048424005508423
1.3981831073760986
0.42192792892456055
1.3086540699005127
0.5669618844985962
0.895161509513855
0.6490411162376404
0.9326241612434387
0.6186339259147644
0.6341344714164734
0.4499755799770355
1.0238151550292969
0.9113439321517944
0.7065368890762329
0.5004695057868958
0.552810788154602
0.38410377502441406
0.7041746377944946
0.42186030745506287
0.7196041345596313
0.4963604807853699
0.35166239738464355
1.2096259593963623
0.2805158495903015
0.8396784663200378
0.5440719723701477
0.8445185422897339
0.3214191794395447
0.7973045706748962
1.0702793598175049
0.8251816034317017
0.609006404876709
1.2432963848114014
0.6737418174743652
0.6004297137260437
0.6743630170822144
0.6295038461685181
0.6537302136421204
0.615410327911377
0.4229833483695984
0.6298321485519409
0.3106895685195923
0.4709476828575134
0.7775564193725586
0.5768676996231079
0.6359704732894897
0.49374422430992126
0.6483091115951538
0.8268430829048157
0.5493134260177612
0.3707069754600525
0.6231461763381958
0.6797521114349365
0.7444393038749695
0.47177934646606445
0.6837403178215027
0.7559349536895752
0.5191686749458313
0.6110638380050659
1.1101155281066895
0.6530472040176392
0.5886910557746887
0.3911486566066742
0.41070088744163513
0.553237795829773
0.3766445815563202
0.9585399627685547
0.3884536623954773
0.6421017050743103
0.7618460655212402
0.7189209461212158
0.35862022638320923
0.7407074570655823
0.3861621916294098
0.4242715835571289
0.2626408040523529
0.541279673576355
0.819819450378418
0.40143856406211853
0.5033105611801147
0.39418911933898926
0.5926961302757263
0.37431350350379944
1.6589043140411377
0.451448917388916
1.6701924800872803
0.7584870457649231
0.45350751280784607
0.7988863587379456
0.3161972165107727
0.5576635599136353
0.7578798532485962
0.5897449851036072
0.39550572633743286
0.510452389717102
0.7166555523872375
0.3303423225879669
0.388343870639801
0.8774855732917786
0.8397720456123352
0.40694427490234375
0.4092954695224762
1.790628433227539
0.4471254348754883
0.7981351017951965
0.5407834649085999
0.7011061906814575
0.4652675688266754
0.5027070045471191
0.4511556625366211
0.3672885596752167
0.787416934967041
0.358195424079895
0.7948288917541504
0.8411926031112671
0.3573463559150696
0.7463504672050476
0.8721596002578735
1.059931993484497
0.6657027006149292
0.43311089277267456
0.48717841506004333
0.5529038906097412
0.9116705060005188
0.6194497346878052
0.6243427991867065
1.5770858526229858
0.4864538311958313
0.6729391813278198
0.5583957433700562
0.31386691331863403
0.3796931207180023
0.8396917581558228
0.5344673991203308
0.2600768506526947
0.3966827392578125
0.4915323853492737
0.41375431418418884
0.7118059396743774
0.7991818189620972
0.7707785367965698
0.7240107655525208
1.4476525783538818
0.8957578539848328
0.7333341836929321
0.4206528067588806
0.5495001077651978
0.5256180167198181
0.47315531969070435
0.4766063690185547
0.5352870225906372
0.7708178162574768
0.4964476227760315
0.36627107858657837
0.4334791302680969
0.806121826171875
0.5492053031921387
0.42440080642700195
0.5199598670005798
0.5975903868675232
0.5970567464828491
0.8216459155082703
0.6855667233467102
0.8171654939651489
0.5858036875724792
0.5293442010879517
0.6734989881515503
0.5224650502204895
0.5383472442626953
0.7960914969444275
0.2569679021835327
0.5183230638504028
0.7405576109886169
1.1665873527526855
1.021959662437439
0.4987853169441223
0.59026038646698
0.5493490099906921
0.38111743330955505
