0.596917450428009
1.0183970928192139
0.4083802103996277
0.28874391317367554
0.8036357164382935
0.6473413109779358
0.3943840563297272
0.597847580909729
0.5093033909797668
1.121113657951355
0.8799852132797241
0.7015058994293213
0.8009835481643677
0.7064778208732605
0.830590546131134
1.4123796224594116
0.5196883082389832
0.9146720767021179
0.5667568445205688
0.6782236695289612
1.4585782289505005
0.46580156683921814
0.2945218086242676
0.6607105731964111
0.6930270791053772
0.6825454831123352
0.7158495187759399
0.6368688344955444
0.7083203196525574
0.5463789105415344
0.7573763132095337
1.0810743570327759
0.748029351234436
0.6137146949768066
0.8524655103683472
0.4484826624393463
0.6565552949905396
0.673161506652832
0.3799698054790497
0.7499366402626038
0.6012563109397888
0.24844220280647278
0.8826554417610168
0.35295334458351135
0.5944746136665344
0.8032470941543579
0.4038375914096832
0.5209618806838989
0.6222522854804993
0.5347985029220581
0.8670690655708313
0.6216146349906921
0.5942201614379883
0.7499169707298279
0.5120689272880554
0.9126594662666321
0.5225144624710083
0.423409640789032
0.44936972856521606
0.4118614196777344
0.4910596013069153
1.14766526222229
0.7182663679122925
0.9195736050605774
1.3575631380081177
0.7034245133399963
0.3804636597633362
1.152796983718872
1.2956695556640625
0.6811397671699524
1.0866878032684326
0.35193055868148804
0.7408459782600403
1.064644455909729
0.40483665466308594
0.5017622709274292
0.3403809070587158
0.9748059511184692
0.8393830060958862
0.8963886499404907
1.0022146701812744
0.4486318528652191
0.6050824522972107
0.546974778175354
0.8364434242248535
0.7773371934890747
0.4768747389316559
0.27634668350219727
0.7745126485824585
0.45343565940856934
0.5412002205848694
0.7023528218269348
0.5790194869041443
0.6826564073562622
0.3990488350391388
0.7168179750442505
0.38769659399986267
0.5878586769104004
0.6169991493225098
0.5700429677963257
1.0147374868392944
0.8971281051635742
0.6565455198287964
0.39540404081344604
0.504040002822876
0.5095742344856262
1.0841267108917236
0.6989127397537231
0.4995799660682678
0.661857008934021
0.6082282066345215
1.1819199323654175
0.9281792640686035
0.6650371551513672
0.6637969613075256
0.4277483820915222
0.6865764856338501
0.33724886178970337
0.4805781841278076
0.40189066529273987
0.5006340742111206
0.5361200571060181
0.7243539094924927
0.6068838834762573
0.6276549696922302
0.6024116277694702
1.1019387245178223
0.7517741322517395
0.7936150431632996
0.7069970965385437
0.9847313165664673
0.9984391927719116
0.8100624084472656
0.6772483587265015
0.6130428910255432
1.0048847198486328
0.5668641924858093
0.49374961853027344
0.5628451108932495
0.47537508606910706
0.8661113977432251
0.5443054437637329
0.5363604426383972
0.43447986245155334
0.47473669052124023
0.5347206592559814
0.7960191369056702
0.48951560258865356
0.7446349859237671
0.7092344164848328
0.5433107614517212
0.4235908091068268
0.3803470730781555
0.6666496396064758
0.6293716430664062
0.4539138376712799
0.4147183299064636
0.7004892230033875
0.9121811985969543
0.49061527848243713
0.7816288471221924
0.24744939804077148
0.7269037961959839
0.6716139316558838
0.7148178219795227
0.575066864490509
0.4953204095363617
0.6539721488952637
0.3714938461780548
0.7988945841789246
0.43753036856651306
0.5630051493644714
0.71635901927948
0.5071049928665161
0.7877668142318726
0.4583040177822113
0.7120938897132874
0.5539190173149109
0.5344083309173584
1.1696630716323853
0.6825369596481323
0.3206660747528076
0.5118683576583862
0.6552847623825073
0.5505768656730652
1.2172149419784546
0.6072890162467957
0.8715736269950867
0.587377667427063
0.4761543869972229
0.6454415321350098
0.2846601605415344
0.8274503946304321
0.6258410215377808
0.2864536643028259
0.673218309879303
0.8851490020751953
0.549343466758728
0.8571273684501648
0.5132330656051636
0.6857132911682129
0.4952707886695862
0.43983787298202515
0.6984767317771912
0.5413898229598999
0.8704856038093567
0.6394519805908203
0.718482494354248
0.36131539940834045
0.5573031306266785
0.5310881733894348
0.6264430284500122
0.8659383654594421
0.9288617968559265
1.102569818496704
0.6453405618667603
0.8715459704399109
0.5357160568237305
0.5953118801116943
0.5759068727493286
0.6661385893821716
0.6072489619255066
0.5402888059616089
0.4548690915107727
0.628924548625946
0.46220532059669495
0.6529157757759094
0.8556264042854309
0.7171658873558044
0.7230780720710754
0.7594147324562073
0.5425541400909424
0.5322427153587341
0.933770477771759
0.6517237424850464
0.43240833282470703
0.6727213263511658
0.5103439092636108
0.4641074538230896
0.4105145335197449
0.6754032373428345
0.5112119913101196
0.43724656105041504
0.5229829549789429
0.8046852350234985
0.45100879669189453
0.44959068298339844
0.7007274627685547
0.8122824430465698
0.374251127243042
0.439525306224823
0.6550663709640503
0.8177616000175476
0.40367060899734497
1.4104554653167725
0.5558633208274841
0.6843850612640381
0.5388652086257935
1.0131901502609253
0.7386242747306824
0.7896393537521362
0.8193607330322266
0.46215933561325073
0.600143313407898
0.5293017029762268
0.3759273588657379
0.5516552925109863
1.0075948238372803
0.3473813533782959
0.508203387260437
0.48938170075416565
0.34109270572662354
0.6276545524597168
0.5937485694885254
0.39210477471351624
0.572680652141571
0.8038662075996399
0.7947332859039307
0.8148671984672546
0.49632057547569275
0.5157092809677124
0.8240399360656738
0.2920539081096649
0.5240156054496765
0.522185206413269
1.3484642505645752
0.4741070866584778
0.6129921674728394
0.5659387707710266
0.6056706309318542
0.33217260241508484
0.6044952869415283
0.8785699009895325
0.49837714433670044
0.47440004348754883
0.7373413443565369
0.45673614740371704
0.8989804983139038
0.33356767892837524
1.098552942276001
0.9203368425369263
0.9946377873420715
0.46426987648010254
0.9055220484733582
0.7631174325942993
0.6391251683235168
0.8411543965339661
0.4658019542694092
0.43995991349220276
0.6250478029251099
0.6143249273300171
0.7439295053482056
0.9834966659545898
0.5081110000610352
0.8514537811279297
0.7826259732246399
0.7738600969314575
0.5473228693008423
0.6426414251327515
0.5833370089530945
1.0448024272918701
0.7798548340797424
0.6847177743911743
0.5439585447311401
0.7406519651412964
0.4886862635612488
0.5926812291145325
0.6012579202651978
0.43991002440452576
0.5224612355232239
1.0079776048660278
0.5322304964065552
1.0049467086791992
0.6103907823562622
0.6661074757575989
0.6369019746780396
0.5745936632156372
0.5264543890953064
