0.8401657342910767
0.3385818898677826
0.6414278149604797
0.34477755427360535
0.5901215076446533
0.4168645739555359
1.0207480192184448
0.7409213781356812
0.6988023519515991
1.0612061023712158
0.685817539691925
0.8031755685806274
0.5485914945602417
0.5531505346298218
1.1842268705368042
0.5314332842826843
0.39343729615211487
0.45165735483169556
1.1125473976135254
0.3702356219291687
0.3007146716117859
1.0372684001922607
0.5511718392372131
0.8163006901741028
0.5451961755752563
0.7025421857833862
0.5898447036743164
0.635687530040741
0.6869461536407471
0.5549694299697876
0.5032035708427429
0.5145378708839417
0.6375883221626282
0.590120255947113
0.7602753639221191
0.5070216655731201
0.41473665833473206
0.5229524374008179
0.7698643803596497
0.5811136960983276
1.1260764598846436
0.8912147283554077
1.350934386253357
0.7771619558334351
0.6741329431533813
0.5487196445465088
1.008264183998108
0.6890497207641602
0.9863866567611694
0.9411840438842773
1.3732353448867798
0.4745865762233734
0.6049299240112305
0.769217848777771
0.6281228065490723
0.8728000521659851
0.2656022906303406
0.8208926916122437
0.8814966082572937
0.5245799422264099
0.7871808409690857
0.39364010095596313
0.5655163526535034
0.6159387826919556
0.8777800798416138
0.3931777775287628
0.39584678411483765
1.3687338829040527
0.4799169600009918
0.39405378699302673
0.3872227370738983
0.7470183372497559
0.9099154472351074
0.4819517135620117
0.5582548975944519
0.8953944444656372
0.4600652754306793
0.5800753831863403
0.6463019251823425
1.005855917930603
0.391104519367218
0.4798129200935364
0.6454393863677979
0.8102771043777466
0.30154889822006226
0.6953495740890503
0.7858234643936157
1.0216983556747437
0.6569499969482422
0.5961467623710632
0.5038592219352722
0.9270623922348022
0.44413986802101135
0.650264322757721
0.4138500690460205
0.7632208466529846
0.5380778908729553
0.38676056265830994
0.39936012029647827
0.26786690950393677
0.6047598719596863
1.103575348854065
0.3803441524505615
0.5958650708198547
0.5673973560333252
0.9382010698318481
0.669808030128479
0.7720241546630859
0.5993729829788208
0.6222306489944458
0.9895401000976562
0.9724153280258179
0.45952558517456055
0.6261049509048462
0.501343846321106
0.7447285056114197
0.8773585557937622
0.6763330101966858
1.0143663883209229
0.6941625475883484
0.3059556782245636
0.6013181805610657
0.5229626893997192
0.5625395178794861
0.33280786871910095
1.2613080739974976
0.7557414174079895
1.166551113128662
0.9178131222724915
0.7582064867019653
0.7241632342338562
0.7715412378311157
1.0371311902999878
1.044888973236084
0.66746586561203
0.4144454002380371
0.5717853307723999
0.4392624497413635
0.5277332067489624
1.1691070795059204
0.8395867347717285
0.2676563262939453
0.8706985712051392
0.7912968397140503
0.6848808526992798
0.7414242029190063
0.912489116191864
0.6862077116966248
0.7037265300750732
0.6335607767105103
0.44492387771606445
0.4990609586238861
0.8002010583877563
0.9187371134757996
0.9056447148323059
0.5091744661331177
0.3682959973812103
0.8354254961013794
0.8248566389083862
1.2921463251113892
0.5772231817245483
0.553294837474823
0.8888577222824097
0.600089430809021
0.7358800768852234
0.7031127214431763
0.5218106508255005
0.6752033233642578
1.0609283447265625
0.5323777198791504
0.47336500883102417
0.7449674606323242
0.9213911294937134
0.497640997171402
0.8177210092544556
0.49831312894821167
0.5094874501228333
0.35761016607284546
0.46154338121414185
0.8302986025810242
0.6940637826919556
0.7074462175369263
0.31902211904525757
0.7486978769302368
0.4320122301578522
0.38341373205184937
0.7049424648284912
0.3447338342666626
0.9561999440193176
0.4073511064052582
0.5697153806686401
1.0639302730560303
0.5124403238296509
0.4699028432369232
0.5231674909591675
0.5479062795639038
0.6851915121078491
0.8540275692939758
0.5400810837745667
0.5258302092552185
0.5020701289176941
1.0762813091278076
0.5454279184341431
1.3094942569732666
0.8590806722640991
0.47611552476882935
0.7384897470474243
0.656661331653595
0.7757309675216675
0.9611188173294067
0.3929142355918884
0.9739059209823608
0.3691297769546509
1.3621941804885864
0.8082486391067505
1.232906699180603
0.6031092405319214
0.5769197940826416
0.6120027303695679
1.120519995689392
0.552902102470398
0.5541159510612488
0.5945967435836792
0.661787211894989
0.3831336498260498
0.7377776503562927
0.40123477578163147
0.34375813603401184
0.5279815793037415
0.6911500692367554
0.6131904721260071
1.2686550617218018
0.45163559913635254
0.9955556988716125
0.4416368901729584
0.7949792146682739
0.7220883369445801
0.6406794786453247
0.7182825803756714
1.1273280382156372
1.4423294067382812
0.49248170852661133
0.4929860234260559
0.6574171185493469
0.334486186504364
0.46784037351608276
1.0442922115325928
0.9541069865226746
0.44760194420814514
0.4914146363735199
0.8064281344413757
0.48738646507263184
0.855508029460907
0.4742017686367035
1.1211795806884766
0.3400975167751312
1.0625474452972412
0.7484155893325806
0.73480224609375
0.9991258382797241
0.5119346380233765
0.4452289938926697
0.5907053351402283
0.26949596405029297
0.573772132396698
0.6133803129196167
0.685754120349884
0.24219422042369843
0.4274277687072754
0.500379204750061
0.5261742472648621
0.49811315536499023
0.6851145029067993
0.9590624570846558
0.5958985090255737
0.7568674683570862
0.6955944299697876
0.7910585403442383
0.9369844198226929
0.7999032139778137
0.37437525391578674
0.9405263066291809
1.1945195198059082
0.7198134660720825
0.7083591222763062
0.5763911008834839
0.4499608874320984
0.5269118547439575
0.5298060774803162
0.8058010339736938
0.7842456102371216
0.8476547002792358
0.9927865862846375
0.5056506395339966
0.3706636130809784
0.9993394613265991
0.7805696725845337
0.9721728563308716
0.4489080309867859
1.355437159538269
0.7605143189430237
0.5522095561027527
0.3852946162223816
0.43667054176330566
0.8487464785575867
0.9110136032104492
0.5032418370246887
0.6339548230171204
0.4448249936103821
0.5766967535018921
0.6094430685043335
0.5071584582328796
0.3625262379646301
0.3729345202445984
0.7515095472335815
0.37040477991104126
0.6665951609611511
0.6536158919334412
0.5003547668457031
0.3880937099456787
0.7559159994125366
0.6160872578620911
0.6401312947273254
0.7013465762138367
0.3457776606082916
0.9821640253067017
0.6729637980461121
0.35106438398361206
0.542847752571106
0.7288413047790527
0.8866297006607056
0.4673464894294739
0.6924096941947937
0.5961486101150513
0.6433620452880859
0.7754942774772644
0.34048500657081604
0.8673650622367859
