0.5005599856376648
0.5382176637649536
0.6659290194511414
0.5215970277786255
0.4060215950012207
0.6888042092323303
0.4235239028930664
1.0340138673782349
1.0095793008804321
0.41701459884643555
0.4345180094242096
0.5840638279914856
1.0283265113830566
0.526758074760437
0.4680146276950836
0.6872787475585938
0.37789979577064514
0.29467374086380005
0.7690383195877075
0.6769018173217773
0.830929160118103
0.6989446878433228
0.3794785439968109
0.4763030409812927
0.3865489661693573
0.8614527583122253
1.0377999544143677
0.5288141369819641
0.7385104894638062
0.4568862020969391
0.8101670145988464
0.7147473096847534
0.4266812205314636
0.5845019817352295
1.1280254125595093
0.8819220662117004
0.7858444452285767
0.4190213084220886
0.41756492853164673
0.9404101371765137
0.45763540267944336
0.609961986541748
1.2205625772476196
0.36606982350349426
0.2771090567111969
0.45655927062034607
0.559544026851654
0.8576059341430664
0.5388621091842651
0.9808497428894043
1.0179940462112427
0.6649603843688965
0.2464563101530075
0.9899882078170776
0.9403365850448608
0.3308648467063904
0.6799710988998413
0.400949090719223
0.790397047996521
0.7706640958786011
1.2294105291366577
0.9416787028312683
0.4316478669643402
0.3843521475791931
0.4505190849304199
0.5646032094955444
0.5958155393600464
0.28856053948402405
0.5620724558830261
1.0060675144195557
0.33808666467666626
0.5539950728416443
0.3473319411277771
0.6234840154647827
0.8047065734863281
0.6551423072814941
0.3924984335899353
0.39096519351005554
0.8231887817382812
0.6452154517173767
1.0604689121246338
0.39564526081085205
0.712219774723053
0.7337847352027893
0.34861016273498535
0.8491719961166382
0.3738500475883484
0.604365885257721
0.47843557596206665
0.3053348660469055
0.6387232542037964
0.7523583173751831
0.9715670347213745
0.35701900720596313
0.7446616888046265
0.43835562467575073
0.3255683481693268
0.540730357170105
0.8596709966659546
0.6079157590866089
0.870406448841095
0.7301276922225952
1.034090280532837
0.798737108707428
0.8831191062927246
0.6161733865737915
0.838718593120575
0.6856368780136108
0.3407994210720062
0.8967483639717102
0.3982331156730652
0.32269492745399475
0.4078798294067383
0.6705225706100464
0.4614267945289612
0.8998790979385376
0.7753626108169556
0.517783522605896
0.6180018186569214
0.534264326095581
0.5451974868774414
0.44124728441238403
0.7092369198799133
0.48441553115844727
0.6018118262290955
0.33142945170402527
0.3827039897441864
0.4005342125892639
0.623153805732727
0.6672391295433044
0.4153634011745453
0.8685944676399231
0.5931106805801392
0.6194742918014526
0.8532949686050415
0.9530601501464844
0.936904788017273
0.4173707067966461
0.7655827403068542
0.31658366322517395
0.296477347612381
0.5961893796920776
0.8350865244865417
0.5610854625701904
0.48202523589134216
0.7416110038757324
0.7873607277870178
0.4998375475406647
0.4738718867301941
1.512218713760376
0.6064319610595703
0.614380419254303
0.4380159378051758
0.4306325316429138
1.1594287157058716
0.6869927644729614
1.0884060859680176
0.3737545907497406
0.37836575508117676
1.473662257194519
0.7384165525436401
0.402505487203598
0.5349143743515015
0.4581167697906494
0.19162651896476746
0.615325927734375
0.42551469802856445
0.6298119425773621
0.39537763595581055
0.4432949125766754
0.8068304061889648
0.5558984875679016
0.7623094320297241
0.9977072477340698
0.9838058352470398
1.0834035873413086
0.46658724546432495
0.4194219708442688
0.595106303691864
0.3335529863834381
0.9081207513809204
0.48730698227882385
0.7516078948974609
0.3628028333187103
1.2969071865081787
0.387631356716156
0.7194978594779968
0.6421157717704773
0.7551797032356262
0.4765895903110504
0.4263079762458801
1.0715645551681519
0.6448532938957214
0.43967294692993164
0.32260602712631226
0.3708355128765106
0.5659139752388
0.7232316136360168
0.5360854864120483
0.4648793339729309
0.7968097925186157
0.5102356672286987
0.4837106764316559
0.36759790778160095
0.5532882213592529
0.5018226504325867
0.3504774868488312
0.9784862399101257
0.5423126220703125
0.5248850584030151
0.6285552382469177
0.5340885519981384
0.7991379499435425
0.6217540502548218
0.4176914691925049
0.3370363712310791
0.4911137521266937
0.3477943539619446
0.4113432765007019
0.8659868240356445
0.846357524394989
0.5592468976974487
0.39636754989624023
0.411390483379364
1.1499067544937134
0.42600542306900024
0.7668924331665039
0.3751586377620697
0.5270191431045532
0.9699889421463013
0.7500210404396057
0.9222009778022766
0.5243216753005981
0.8913413286209106
0.44209033250808716
0.6119760274887085
0.7403971552848816
0.3801470696926117
0.5466820001602173
0.39524704217910767
1.9884836673736572
0.5584267377853394
0.7108027338981628
0.7058225870132446
0.6067373156547546
0.5723550319671631
0.8376272916793823
0.46152061223983765
0.8534156680107117
0.7200771570205688
0.3865258991718292
0.7662022709846497
0.7435320615768433
0.6836625337600708
0.3773685097694397
1.1381572484970093
0.461099237203598
0.5510854721069336
0.6608396768569946
0.5271733999252319
0.8473952412605286
1.0412055253982544
0.5585662126541138
0.35815200209617615
0.6719231605529785
0.35962921380996704
0.8266069293022156
0.9438473582267761
0.9055604934692383
1.025434136390686
0.42343559861183167
0.43724513053894043
0.4861229956150055
0.36704105138778687
0.7124077081680298
0.6403812170028687
0.6379058361053467
0.7345755100250244
0.3208610415458679
0.6655967831611633
0.35729414224624634
0.5353924632072449
0.5493150949478149
0.4895813465118408
0.549096941947937
0.8429337739944458
0.7321490049362183
0.7116426229476929
0.832933247089386
0.39276114106178284
0.7997499704360962
0.9030361175537109
0.7912276983261108
0.73649662733078
0.5871033668518066
0.6014121770858765
0.5245531797409058
0.7710488438606262
0.5902940630912781
0.8972820043563843
0.5544140934944153
0.4439076781272888
0.3550350069999695
0.636859655380249
1.0548444986343384
0.8344520330429077
0.490508496761322
1.1550438404083252
1.0098466873168945
0.5771384239196777
0.8204625248908997
0.44045549631118774
0.4159124493598938
0.6625310778617859
1.2380906343460083
0.6031118631362915
1.1624901294708252
0.5348881483078003
0.6846712827682495
1.302555799484253
0.430502325296402
0.6641334295272827
0.3268965780735016
0.7956635355949402
0.5756445527076721
0.5432587265968323
0.4263743758201599
0.6571376919746399
0.5034582018852234
0.7125691175460815
0.9317902326583862
0.8131511807441711
1.2031224966049194
0.6685681343078613
0.7531811594963074
0.7183645367622375
0.4191918969154358
0.623452365398407
