1.1814472675323486
0.5695873498916626
0.526611328125
0.4949847161769867
1.0706716775894165
0.7424076795578003
0.7405635118484497
0.2563348114490509
1.0057858228683472
0.5709090232849121
0.6917077898979187
0.5863171219825745
0.989380955696106
0.4486328959465027
0.5868037939071655
0.9275211095809937
0.5229388475418091
0.5644658207893372
0.7589484453201294
0.5966631770133972
0.43694525957107544
0.7762490510940552
0.9107300043106079
0.21166810393333435
0.8209654092788696
0.5874370336532593
0.43419042229652405
0.41662436723709106
1.1010801792144775
0.47910499572753906
0.5698849558830261
0.5283453464508057
0.4863826632499695
0.7809986472129822
0.29317426681518555
0.5599443316459656
0.774742841720581
0.5484577417373657
0.6412580609321594
0.4287295341491699
0.3754155933856964
0.8821545839309692
0.7701354026794434
0.7218033075332642
0.7471790909767151
0.9876909255981445
0.7024606466293335
0.6985242366790771
0.7326053380966187
0.5619760155677795
0.8913866877555847
0.720693826675415
1.3001337051391602
0.6616626381874084
0.6081444025039673
1.0359071493148804
0.7202081084251404
0.3882176876068115
0.9173351526260376
0.5916749835014343
0.9139906764030457
0.4298378825187683
0.6766270995140076
0.7002851366996765
1.2643401622772217
0.5824485421180725
0.4327571988105774
0.40089893341064453
0.5226715803146362
0.8145885467529297
0.6106451749801636
0.7660823464393616
0.9147302508354187
0.6066584587097168
1.1072704792022705
0.4527377188205719
0.7047885060310364
0.6031339168548584
0.7074350714683533
0.6452465653419495
0.3594788610935211
0.5591009259223938
0.4163808226585388
1.000685214996338
0.8163875341415405
0.7383915781974792
0.30583685636520386
0.6177083849906921
0.6445942521095276
0.40560492873191833
0.5336230993270874
0.697730541229248
0.3915637731552124
0.4488946795463562
0.43672624230384827
0.40963053703308105
0.6138280034065247
0.765284538269043
0.7599198818206787
0.43342313170433044
0.866950511932373
0.5797847509384155
0.2782215178012848
0.41320914030075073
0.27559149265289307
1.1043434143066406
0.9134151339530945
0.7776665091514587
0.8362453579902649
0.2970048487186432
0.9776231646537781
0.6240501403808594
0.7869137525558472
0.2852613925933838
0.8504931330680847
0.3846898376941681
0.7342355847358704
0.5271971821784973
1.4587571620941162
0.5296345949172974
0.6926037669181824
0.29375290870666504
0.49976491928100586
0.6237772703170776
0.9838722348213196
0.5576637983322144
0.9012206792831421
0.7125281691551208
0.28606662154197693
1.0380054712295532
0.6098781824111938
0.744486391544342
0.6639366745948792
0.18365827202796936
0.763720691204071
0.7946476340293884
0.6864145398139954
0.5060599446296692
1.0230460166931152
0.3623972535133362
0.5554611682891846
0.542728066444397
0.6954293847084045
0.5984125137329102
0.6741196513175964
1.0142804384231567
1.0718647241592407
0.5794351100921631
0.5975111722946167
0.7668081521987915
0.8672402501106262
0.7736020088195801
0.6780790090560913
0.7971171140670776
0.47749558091163635
0.7440155148506165
0.6224600672721863
0.4950634837150574
0.8706119656562805
0.5412878394126892
0.6064724326133728
1.0744054317474365
0.4108676016330719
0.6451642513275146
0.6300786137580872
0.8506123423576355
0.43437090516090393
0.7004251480102539
0.7403297424316406
0.5962954759597778
0.550976574420929
0.7958654165267944
0.6432772874832153
0.45686522126197815
0.6109462976455688
0.38733744621276855
0.5585867166519165
1.2849754095077515
0.6273525357246399
0.5019091367721558
0.728432297706604
0.6048106551170349
0.857962965965271
0.4486357569694519
0.6102333068847656
0.7109906077384949
0.4977574944496155
0.5464575886726379
0.7412896752357483
0.9058186411857605
0.7199226021766663
0.7374423146247864
1.0311119556427002
0.5404907464981079
0.549805760383606
0.5316994786262512
0.6204493045806885
0.33178526163101196
0.6766382455825806
0.7439068555831909
0.7047315835952759
0.5018971562385559
0.8773463368415833
0.7026586532592773
0.5405587553977966
0.8159740567207336
0.8834825754165649
0.5714544057846069
0.7751592397689819
0.6472166776657104
0.4322632849216461
0.6237095594406128
0.618439793586731
0.4308083653450012
0.44765663146972656
0.7279936075210571
0.6464551091194153
0.49021950364112854
1.1118528842926025
0.4600185751914978
0.7342362403869629
0.7096489667892456
0.5736251473426819
1.1570641994476318
0.7077247500419617
0.6074085235595703
1.0069941282272339
0.6875725984573364
0.49824967980384827
0.4642830491065979
0.7912193536758423
0.8338153958320618
0.4392501711845398
0.8317996859550476
0.6233887076377869
0.49191656708717346
0.789894700050354
0.9542095065116882
0.30038219690322876
1.027006983757019
1.0867855548858643
0.4269844591617584
0.9850832223892212
0.6471220850944519
0.5503650903701782
0.6200265884399414
0.5568012595176697
0.5743014216423035
0.5190898180007935
0.33253318071365356
1.04447340965271
0.5345319509506226
0.49241095781326294
1.0537887811660767
0.567053496837616
0.47742900252342224
0.6806766986846924
0.618105411529541
0.45660820603370667
0.5364788174629211
0.5675551295280457
1.012956142425537
0.38816767930984497
0.47062262892723083
0.4569224417209625
0.3780028820037842
0.7556082606315613
0.44260525703430176
0.36948710680007935
0.6118782758712769
0.7047472596168518
0.23312945663928986
0.529205322265625
0.7768051624298096
1.113355040550232
0.25373488664627075
0.531503438949585
0.9078547358512878
0.49386316537857056
0.5747700929641724
0.8548429608345032
0.7482086420059204
0.9995152354240417
0.4699729084968567
0.21822771430015564
0.6292096376419067
0.44200342893600464
0.4166463017463684
1.1043155193328857
0.47411394119262695
0.3777550160884857
0.5454062819480896
0.5656482577323914
1.0199854373931885
0.7996324300765991
0.678572952747345
0.5257887840270996
0.4868893623352051
0.48469480872154236
0.811551570892334
0.5319777727127075
0.45076245069503784
0.40005555748939514
1.0451860427856445
0.6004817485809326
1.1520655155181885
1.1375762224197388
0.6184514164924622
0.7144215703010559
0.9394437670707703
1.3115651607513428
0.7417012453079224
0.8006108403205872
0.6808397769927979
0.5954699516296387
0.40013495087623596
0.584951639175415
0.49319881200790405
0.3603513538837433
0.8531902432441711
0.580670952796936
0.6421876549720764
0.8150644302368164
0.6364647150039673
0.6702241897583008
0.46253910660743713
0.2813425660133362
0.5325896739959717
0.42109164595603943
0.9447693824768066
0.9977270364761353
0.7022802233695984
0.43919262290000916
1.0624444484710693
0.8151213526725769
0.4109748303890228
1.1444648504257202
0.7561199069023132
