0.8318547010421753
0.8717924356460571
0.702392041683197
1.2277261018753052
0.7993530035018921
0.8575941920280457
0.6870586276054382
0.7143634557723999
0.7243069410324097
1.0281811952590942
0.5739140510559082
1.2415417432785034
0.5060224533081055
0.818405032157898
0.5961042642593384
0.5812779664993286
0.9117940068244934
0.7683844566345215
0.9373315572738647
0.9762738347053528
0.6130257844924927
0.7351740002632141
0.6386955976486206
0.6459684371948242
0.6338815689086914
1.0165395736694336
0.8738529086112976
0.6281508207321167
0.7001040577888489
0.8305149078369141
0.8617607355117798
0.8359169960021973
0.8624364733695984
0.6600696444511414
0.8509709239006042
1.2333571910858154
0.7836384773254395
0.7850297093391418
1.228804588317871
0.7264868021011353
0.6708723306655884
0.7871743440628052
1.3060115575790405
0.7046399116516113
0.992735743522644
0.6924593448638916
0.8339861035346985
0.7772130966186523
0.9272181391716003
0.695094883441925
0.877577006816864
1.1024425029754639
0.6934119462966919
0.696427583694458
0.7625855207443237
0.8794528841972351
0.6528138518333435
1.300647497177124
1.2808878421783447
1.0633430480957031
1.0605647563934326
0.6954655647277832
0.6376252174377441
0.6045672297477722
0.8385173082351685
1.096381425857544
0.716617226600647
1.0613272190093994
0.8204965591430664
0.8771101832389832
0.9362920522689819
1.2177436351776123
0.754906177520752
0.6288968324661255
0.7330413460731506
0.7378637194633484
1.060878038406372
0.6352344751358032
0.74432373046875
0.6315564513206482
0.8302979469299316
1.2685796022415161
0.9372690320014954
0.7061865925788879
0.7656009197235107
0.9853526949882507
0.8374050259590149
0.700583815574646
0.6390432119369507
0.7173699140548706
0.9733247756958008
0.9783409833908081
1.1294056177139282
1.0635799169540405
0.8406559228897095
1.0631024837493896
0.699225127696991
0.8446968793869019
0.9529107213020325
0.7565048933029175
0.5189146995544434
1.0036442279815674
1.0302826166152954
0.8025308847427368
1.186503291130066
0.8659958839416504
0.728571891784668
0.7144378423690796
1.370375394821167
0.5471633672714233
1.2579965591430664
0.7759574055671692
0.8935239911079407
0.5792744755744934
1.2900235652923584
0.8316313624382019
0.6837871074676514
0.9665470123291016
0.9156482815742493
1.0503968000411987
0.7560917735099792
0.8524399995803833
1.1156035661697388
0.9387698173522949
1.3062083721160889
0.8058738708496094
1.3038642406463623
0.5296334028244019
0.7338987588882446
0.5680496096611023
0.9084882736206055
0.7540247440338135
0.9282357096672058
0.9456920623779297
0.6685982942581177
0.7964730858802795
0.685954213142395
0.8394948840141296
0.9790158271789551
0.8154007792472839
0.7694743275642395
1.0821828842163086
0.7506526708602905
1.2645485401153564
0.8538775444030762
0.6954353451728821
1.1005146503448486
0.6896540522575378
0.9985648989677429
1.147151231765747
0.9214973449707031
1.0640506744384766
0.6377242803573608
0.9206933975219727
0.7642802000045776
0.9349714517593384
1.0715265274047852
0.8455085754394531
0.7422252893447876
0.7571600675582886
0.5742520093917847
0.6044472455978394
0.9612207412719727
0.6871124505996704
1.1481657028198242
0.7314535975456238
1.048506498336792
1.1905624866485596
0.6441525220870972
0.627064049243927
1.1077373027801514
0.7196030616760254
0.86213618516922
0.7940060496330261
0.8524335622787476
0.8882268667221069
0.9164643287658691
0.7778223752975464
0.9434734582901001
0.7493152618408203
1.1037492752075195
0.8406537771224976
0.7569717168807983
0.7017618417739868
0.839543342590332
0.6338106989860535
0.48440489172935486
0.9266250729560852
0.8088353276252747
0.6799982786178589
0.6026726365089417
0.7490301132202148
0.7440452575683594
1.1824374198913574
1.0211782455444336
0.8568487167358398
0.7775945067405701
0.794933557510376
0.998210072517395
1.582823395729065
0.8558427691459656
0.6289660930633545
0.711053729057312
0.4954691529273987
0.8019978404045105
1.3341715335845947
0.7605990171432495
0.555461049079895
1.0807172060012817
0.723373532295227
0.9818184971809387
0.6870435476303101
0.8760207891464233
0.6919954419136047
0.936957836151123
1.1095606088638306
0.7735394239425659
0.612346351146698
0.7724486589431763
0.9806634783744812
0.8468756675720215
0.609278678894043
1.1486332416534424
0.9004995226860046
0.6726368069648743
0.8293224573135376
0.8129766583442688
1.0271267890930176
1.154567837715149
1.0441374778747559
1.01914381980896
0.9189581871032715
1.4907275438308716
0.7724705934524536
0.7889400720596313
1.078565001487732
0.8561302423477173
0.758710503578186
0.9178911447525024
0.7362707853317261
0.7339906692504883
0.939712643623352
0.7369874715805054
0.9405938982963562
0.9728174209594727
0.8563621640205383
0.870208740234375
1.0655909776687622
0.7140395641326904
1.057594656944275
0.8745884895324707
0.8906160593032837
1.0327699184417725
0.7772276997566223
0.7699379324913025
0.6296229958534241
0.7056677341461182
0.8754370808601379
0.6623190641403198
0.920345664024353
0.8255183100700378
0.6891164779663086
1.1350629329681396
1.1297688484191895
0.6929300427436829
0.621178150177002
0.5814387798309326
0.9626897573471069
0.9830700159072876
0.9295616149902344
1.1498496532440186
1.2972873449325562
0.7716368436813354
0.6430987119674683
0.5599299669265747
1.0917503833770752
0.6978766322135925
0.6132004857063293
0.8536468744277954
0.6077486872673035
0.9827720522880554
0.9086295962333679
1.5913652181625366
1.5191441774368286
0.9154693484306335
1.123511552810669
0.6497871279716492
0.7850505709648132
1.3805019855499268
0.9364504814147949
0.9816038012504578
0.5188616514205933
0.848321795463562
0.8211442828178406
0.8801794052124023
0.7553176879882812
0.792110025882721
0.7892153859138489
0.8620554208755493
0.7860128283500671
0.9143818020820618
0.8381254076957703
0.8520139455795288
1.1693148612976074
0.9064748883247375
0.9048898816108704
0.8408647775650024
0.8098519444465637
0.9327203631401062
0.641409695148468
0.7766426801681519
0.6451596617698669
0.7966104745864868
1.0215680599212646
0.9567121267318726
0.4387945532798767
0.8304780721664429
0.8936442136764526
0.783486008644104
0.7988795638084412
0.6893245577812195
0.6462038159370422
0.8793279528617859
1.1881842613220215
1.140929937362671
0.7398501038551331
0.9485285878181458
0.7650700807571411
0.5910972356796265
0.9537099003791809
0.7634667158126831
0.7159683108329773
1.0094391107559204
0.7216037511825562
0.7872952222824097
0.8656634092330933
1.0414022207260132
0.8016729950904846
